2.038859022018873191e+02 4.441368792298160173e+00 3.417298636926889799e+01
2.070678867600800572e+02 4.360080068630254324e+00 3.550578591173386656e+01
2.070001906395958429e+02 9.523648841864455150e+00 4.086056619959965985e+01
2.069159279382327838e+02 9.757125154894671581e+00 4.064971880659612680e+01
2.068773615479935302e+02 1.514360880754932737e+01 4.415720141073300908e+01
2.067165189209798939e+02 1.565271184825088113e+01 4.417134686874463512e+01
2.076766943094080773e+02 1.811293489657801814e+01 4.624941378324277963e+01
2.075928319511962741e+02 1.845393194166428330e+01 4.655207320560480611e+01
2.076332475455151894e+02 1.925883137927747768e+01 4.677439710227814373e+01
2.077702602230483251e+02 1.979317510246878342e+01 4.709755028119340636e+01
2.079982270517586471e+02 2.014320846439805379e+01 4.737986845867887098e+01
2.077663521113335321e+02 1.975304546754360757e+01 4.733655514250309437e+01
2.076077971594700102e+02 1.988090744447621816e+01 4.804066342579353943e+01
2.075059384234105551e+02 1.967839100181107526e+01 4.787497855304546590e+01
2.074743494423791788e+02 1.967863883328567454e+01 4.788489181202935896e+01
2.076529215518063154e+02 1.980076255838337573e+01 4.837294824134972515e+01
2.077284910875988828e+02 1.999140215422743339e+01 4.814583929082070313e+01
2.080188542560289875e+02 2.012057954437136686e+01 4.820396530359355580e+01
2.081941092364884298e+02 2.034614431417405456e+01 4.917445429415689517e+01
2.082676389286054643e+02 2.047583643122676733e+01 4.950189686397865074e+01
2.082148508245162475e+02 2.043088361452673851e+01 4.966336860165856137e+01
2.080983509674959464e+02 2.053813745114860367e+01 4.973747021256314582e+01
2.079193975788771240e+02 2.015718234677342480e+01 4.912879611095224419e+01
2.076709369936135658e+02 1.926569440472786354e+01 4.906636164331331429e+01
2.074807549327995559e+02 1.867118482508817223e+01 4.846216757220474847e+01
2.073406348298541673e+02 1.839136402630826339e+01 4.874137832427795303e+01
2.072467829568201410e+02 1.855281670002859684e+01 4.851076160518539382e+01
2.074902297207129891e+02 1.887856257744733668e+01 4.868208940997045175e+01
2.075606710513773692e+02 1.916272995901248777e+01 4.891930225907920970e+01
2.079008102182823450e+02 1.948519683538270897e+01 4.975743017824802195e+01
2.079899723572586083e+02 1.964901344009150819e+01 4.996404537222380782e+01
2.079698026880182908e+02 1.964895624821275533e+01 5.000068630254504143e+01
2.078488609284148367e+02 1.977620817843866163e+01 4.992027452101801543e+01
2.077189019159279439e+02 1.952040796873510686e+01 5.002022686111905614e+01
2.074799923744161561e+02 1.888056429320369745e+01 4.955218758936231183e+01
2.072919073491564177e+02 1.811446001334477174e+01 4.913912877704699156e+01
2.071508149842722446e+02 1.797275760175388370e+01 4.880995138690305879e+01
2.070118577828615116e+02 1.735723953865217695e+01 4.830193499189781647e+01
2.071773138880945453e+02 1.841140024783147311e+01 4.893415308359546145e+01
2.072238680773996862e+02 1.876921170527118576e+01 4.892784291297302701e+01
2.073414927080354460e+02 1.903549709274616220e+01 4.923404823181774503e+01
2.074630635783052242e+02 1.943747974454294081e+01 4.916008006863025770e+01
2.073882184729768312e+02 1.968370984653512679e+01 4.975777332952053911e+01
2.074244209322276333e+02 1.977209036316843083e+01 4.996694309408064072e+01
2.073024115908874307e+02 1.977775235916499952e+01 5.013310456581832142e+01
2.071854923267562754e+02 1.922586979315603983e+01 4.988407206176722752e+01
2.068848155561910289e+02 1.832265751596606762e+01 4.922592698503478914e+01
2.067124392336288281e+02 1.785526641883519261e+01 4.904952816700028251e+01
2.067729673053093222e+02 1.791581355447526391e+01 4.919759794109236140e+01
2.068836145267372046e+02 1.808395767800972109e+01 4.946889714993804432e+01
2.070080068630254573e+02 1.846033743208464273e+01 4.947980173482032029e+01
2.070862262892002548e+02 1.890595748737012727e+01 5.007257649413783440e+01
2.072031836812506072e+02 1.925562863406729619e+01 5.011419311791058817e+01
2.073471165761128532e+02 1.945234963301877684e+01 4.981889238394814612e+01
2.073516728624535403e+02 1.963633590696787579e+01 4.980518539700695868e+01
2.074354780287865765e+02 1.975866933562100769e+01 4.983837575064340797e+01
2.075649795062434464e+02 2.001324945191116100e+01 4.969692117052711922e+01
2.074547326279668198e+02 1.942811934038699917e+01 4.918665522829091685e+01
2.072020017157563530e+02 1.862939662567915278e+01 4.876579925650557357e+01
2.070534934705938497e+02 1.832624154036793485e+01 4.858396720998951679e+01
2.069994090172528729e+02 1.823156991707177710e+01 4.836553236107139497e+01
2.070223810885520948e+02 1.828584501000857898e+01 4.824255075779239377e+01
2.070210275474215962e+02 1.833497283385759147e+01 4.798560671051377113e+01
2.071975216852540314e+02 1.839872271470784426e+01 4.792155180631016975e+01
2.071198741778667340e+02 1.850218282337241504e+01 4.794610618625488740e+01
2.069949671146697199e+02 1.883561147650366863e+01 4.815739205032885195e+01
2.070331903536364564e+02 1.898490134400914897e+01 4.813762272423982580e+01
2.071201792012200826e+02 1.930386045181584365e+01 4.820497569345153011e+01
2.071808597845772510e+02 1.830525212086550368e+01 4.744895624821275248e+01
2.070335716328281421e+02 1.746506529406157782e+01 4.715727766657134623e+01
2.069790487084167410e+02 1.685112953960537752e+01 4.690877895338861947e+01
2.069657992565055622e+02 1.676114765036698273e+01 4.673992946334954013e+01
2.069656086169097193e+02 1.680440377466399937e+01 4.675121532742350894e+01
2.070001334477171042e+02 1.701772948241349681e+01 4.691276332094175672e+01
2.071815842150414539e+02 1.735554284624916477e+01 4.707309122104661014e+01
2.073124011057096538e+02 1.761027547421599593e+01 4.745339815079591972e+01
2.074842055094843261e+02 1.776276808693165421e+01 4.747339624439996442e+01
2.077229244114002427e+02 1.800186826803927076e+01 4.794637308168906742e+01
2.077600038127919220e+02 1.810079115432275287e+01 4.774082546945000161e+01
2.077031360213516393e+02 1.803208464398055355e+01 4.745313125536173970e+01
2.074916404537222263e+02 1.703503955771613931e+01 4.698680773996758830e+01
2.072809837003145503e+02 1.639492898675054633e+01 4.650944619197407093e+01
2.071910971308740841e+02 1.606195786864931918e+01 4.642320083881422477e+01
2.070286340672957692e+02 1.616749594890858788e+01 4.645498045944142262e+01
2.072101229625393159e+02 1.645824039653036053e+01 4.619929463349537713e+01
2.072950529024878392e+02 1.664582975884091098e+01 4.655927938232770913e+01
2.074675626727671442e+02 1.694665904108283172e+01 4.639653035935563707e+01
2.077283004480030399e+02 1.788533028309980111e+01 4.722220951291583191e+01
2.078677533123629644e+02 1.806863025450386218e+01 4.770208750357448935e+01
2.079424268420550845e+02 1.813647888666476149e+01 4.764630635783051815e+01
2.077627871508912278e+02 1.751590887427318677e+01 4.736410256410256636e+01
2.077636640930321335e+02 1.716269183109331919e+01 4.688431989324182325e+01
2.074070155371270516e+02 1.601792012200933968e+01 4.613030216375940995e+01
2.070473930035268211e+02 1.553300924602039856e+01 4.606781050424173429e+01
2.068312458297588421e+02 1.538879039176436869e+01 4.554429511009436737e+01
2.067089505290248894e+02 1.550624344676389299e+01 4.562571728147936057e+01
2.068558574015823126e+02 1.581708130778762822e+01 4.592191402154227120e+01
2.069166142407778182e+02 1.598575922219044898e+01 4.605595272138022978e+01
2.070548851396435168e+02 1.633872843389572083e+01 4.608683633590696616e+01
2.072578781812982527e+02 1.743662186636164435e+01 4.670971308740825378e+01
2.073387474978553087e+02 1.751932132303879541e+01 4.715243542083690897e+01
2.074173482032218203e+02 1.776633304737394070e+01 4.707086073777523438e+01
2.073477075588599803e+02 1.707087980173481867e+01 4.642609856067105056e+01
2.073316366409303271e+02 1.702907253836621848e+01 4.686998379563435435e+01
2.070829663521113275e+02 1.635838337622724126e+01 4.601004670670098307e+01
2.065771613764178767e+02 1.528740825469449938e+01 4.558055476122390814e+01
2.065727385377942937e+02 1.526451243923362888e+01 4.609120198265179624e+01
2.066415594318939952e+02 1.539898961014202605e+01 4.638884758364311978e+01
2.068862453531598646e+02 1.630464207415880296e+01 4.741052330569058881e+01
2.070145267372033118e+02 1.657662758554952021e+01 4.743908111714803510e+01
2.072045372223810773e+02 1.685320751120007543e+01 4.775127251930226180e+01
2.072749404251262888e+02 1.717060337432084793e+01 4.803458202268610933e+01
2.072445715375083353e+02 1.739424268420550845e+01 4.841481269659708175e+01
2.075177962062720383e+02 1.765921265846916555e+01 4.826519874177866853e+01
2.077701458392908194e+02 1.730544276046134655e+01 4.820434658278524154e+01
2.078398818034505666e+02 1.630445143456296009e+01 4.788746544657325188e+01
2.076169097321513561e+02 1.551274425698217563e+01 4.722432561242970195e+01
2.073507959203126347e+02 1.462895815460871241e+01 4.622813840434658061e+01
2.071978267086073799e+02 1.456131922600324025e+01 4.626127156610427704e+01
2.072911257268134477e+02 1.468887617958249869e+01 4.650580497569345084e+01
2.075961681441235385e+02 1.497527404441902554e+01 4.700047659898960717e+01
2.078303498236583664e+02 1.507419693070250766e+01 4.660415594318939725e+01
2.080261176246306434e+02 1.528664569631112435e+01 4.698930511867315118e+01
2.081280144886092955e+02 1.552061767229053402e+01 4.723027356782003494e+01
2.081518825660089647e+02 1.577559813173196090e+01 4.717979220284053099e+01
2.081784958535887995e+02 1.575476122390620581e+01 4.749402344867029058e+01
2.080049947574111116e+02 1.514892765227337712e+01 4.724764083500142675e+01
2.073603660280240319e+02 1.437392050328853266e+01 4.651209608235630810e+01
2.072461347821942752e+02 1.415497092746163332e+01 4.651749118291868967e+01
2.071409779811266674e+02 1.413321894957582714e+01 4.669886569440473068e+01
2.072545419883709883e+02 1.444420932227623666e+01 4.656013726050900914e+01
2.073861023734629612e+02 1.463713659327042294e+01 4.700758745591459586e+01
2.077065865980364094e+02 1.505162520255457004e+01 4.701040892193308451e+01
2.076921933085501735e+02 1.531028500619578736e+01 4.733211323991993424e+01
2.078313030216375807e+02 1.547535983223715483e+01 4.747787627490230022e+01
2.076885139643503919e+02 1.575289295586693328e+01 4.753947192831951440e+01
2.077806691449814025e+02 1.587011724335144436e+01 4.733169383280907283e+01
2.078301210561433550e+02 1.543423887141359252e+01 4.690713945286435660e+01
2.076586026117624613e+02 1.451731960728243287e+01 4.677563625965112948e+01
2.072843770851205818e+02 1.388820894099704439e+01 4.648525402726146183e+01
2.071299018206081541e+02 1.368698884758364365e+01 4.641029453817557737e+01
2.069793156038509210e+02 1.403353350490897000e+01 4.646313983414355420e+01
2.070088075493279973e+02 1.430018110761605143e+01 4.645395100562387114e+01
2.070891240110570948e+02 1.467459727385377910e+01 4.685568582594604692e+01
2.071051758650271779e+02 1.489602516442665170e+01 4.684260794967114805e+01
2.073442951100943787e+02 1.523437231913068324e+01 4.673419121151463429e+01
2.074815556191020960e+02 1.549840815937470140e+01 4.704338957201410665e+01
2.074480221141931224e+02 1.563507768563530576e+01 4.722051282051282328e+01
2.077342293394337958e+02 1.602752835763988060e+01 4.764880373653608103e+01
2.079384615384615245e+02 1.562154227433037867e+01 4.737527404441902235e+01
2.079031741492707965e+02 1.471228672195215026e+01 4.676722905347440928e+01
2.077566866838242277e+02 1.409566294919454776e+01 4.659153560194452126e+01
2.075680106758173622e+02 1.372437327232866267e+01 4.646312077018396991e+01
2.076242112286722090e+02 1.364258888571156270e+01 4.636475073872843211e+01
2.076407968735106238e+02 1.368666476027070900e+01 4.633718425316938294e+01
2.076824897531217289e+02 1.370946525593365806e+01 4.645332189495758257e+01
2.077849775998474797e+02 1.391386903059765601e+01 4.675468496806787044e+01
2.078153464874654333e+02 1.411958821847297685e+01 4.654726908778953742e+01
2.079969878943856543e+02 1.493924316080449977e+01 4.709518635020494060e+01
2.080713945286435944e+02 1.519468115527595131e+01 4.705963206558001843e+01
2.081730054332284681e+02 1.531512725193022639e+01 4.722848155561910488e+01
2.080494328472023540e+02 1.474236965017634127e+01 4.655838337622724055e+01
2.079125345534267524e+02 1.392212372509770191e+01 4.649327995424649629e+01
2.076708988656943973e+02 1.374517205223524918e+01 4.647072729005814296e+01
2.077003145553331365e+02 1.374486702888189882e+01 4.683505862167572076e+01
2.077461633781336445e+02 1.388921933085501870e+01 4.705867886760080410e+01
2.078095510437517817e+02 1.409255552378228948e+01 4.706085215899341989e+01
2.078609284148317613e+02 1.426565627680869319e+01 4.727711371651891881e+01
2.079540177294824161e+02 1.455792584119721589e+01 4.741351634734534315e+01
2.079371270612906244e+02 1.465921265846916377e+01 4.785515203507768689e+01
2.079898579735011026e+02 1.489352778572109415e+01 4.768988656944047477e+01
2.081439328948622745e+02 1.510824516252025518e+01 4.766592317224287711e+01
2.078512057954437182e+02 1.410479458583547796e+01 4.717193785149175511e+01
2.074565055762081727e+02 1.345128205128205146e+01 4.689844628729387210e+01
2.072261557525498006e+02 1.309268897149938127e+01 4.641586121437422463e+01
2.071221427890572784e+02 1.306380707272900565e+01 4.613651701458393006e+01
2.070590982747116584e+02 1.323086455056715316e+01 4.633558288056429575e+01
2.073468878085978417e+02 1.347854351348775204e+01 4.700699647316747587e+01
2.074772852921551873e+02 1.376557048899056390e+01 4.726430273567819995e+01
2.075778476789629110e+02 1.394267467352969270e+01 4.696509389000095069e+01
2.077514250309789361e+02 1.422924411400247813e+01 4.753577352016013435e+01
2.078020207797159458e+02 1.441446954532456459e+01 4.745132017920121825e+01
2.078087694214088401e+02 1.462127537889619688e+01 4.760581450767324441e+01
2.078673148412925400e+02 1.464666857306262493e+01 4.765782098941950551e+01
2.075354684968068000e+02 1.400305023353350542e+01 4.733602135163473434e+01
2.072430654847011624e+02 1.330035268325231179e+01 4.660842627013630590e+01
2.070958154608712221e+02 1.325511390715851689e+01 4.626073777523591701e+01
2.070637308168906543e+02 1.326424554379944709e+01 4.605536173863311689e+01
2.071169955199694925e+02 1.352666094747879200e+01 4.600850252597464163e+01
2.072402821466018565e+02 1.396372128491087672e+01 4.640836907825755731e+01
2.073817748546373139e+02 1.439553903345724883e+01 4.682480221141931054e+01
2.075759031550853138e+02 1.481340196358783778e+01 4.709459536745782060e+01
2.077432084643980659e+02 1.509461443141740489e+01 4.692694690687255843e+01
2.077703936707654293e+02 1.523486798207987825e+01 4.700558574015823154e+01
2.077918596892574499e+02 1.541345915546659029e+01 4.744977599847488392e+01
2.078448193689829395e+02 1.513249451911161891e+01 4.761567057477838460e+01
2.074685349347059287e+02 1.437542655609570019e+01 4.706622819559622428e+01
2.072756457916309216e+02 1.388233724144504855e+01 4.702779525307406061e+01
2.072566771518444284e+02 1.363807072729005831e+01 4.687734248403393167e+01
2.076595558097416756e+02 1.376671432656562821e+01 4.740375560003812438e+01
2.077028691259174593e+02 1.390060051472690894e+01 4.751960728243255971e+01
2.077484891812029275e+02 1.403515394147364326e+01 4.773611667143265436e+01
2.076737775235916388e+02 1.413312362977790571e+01 4.801820608140310753e+01
2.077319797922028499e+02 1.433308550185873642e+01 4.817008864741206509e+01
2.077446763892860417e+02 1.448216566580878784e+01 4.820732056048041159e+01
2.077033838528262208e+02 1.458366218663616465e+01 4.840945572395386876e+01
2.077092555523782380e+02 1.462596511295395985e+01 4.842491659517681768e+01
2.077909064912782355e+02 1.393161757697073710e+01 4.831007530264035665e+01
2.079325326470307971e+02 1.368031646172910065e+01 4.812233342865312835e+01
2.079586693356210105e+02 1.306994566771518507e+01 4.787789533886188309e+01
2.077941664283671628e+02 1.225564769802688048e+01 4.710675817367267371e+01
2.077323229434753671e+02 1.288969592984462942e+01 4.753670765417977151e+01
2.079100943665999353e+02 1.303128395767800995e+01 4.766186254885139562e+01
2.081829568201315510e+02 1.330755885997521659e+01 4.781868268039271896e+01
2.082961967400629248e+02 1.360177294824134897e+01 4.809429034410447201e+01
2.082007244304642199e+02 1.375317891526069936e+01 4.797946811552759527e+01
2.082823372414450489e+02 1.401565151081879712e+01 4.814635401772947887e+01
2.083656467448288936e+02 1.405934610618625413e+01 4.829507196644743061e+01
2.083643503955771621e+02 1.375302640358402506e+01 4.833495376989800718e+01
2.080493184634448482e+02 1.285665808788485442e+01 4.798612143742255398e+01
2.077652082737584465e+02 1.227044133066437936e+01 4.749413783242779630e+01
2.076872176150986604e+02 1.202264798398627477e+01 4.748605471356400898e+01
2.076730149652082673e+02 1.204781241063768960e+01 4.709307025069107056e+01
2.076608330950338370e+02 1.220436564674482938e+01 4.757817176627585809e+01
2.079621580402249492e+02 1.310185873605948004e+01 4.911316366409302958e+01
2.080989800781622421e+02 1.340017157563625894e+01 4.915466590410828474e+01
2.082257554093985448e+02 1.354469545324563917e+01 4.939599656848727705e+01
2.083532361071394519e+02 1.366525593365741997e+01 4.957676103326660666e+01
2.083963015918406256e+02 1.369781717662758602e+01 4.970178248022114076e+01
2.083594318940043877e+02 1.366622819559622570e+01 4.977380611953102374e+01
2.081578114574397205e+02 1.312521208655037697e+01 4.927000285959393722e+01
2.076429320369840923e+02 1.233674578209894257e+01 4.862415403679344195e+01
2.074510151558478697e+02 1.199550090553807991e+01 4.806334953769898277e+01
2.074928414831760506e+02 1.191512725193022604e+01 4.802541225812601056e+01
2.075314460013344728e+02 1.206113811838718952e+01 4.808306167190925606e+01
2.077172242874844983e+02 1.304293203698408199e+01 4.831873034029167968e+01
2.079463349537699060e+02 1.327373939567248051e+01 4.863610713945286790e+01
2.080240968449146806e+02 1.349817939185968996e+01 4.901380230673910887e+01
2.080716232961586059e+02 1.380979887522638450e+01 4.910801639500524374e+01
2.080996473167476779e+02 1.408016395005242671e+01 4.903744161662377365e+01
2.082223620245925133e+02 1.429268897149938056e+01 4.892004575350300399e+01
2.082084643980554688e+02 1.434225526641883519e+01 4.924201696692402663e+01
2.078128872366790461e+02 1.384567724716423598e+01 4.826108092650843417e+01
2.074159755981317232e+02 1.293154132113239996e+01 4.808494900390811466e+01
2.072032408731293458e+02 1.255615289295586656e+01 4.802043656467448329e+01
2.070945381755790606e+02 1.263641216280621471e+01 4.780629110666285442e+01
2.071135258793251239e+02 1.280692021732913943e+01 4.761340196358784027e+01
2.072163950052425889e+02 1.311903536364502898e+01 4.767646554189305164e+01
2.075691545133924194e+02 1.354130206843961481e+01 4.809987608426270356e+01
2.077724144504813637e+02 1.396215804022495455e+01 4.844152130397483802e+01
2.078553426746735227e+02 1.423374320846439822e+01 4.863126489371842354e+01
2.079092364884186566e+02 1.443692688971499294e+01 4.856963111238204078e+01
2.079853207511200139e+02 1.461544180726336783e+01 4.851609951386902964e+01
2.081835287389190796e+02 1.483953865217805657e+01 4.886142407778095276e+01
2.079680678676961065e+02 1.430168716042322075e+01 4.815066247259555610e+01
2.074823181774854675e+02 1.340104851777714146e+01 4.734200743494423591e+01
2.072646649509103156e+02 1.292999714040606207e+01 4.700613859498617586e+01
2.071981317319607285e+02 1.287091792965398973e+01 4.681690973215136609e+01
2.073513487751405933e+02 1.318215613382899676e+01 4.705679153560194550e+01
2.075036316843008422e+02 1.338774187398722759e+01 4.742548851396435339e+01
2.076151939757887703e+02 1.374305595272138092e+01 4.792561242970165125e+01
2.077099037270041038e+02 1.403624058716995471e+01 4.776827757125155216e+01
2.078658659803641342e+02 1.418659803641216222e+01 4.794496234867982309e+01
2.078779525307406288e+02 1.444007244304642157e+01 4.787034601086645580e+01
2.078771327804785187e+02 1.452410637689448158e+01 4.779796015632447137e+01
2.078169859879897103e+02 1.447484510532837731e+01 4.771663330473739251e+01
2.076068630254503944e+02 1.350328853302831078e+01 4.738232770946525818e+01
2.072670098179391971e+02 1.260482318177485439e+01 4.646786769612048573e+01
2.070062720427032730e+02 1.224342769993327629e+01 4.650121056143360931e+01
2.069766275855495223e+02 1.220375560003812865e+01 4.621708130778763035e+01
2.071229625393194169e+02 1.255987036507482557e+01 4.624369459536745808e+01
2.073701649032504122e+02 1.285133924316080467e+01 4.645574301782480120e+01
2.074865122485940390e+02 1.315396053760366080e+01 4.652896768658850135e+01
2.075976360690115428e+02 1.339292727099418556e+01 4.704388523496330521e+01
2.077258411972166527e+02 1.357169002001715796e+01 4.737304356114765369e+01
2.076948431989324320e+02 1.370733009246020373e+01 4.763645029072538506e+01
2.077509293680297446e+02 1.382140882661328796e+01 4.756404537222380924e+01
2.075985320751119900e+02 1.366361643313316243e+01 4.719996187208083427e+01
2.071974644933752643e+02 1.290603374320846441e+01 4.685551425030978834e+01
2.067900104851777598e+02 1.244314174053950950e+01 4.647318654084453016e+01
2.068902869125917334e+02 1.229520541416452240e+01 4.624447621771042094e+01
2.069306071871127699e+02 1.235996568487274772e+01 4.623564960442283933e+01
2.070452387760937825e+02 1.247799065865980417e+01 4.607425412258125874e+01
2.073008483462015192e+02 1.275134877514059717e+01 4.653146506529406423e+01
2.073473644075874631e+02 1.307760937946811630e+01 4.695195882184729896e+01
2.074852349633018775e+02 1.331886378800876969e+01 4.675417024115908760e+01
2.076216947860070547e+02 1.342209512915832548e+01 4.720402249547230866e+01
2.077238204175007183e+02 1.363831855876465582e+01 4.635127251930225611e+01
2.076726718139357502e+02 1.362234296063292405e+01 4.682423029263178194e+01
2.075997521685254128e+02 1.324884186445524747e+01 4.653663139834143436e+01
2.071680869316556937e+02 1.231108569249833273e+01 4.570626251072347657e+01
2.070023067391097129e+02 1.189539605376036668e+01 4.545576208178438549e+01
2.069101324945191038e+02 1.176905919359450969e+01 4.540600514726908443e+01
2.068930702506910677e+02 1.185829758840911197e+01 4.553848060242112439e+01
2.068714898484415130e+02 1.207526451243923304e+01 4.584043465827852515e+01
2.071470403202745274e+02 1.248986750548088764e+01 4.587707558859975165e+01
2.073702983509674880e+02 1.274622057001239206e+01 4.656623772757601643e+01
2.074667238585454072e+02 1.302142789057287153e+01 4.639919931369745143e+01
2.074174625869793260e+02 1.313588790391764327e+01 4.686283481079020419e+01
2.075059002954913865e+02 1.321818701744352254e+01 4.655983223715566055e+01
2.075737107997331066e+02 1.338520636736250147e+01 4.654629682585073169e+01
2.076574587741874041e+02 1.307659898961014200e+01 4.634467638928605737e+01
2.071689448098370008e+02 1.220270708226098577e+01 4.629411876846820917e+01
2.067548756076637062e+02 1.161532742350586211e+01 4.565040510914116823e+01
2.064145648651224860e+02 1.130271661424077756e+01 4.514368506338766451e+01
2.062922123725097663e+02 1.122360118196549372e+01 4.490286912591745505e+01
2.064732056048041215e+02 1.117529310837861090e+01 4.519614908016394850e+01
2.065910590029549212e+02 1.129613954818415777e+01 4.502846249165951775e+01
2.068452197121342238e+02 1.214309408064054985e+01 4.585517109903727118e+01
2.070587360594795427e+02 1.248979124964255050e+01 4.592244781241063833e+01
2.070883614526737233e+02 1.276793441997902967e+01 4.633474406634258003e+01
2.072258126012772834e+02 1.293074063482985459e+01 4.665642932036983836e+01
2.074220951291583219e+02 1.318105042417310102e+01 4.668563530645315041e+01
2.076852158993422961e+02 1.306561814888952355e+01 4.665972738537794129e+01
2.077901439328948641e+02 1.227604613478219342e+01 4.596696215804022501e+01
2.078844342769993432e+02 1.149604422838623563e+01 4.549812219998093354e+01
2.076495853588790510e+02 1.054328472023639307e+01 4.503837575064341081e+01
2.075691163854732508e+02 1.052830044800304954e+01 4.529303212277189772e+01
2.075798112668001068e+02 1.063481079020112396e+01 4.512917739014392993e+01
2.075520732056048132e+02 1.088105995615289245e+01 4.526803927175674147e+01
2.075142693737489310e+02 1.105987989705461771e+01 4.520949385187303449e+01
2.074310933180821621e+02 1.126304451434562992e+01 4.508309979982842464e+01
2.073350109617767600e+02 1.154467638928605489e+01 4.504956629491945819e+01
2.074401105709656008e+02 1.158209894195024248e+01 4.509959012486893215e+01
2.073949861786292956e+02 1.152218091697645619e+01 4.517188065961300225e+01
2.073702220951291508e+02 1.109068725574301695e+01 4.467034601086646006e+01
2.070284624916595249e+02 1.015640072443046371e+01 4.401822514536269182e+01
2.066385854541988465e+02 9.563282813840434216e+00 4.346409303212276853e+01
2.064543704127347326e+02 9.435954627776188985e+00 4.316797254789819505e+01
2.065213611667143141e+02 9.513544943284721001e+00 4.316526546563721212e+01
2.067152988275664995e+02 9.680773996759127087e+00 4.358642646077590399e+01
2.067810885520922568e+02 9.966790582403964649e+00 4.353211323991992998e+01
2.070551901629968654e+02 1.078926699075397977e+01 4.463988180345057799e+01
2.071805166333047339e+02 1.105663902392526943e+01 4.478530168716041970e+01
2.072078924792679402e+02 1.128674101610904579e+01 4.453592603183681575e+01
2.070840720617672162e+02 1.133979601563244621e+01 4.476107139452864203e+01
2.070689734057763758e+02 1.137826708607377668e+01 4.468197502621294603e+01
2.070638452006481884e+02 1.117106090935087259e+01 4.411547040320274249e+01
2.068491850157277554e+02 1.046973596415975649e+01 4.369413783242779203e+01
2.063529882756648419e+02 9.477075588599751299e+00 4.284443808979124668e+01
2.062947288151749206e+02 9.371270612906300812e+00 4.254955676293966604e+01
2.064482508817081339e+02 9.549366123343817847e+00 4.296425507577924208e+01
2.066042512629873329e+02 9.869888475836431141e+00 4.321311600419407029e+01
2.068741397388237431e+02 1.006904966161471826e+01 4.369095415117720194e+01
2.070772852921551817e+02 1.093867124201696761e+01 4.449552950147745634e+01
2.072183776570393547e+02 1.124112096082356338e+01 4.430773043561147517e+01
2.072399961872080780e+02 1.143686969783624008e+01 4.466468401486989137e+01
2.072467257649413739e+02 1.153054999523400959e+01 4.474328472023639591e+01
2.070917739014393248e+02 1.156940234486702934e+01 4.449941854923267215e+01
2.069980745400819728e+02 1.121748165093890037e+01 4.418585454198836970e+01
2.066648746544657342e+02 1.056402630826422673e+01 4.398596892574587969e+01
2.062867410161090334e+02 9.619769326089029349e+00 4.291876846821084968e+01
2.062715851682394543e+02 9.638814221713850827e+00 4.282264798398627192e+01
2.063737489276522865e+02 9.832961586121436781e+00 4.347383471547040301e+01
2.067222953007339754e+02 1.067562672767133769e+01 4.451663330473739677e+01
2.069267943951958841e+02 1.102070346010866508e+01 4.471093318082165524e+01
2.071612429701648921e+02 1.145147269087789610e+01 4.498707463540177542e+01
2.073765132017920223e+02 1.168992469735964157e+01 4.508123153178915032e+01
2.073408254694500101e+02 1.189318463444857521e+01 4.530021923553522356e+01
2.073663521113335264e+02 1.211007530264035914e+01 4.470799733104566087e+01
2.074508245162520268e+02 1.233941473644075870e+01 4.529026784863216193e+01
2.071400438471070515e+02 1.134604899437613135e+01 4.466117624630636129e+01
2.068512057954437182e+02 1.067093699361357295e+01 4.465824039653035982e+01
2.066827566485559089e+02 1.036179582499285168e+01 4.375790677723762911e+01
2.065533695548565447e+02 1.032048422457344472e+01 4.366964064436183435e+01
2.064830044800305018e+02 1.046531312553617354e+01 4.363309503383852928e+01
2.066278524449528220e+02 1.080259269850347970e+01 4.418181298255647960e+01
2.067344962348679758e+02 1.127945858354780206e+01 4.426483652654656709e+01
2.069528548279477604e+02 1.174088266132875802e+01 4.435863120770184054e+01
2.071567057477838034e+02 1.199525307406348240e+01 4.491970260223047973e+01
2.071842150414641139e+02 1.233586883995806005e+01 4.495739205032885621e+01
2.071597941092364863e+02 1.259464302735678132e+01 4.508388142217138750e+01
2.071965303593556484e+02 1.270302163759412828e+01 4.501349728338576028e+01
2.072033361929272814e+02 1.250776856353064481e+01 4.496431226765799494e+01
2.066233533504909019e+02 1.114982365837384393e+01 4.364939471928319392e+01
2.063685063387665650e+02 1.062001715756362685e+01 4.310325040510914363e+01
2.065126108092650838e+02 1.052973024497187993e+01 4.328500619578686326e+01
2.067049661614717309e+02 1.073895720141073262e+01 4.346809646363549717e+01
2.068747497855304687e+02 1.097855304546754418e+01 4.387589362310551877e+01
2.070761223906205259e+02 1.126704794585835501e+01 4.388098370031455886e+01
2.074242874845105291e+02 1.165816414069202089e+01 4.405257840053378970e+01
2.075417977313888116e+02 1.185707749499571051e+01 4.477538842817653375e+01
2.075756934515298724e+02 1.203471547040320289e+01 4.472484987131826983e+01
2.074982175197788479e+02 1.217794299876084274e+01 4.440905538080259163e+01
2.074439424268420566e+02 1.227450195405585731e+01 4.449703555428462209e+01
2.074341244876560779e+02 1.234309408064054914e+01 4.424268420550948377e+01
2.071362310551901658e+02 1.169865599084929997e+01 4.387434944237918444e+01
2.066184729768372961e+02 1.119454770755885953e+01 4.363177962062720638e+01
2.064849108759889305e+02 1.123776570393670760e+01 4.393819464302735867e+01
2.063525688685539876e+02 1.094774568677914317e+01 4.339460489943760990e+01
2.064541225812601226e+02 1.120322180916976507e+01 4.370757792393479946e+01
2.069006577066056707e+02 1.232852921551806347e+01 4.489501477456867917e+01
2.070363930988466166e+02 1.272078924792679366e+01 4.479961872080831142e+01
2.073571442188542449e+02 1.294221713849966626e+01 4.527515012868173017e+01
2.075755790677723667e+02 1.326277761891144813e+01 4.501940711085692470e+01
2.076240968449146749e+02 1.336709560575731537e+01 4.535653417214755478e+01
2.078393480125822066e+02 1.353253264703078784e+01 4.562533600228767483e+01
2.079002192355352179e+02 1.346466495091030424e+01 4.560061004670669860e+01
2.073382899628252858e+02 1.183631684300829257e+01 4.429898007816223782e+01
2.068638452006481714e+02 1.099656848727480707e+01 4.345255933657420400e+01
2.067452292441140003e+02 1.070273567820036220e+01 4.333194166428366856e+01
2.067766085215899352e+02 1.067208083118863726e+01 4.318675054808883829e+01
2.071308359546277700e+02 1.085240682489753183e+01 4.364868935277857531e+01
2.073282432561242956e+02 1.113190353636450247e+01 4.379885616242493285e+01
2.073913258983890842e+02 1.139616814412353385e+01 4.403071203889047780e+01
2.076323896673339107e+02 1.169848441521303961e+01 4.396738156515107931e+01
2.078194071108569290e+02 1.196593270422266642e+01 4.412147555047183545e+01
2.079070060051472808e+02 1.229541511771994955e+01 4.470982747116575950e+01
2.077489848441521190e+02 1.230435611476503688e+01 4.401588027833381034e+01
2.076187780001906447e+02 1.254555333142693740e+01 4.397094652559336225e+01
2.073537317700886433e+02 1.208018301401201100e+01 4.358303307596987963e+01
2.070842627013630590e+02 1.155706796301591766e+01 4.384407587455914523e+01
2.067760366028024066e+02 1.118778000190639510e+01 4.289678772281002495e+01
2.067743399103993909e+02 1.112111333523972867e+01 4.296105233056906059e+01
2.068710704413306587e+02 1.132359164998570122e+01 4.326514154989991567e+01
2.071673243732723222e+02 1.184045372223810944e+01 4.347959203126489314e+01
2.073912115146315784e+02 1.236902106567534076e+01 4.357851491754837525e+01
2.076640549042035957e+02 1.274723095987036459e+01 4.412134210275474544e+01
2.080042893909064787e+02 1.286504623010199211e+01 4.409770279287008066e+01
2.080512057954437068e+02 1.291602325803069284e+01 4.406693356210085000e+01
2.078822991135258746e+02 1.271972166619006828e+01 4.403923362882470371e+01
2.078051663330473673e+02 1.229268897149938056e+01 4.378728433895719974e+01
2.073375083404823158e+02 1.148302354399008607e+01 4.272757601753884416e+01
2.067032313411495466e+02 1.060322180916976542e+01 4.244220760651987234e+01
2.064678676961204928e+02 1.015912687065103448e+01 4.184905156801067250e+01
2.063036698122199937e+02 1.004182632732818625e+01 4.168416738156515322e+01
2.063533123629777890e+02 1.017222381088552119e+01 4.208618816128110041e+01
2.064622247640834871e+02 1.050302163759412899e+01 4.238034505766847815e+01
2.067632256219616806e+02 1.081689066819178358e+01 4.328925745877418763e+01
2.069253645982270484e+02 1.099876084262701426e+01 4.324897531217234103e+01
2.070290534744066235e+02 1.115312172338194685e+01 4.351764369459536397e+01
2.069353731770088700e+02 1.127692307692307772e+01 4.338156515108187961e+01
2.069746449337527281e+02 1.126138594986178632e+01 4.293226575159660996e+01
2.069580974168334819e+02 1.125025259746449358e+01 4.285297874368506399e+01
2.066378800876942137e+02 1.062968258507291885e+01 4.261363073110285171e+01
2.063071775807835309e+02 9.968830426079497542e+00 4.175352206653322185e+01
2.061459346106186388e+02 9.533543036888762146e+00 4.149964731674769070e+01
2.062206462682298991e+02 9.425393194166428401e+00 4.141997902964445899e+01
2.062879992374416247e+02 9.684891812029357894e+00 4.154715470403202460e+01
2.063864264607759083e+02 1.002417310075302659e+01 4.208933371461252193e+01
2.064882280049566248e+02 1.049507196644743168e+01 4.279113525879325408e+01
2.066579925650557641e+02 1.071653798493947107e+01 4.290898865694404662e+01
2.068089219330855144e+02 1.092393480125822158e+01 4.285132017920121683e+01
2.068888761795824962e+02 1.100777809551043696e+01 4.309469068725574203e+01
2.069482413497283346e+02 1.106409303212277173e+01 4.330040987513106643e+01
2.069780001906395910e+02 1.110660566199599586e+01 4.350058145076732785e+01
2.067572776665713548e+02 1.064830807358688425e+01 4.307080354589648152e+01
2.063985511390715715e+02 9.874711657611285887e+00 4.222588885711562057e+01
2.061533504908969689e+02 9.546563721284911708e+00 4.186056619959965985e+01
2.060782003622152274e+02 9.444476217710418453e+00 4.170639595844056657e+01
2.061524163568773247e+02 9.659460489943761274e+00 4.192536459822704842e+01
2.062896387379658734e+02 9.976398818034505567e+00 4.214212181870174589e+01
2.064099513869030602e+02 1.037416833476313016e+01 4.237941092364884099e+01
2.064984462872938593e+02 1.070298350967495971e+01 4.240720617672290871e+01
2.063751787246210938e+02 1.070763511581355409e+01 4.299961872080831427e+01
2.062895052902487976e+02 1.062798589266990668e+01 4.252372509770279407e+01
2.061643885234963420e+02 1.055295014774568685e+01 4.275409398532075045e+01
2.062651987417786756e+02 1.053236107139452926e+01 4.252246687637022404e+01
2.062985225431322078e+02 1.002241921647126155e+01 4.204748832332475672e+01
2.058003431512725285e+02 9.232904394242684276e+00 4.119460489943761416e+01
2.054602611762463198e+02 8.777809551043752379e+00 4.101170527118482312e+01
2.053306071871127756e+02 8.698045944142599240e+00 4.103507768563530789e+01
2.055763988180345052e+02 8.884377085120579665e+00 4.090427985892669938e+01
2.058194833666952661e+02 9.282013154132112476e+00 4.166081403107425274e+01
2.060265370317414977e+02 9.648918120293584977e+00 4.242257172814793620e+01
2.063299208845677128e+02 9.972624154036793698e+00 4.231165761128586666e+01
2.063942045562863541e+02 1.011714803164617216e+01 4.290483271375464369e+01
2.064070346010866501e+02 1.024243637403488627e+01 4.254395195882185021e+01
2.063586883995805863e+02 1.006718139357544572e+01 4.273798493947192867e+01
2.063683538270898907e+02 1.002792870079115417e+01 4.264106376894481087e+01
2.062598608330950469e+02 9.562977790487083851e+00 4.217475931751024376e+01
2.058080259269850387e+02 8.810389857973500938e+00 4.124960442283862250e+01
2.055932132303879598e+02 8.361300162043656670e+00 4.076198646458869490e+01
2.055300733962444042e+02 8.201067581736726453e+00 4.068454866075683896e+01
2.055705652464016850e+02 8.418720808311887183e+00 4.077008864741206651e+01
2.057911733867124155e+02 8.755580974168335473e+00 4.089450004765989632e+01
2.060267657992565091e+02 9.091640453722238391e+00 4.186298732246687848e+01
2.063796778190830139e+02 9.323991993136974799e+00 4.214568677914402883e+01
2.064452578400533866e+02 9.461557525498045962e+00 4.187053665046229867e+01
2.064853684110189818e+02 9.316957392050328579e+00 4.186209131636640990e+01
2.064329806500810207e+02 9.141797731388809467e+00 4.151455533314269530e+01
2.065274235058621741e+02 8.887617958249927952e+00 4.163237060337431927e+01
2.065575826899246863e+02 8.443923362882470585e+00 4.148954341816795477e+01
2.062187208083119003e+02 7.664855590506148175e+00 4.083868077399675656e+01
2.058275092936802935e+02 7.123381946430273892e+00 4.038347154704032249e+01
2.057005814507673165e+02 7.058202268611190711e+00 4.046115718234677416e+01
2.057460489943761388e+02 7.255094843198932608e+00 4.052582213325707983e+01
2.060420741588027909e+02 7.661557525498046139e+00 4.116995519969497508e+01
2.062585454198837169e+02 7.956438852349632995e+00 4.188780859784576904e+01
2.065193785149175483e+02 8.240110570965589076e+00 4.224146411209608232e+01
2.068292059860833092e+02 8.852578400533790415e+00 4.266990753979601436e+01
2.070943284720236477e+02 8.822362024592507623e+00 4.260686302545038728e+01
2.071314841292536357e+02 8.810447049852253798e+00 4.294217901058049591e+01
2.070768658850443273e+02 8.882928224192164990e+00 4.238396720998951395e+01
2.069324754551520300e+02 8.586941187684681509e+00 4.231568010675817249e+01
2.065851491754837355e+02 7.913487751405966719e+00 4.155010961776761036e+01
2.060300829282242034e+02 7.415098655990849608e+00 4.120714898484415301e+01
2.057778858068820966e+02 7.207873415308359455e+00 4.079144028214660267e+01
2.056864169287961204e+02 7.318596892574587898e+00 4.104775521875893673e+01
2.058274330378419563e+02 8.064626822991135313e+00 4.166422647983986138e+01
2.061240110570965669e+02 8.363702220951291011e+00 4.183412448765608360e+01
2.064649127823849142e+02 8.621713849966637255e+00 4.146496997426365283e+01
2.067189019159279439e+02 8.836011819654942201e+00 4.172464016776284268e+01
2.068848536841101975e+02 8.898617862930130684e+00 4.218749404251263257e+01
2.068022686111905557e+02 8.946964064436183861e+00 4.228874273186541188e+01
2.068226289200266876e+02 9.050957963969116449e+00 4.207154704032027581e+01
2.068289772185682978e+02 9.041673815651510182e+00 4.204899437613192248e+01
2.065132399199313795e+02 8.494976646649508467e+00 4.150094366599942930e+01
2.060077780955104458e+02 7.854694500047659567e+00 4.065099609188828822e+01
2.056834238871413731e+02 7.543704127347250044e+00 4.021435516156705603e+01
2.056349442379182051e+02 7.609226956438852163e+00 3.988672195214946470e+01
2.057878753217043197e+02 7.862262892002669368e+00 4.000091507006005287e+01
2.060401486988847637e+02 8.225107234772663034e+00 4.051337336764846242e+01
2.062876942140882761e+02 8.457611285864073736e+00 4.091724335144409253e+01
2.067195310265942112e+02 9.163206558002096713e+00 4.144725955580974386e+01
2.069124392336288167e+02 9.358707463540177685e+00 4.186649509103040856e+01
2.068963873796587620e+02 8.967457820989420014e+00 4.173077876274902565e+01
2.069015537127061179e+02 8.956762939662567646e+00 4.144920407968734821e+01
2.069075969878943795e+02 8.995138690305976681e+00 4.182527881040892481e+01
2.067882566008960055e+02 8.807473072157087302e+00 4.179144028214660267e+01
2.061964541035173113e+02 8.061576589457629893e+00 4.072118959107806546e+01
2.056989228862834693e+02 7.612296253931941870e+00 4.027827661805356740e+01
2.056072824325612487e+02 7.545381755790677936e+00 4.007053665046230151e+01
2.057093890000953138e+02 7.693260890286912179e+00 4.042224764083500332e+01
2.058930130588123291e+02 7.924373272328662843e+00 4.072099895148222259e+01
2.062643599275569670e+02 8.340196358783719788e+00 4.118324277952530821e+01
2.065272900581450699e+02 8.665694404727862121e+00 4.143692688971499649e+01
2.068794967114669703e+02 8.916232961586121775e+00 4.188018301401201171e+01
2.070815937470212589e+02 8.983776570393670724e+00 4.224316080449909094e+01
2.070990753979601493e+02 9.062796682871033127e+00 4.159063959584405978e+01
2.071224859403297955e+02 9.020017157563625432e+00 4.150782575540939945e+01
2.071537317700886547e+02 9.057782861500333738e+00 4.148121246782957172e+01
2.068423791821561224e+02 8.271165761128585814e+00 4.101485082451625175e+01
2.063431703364788916e+02 7.555447526451243512e+00 4.037306262510723798e+01
2.061873987227147040e+02 7.341988370984653400e+00 4.032298160327900405e+01
2.061957106090935099e+02 7.427509293680297553e+00 4.034707844819369171e+01
2.063430368887617874e+02 7.630216375941283324e+00 4.051882566008960396e+01
2.066851205795443605e+02 7.946716232961586357e+00 4.062194261748165047e+01
2.069538842817653119e+02 8.249890382232390351e+00 4.204464779334667668e+01
2.073181584215041369e+02 9.074902297207129820e+00 4.251099037270041237e+01
2.074922886283481205e+02 9.325326470307883753e+00 4.287665618148889735e+01
2.075605757315794619e+02 9.293279954246496999e+00 4.303807072729005512e+01
2.075210752073205640e+02 8.835935563816605054e+00 4.239435706796301417e+01
2.074559336574206441e+02 8.935220665332188617e+00 4.189583452483081061e+01
2.073624439996187334e+02 8.472042703269469399e+00 4.146163378133638133e+01
2.070026880183013986e+02 7.738080259269850103e+00 4.078225145362691961e+01
2.065128586407396938e+02 7.128567343437231862e+00 4.014778381469831459e+01
2.064588123153178856e+02 6.992603183681250556e+00 4.003974835573348656e+01
2.064603946239633956e+02 7.031531789152606571e+00 3.999828424363739998e+01
2.067229434753598412e+02 7.166561814888952497e+00 4.021580402249546893e+01
2.069520922695643890e+02 7.532971118101229990e+00 4.060920789247926876e+01
2.073471356400724517e+02 8.211686207225239897e+00 4.202510723477266197e+01
2.076232199027737977e+02 8.407301496520826589e+00 4.207305309312744157e+01
2.075884663044514298e+02 8.633686016585645717e+00 4.230963683156991806e+01
2.075391478410065815e+02 8.601010389857973948e+00 4.254633495376990027e+01
2.076106376894481116e+02 8.768353827089885755e+00 4.255905061481269769e+01
2.074931846344485677e+02 8.581584215041464958e+00 4.242930130588123205e+01
2.070983128395767778e+02 7.418758936231054868e+00 4.137657039367076806e+01
2.065515584786960233e+02 6.763892860547136010e+00 4.086514154989991709e+01
2.063659327042226721e+02 6.531312553617386385e+00 4.033910971308741011e+01
2.062452197121342010e+02 6.636126203412448632e+00 4.055655323610714191e+01
2.063960156324468471e+02 6.912401105709656157e+00 4.087328186064245727e+01
2.064811934038699803e+02 7.203488704603945969e+00 4.106964064436183293e+01
2.070034124487656015e+02 7.886474120674864530e+00 4.202297207129920764e+01
2.071815842150414539e+02 8.116252025545705351e+00 4.231712896768658538e+01
2.072457725669621595e+02 8.235649604422839332e+00 4.244626822991135384e+01
2.071456105233056917e+02 8.298160327900104605e+00 4.230637689448098371e+01
2.071672099895148165e+02 8.356953579258412645e+00 4.240240205890763292e+01
2.069031360213516280e+02 7.999466209131636418e+00 4.146638070727289715e+01
2.069027356782003721e+02 7.779963778476789216e+00 4.135621008483462191e+01
2.063798303307596882e+02 6.945648651224859194e+00 4.054671623296158600e+01
2.059889238394814583e+02 6.468897149938042546e+00 4.036452197121342067e+01
2.058051853970069658e+02 6.333981507959203228e+00 3.987200457535030296e+01
2.059255552378228913e+02 6.397864836526546917e+00 4.005440854065389544e+01
2.062469164045372167e+02 6.682566008960060699e+00 4.051057096558955095e+01
2.066376703841387723e+02 6.944828900962729534e+00 4.109286054713564340e+01
2.070608521589934128e+02 7.734229339433800199e+00 4.174086359736917018e+01
2.072150795920312589e+02 8.085139643503955753e+00 4.210956057573157807e+01
2.073029835096749594e+02 8.282909160232581058e+00 4.232452578400533838e+01
2.073421027547421716e+02 8.395367457820990253e+00 4.267156610427986152e+01
2.073931941664283727e+02 8.570450862644170442e+00 4.266449337527404140e+01
2.074201696692402948e+02 8.200362215232104290e+00 4.226462682299113283e+01
2.072061576589457559e+02 7.907577923934801412e+00 4.204205509484319947e+01
2.065797922028405367e+02 7.185759222190449158e+00 4.117245257840053085e+01
2.061908683633590726e+02 6.809207892479268054e+00 4.041567057477838176e+01
2.059502049375655304e+02 6.788561624249356719e+00 4.042211419311791332e+01
2.059567629396625819e+02 6.575865027166142518e+00 4.066588504432370854e+01
2.063155847869602439e+02 7.129673053093127599e+00 4.129939948527309213e+01
2.065413020684396201e+02 7.362177104184539189e+00 4.161269659708321456e+01
2.069278619769326042e+02 7.506262510723477277e+00 4.205742064626822696e+01
2.072346392145648792e+02 7.661271566104280062e+00 4.212069392812887259e+01
2.075224859403298012e+02 7.691182918692212489e+00 4.232974930893146848e+01
2.076284434276999207e+02 7.768773234200743616e+00 4.261555619102087178e+01
2.076917548374797491e+02 7.887160423219902405e+00 4.235971785339815199e+01
2.079111810122962538e+02 7.852254313220855764e+00 4.261853016871604183e+01
2.076025164426651486e+02 7.257363454389476942e+00 4.187183299971403727e+01
2.070222285768754205e+02 6.886150033361928990e+00 4.103132208559718208e+01
2.067014965208273622e+02 6.523534458106948541e+00 4.072160899818892688e+01
2.067096368315699237e+02 6.624382804308455164e+00 4.130403202745210223e+01
2.068943665999427992e+02 6.760308836145267009e+00 4.150384138785625510e+01
2.072459441425984039e+02 7.065141549899914608e+00 4.106699075397960286e+01
2.074896387379658620e+02 7.400781622342960553e+00 4.141342102754742172e+01
2.076348107902011293e+02 7.729329901820608306e+00 4.163904298922886227e+01
2.079223906205318713e+02 8.523763225621960871e+00 4.276198646458869490e+01
2.079903345724906956e+02 8.773310456581832284e+00 4.277487370126775090e+01
2.079093508721761623e+02 8.427909636831570239e+00 4.254974740253550891e+01
2.079726050900771952e+02 8.581622342960633532e+00 4.265580020970355690e+01
2.078827947764750661e+02 8.246840148698884931e+00 4.241338289962825314e+01
2.074537413020684369e+02 7.375731579449051445e+00 4.175988942903440915e+01
2.070515680106758225e+02 6.734686874463825745e+00 4.069945667715184356e+01
2.069010008578781878e+02 6.569612048422457384e+00 4.068168906681918173e+01
2.068485749690210582e+02 6.624802211419312137e+00 4.050494709751215083e+01
2.070137641788199403e+02 6.861328757983033100e+00 4.078688399580592971e+01
2.073853970069583568e+02 7.220703460108664373e+00 4.077958249928509815e+01
2.077698980078162094e+02 7.938633114097798149e+00 4.249543418167953490e+01
2.079179105900295497e+02 8.152111333523972547e+00 4.295083404823181894e+01
2.081076160518539666e+02 8.251053283767038948e+00 4.294019635878371588e+01
2.080528262320083854e+02 8.296215804022494922e+00 4.332595558097416699e+01
2.079660470879801721e+02 7.875150128681727146e+00 4.272841483176055988e+01
2.077951768182251442e+02 7.776055666761986451e+00 4.256867791440281934e+01
2.074339719759794036e+02 7.153712706129063292e+00 4.140364121628061866e+01
2.070911638547326277e+02 6.321837765703937073e+00 4.095397960156324757e+01
2.066309408064054765e+02 5.898160327900105138e+00 4.088899056334000903e+01
2.064304451434562964e+02 5.980688208940996731e+00 4.012275283576398976e+01
2.063698789438566337e+02 6.229320369840816163e+00 3.997817176627585667e+01
2.066194452387760805e+02 6.502583166523686842e+00 4.046205318844724275e+01
2.069922409684491527e+02 7.202211419311790763e+00 4.110681536555142657e+01
2.071784386617100324e+02 7.505156801067581540e+00 4.171186731484129240e+01
2.074142789057287075e+02 7.929234582022686162e+00 4.146588504432370570e+01
2.075186159565341768e+02 8.166047087980173202e+00 4.159927556953579142e+01
2.076004765989896157e+02 8.349880850252597853e+00 4.191670956057573250e+01
2.075361357353922358e+02 8.493527785721093792e+00 4.231188637880087811e+01
2.074639595844056714e+02 7.997559813173196197e+00 4.150647221427890798e+01
2.070938900009531949e+02 7.144218854256028983e+00 4.118516823944333538e+01
2.065906014679248983e+02 6.466571346868744463e+00 4.009840815937469927e+01
2.063347821942617486e+02 6.232942522161852850e+00 3.973154132113239712e+01
2.064658087884853614e+02 6.338518730340291896e+00 3.986556095701077140e+01
2.066164903250405018e+02 6.508035458964826603e+00 3.980825469450005016e+01
2.068202268611190675e+02 6.786254885139643811e+00 4.025589552950147976e+01
2.071028119340386979e+02 7.074063482985415874e+00 4.081262034124487315e+01
2.072617100371747085e+02 7.392545991802497163e+00 4.110052425888856931e+01
2.074169669240301346e+02 7.633552568868553934e+00 4.150698694118768373e+01
2.073856639023925368e+02 7.736555142503098281e+00 4.137813363835668667e+01
2.074699266037555958e+02 7.887713278047850274e+00 4.172671813935754415e+01
2.076121628062148545e+02 7.942865313125536453e+00 4.172521208655037839e+01
2.075769898007816323e+02 7.762539319416642769e+00 4.134498141263940596e+01
2.069516156705747676e+02 6.960061004670669682e+00 4.067738061195310451e+01
2.061701839672099936e+02 5.961700505194929001e+00 3.961151463158898167e+01
2.060243828043084591e+02 5.860871222953007553e+00 3.945784005337908695e+01
2.062632923458202185e+02 5.988351920693927966e+00 3.948609284148317755e+01
2.064968067867696107e+02 6.232599370889333912e+00 3.974246496997426448e+01
2.068109236488418503e+02 6.921151463158897954e+00 4.043536364502907077e+01
2.071528738919073476e+02 7.219273663139833985e+00 4.116505576208178496e+01
2.072230483271375476e+02 7.513144600133447426e+00 4.103462015060527790e+01
2.073685825946049022e+02 7.587227147078448475e+00 4.114671623296158742e+01
2.073094461919740752e+02 7.643351444094938607e+00 4.145381755790677403e+01
2.070302354399008777e+02 7.844037746639977549e+00 4.083368601658564501e+01
2.070453722238108867e+02 7.748451053283766932e+00 4.082295300733962762e+01
2.070683633590696786e+02 7.089143075016680839e+00 4.044645886950719671e+01
2.065714803164617308e+02 5.875588599752168406e+00 3.863324754551520357e+01
2.063769516728624467e+02 5.385778286150033622e+00 3.869703555428462494e+01
2.063193594509579611e+02 5.305843103612620126e+00 3.846395958440567853e+01
2.064189495758269004e+02 5.419025831665236659e+00 3.882102754742160045e+01
2.065887331998856098e+02 5.653455342674673645e+00 3.910529024878466942e+01
2.069627680869316464e+02 6.367953483938614490e+00 3.970530931274425512e+01
2.072703078829472929e+02 6.623467734248403183e+00 4.030517586502716654e+01
2.074676579925650515e+02 6.789800781622343351e+00 4.068761795824993044e+01
2.075771804403774752e+02 6.801372605090077350e+00 4.065133924316080538e+01
2.075363454389476772e+02 6.941244876560861421e+00 4.069430940806405772e+01
2.075982651796778100e+02 6.951672862453531998e+00 4.084836526546563817e+01
2.073539605376036548e+02 6.681288723667905494e+00 4.026830616719092859e+01
2.067743971022781295e+02 5.900162043656467681e+00 3.936713373367648217e+01
2.062804689734057888e+02 5.273491564197883896e+00 3.898741778667429259e+01
2.061016490325040422e+02 5.169173577352015769e+00 3.875506624725955618e+01
2.059932322943475356e+02 5.235649604422838443e+00 3.881328757983033029e+01
2.062085025259746374e+02 5.551958821847297720e+00 3.909890382232389783e+01
2.064798017348203132e+02 5.824478124106376775e+00 3.954185492326756446e+01
2.069767610332665981e+02 6.485368411018968438e+00 4.047070822609855867e+01
2.072701172433514500e+02 6.664798398627395315e+00 4.038770374606805547e+01
2.073913449623486827e+02 6.841959775045276970e+00 4.072246687637021978e+01
2.074472786197693210e+02 6.942960632923457887e+00 4.042617481650938771e+01
2.073213421027547554e+02 7.016356877323420171e+00 4.066230101992184132e+01
2.073089505290248837e+02 7.038566390239252790e+00 4.131407873415308529e+01
2.070265179677818992e+02 6.666190067677056241e+00 4.081589934229339178e+01
2.063783433419121138e+02 5.909217424459059842e+00 4.021427890572871888e+01
2.059773520160137252e+02 5.448193689829377462e+00 3.944178819940901803e+01
2.056370984653512437e+02 4.946830616719092966e+00 3.911966447431131400e+01
2.057782861500333524e+02 5.485254027261461829e+00 3.986054713564007557e+01
2.060020970355542715e+02 5.762501191497474196e+00 4.021978839004861328e+01
2.063864073968163098e+02 6.174644933752740705e+00 4.072713754646839845e+01
2.065030978934324537e+02 6.504546754360880811e+00 4.074696406443618457e+01
2.066045753503002516e+02 6.771594700219235818e+00 4.106901153369555146e+01
2.067699170717758079e+02 6.931598513011152818e+00 4.147940139166905027e+01
2.068218854256028862e+02 7.032885330283099812e+00 4.160539510056239010e+01
2.068229530073396347e+02 7.084529596797255024e+00 4.156621866361643214e+01
2.069560385091983505e+02 6.967572204746925735e+00 4.162367743780383478e+01
2.066190448956248247e+02 6.427623677437804162e+00 4.062535506624725912e+01
2.058441140024783067e+02 5.369192641311600234e+00 3.930895052902487663e+01
2.053747593175102395e+02 5.028138404346583101e+00 3.933729863692688866e+01
2.053787055571442295e+02 5.096654275092936892e+00 3.906741016109045717e+01
2.055755218758936280e+02 5.335068153655514678e+00 3.952271470784481977e+01
2.058002668954341914e+02 5.652139929463349866e+00 3.974521018015441598e+01
2.061963969116385442e+02 6.297073682203794043e+00 4.085109141168620539e+01
2.064251644266514063e+02 6.559470021923553773e+00 4.082796682871032345e+01
2.065424077780955088e+02 6.784119721666190372e+00 4.141637594128300748e+01
2.065753121723381867e+02 6.797292917739014229e+00 4.113508721761510145e+01
2.065486607568391833e+02 6.846134782194261525e+00 4.080897912496425306e+01
2.066748451053283873e+02 6.899742636545610708e+00 4.084434276999332525e+01
2.066750929368029688e+02 6.380440377466399582e+00 4.051619483366695107e+01
2.062003431512725058e+02 5.758440568105995361e+00 3.995691545133924194e+01
2.055866171003717398e+02 5.226403584024401638e+00 3.934322752835763737e+01
2.054959489085883035e+02 5.051949289867505577e+00 3.855007148984844179e+01
2.055435325517109959e+02 5.112973024497188490e+00 3.902838623582118061e+01
2.059328757983033142e+02 5.359145934610618944e+00 3.895641978839005048e+01
2.061804594414259952e+02 5.683481079020112681e+00 3.941370698694118602e+01
2.064963683156991578e+02 6.352301973119817369e+00 4.017792393480125668e+01
2.067255933657420712e+02 6.476484605852635745e+00 4.090948431989324519e+01
2.068986178629301378e+02 6.608998188923839834e+00 4.087356782003622158e+01
2.068837289104947104e+02 6.606367362501191387e+00 4.104663044514345671e+01
2.069994662091316400e+02 6.708931465065294475e+00 4.098471070441330966e+01
2.068925745877418763e+02 6.334705938423410565e+00 4.032256219616814263e+01
2.067167095605757368e+02 5.886455056715279355e+00 3.988067867696120317e+01
2.062396911638547294e+02 5.141225812601277312e+00 3.913091221046611423e+01
2.059396625679153487e+02 4.665923172242874450e+00 3.862872938709369919e+01
2.056338004003431479e+02 4.553197979220284353e+00 3.821504146411209746e+01
2.055805356972643096e+02 4.705614336097607264e+00 3.827759031550853308e+01
2.058517967781908169e+02 4.984043465827852515e+00 3.876147173767991916e+01
2.063354684968067829e+02 5.701629968544466465e+00 3.993663139834143294e+01
2.065126489371842524e+02 5.968754170241159507e+00 3.995161567057478180e+01
2.068513011152416254e+02 6.189972357258602287e+00 4.042691831093318200e+01
2.070004956629491915e+02 6.178877132780478121e+00 4.038614050138213685e+01
2.069262224764083555e+02 6.146506529406157604e+00 4.044508626441712096e+01
2.068247068916213891e+02 6.191916881136211970e+00 4.053140787341531137e+01
2.068359355638166051e+02 6.046897340577637614e+00 4.028258507291964463e+01
2.065291964541035270e+02 5.371842531693832967e+00 3.964539128777047239e+01
2.057794871794871767e+02 4.357487370126775339e+00 3.813213230387951569e+01
2.055234772662281841e+02 4.066476027070822674e+00 3.791085692498332094e+01
2.053798303307596882e+02 4.090954151177199627e+00 3.777453054999523374e+01
2.056112477361548088e+02 4.671794871794872073e+00 3.844188351920693947e+01
2.057931179105900412e+02 4.885692498331903444e+00 3.883955771613764085e+01
2.062301591840625292e+02 5.250233533504909289e+00 3.908338575922218894e+01
2.064738537794299873e+02 5.574797445429415355e+00 3.925620055285482835e+01
2.067692117052711751e+02 5.983852826232008759e+00 4.046819178343341861e+01
2.068281193403869906e+02 6.089295586693356022e+00 4.023490610999904504e+01
2.067673243732723165e+02 5.717357735201601621e+00 3.988767515012867904e+01
2.067696501763416279e+02 5.768963873796587372e+00 4.021528929558669319e+01
2.068395767800972180e+02 5.844075874559146122e+00 4.006592317224287569e+01
2.063947002192355455e+02 5.247488323324754234e+00 3.946594223620245856e+01
2.058200934134019633e+02 4.734877514059670389e+00 3.881233438185110884e+01
2.053193975788771297e+02 4.553503002573634717e+00 3.848283290439424320e+01
2.052182442093222789e+02 4.635554284624916477e+00 3.866487465446573424e+01
2.055295967972547828e+02 4.900848346201506445e+00 3.903702220951291935e+01
2.058681536555142486e+02 5.113220855971785106e+00 3.941574683061671891e+01
2.062105042417310017e+02 5.773501096177676040e+00 4.025469450004766259e+01
2.065348203221809058e+02 6.031169573920503346e+00 4.029024878467257764e+01
2.067042989228862950e+02 6.172128491087598867e+00 4.081244876560861456e+01
2.067987989705461871e+02 6.287713278047850629e+00 4.101652845295968319e+01
2.067328948622628957e+02 6.359222190448956091e+00 4.094427604613478167e+01
2.069033838528262379e+02 6.535277857210942898e+00 4.114814602993041603e+01
2.071073682203793851e+02 6.613401963587837606e+00 4.101599466209131606e+01
2.067541893051186719e+02 5.326851587074635574e+00 4.012218091697645406e+01
2.061118863788008753e+02 4.578133638356686852e+00 3.899096368315699124e+01
2.057287770469926613e+02 4.256334000571918352e+00 3.802281955962253335e+01
2.057848441521304039e+02 4.192889143075016811e+00 3.836272995901248350e+01
2.057700314555333136e+02 4.270365074826041329e+00 3.823654561052330791e+01
2.059589552950147606e+02 4.401010389857973770e+00 3.881014202649890166e+01
2.062320274521017893e+02 5.147078448193689759e+00 3.935792584119721482e+01
2.064457535030025781e+02 5.247678962920598877e+00 3.938890477552187264e+01
2.067005242588885778e+02 5.494233152225716843e+00 3.957939185968925955e+01
2.068114193117910702e+02 5.528777046992660260e+00 3.979656848727480423e+01
2.068768849490039088e+02 5.527442569821752194e+00 3.964684014869888529e+01
2.067638166047088077e+02 5.663025450386045101e+00 3.924136879229816088e+01
2.066512820512820383e+02 5.498579735010961755e+00 3.941534648746544889e+01
2.061272709941854941e+02 4.591001811076160344e+00 3.863258030692974643e+01
2.054998379563435265e+02 4.040815937470212837e+00 3.775087217615098467e+01
2.051724335144409395e+02 3.711466971690020156e+00 3.693626918310933149e+01
2.053438375750643274e+02 3.747383471547040212e+00 3.710832141835859233e+01
2.057165189209798939e+02 4.230731102850062264e+00 3.813531598513011289e+01
2.059492517395863160e+02 4.434791726241540388e+00 3.826153846153846416e+01
2.062223048327137462e+02 4.849146887808597484e+00 3.892778572109427415e+01
2.064607759031550813e+02 5.153312362977790606e+00 3.932898675054808990e+01
2.065823467734248311e+02 5.381603279001048179e+00 3.949280335525688912e+01
2.066769040129634902e+02 5.506071871127633521e+00 3.943425793537317503e+01
2.065799256505576125e+02 5.626060432751882168e+00 3.994265560957011019e+01
2.065406157658945858e+02 5.743094080640548604e+00 3.988517777142312326e+01
2.063311219140215371e+02 5.313411495567629039e+00 3.981582308645505464e+01
2.056184348489181275e+02 4.486302545038604705e+00 3.863193213230388068e+01
2.049769516728624410e+02 3.755847869602516376e+00 3.763913830902678370e+01
2.049661233438185093e+02 3.742922505004289579e+00 3.732725193022590560e+01
2.050899056334000647e+02 3.933485845010008752e+00 3.765368411018968686e+01
2.052868172719473705e+02 4.232751882566009094e+00 3.822663235153941486e+01
2.057711943570679693e+02 4.907997331045658385e+00 3.896278715089123779e+01
2.060367934419979008e+02 5.113830902678486723e+00 3.950639595844057084e+01
2.062238490134400877e+02 5.259384234105423772e+00 3.978101229625393387e+01
2.063730626251072238e+02 5.376341626155752174e+00 3.990940806405490093e+01
2.063527976360689991e+02 5.482070346010866402e+00 3.972992088456772564e+01
2.063509103040701689e+02 5.581793918596893000e+00 3.992094175960347258e+01
2.064408350014298037e+02 5.543113144600133602e+00 3.959466209131636560e+01
2.060670288818987785e+02 4.498522543132208895e+00 3.836961204842246076e+01
2.054268039271756834e+02 3.806767705652463807e+00 3.711964541035172971e+01
2.049466971690019932e+02 3.531312553617386385e+00 3.662827185206367631e+01
2.049621961681441178e+02 3.498789438566390242e+00 3.674278905728719735e+01
2.052427223334286452e+02 3.686531312553617212e+00 3.688794204556286616e+01
2.054982747116576149e+02 3.905862167572204946e+00 3.746628538747497572e+01
2.058874845105328291e+02 4.557963969116385350e+00 3.849049661614717621e+01
2.061869221237251111e+02 4.913106472214279208e+00 3.869398532075111774e+01
2.064826422647983861e+02 5.090000953197979072e+00 3.879252692784291412e+01
2.065319416642836643e+02 5.198188923839481390e+00 3.884809837003145816e+01
2.065262415403679483e+02 5.264054904203603336e+00 3.872094175960346973e+01
2.064472786197693210e+02 5.141588027833381425e+00 3.844739300352683387e+01
2.064036793441997872e+02 5.019292727099418983e+00 3.886716232961585860e+01
2.059523019731198303e+02 4.313602135163473683e+00 3.816741969307025073e+01
2.052845867886759947e+02 3.435478028786579152e+00 3.717294824134972941e+01
2.051283957678009813e+02 3.287922981603279116e+00 3.703700314555332795e+01
2.051815460871222854e+02 3.344371365932704343e+00 3.715152035077685611e+01
2.055881994090172498e+02 3.908855209226956617e+00 3.775367457820989614e+01
2.059360785435134744e+02 4.047640835001430126e+00 3.821103803259936882e+01
2.061808979124964196e+02 4.364331331617576915e+00 3.873466781050424146e+01
2.064522543132208625e+02 4.617252883423887511e+00 3.919447145172052416e+01
2.066045944142598501e+02 5.272595558097417090e+00 4.018120293584977532e+01
2.067316938328090714e+02 5.331274425698217634e+00 4.052141835859308117e+01
2.066063292345820344e+02 5.102735678200362557e+00 3.964535315985130381e+01
2.066715279763606929e+02 5.139948527309122106e+00 3.976194833666952633e+01
2.063735964159756122e+02 4.984558192736631810e+00 3.972465923172242697e+01
2.056743875702983644e+02 4.262987322466876172e+00 3.847781908302354736e+01
2.053102468782766152e+02 3.925116766752454467e+00 3.804760270708226244e+01
2.050053951005623958e+02 3.536097607473072113e+00 3.736400724430464493e+01
2.050426842055094880e+02 3.672538366218663697e+00 3.748313792774759179e+01
2.052756648555905201e+02 3.878886664760270886e+00 3.765057668477742681e+01
2.056170050519492918e+02 4.455857401582308697e+00 3.901025641025641022e+01
2.058997807644647935e+02 4.766123343818510882e+00 3.929249833190353769e+01
2.062061004670670172e+02 4.990468020207797117e+00 3.935407492136116758e+01
2.064347154704032050e+02 5.193804213135067904e+00 3.968492993994852469e+01
2.064059479553903316e+02 5.336612334381850786e+00 3.991198169859880096e+01
2.066152321037079389e+02 5.510037174721190034e+00 4.006563721284911139e+01
2.067112953960537709e+02 5.323324754551520321e+00 3.978665522829091827e+01
2.065101706224382667e+02 5.140749213611667479e+00 3.991722428748450824e+01
2.058634829854160841e+02 4.394643027356782028e+00 3.904615384615384954e+01
2.051576780097226163e+02 3.935468496806786565e+00 3.836398818034506064e+01
2.050750738728433760e+02 3.806291106662853974e+00 3.805848822800495412e+01
2.053882184729768312e+02 3.943856639023925137e+00 3.795373177008864474e+01
2.056863216089981847e+02 4.148298541607092105e+00 3.857350109617767941e+01
2.058136307311028474e+02 4.405795443713659054e+00 3.919056334000571695e+01
2.062212944428557932e+02 4.654465732532647060e+00 3.936391192450672349e+01
2.063250595748737055e+02 4.883023543990086424e+00 3.988637880087694043e+01
2.065497283385759317e+02 5.099170717758078730e+00 4.029877037460680356e+01
2.065691163854732508e+02 5.197407301496521193e+00 4.033870936993613299e+01
2.065508912401105590e+02 5.401048517777142344e+00 4.010593842341054227e+01
2.066657897245257800e+02 5.473110285006195674e+00 4.042932036984081634e+01
2.065788008769421538e+02 5.164674482890096563e+00 3.978514917548374541e+01
2.060639786483652642e+02 4.521037079401391878e+00 3.864537222381088810e+01
2.053939376608521457e+02 3.945210180154417934e+00 3.782926317796206206e+01
2.050753598322371545e+02 3.756419788390048531e+00 3.799008674101610694e+01
2.052180916976456047e+02 3.679172624154036786e+00 3.779237441616623983e+01
2.053432847202363973e+02 3.869087789533886212e+00 3.811958821847297685e+01
2.057458583547802959e+02 4.002363930988466656e+00 3.833468687446382717e+01
2.060233724144504777e+02 4.259327042226670912e+00 3.926899246973596291e+01
2.063094843198932438e+02 4.681746258697931928e+00 3.983555428462491932e+01
2.065761700505194938e+02 4.895205414164522040e+00 4.039317510246878129e+01
2.067210942712801511e+02 5.008597845772566615e+00 4.038678867600800970e+01
2.065289295586693470e+02 4.808559717853397864e+00 3.988862834810790048e+01
2.065637975407492206e+02 4.931446001334476748e+00 4.028534934705938753e+01
2.063013440091507107e+02 4.719816985987989710e+00 3.977439710227814373e+01
2.056572300066723926e+02 4.012791916881136345e+00 3.898465351253455680e+01
2.051504527690401289e+02 3.532132303879515600e+00 3.842199980936040760e+01
2.050158612143742118e+02 3.467086073777523758e+00 3.802169478600705332e+01
2.052309598703650693e+02 3.611914974740253470e+00 3.843303784195977357e+01
2.055651129539605506e+02 3.819902773806119534e+00 3.917725669621580664e+01
2.059105519016299581e+02 4.450519492898674656e+00 3.960987513106471880e+01
2.063541511771994976e+02 4.766733390525212499e+00 4.038516823944333112e+01
2.067649795062434350e+02 5.131827280526165325e+00 4.043359069678772499e+01
2.070089219330855030e+02 5.370717758078352944e+00 4.075108187970641183e+01
2.072069583452482959e+02 5.458736059479553759e+00 4.116930702506910933e+01
2.072068058335716216e+02 5.638509198360499575e+00 4.077262415403679086e+01
2.072643408635973685e+02 5.774244590601467664e+00 4.071766275855495110e+01
2.069567820036221519e+02 5.136364502907253993e+00 4.020730149652082730e+01
2.064141645219712018e+02 4.212086550376513472e+00 3.967324373272328586e+01
2.063923744161662341e+02 3.369097321513678356e+00 3.836309217424459206e+01
2.069020684396149079e+02 2.898617862930130684e+00 3.813625011914975005e+01
2.073503765132017804e+02 2.595253074063482934e+00 3.786458869507196567e+01
2.075816414069202267e+02 2.793117910590029673e+00 3.815485654370412760e+01
2.069691735773520236e+02 2.926489371842531551e+00 3.819368982937756130e+01
2.068061767229053487e+02 3.052673720331712914e+00 3.833053093127442423e+01
2.067261652845295998e+02 3.266247259555809634e+00 3.844350395577161095e+01
2.069144028214660125e+02 3.787780001906396077e+00 3.919508149842722133e+01
2.067930988466304427e+02 3.868096463635497084e+00 3.938259460489943820e+01
2.067206558002096983e+02 4.180078162234296180e+00 3.953564007244304435e+01
2.066348107902011293e+02 4.336536078543513639e+00 3.993258983890954283e+01
2.065745686779144137e+02 4.347860070536650134e+00 3.978522543132208256e+01
2.063901439328948584e+02 4.004289390906491164e+00 3.939334667810503987e+01
2.066088266132875901e+02 3.836545610523305783e+00 3.952481174339910552e+01
2.070088266132875674e+02 3.668344295110094411e+00 3.933070250691068281e+01
2.072981984558192607e+02 3.735182537413020754e+00 3.927421599466209301e+01
