1.932266214177979009e+02 3.438470410788749820e-01 2.054263153225090832e+01
1.945909191730991097e+02 4.097906130778102840e-01 1.997105403247271838e+01
1.947620220033714702e+02 5.649897968237068691e-01 2.154686806849436564e+01
1.945204063525862921e+02 5.896548664714754695e-01 2.177222517966462689e+01
1.935274820335374102e+02 5.450714222340520276e-01 2.217496229260935081e+01
1.939148034779522618e+02 5.725534557714488937e-01 2.312842693638541292e+01
1.955978839499600781e+02 6.254103451335285557e-01 2.549789282228728737e+01
1.961607887498890932e+02 6.508961050483541566e-01 2.600995918729482881e+01
1.966854094579008176e+02 6.533359950314967524e-01 2.662044184189512919e+01
1.973544051104604762e+02 6.895350900541211692e-01 2.769503593292520804e+01
1.978483941087747269e+02 7.087658592848904426e-01 2.852206991393842728e+01
1.980295448496140409e+02 6.863188714399787171e-01 2.870763463756543388e+01
1.980573595954218717e+02 7.026217726909768091e-01 2.876450625499068536e+01
1.981540679620264314e+02 7.051282051282051766e-01 2.878029899742702469e+01
1.979221896903557933e+02 7.073684677490905681e-01 2.845370863277437579e+01
1.979462780587348050e+02 7.068583089344334658e-01 2.866429331913760947e+01
1.980297666577943403e+02 7.034646437760624371e-01 2.851093514328808354e+01
1.981616538017921982e+02 6.617647058823529216e-01 2.892846686185786709e+01
1.982863099991127740e+02 6.861414248957501405e-01 2.930256853872770861e+01
1.987334087481146412e+02 7.206104161121462681e-01 2.955367757962913799e+01
1.987265770561618297e+02 7.391535799840298626e-01 2.906829473870996239e+01
1.980389716972761960e+02 6.990728418064058314e-01 2.858905598438470363e+01
1.970300993700647609e+02 6.330627273533847577e-01 2.796227042853340450e+01
1.965698917576080191e+02 5.704684588767633402e-01 2.805915624168219225e+01
1.965777215863720926e+02 5.744831869399343871e-01 2.835731079762221540e+01
1.966386522934965910e+02 5.807381776239908255e-01 2.869299529766657741e+01
1.974878670925383801e+02 6.138541389406441118e-01 2.928304941886256785e+01
1.982134238310708838e+02 6.455505279034691180e-01 2.999307958477508507e+01
1.989300638807559096e+02 6.895350900541211692e-01 3.032304143376807559e+01
1.989460340697364984e+02 7.030432082335196231e-01 3.086130334486735904e+01
1.984853828409191863e+02 6.707922988199804815e-01 3.014009404666844105e+01
1.984309954751131215e+02 6.455283470854404904e-01 3.043937982432792211e+01
1.979155576257652456e+02 6.265859284890427094e-01 3.058220211161387780e+01
1.978690000887232827e+02 5.991482565877029876e-01 3.076869842959808210e+01
1.980125987046402258e+02 6.259205039481856581e-01 3.093534291544672143e+01
1.984147147546801477e+02 6.329740040812704693e-01 3.129762221630733876e+01
1.985732854227663893e+02 6.535578032117824732e-01 3.143580871262532028e+01
1.988149897968237099e+02 7.138009049773755832e-01 3.170521692840031847e+01
1.990338701091296230e+02 7.127805873480613785e-01 3.163763197586726861e+01
1.989046668441132226e+02 6.647812971342382804e-01 3.219563481501197799e+01
1.979349436607222117e+02 6.149188182060154606e-01 3.112447875077632986e+01
1.971164049330139392e+02 5.712669683257918241e-01 3.079198828852808134e+01
1.968904711205749152e+02 5.452266879602519767e-01 3.064155798065832670e+01
1.973712625321621772e+02 5.593558690444503378e-01 3.118649631798420785e+01
1.976902448762310485e+02 5.526350811817939412e-01 3.177703841717682565e+01
1.983095776772247234e+02 6.118135036820158135e-01 3.196819270694703263e+01
1.987363366160944054e+02 6.394286221275841120e-01 3.263324017389761167e+01
1.990912518853695303e+02 6.586593913583532744e-01 3.284236092627096326e+01
1.991287818294738656e+02 6.436207967349836245e-01 3.318534291544672499e+01
1.986660899653979300e+02 6.142755744831869258e-01 3.279895306538904975e+01
1.985727530831337049e+02 5.772779700115340251e-01 3.247411498536065722e+01
1.985812926980746909e+02 5.849525330494188546e-01 3.250263951734540058e+01
1.988608375476887602e+02 5.938026794428178379e-01 3.281649809244964899e+01
1.987566764262265906e+02 5.978617691420459179e-01 3.244401561529588918e+01
1.992183923343092999e+02 6.360793186052701165e-01 3.277284624256942891e+01
1.994187960251974232e+02 6.498092449649542912e-01 3.296062904799929072e+01
1.995069647768609684e+02 6.789770206725224133e-01 3.287002040635258737e+01
1.991769142045958745e+02 6.170038151007009031e-01 3.264870020406352324e+01
1.983344201934167472e+02 5.828675361547334122e-01 3.219452577411055216e+01
1.974168884748469566e+02 5.365761689291100867e-01 3.159642001597018890e+01
1.974460784313725412e+02 5.485759914825658612e-01 3.100927158193594124e+01
1.980039038239730189e+02 6.029411764705882026e-01 3.135391713246384526e+01
1.983206459054210029e+02 6.352586283382131160e-01 3.153009937006476804e+01
1.987166622305030614e+02 6.694170881022092345e-01 3.175931594357199828e+01
1.991984961405376566e+02 6.965664093691775749e-01 3.281365894774199177e+01
1.993998536066009990e+02 6.869177535267501078e-01 3.291265193860349569e+01
1.991098615916955055e+02 6.536465264838967615e-01 3.275279478307160019e+01
1.989107665690710576e+02 6.545337592050395337e-01 3.284238310708899178e+01
1.987463623458433233e+02 6.704374057315233282e-01 3.245619288439357319e+01
1.988996761600567709e+02 6.557758850146393481e-01 3.206955904533759139e+01
1.989728506787330389e+02 6.675982610238665460e-01 3.236511844556827100e+01
1.989109883772513570e+02 6.986514062638630174e-01 3.219193061840120862e+01
1.988759205039481799e+02 7.344734273800017643e-01 3.233339987578742125e+01
1.989391358353296084e+02 7.408171413361724911e-01 3.245257741105491789e+01
1.988463091118800321e+02 7.312793895838878289e-01 3.264441930618401244e+01
1.984887321444414852e+02 7.010469346109484690e-01 3.155820246650696603e+01
1.979639339898855610e+02 6.576612545470676974e-01 3.085864164670392995e+01
1.972359595421879135e+02 5.924052879070179634e-01 3.048740129535977417e+01
1.969332135569159732e+02 5.403469079939667852e-01 3.061083754768876020e+01
1.970326501641380617e+02 5.144618933546268869e-01 3.103908260136633857e+01
1.976578165202732578e+02 5.274820335373968661e-01 3.167616005678289426e+01
1.983830849081714121e+02 6.079096797089876825e-01 3.208064945435187809e+01
1.992311019430396470e+02 6.710584686363233464e-01 3.232852009582113340e+01
1.998859240528790622e+02 7.179487179487179516e-01 3.263929553721941090e+01
1.997718702865761600e+02 6.921524265814923416e-01 3.281243900275042336e+01
1.992075902759293626e+02 6.588146570845532235e-01 3.275927158193594124e+01
1.987038638985005718e+02 6.319536864519563757e-01 3.229997338301836862e+01
1.985092272202998913e+02 5.816032295271049701e-01 3.225543430041700077e+01
1.984686141424895709e+02 5.615739508473072128e-01 3.224751574838079904e+01
1.984733608375476877e+02 5.810043474403335795e-01 3.254864253393665052e+01
1.989710318516546863e+02 6.589477419927246560e-01 3.294235205394375043e+01
1.993354405110460448e+02 6.769585662319226316e-01 3.328630999911276689e+01
1.990704906396947820e+02 6.563969479194392553e-01 3.308910034602076422e+01
1.987344734273800100e+02 6.083089344335018689e-01 3.248811108153668670e+01
1.977365806050927119e+02 5.639472983763641478e-01 3.184422411498536221e+01
1.969829429509360352e+02 5.287907018010824522e-01 3.115311418685121225e+01
1.970211605003992474e+02 5.341584597639961185e-01 3.116897347174163713e+01
1.975706902670570457e+02 5.614186851211072637e-01 3.130267944281785120e+01
1.982215198296513279e+02 5.920503948185609211e-01 3.196772690976843379e+01
1.986882042409723965e+02 6.143642977553012141e-01 3.261054919705438948e+01
1.988309821666223058e+02 6.232809866027858581e-01 3.282463845266613589e+01
1.987768387898145761e+02 6.505633927779256309e-01 3.275955993257031196e+01
1.985763685564723744e+02 6.396060686718125776e-01 3.266238576878715349e+01
1.982654378493478760e+02 6.125898323130156697e-01 3.293534291544672499e+01
1.978204906396947820e+02 5.948008162541034149e-01 3.264326590364652958e+01
1.980694037796114060e+02 5.973959719634459598e-01 3.238177623990772958e+01
1.980428755212492149e+02 6.099281341495874642e-01 3.261820157927424191e+01
1.982148877650607801e+02 6.130112678555584838e-01 3.271067340963534775e+01
1.983523866560198599e+02 6.250332712270428859e-01 3.276486114807914163e+01
1.982859107443882465e+02 6.262310354005855562e-01 3.283508561795758851e+01
1.979719190843758270e+02 6.000354893088457597e-01 3.267192352053943694e+01
1.972067030432082220e+02 5.556960340697364442e-01 3.196255877916777521e+01
1.966899343447786350e+02 5.352009582113388397e-01 3.137509981368112832e+01
1.964629358530742707e+02 5.378404755567385287e-01 3.130871262532162191e+01
1.967686984295980892e+02 5.462470055895661813e-01 3.193560908526306363e+01
1.971087747316121010e+02 5.803832845355336723e-01 3.270366427113832231e+01
1.975757918552036188e+02 5.806494543518765372e-01 3.270242214532871827e+01
1.977640182769940509e+02 6.028968148345310585e-01 3.259142933191375846e+01
1.978702200337148440e+02 6.183124833643864893e-01 3.276124567474048632e+01
1.975107133351077948e+02 5.696034069736491956e-01 3.273884304853162774e+01
1.971642045958654990e+02 5.423653624345665669e-01 3.295472895040369110e+01
1.970440067429686906e+02 5.456703043208233073e-01 3.300359329252062679e+01
1.969255833555141635e+02 5.420104693461095247e-01 3.315757253127495119e+01
1.971065122881731781e+02 5.531008783603938994e-01 3.327797001153402334e+01
1.974014949871351234e+02 5.753260580250200151e-01 3.348655842427469054e+01
1.975026838789814576e+02 6.105270162363587438e-01 3.321734983586194545e+01
1.976618312483364264e+02 6.324638452666134780e-01 3.299438825303877110e+01
1.970189424185963958e+02 5.709786176914204425e-01 3.293665158371040746e+01
1.961952577411054790e+02 5.141070002661698446e-01 3.211272291722118410e+01
1.954766435986159081e+02 4.630245763463756714e-01 3.169805252417709340e+01
1.953540945790080627e+02 4.506254990684056549e-01 3.158115961316653397e+01
1.956427557448318737e+02 4.773755656108597534e-01 3.152546357909679742e+01
1.960319847395971919e+02 5.094490284801703739e-01 3.187223848815544258e+01
1.968597950492414270e+02 5.785200958211338396e-01 3.268206015437849032e+01
1.969617159080826809e+02 6.501419572353828169e-01 3.277777038417176669e+01
1.970684056428001156e+02 6.776905332268654547e-01 3.314626031408038642e+01
1.969661298908703770e+02 6.740972407062372218e-01 3.294996007452754583e+01
1.966469035578031992e+02 6.606556649809245396e-01 3.319587880401029167e+01
1.963910478218436708e+02 6.347706503415846413e-01 3.304516014550616632e+01
1.964918152781474703e+02 6.407372903912695872e-01 3.319585662319226316e+01
1.966477242480702614e+02 6.603229527104960139e-01 3.358286753615473685e+01
1.966542010469346167e+02 6.839233430928932655e-01 3.335342915446721435e+01
1.966166711028302814e+02 7.425028835063437471e-01 3.372892822287285952e+01
1.970271715020849967e+02 7.481811729216573115e-01 3.378027681660899617e+01
1.968264129181084172e+02 7.097196344601188756e-01 3.354779966285156689e+01
1.961252107177712674e+02 5.943793807115606009e-01 3.265211605003992901e+01
1.954425960429420570e+02 5.224469878449117255e-01 3.193041877384438010e+01
1.951377206991393791e+02 5.194303965930263667e-01 3.174676160056782948e+01
1.955155265726199900e+02 5.320512820512820484e-01 3.195146837015349206e+01
1.955621950137521026e+02 5.572930529677934119e-01 3.233524088368378813e+01
1.961917531718569876e+02 5.835551415136189801e-01 3.245650341584597953e+01
1.966690178333776942e+02 6.583710407239818929e-01 3.282951823263241664e+01
1.968883417620441776e+02 7.682548132375122130e-01 3.358501907550350296e+01
1.966253216218614170e+02 6.450625499068405322e-01 3.322466950581137723e+01
1.962430130423209960e+02 6.422899476532694107e-01 3.281235027947830929e+01
1.959880667199006439e+02 6.126120131310442973e-01 3.254957412829384822e+01
1.961877606246118262e+02 5.932037973560464472e-01 3.290267057049064192e+01
1.961383417620441776e+02 6.037396859196166865e-01 3.251022535711116745e+01
1.965783648300949267e+02 6.200204063525862619e-01 3.256419128737467616e+01
1.965606201756720850e+02 5.950448052524177633e-01 3.296067340963534775e+01
1.969160234229438515e+02 6.470366427113831698e-01 3.285846420015970182e+01
1.967526838789814576e+02 6.310664537308136035e-01 3.273041433768077013e+01
1.962087880401029167e+02 5.510158814657084569e-01 3.208446455505279005e+01
1.951654689024931315e+02 4.949649543075148594e-01 3.133118179398456249e+01
1.950638585751042626e+02 4.678821754946322353e-01 3.120430751486114929e+01
1.950509937006476662e+02 4.961627184810575852e-01 3.154405110460473693e+01
1.955903868334664253e+02 5.157040191642268123e-01 3.200487977996628786e+01
1.960857288616804226e+02 5.507718924673942196e-01 3.185225357111170297e+01
1.965080072753083016e+02 6.574838080028391207e-01 3.246240351344157915e+01
1.965324948984118407e+02 6.791544672167509900e-01 3.257854227663916191e+01
1.967889938780942316e+02 6.509182858663827842e-01 3.243665158371040746e+01
1.966136766923964103e+02 6.156507852009581727e-01 3.236281164049329817e+01
1.962076789992014767e+02 5.975734185076745364e-01 3.159302635081181876e+01
1.963635436074882534e+02 6.268299174873569468e-01 3.159925916067784613e+01
1.962801659125188678e+02 6.159613166533581818e-01 3.199319048886522765e+01
1.966048265460030109e+02 6.146970100257297398e-01 3.186398722384881665e+01
1.962931195102475499e+02 6.064457457191021472e-01 3.194037796113920535e+01
1.960899875787418978e+02 5.953996983408748056e-01 3.203151894241859310e+01
1.963679575902759211e+02 5.915402360039038188e-01 3.227572974891314317e+01
1.958097994854050228e+02 5.362212758406530444e-01 3.201326412918108133e+01
1.951044494720965190e+02 4.965619732055718272e-01 3.109792831159613158e+01
1.947675228462425707e+02 4.734717416378316224e-01 3.075696477686097197e+01
1.946190666311773612e+02 4.777526395173454232e-01 3.069454795492857713e+01
1.948398101321976696e+02 5.025729748913140282e-01 3.085176559311507560e+01
1.954876009227220379e+02 5.508827965575370245e-01 3.155123768964599407e+01
1.955951335285245420e+02 5.929598083577322098e-01 3.179751131221719618e+01
1.962222296158282404e+02 6.019430396593026256e-01 3.219071067340963310e+01
1.958751885369532317e+02 5.875033271227042553e-01 3.211079318605270316e+01
1.962819847395971919e+02 5.832667908792475986e-01 3.208293407860882240e+01
1.961681306006565535e+02 6.049596309111879844e-01 3.221388962824948976e+01
1.960631931505633929e+02 6.235027947830715789e-01 3.184433501907550479e+01
1.961803522313902874e+02 6.196433324461005920e-01 3.153194037796113847e+01
1.962219412651938626e+02 6.268299174873569468e-01 3.143301392955372364e+01
1.962167509537751755e+02 6.346375654334132088e-01 3.172846242569426067e+01
1.963198917576080191e+02 6.031408038328454069e-01 3.206199538638985302e+01
1.961835240883683866e+02 6.145639251175583073e-01 3.194266258539614967e+01
1.965280809156241730e+02 6.479904178866117137e-01 3.209701889805695885e+01
1.961398278768521095e+02 5.999911276727886156e-01 3.149010735515925674e+01
1.954740484429065646e+02 5.691154289770207209e-01 3.112223848815544258e+01
1.949254502706059782e+02 5.476887587614230890e-01 3.073347529056871608e+01
1.948040324727175800e+02 5.450270605979948835e-01 3.071144973826634583e+01
1.952439889983142507e+02 5.769230769230768718e-01 3.076701268742791129e+01
1.953053633217993195e+02 5.632818738355070964e-01 3.089040457812084028e+01
1.955983719279566913e+02 5.783426492769053739e-01 3.110735515925827244e+01
1.959982255345577187e+02 5.834885990595333194e-01 3.165748380800284068e+01
1.960284358087126293e+02 5.945346464377606610e-01 3.159996894685475866e+01
1.959360970632596946e+02 5.803611037175051557e-01 3.152845798953065426e+01
1.956618312483364264e+02 5.295004879779966478e-01 3.152184810575814211e+01
1.954967172389317795e+02 5.140404578120840728e-01 3.154405110460473693e+01
1.956316875166356226e+02 5.125321621861413934e-01 3.167846686185786709e+01
1.953765859284890496e+02 5.175672078786265340e-01 3.172340519918374468e+01
1.954720521692840123e+02 5.032383994321710796e-01 3.206410256410256210e+01
1.956037396859196065e+02 5.074971164936562529e-01 3.271639606068671924e+01
1.956961671546446553e+02 5.251308668263685586e-01 3.288820867713601359e+01
1.961180019519119924e+02 5.641912873746783852e-01 3.315247094312838527e+01
1.962444769763108923e+02 5.897657705616182744e-01 3.279065743944636324e+01
1.957367802324549757e+02 5.383284535533670034e-01 3.230738177623990737e+01
1.948994543518764999e+02 4.843847041078874760e-01 3.114783515216041110e+01
1.940889894419306074e+02 4.420858841274066253e-01 3.118771626297577981e+01
1.941238355070535135e+02 4.414204595865495739e-01 3.141935054564812191e+01
1.946287818294738656e+02 4.543518764972052093e-01 3.147950492414160095e+01
1.949483852364475069e+02 4.982477153757430832e-01 3.178307159968059636e+01
1.953468414515127449e+02 5.650341584597640132e-01 3.234721852541921550e+01
1.955413894064413114e+02 5.601100168574216775e-01 3.286057137787241800e+01
1.953974137166178764e+02 5.337813858575104486e-01 3.270086948806672211e+01
1.953589078165202864e+02 5.174784846065122457e-01 3.295461804631354852e+01
1.956282494898411812e+02 5.097595599325702720e-01 3.271586372105403484e+01
1.955115340253748570e+02 5.343359063082246951e-01 3.261307781030964748e+01
1.955064102564102484e+02 4.938780942241149940e-01 3.235482654600301800e+01
1.953093558690444524e+02 4.603406973649188383e-01 3.189373170082512488e+01
1.950941132108952161e+02 4.283559577677224506e-01 3.207783249046224938e+01
1.946394508029456176e+02 3.864120308756986977e-01 3.215402360039038143e+01
1.945230015082956356e+02 3.882530387720699028e-01 3.273753438026794527e+01
1.944634016502528482e+02 3.963046757164404021e-01 3.296158282317451693e+01
1.948539393132818702e+02 4.376719013397213920e-01 3.328007718924673952e+01
1.947826501641380617e+02 3.778058734806139518e-01 3.284449028480170085e+01
1.940028169638896145e+02 3.248158992103628573e-01 3.196768254813237675e+01
1.933841274066187452e+02 3.105314523999644916e-01 3.140306982521515522e+01
1.929456348150119709e+02 3.121506521160500314e-01 3.177621772690976698e+01
1.933971475468015342e+02 3.343758317806760916e-01 3.205656108597285225e+01
1.938924895750155315e+02 3.512554343004170021e-01 3.217556117469612076e+01
1.947041300683169140e+02 3.882308579540413307e-01 3.279502706059799522e+01
1.949979593647413765e+02 4.431949250288350628e-01 3.318760535888563368e+01
1.948760535888563652e+02 4.338789814568361214e-01 3.320701357466063541e+01
1.950254857599148295e+02 4.301969656640937112e-01 3.312097418152781358e+01
1.949826102386656146e+02 4.338346198207789772e-01 3.314495164581669684e+01
1.949197719811906779e+02 4.438603495696921142e-01 3.295863277437671712e+01
1.947537929198828976e+02 4.571022979327477587e-01 3.324035134415757398e+01
1.948357732233164654e+02 4.742037086327743900e-01 3.365173897613343712e+01
1.949195058113743357e+02 4.793274775973738189e-01 3.364115872593381340e+01
1.952548132375121952e+02 5.003548930884571533e-01 3.316149853606601283e+01
1.952205438736580732e+02 4.972717593824860227e-01 3.364801259870463923e+01
1.955591118800461459e+02 5.132863099991127331e-01 3.387057492680330029e+01
1.952967128027681554e+02 5.065877029544849641e-01 3.381030964421967866e+01
1.950161698163428241e+02 4.900186318871440072e-01 3.319780853517877972e+01
1.942856445745719043e+02 4.597639960961760197e-01 3.243625232898589417e+01
1.936314435276372876e+02 4.486514062638630174e-01 3.199485405021737350e+01
1.938669816342826664e+02 4.567695856623192330e-01 3.176026971874722804e+01
1.940690710673409569e+02 4.909502262443438680e-01 3.204336349924584937e+01
1.942907461627184773e+02 5.272380445390826287e-01 3.198210007985094450e+01
1.949177313459320260e+02 5.523023689113654155e-01 3.270011534025374544e+01
1.952098527193682855e+02 5.558069381598793601e-01 3.303324904622482450e+01
1.951593026350811897e+02 5.731079762221630292e-01 3.292338745452932613e+01
1.952370464022713179e+02 5.678289415313636512e-01 3.321542010469346451e+01
1.950452045071422162e+02 5.376630290125099521e-01 3.304183302280188173e+01
1.945831780676071219e+02 5.219590098482832508e-01 3.303453553367047846e+01
1.948166311773578343e+02 5.458921125011090281e-01 3.344880667199006297e+01
1.950969745364209018e+02 5.674962292609351255e-01 3.332011356578830430e+01
1.954574350102031701e+02 6.031408038328454069e-01 3.371919084375831943e+01
1.953826856534469130e+02 6.038727708277881190e-01 3.388752107177712958e+01
1.958393443350190637e+02 5.991038949516458434e-01 3.431294916156507924e+01
1.957303699760447273e+02 5.924940111791322517e-01 3.410660101144529932e+01
1.957751308668263732e+02 5.976621417797888247e-01 3.375723094667731061e+01
1.958638097773045956e+02 5.969523556028746292e-01 3.425237334752905838e+01
1.953484162895927625e+02 5.718658504125632147e-01 3.383688226421790546e+01
1.945182769940555545e+02 5.225357111170260138e-01 3.315204950758583635e+01
1.938176736758051675e+02 4.794162008694880517e-01 3.258548487268210181e+01
1.940365983497471518e+02 4.835196522047733314e-01 3.267469612279300861e+01
1.942954928577765941e+02 5.271493212669683404e-01 3.283821311329961645e+01
1.948813769851832092e+02 5.423875432525951945e-01 3.307559222784136210e+01
1.955631931505633929e+02 5.695368645195635349e-01 3.398666932836483312e+01
1.959195723538284142e+02 6.066675538993877570e-01 3.472746428888297743e+01
1.961051592582734315e+02 6.063126608109307147e-01 3.509346996717238909e+01
1.955727530831337049e+02 5.658104870907638695e-01 3.443849259160678145e+01
1.954515127317895349e+02 5.452932304143376374e-01 3.420605979948540210e+01
1.955523689113654484e+02 5.383728151894241476e-01 3.451503859462336976e+01
1.956682193239286676e+02 5.562949161565078349e-01 3.465236003903824269e+01
1.957181927069470362e+02 5.609085263064501614e-01 3.444235205394375043e+01
1.957563880755922412e+02 5.619953863898500268e-01 3.465750598882086564e+01
1.957932525951557068e+02 5.760580250199627272e-01 3.501521604116759789e+01
1.959379602519740899e+02 5.666089965397923534e-01 3.520807825392600421e+01
1.962700958211338786e+02 6.048265460030165519e-01 3.501361902226954470e+01
1.962027548575991602e+02 6.429775530121550897e-01 3.516027859107443732e+01
1.962614453021027430e+02 6.300461361014993988e-01 3.461700381510070201e+01
1.953897835152160383e+02 5.724869133173631219e-01 3.343050749711649416e+01
1.946126563747671128e+02 5.431195102475379066e-01 3.306731878271670411e+01
1.945452045071422162e+02 5.269496939047112471e-01 3.255656108597285225e+01
1.947477153757430699e+02 5.452266879602519767e-01 3.249179309732942755e+01
1.951845887676337554e+02 5.726643598615916986e-01 3.321490994587880152e+01
1.955697143110637910e+02 6.040502173720166956e-01 3.351204418418951292e+01
1.962346508739242381e+02 6.343048531629846831e-01 3.390872593381244116e+01
1.962933634992458565e+02 6.501863188714399611e-01 3.388197586726998622e+01
1.960865939135835276e+02 6.273400763020140491e-01 3.378025463579096765e+01
1.958305829118977783e+02 5.937804986247893213e-01 3.363146570845533034e+01
1.958167864430840268e+02 5.995918729482743181e-01 3.355567385325170449e+01
1.956784668618578564e+02 6.278058734806140073e-01 3.350669860704462621e+01
1.958111968769408122e+02 6.355469789725844976e-01 3.335864164670392995e+01
1.960437627539703556e+02 6.146304675716440791e-01 3.356385857510424842e+01
1.960848859905953248e+02 6.047821843669594077e-01 3.378069825215153799e+01
1.958641646703930519e+02 6.074438825303877243e-01 3.376699050660988632e+01
1.964787507763286385e+02 6.644929464998668989e-01 3.374973383018365780e+01
1.963384792831159587e+02 7.006476798864341715e-01 3.354873125720876459e+01
1.964525330494188609e+02 6.571289149143820785e-01 3.339563925117558085e+01
1.959445257741105593e+02 5.505057226510513546e-01 3.298600390382397052e+01
1.948477730458699284e+02 4.676825481323751421e-01 3.191478129713423684e+01
1.945576923076923208e+02 4.796823706858309166e-01 3.161675982610238833e+01
1.946951911986514006e+02 4.788616804187738607e-01 3.159684145151273071e+01
1.951773356401384092e+02 5.287019785289681639e-01 3.230294561263419695e+01
1.956337281518942461e+02 5.476000354893088007e-01 3.284599858042764708e+01
1.962262443438914090e+02 5.938914027149321262e-01 3.273172300594445971e+01
1.964043563126608092e+02 6.219944991571288995e-01 3.277734894862922488e+01
1.964631576612545416e+02 6.196433324461005920e-01 3.291287374678378086e+01
1.964706325969301872e+02 5.978617691420459179e-01 3.280063880755922412e+01
1.959381155177002825e+02 5.818250377073906909e-01 3.244798598172300785e+01
1.957425472451423900e+02 5.761911099281341597e-01 3.248766746517611637e+01
1.958801348593736122e+02 5.734850501286486990e-01 3.272686540679620038e+01
1.962733120397480207e+02 5.752595155709342434e-01 3.275969301747848306e+01
1.962386877828054423e+02 5.782095643687339415e-01 3.289583887853783750e+01
1.964630911188004632e+02 6.084642001597019290e-01 3.290579806583266986e+01
1.963369709874900195e+02 6.503637654156685377e-01 3.278675361547333722e+01
1.967966906219501482e+02 6.921746073995208581e-01 3.286902226954130413e+01
1.965312084109662010e+02 6.059134060864164173e-01 3.254875343802679311e+01
1.957456525596664108e+02 5.030165912518853588e-01 3.167924319048886517e+01
1.949112767278857348e+02 4.518676248780055249e-01 3.095512820512820440e+01
1.947860660101144390e+02 4.520450714222340460e-01 3.064881110815366938e+01
1.947444104338568138e+02 4.382042409724070664e-01 3.114863366160944125e+01
1.950253083133706014e+02 4.470543873658060496e-01 3.141169816342826593e+01
1.959047777482033439e+02 4.766435986159169302e-01 3.185642356490107474e+01
1.964491393842604907e+02 5.983719279567030203e-01 3.238800904977375694e+01
1.964915047466950568e+02 6.166489220122438608e-01 3.258812439002750239e+01
1.964745586017212418e+02 6.256543341318427931e-01 3.298746783781385972e+01
1.961343492147990446e+02 6.395617070357554335e-01 3.273562682991748574e+01
1.958039215686274588e+02 5.729083488599059359e-01 3.291884038683346603e+01
1.956324638452666136e+02 4.958300062106290595e-01 3.262574305740395886e+01
1.958126829917487441e+02 4.620929819891757551e-01 3.315491083311152209e+01
1.959446144973826733e+02 4.817230059444592150e-01 3.343607488244166603e+01
1.961673542720255625e+02 4.976931949250288367e-01 3.342722473604826661e+01
1.961145639251175510e+02 5.073418507674563038e-01 3.398059178422500537e+01
1.962141779788838676e+02 5.474447697631088516e-01 3.438401650252860975e+01
1.966479016946144895e+02 5.518143909147369408e-01 3.465506609883772171e+01
1.962713157661254684e+02 5.208721497648832743e-01 3.396637387986869072e+01
1.950843758317806760e+02 4.471652914559489100e-01 3.358056073107976403e+01
1.941317318782716654e+02 3.952621772690976809e-01 3.284708544051104440e+01
1.942411942152426718e+02 3.965930263508118392e-01 3.244164226776683790e+01
1.945611968769408122e+02 4.288661165823795529e-01 3.272786354360749073e+01
1.947075237334752842e+02 4.562816076656907027e-01 3.312305917842250125e+01
1.954253171856978213e+02 4.678821754946322353e-01 3.413845266613432727e+01
1.959269807470499529e+02 5.135081181793984539e-01 3.491799751574838240e+01
1.963070934256055295e+02 5.917842250022180561e-01 3.426007009138496784e+01
1.964351211072664398e+02 5.778324904622482716e-01 3.439535090054121014e+01
1.964214577233608452e+02 5.799174873569337141e-01 3.416930618401206488e+01
1.962413716617868999e+02 5.363765415668529934e-01 3.409056428001064631e+01
1.961337281518942461e+02 4.978706414692574134e-01 3.402328985892999924e+01
1.958929553721941375e+02 5.080516369443704994e-01 3.380489752462070641e+01
1.961053145239996525e+02 5.153491260757696590e-01 3.426561529589211119e+01
1.963374811463046683e+02 5.460695590453376047e-01 3.401936385413893760e+01
1.964063082246473186e+02 5.396371218170525896e-01 3.414248957501552439e+01
1.966340830449827024e+02 5.852630645018188638e-01 3.391857421701712383e+01
1.967657705616183250e+02 5.867713601277615432e-01 3.399341229704551637e+01
1.961296025197409278e+02 5.471120574926803259e-01 3.282559222784136210e+01
1.952729349658415288e+02 4.997338301836571905e-01 3.178147458078253962e+01
1.949285555851299705e+02 4.706769585662319288e-01 3.184661964333244555e+01
1.950006210629047985e+02 4.916821932392866912e-01 3.215593115074084096e+01
1.956156507852009554e+02 5.360881909324816119e-01 3.239095909857155675e+01
1.961055806938159947e+02 5.621284712980214593e-01 3.241054476089077951e+01
1.963523201135657814e+02 5.398367491793096828e-01 3.293172744210806258e+01
1.966806405820246653e+02 5.922278413627894977e-01 3.342223405199183617e+01
1.970857510424984582e+02 5.904311951024753258e-01 3.362368024132729971e+01
1.967175051015881593e+02 5.566719900629935047e-01 3.343875876142312364e+01
1.966774909058646017e+02 5.551193328009936812e-01 3.335620175672078602e+01
1.965100257297489179e+02 5.607310797622215848e-01 3.322730902315677071e+01
1.966384526661343273e+02 5.770118001951911602e-01 3.309564368733919082e+01
1.970151273178954909e+02 6.102830272380445065e-01 3.340515482210984288e+01
1.969329252062815954e+02 6.162496672877295634e-01 3.337434566586815521e+01
1.969642223405199104e+02 6.130112678555584838e-01 3.336230148167864229e+01
1.971812394641114281e+02 6.198207789903291687e-01 3.367176825481323732e+01
1.971516724336793516e+02 6.241682193239286303e-01 3.364220122438115368e+01
1.964732721142755736e+02 5.690488865229349491e-01 3.317230059444592172e+01
1.955578697542365489e+02 5.114674829207701556e-01 3.205986602785910833e+01
1.950851077987756241e+02 4.874234761778014624e-01 3.187407949605181301e+01
1.955016857421701673e+02 5.138630112678556072e-01 3.199214799041788737e+01
1.957305696034069626e+02 5.494410433856801168e-01 3.288856357022446986e+01
1.961352142667021496e+02 5.483763641203087680e-01 3.338665601987401033e+01
1.967983763641203154e+02 5.741948363055628946e-01 3.450217372016680173e+01
1.971729438381687487e+02 6.065122881731878079e-01 3.483315588678910757e+01
1.970297001153402618e+02 5.804054653535621888e-01 3.509103007718924516e+01
1.966839677047289570e+02 5.487756188448229544e-01 3.519228551148966488e+01
1.965221142755744950e+02 5.432747759737379667e-01 3.508240173897613090e+01
1.965450048797799525e+02 5.556738532517079276e-01 3.575625499068405588e+01
1.965417442995297677e+02 5.462913672256233255e-01 3.591356135214266487e+01
1.963942640404578128e+02 5.465131754059089353e-01 3.633153668707301875e+01
1.966980968858131575e+02 5.502839144707656338e-01 3.648456215065211694e+01
1.966957457191021206e+02 5.476222163073374283e-01 3.665781652027326487e+01
1.970396814834531085e+02 5.803167420814480115e-01 3.692232277526395023e+01
1.971552879070180211e+02 5.995918729482743181e-01 3.689555052790346679e+01
1.965097151982965045e+02 5.573595954218791837e-01 3.623999645106911771e+01
1.955338035666755445e+02 4.751131221719456788e-01 3.463570224469878411e+01
1.952306805074971123e+02 4.711649365628604591e-01 3.500173010380623140e+01
1.952494011179132372e+02 4.805696034069736333e-01 3.519164226776683790e+01
1.957485138851920965e+02 5.061662674119421501e-01 3.469543518764972134e+01
1.964945656995830063e+02 5.664537308135924043e-01 3.594115428977020343e+01
1.969637787241593401e+02 6.003460207612456578e-01 3.614357643509892881e+01
1.970399920149055220e+02 6.020761245674740580e-01 3.671710584686363177e+01
1.970503726377428677e+02 5.897879513796469020e-01 3.683131487889273359e+01
1.968750332712270392e+02 5.656552213645639204e-01 3.722276195546091770e+01
1.966453509005412172e+02 5.369310620175672399e-01 3.673442906574394584e+01
1.961439091473693566e+02 5.274154910833112053e-01 3.621856978085352097e+01
1.962150652116050082e+02 5.178777393310265431e-01 3.650308313370597091e+01
1.964388696655132662e+02 5.120663650075414353e-01 3.728231745186762680e+01
1.962367358708189045e+02 5.004657971785999582e-01 3.744073285422766162e+01
1.966809732942950859e+02 4.982698961937715998e-01 3.849534202821399731e+01
1.967366915091828616e+02 4.981589921036287949e-01 3.861201313104427157e+01
1.962918108419838461e+02 4.939446366782007103e-01 3.854513796468813780e+01
1.957535711117025983e+02 4.463889628249489983e-01 3.819137609795049570e+01
1.949454351876497071e+02 4.097906130778102840e-01 3.755476443971253531e+01
1.943517212314790186e+02 3.910256410256410242e-01 3.705791411587259176e+01
1.946631399166001302e+02 3.962159524443261693e-01 3.767336527371129762e+01
1.952214311063792138e+02 4.153801792210096711e-01 3.770925383728151559e+01
1.955806938159879280e+02 4.564590542099192794e-01 3.868188270783426219e+01
1.962016679975157558e+02 4.841407151095732386e-01 3.974973383018365780e+01
1.962195900984828256e+02 4.805474225889450612e-01 3.968656286043829340e+01
1.965096708366604616e+02 4.634460118889184854e-01 3.960325170792298621e+01
1.961903557803211697e+02 4.535090054121195813e-01 3.978717505101587903e+01
1.960223139029367303e+02 4.404001419572353693e-01 4.004238754325259464e+01
1.959429287552125061e+02 4.568583089344335213e-01 4.012146215952444095e+01
1.961284712980214806e+02 4.398899831425783225e-01 4.016917309910389378e+01
1.959697675450270538e+02 4.390914736935498386e-01 4.060737734007630451e+01
1.962770605979948471e+02 4.464998669150918031e-01 4.051876497205216765e+01
1.965486203531186220e+02 4.993567562771715207e-01 4.122766391624523408e+01
1.964949427734894982e+02 5.068760535888563457e-01 4.111502972229615693e+01
1.962054830982166607e+02 4.860704462780587320e-01 4.085185431638718967e+01
1.956211738088900631e+02 4.430840209386922024e-01 4.014166888474846928e+01
1.948098882086771368e+02 3.889184633129269542e-01 3.972444769763109207e+01
1.943631443527637259e+02 3.558912252683879007e-01 3.943940200514595062e+01
1.944775308313370488e+02 3.787818294738710123e-01 3.968390116227486430e+01
1.953130600656552076e+02 4.113654511578386797e-01 4.040950226244343924e+01
1.956194880667198959e+02 4.332357377340076421e-01 4.057397302812528039e+01
1.960316520273267713e+02 4.543296956791766372e-01 4.142511755833555043e+01
1.961857865318072811e+02 4.689024931239463845e-01 4.159750687605358621e+01
1.963789370952000581e+02 4.599192618223760243e-01 4.172602253571111675e+01
1.959232100079850909e+02 4.352985538106645125e-01 4.137265992369798795e+01
1.956182681217283346e+02 4.044450359329251898e-01 4.083983231301570527e+01
1.958868112856002028e+02 4.283781385857510227e-01 4.131492325436962432e+01
1.957834486735870883e+02 4.337237157306361723e-01 4.146555318960163561e+01
1.957710495963090978e+02 4.295759027592937485e-01 4.149946766036731560e+01
1.959855602874634144e+02 4.384704107887498759e-01 4.183521870286575961e+01
1.962406840564279946e+02 4.591207523733475404e-01 4.173394108774731848e+01
1.965598438470410656e+02 4.785955106024309957e-01 4.203444681039836439e+01
1.961629846508739377e+02 4.742924319048886783e-01 4.200022180818028517e+01
1.955210495963090978e+02 4.415757253127495230e-01 4.063887410167686909e+01
1.948109528879425056e+02 3.975911631620974163e-01 3.975470233342205972e+01
1.949288439357643483e+02 4.240085174341229890e-01 3.987645284358087139e+01
1.950986159169550263e+02 4.580782539260047637e-01 3.998607044627805607e+01
1.957920991926182239e+02 5.095599325703131788e-01 4.042223405199183617e+01
1.960490639694791923e+02 5.224248070268830979e-01 4.048527193682902947e+01
1.967698296513175364e+02 5.449605181439091117e-01 4.172795226687960479e+01
1.967190799396681768e+02 5.314967616005678019e-01 4.180305651672433953e+01
1.965481767367580517e+02 5.159258273445124221e-01 4.185633484162895712e+01
1.964423298731257148e+02 4.862478928222873087e-01 4.171763818649631617e+01
1.963479283115961209e+02 4.767988643421169348e-01 4.175272824061751464e+01
1.959960518143909098e+02 4.402892378670925644e-01 4.158109307071244842e+01
1.960851521604116670e+02 4.595643687339189265e-01 4.158595066986070776e+01
1.962816520273267713e+02 4.811241238576878798e-01 4.176885369532428172e+01
1.962971564191287257e+02 4.735604649099458552e-01 4.247116493656285741e+01
1.966387188359506695e+02 4.503815100700913621e-01 4.286194658859018602e+01
1.966160722207434901e+02 4.555052790346907909e-01 4.262556561085973073e+01
1.960808490817141205e+02 4.473427380001774312e-01 4.159103007718924516e+01
1.953929997338301803e+02 4.151140094046668616e-01 4.074722739774642832e+01
1.949221009670836793e+02 3.776062461183568586e-01 4.093512110726643272e+01
1.947359817230059491e+02 3.739020495075858208e-01 4.092061485227575446e+01
1.951938603495696896e+02 3.719944991571288995e-01 4.175723094667731061e+01
1.955546091739863357e+02 3.815544317274421338e-01 4.188825303877207062e+01
1.962641957235382790e+02 4.165335817584952527e-01 4.292156862745098067e+01
1.965859284890426864e+02 4.459009848283204680e-01 4.300594445923165665e+01
1.967387765060775564e+02 4.806583266790879216e-01 4.311622748646970393e+01
1.966731656463490481e+02 4.778413627894596560e-01 4.293407860881909244e+01
1.966184677490905983e+02 4.762665247094312604e-01 4.263539171324638488e+01
1.963522979327477458e+02 4.725623280986602781e-01 4.225973737911454009e+01
1.964128959276018236e+02 4.757563658947742136e-01 4.230232454972939138e+01
1.967197231833910109e+02 4.798598172300594378e-01 4.229065743944636324e+01
1.965094933901162335e+02 4.444148700204063607e-01 4.272041078874988784e+01
1.965451157838701022e+02 4.335462691864075957e-01 4.303143021914647903e+01
1.967342516191997106e+02 4.415757253127495230e-01 4.335759914825658967e+01
1.967452311241238476e+02 4.581004347440333357e-01 4.292385325170792498e+01
1.961225268387898097e+02 4.449472096530919796e-01 4.231543341318428020e+01
1.951511622748647028e+02 4.143154999556383777e-01 4.171207080117114430e+01
1.947497116493656222e+02 4.028923786709253663e-01 4.071193771626297320e+01
1.950615961316653397e+02 3.950847307248691598e-01 4.115814923254369972e+01
1.954786176914204532e+02 4.275574483186939667e-01 4.160992813414958391e+01
1.955781873835506985e+02 4.317052612900363906e-01 4.159200603318250700e+01
1.962838257474935801e+02 4.436607222074350210e-01 4.256980303433590507e+01
1.964907727797001087e+02 4.348549374500931819e-01 4.283672699849170584e+01
1.964214799041788524e+02 4.628027681660899506e-01 4.292352053943749723e+01
1.962471386744743143e+02 4.304187738443793765e-01 4.231352586283382067e+01
1.960423875432526017e+02 4.166444858486381131e-01 4.200689823440688286e+01
1.960973516103273937e+02 4.216351699050661095e-01 4.161059355869044651e+01
1.963003060952887893e+02 4.391358353296069827e-01 4.191174252506432651e+01
1.963224869133173627e+02 4.419306184012066208e-01 4.177981101943039732e+01
1.965485538106645436e+02 4.476532694525773848e-01 4.203945967527282335e+01
1.966197764173542737e+02 4.461671546446632775e-01 4.234366959453464574e+01
1.966495208943305784e+02 4.513131044272912784e-01 4.192607133351077664e+01
1.966883373258805818e+02 4.640892556117469647e-01 4.164166888474846928e+01
1.960721320202289064e+02 4.293984562150652273e-01 4.042179043563126584e+01
1.952181039836749221e+02 3.957723360837547832e-01 4.031898234406884995e+01
1.948587747316121010e+02 3.879203265016413771e-01 4.021956791766480421e+01
1.947806760713335166e+02 3.853695324283559764e-01 3.987614231212847216e+01
1.950922943838168635e+02 3.983231301570401839e-01 4.000720876585928210e+01
1.958166089965397987e+02 3.876541566852985676e-01 4.113226421790435694e+01
1.961045160145506259e+02 3.774731612101854261e-01 4.159149587436784401e+01
1.963198917576080191e+02 4.069292875521249297e-01 4.222779700115340518e+01
1.962701180019519143e+02 4.042232277526395245e-01 4.177149321266968229e+01
1.962589610504835491e+02 3.899609617602697309e-01 4.211261201313104152e+01
1.958996096176026924e+02 3.585751042498447339e-01 4.182468281430219292e+01
1.959327477597373672e+02 3.812217194570135526e-01 4.165626386301126871e+01
1.958805562949161470e+02 3.825969301747848550e-01 4.156820601543785187e+01
1.959268254813237604e+02 3.784269363854139145e-01 4.180982166622305130e+01
1.958132153313814285e+02 3.636545115783870186e-01 4.219279567030432077e+01
1.958929331913761018e+02 3.641868512110726375e-01 4.251965220477331542e+01
1.963418951290923644e+02 3.695767899920149313e-01 4.203706414692573645e+01
1.962446100612190492e+02 3.999866915091828679e-01 4.168596397835152345e+01
1.958571111702599694e+02 3.640981279389584047e-01 4.160959542187915616e+01
1.946600124212581022e+02 3.167864430840209300e-01 4.097400408127051463e+01
1.941247671014106970e+02 3.081359240528790955e-01 4.062605358885635809e+01
1.943664936562860532e+02 3.156108597285067763e-01 4.043822642179043214e+01
1.945909857155531881e+02 3.364164670393043899e-01 4.030241327300150544e+01
1.953128826191109795e+02 3.570446278058734824e-01 4.032749977819182163e+01
1.959599414426403996e+02 3.733031674208144857e-01 4.124611835684500249e+01
1.962735116671102844e+02 4.052435453819536737e-01 4.174205926714576975e+01
1.965161919971608597e+02 4.062638630112678784e-01 4.160070091384969970e+01
1.963479061307781137e+02 4.044228551148966178e-01 4.128440244876230736e+01
1.962685653446899039e+02 3.805562949161565012e-01 3.986833466418241301e+01
1.960591562416821887e+02 3.632774376719013487e-01 4.012006476798864441e+01
1.961617647058823479e+02 3.836616094401561483e-01 3.982614674829207502e+01
1.962313015704019108e+02 4.020495075858397382e-01 3.956312660810930737e+01
1.965549862478928276e+02 3.957945169017833553e-01 4.013650075414781071e+01
1.967124700558956647e+02 3.927557448318694244e-01 4.090453375920503731e+01
1.964671723893177102e+02 3.944193061840120529e-01 4.084049773755656076e+01
1.966300904977375694e+02 4.118534291544672099e-01 4.088898500576701167e+01
1.963895395262177317e+02 3.942862212758406759e-01 4.007776594800816383e+01
1.953845710229793156e+02 3.684899299086150104e-01 3.954952976665779119e+01
1.945735515925827315e+02 3.566897347174163846e-01 3.904422855114896862e+01
1.946074438825303901e+02 3.530742613787596351e-01 3.891158725933812690e+01
1.951959009848283131e+02 3.843935764350989159e-01 3.906252772602253742e+01
1.955278591074438737e+02 3.975468015260402721e-01 3.929857599148256497e+01
1.959966506964776727e+02 4.126519386034956938e-01 3.968674030698252153e+01
1.964190621950137654e+02 4.209697453642090581e-01 4.026497205216928421e+01
1.964571910212048635e+02 4.272469168662940131e-01 4.048460651228817397e+01
1.966365451157838606e+02 4.243190488865229426e-01 4.038188714399787216e+01
1.963007275308313240e+02 4.081270517256676555e-01 4.033153668707301875e+01
1.957759293762753998e+02 4.105003992547245351e-01 3.994882885280809148e+01
1.958175849525330534e+02 3.965930263508118392e-01 4.004276461715907942e+01
1.959800816254103495e+02 4.223005944459231609e-01 4.017560553633217779e+01
1.964465220477331115e+02 4.259382486026084824e-01 4.086105935586904536e+01
1.964173320912075269e+02 4.341451512731789308e-01 4.081308224647325034e+01
1.967641735427202434e+02 4.426182237600922997e-01 4.118257031319315331e+01
1.966467482920770067e+02 4.481634282672344871e-01 4.117871085085617722e+01
1.967667908792476226e+02 4.331913760979504979e-01 4.107931860527015999e+01
1.958172966018986756e+02 4.082823174518676046e-01 3.985278591074438737e+01
1.946995164581669826e+02 3.603717505101587948e-01 3.927863543607488594e+01
1.945843314701446047e+02 3.509227220299884764e-01 3.912024221453287254e+01
1.948816431549995514e+02 3.620574926803300508e-01 3.944601188891846277e+01
1.954537086327743793e+02 3.971475468015260302e-01 4.084178422500221473e+01
1.959193727264661504e+02 4.059533315588678692e-01 4.104185520361991024e+01
1.965211826812172831e+02 4.306627628426936139e-01 4.148660278591074757e+01
1.967826058025019904e+02 4.404223227752639414e-01 4.174587436784668881e+01
1.968921346819270752e+02 4.380046136101499177e-01 4.218855913406086700e+01
1.964671058468636318e+02 4.325037707390648745e-01 4.144028923786709129e+01
1.962752195900984873e+02 4.219235205394374910e-01 4.159220566054476365e+01
1.960856179575902729e+02 4.188182060154378439e-01 4.177322331647591369e+01
1.960567607133351089e+02 3.982344068849258956e-01 4.116444858486381264e+01
1.962409280454263012e+02 4.061307781030964459e-01 4.136409812793895924e+01
1.965487312572087717e+02 4.087259338124389907e-01 4.200543430041700077e+01
1.965395483985449516e+02 4.273356401384083014e-01 4.223922012243811253e+01
1.967436562860438301e+02 4.380489752462070618e-01 4.230338922899476728e+01
1.969640670747937179e+02 4.527992192352053857e-01 4.172247360482654699e+01
1.960215375743057393e+02 4.257829828764084779e-01 4.057898589299973224e+01
1.952770827788128827e+02 4.020273267678112217e-01 3.987046402271315770e+01
1.947814745807825432e+02 3.912918108419838337e-01 3.996222606689734391e+01
1.948519208588412823e+02 3.898944193061840147e-01 4.025807381776240135e+01
1.951435764350989359e+02 3.874101676869842747e-01 4.028768520983054202e+01
1.955982388430485344e+02 4.191287374678377975e-01 4.090810487090763559e+01
1.960727530831337049e+02 4.262044184189512919e-01 4.162558779167775924e+01
1.961758495253305057e+02 4.140936917753526569e-01 4.201246561973205473e+01
1.964636456392511832e+02 4.100346020761245769e-01 4.212618667376452919e+01
1.962256232809866106e+02 4.136500754147812708e-01 4.251477242480702756e+01
1.958897169727619598e+02 3.844822997072132043e-01 4.243822642179043214e+01
1.956591917309910400e+02 3.790258184721852497e-01 4.230334486735871025e+01
1.959252506432437144e+02 3.739020495075858208e-01 4.231521160500399503e+01
1.961675317185697907e+02 3.911365451157838846e-01 4.332951823263241664e+01
1.961121462159524356e+02 3.894951645816697727e-01 4.340637476710141129e+01
1.961780454263153217e+02 3.906042054830982102e-01 4.345907639073728745e+01
1.963108419838523560e+02 4.087924762665247069e-01 4.407741105491970757e+01
1.966182459409102989e+02 4.063304054653535391e-01 4.419929464998669033e+01
1.961236580605092854e+02 3.925561174696122757e-01 4.373853251707922851e+01
1.949669505811374393e+02 3.646970100257297398e-01 4.295727974447697761e+01
1.942172167509537815e+02 3.552701623635879935e-01 4.215477774820335100e+01
1.940904755567385394e+02 3.436474137166178888e-01 4.210975068760535578e+01
1.945154378493478760e+02 3.514550616626740953e-01 4.248697985981723235e+01
1.949770650341584712e+02 3.663383905598438517e-01 4.340105137077455311e+01
1.955297001153402618e+02 3.712625321621861318e-01 4.374884659746251714e+01
1.962137565433413045e+02 3.758539614940998863e-01 4.482071244787507425e+01
1.962487578741904031e+02 3.790258184721852497e-01 4.485937361369887100e+01
1.959135835329607005e+02 3.947298376364120065e-01 4.506119687694081932e+01
1.956524709431283782e+02 3.684012066365007776e-01 4.425459142933191714e+01
1.955078741904001447e+02 3.633883417620442091e-01 4.412592050394818699e+01
1.954829207701179996e+02 3.733253482388430577e-01 4.408816875166355942e+01
1.956806184012066296e+02 3.732144441487001973e-01 4.443926892023777953e+01
1.955858841274066151e+02 3.657838701091296052e-01 4.454924141602342047e+01
1.955364874456570021e+02 3.524310176559311558e-01 4.518554254280898164e+01
1.958861236802413259e+02 3.774287995741282820e-01 4.525700913849702545e+01
1.965239774642888904e+02 3.847041078874988695e-01 4.562603140803832957e+01
1.958520539437494392e+02 3.759426847662141746e-01 4.456871617425250776e+01
1.948345310975068685e+02 3.465531008783603872e-01 4.390701801082423827e+01
1.939969612279300861e+02 3.412740661875610093e-01 4.325190755035045953e+01
1.941022092094756317e+02 3.381687516635613622e-01 4.275492414160234489e+01
1.944416866294028807e+02 3.430707124478750703e-01 4.325341584597639866e+01
1.951031408038328436e+02 3.544051104604737934e-01 4.417642622659924001e+01
1.953394774199272490e+02 3.636988732144441627e-01 4.439976488332889915e+01
1.961948141247449087e+02 4.035578032117824732e-01 4.499804808801348344e+01
1.964608286753615403e+02 4.078387010912962740e-01 4.546417797888386048e+01
1.965517478484606499e+02 4.030032827610682267e-01 4.507730015082956498e+01
1.960064546180463196e+02 3.896726111258983494e-01 4.408038328453553589e+01
1.959806361458610695e+02 3.945302102741549133e-01 4.426849880223582545e+01
1.959905287907018021e+02 3.983453109750687560e-01 4.400261733652737206e+01
1.958536509626474924e+02 3.966595688048974999e-01 4.354542631532250851e+01
1.959604072398190056e+02 3.983674917930973280e-01 4.423538284091917205e+01
1.961160722207434901e+02 3.911365451157838846e-01 4.420572708721497435e+01
1.963028347085440544e+02 3.902493123946411124e-01 4.414606068671812267e+01
1.967342516191997106e+02 3.978795137964687978e-01 4.443807115606423253e+01
1.960778324904622423e+02 3.857244255168130742e-01 4.410926270960872841e+01
1.955503726377428677e+02 3.690444503593292569e-01 4.332454972939402182e+01
1.944182193239286676e+02 3.416067784579895350e-01 4.182069026705704573e+01
1.944144707656818412e+02 3.504791056694170903e-01 4.170825570047023234e+01
1.948623680241327349e+02 3.470632596930174896e-01 4.168935764350989359e+01
1.953111525153047694e+02 3.843492147990417718e-01 4.216575725312749512e+01
1.957740661875610044e+02 4.024265814923254636e-01 4.312603140803832957e+01
1.963394108774731706e+02 4.038683346641824268e-01 4.347859551060243177e+01
1.964049995563836433e+02 4.008961050483541566e-01 4.373762310354005933e+01
1.960784313725490335e+02 3.972584508916688906e-01 4.345235560287463272e+01
1.956581714133617140e+02 3.902936740306982566e-01 4.320803389228994718e+01
1.954102342294383732e+02 3.786043829296424357e-01 4.258047200780764996e+01
1.953327344512465515e+02 3.796912430130423011e-01 4.230778103096442067e+01
1.952691420459586595e+02 3.855691597906130696e-01 4.234908171413361799e+01
1.954617380889007165e+02 3.836172478040990041e-01 4.286784668618578564e+01
1.959176426226599119e+02 3.816209741815277945e-01 4.312310354005855828e+01
1.959202821400053267e+02 3.945967527282406295e-01 4.343181616538017664e+01
1.960038151007009048e+02 4.091917309910389489e-01 4.329697897258451178e+01
1.955300771892467253e+02 3.977686097063259929e-01 4.293252595155709628e+01
1.948460651228817255e+02 3.814878892733564175e-01 4.232250909413539119e+01
1.942773045869931821e+02 3.608819093248158971e-01 4.129762221630733876e+01
1.942083887853784177e+02 3.736580605092715834e-01 4.124935675627717302e+01
1.946867624878005643e+02 3.946854760003549178e-01 4.184211693727264958e+01
1.951229704551503801e+02 4.009626475024398728e-01 4.236636057137787503e+01
1.955685609085263081e+02 4.202821400053233791e-01 4.290071865850412536e+01
1.954104338568006369e+02 4.129181084198385032e-01 4.317766835240883694e+01
1.954684145151273071e+02 4.004303078697542539e-01 4.340677402182592459e+01
1.956953908260136643e+02 3.965486647147546950e-01 4.407182148877650718e+01
1.954094135391713110e+02 4.069514683701535018e-01 4.388814213468192804e+01
1.954173320912075269e+02 4.146925738621240476e-01 4.332798775618844900e+01
1.952029766657794312e+02 4.099902404400674327e-01 4.300862833821311426e+01
1.954900851743412318e+02 4.159346996717239175e-01 4.299616271848105953e+01
1.955414559488953898e+02 4.164670393044095364e-01 4.337722917221186947e+01
1.957414382042409784e+02 4.177535267500665506e-01 4.326701268742791484e+01
1.958467970898766737e+02 4.273356401384083014e-01 4.334276018099547656e+01
1.957872637742879931e+02 4.177757075680951226e-01 4.328158548487267865e+01
1.948597950492414270e+02 3.933102652825836154e-01 4.217700292786798144e+01
1.942897923875432582e+02 4.000088723272114399e-01 4.173130157040191790e+01
1.940062328098660203e+02 3.881421346819270424e-01 4.120747937183923426e+01
1.938916910655665049e+02 3.891180906751841029e-01 4.148540502173720057e+01
1.941340386833466312e+02 4.065522136456392599e-01 4.215928045426315407e+01
1.943852142667021496e+02 3.928222872859550852e-01 4.231567740218259388e+01
1.951579274243634075e+02 4.242525064324372264e-01 4.357501552657262067e+01
1.958737467837813995e+02 4.197498003726377602e-01 4.412474492059266851e+01
1.958048975246207135e+02 4.291988288528080786e-01 4.402752639517345301e+01
1.954186185786531667e+02 4.148256587702954246e-01 4.409302635081181876e+01
1.952990196078431495e+02 4.113876319758672517e-01 4.388987223848815233e+01
1.951826368556472460e+02 4.018942418596397892e-01 4.335671191553544190e+01
1.951871839233430990e+02 3.860349569692130278e-01 4.346797089876674391e+01
1.952536598349747123e+02 3.802235826457279755e-01 4.349385591340608670e+01
1.952251353029899690e+02 3.770517256676426121e-01 4.351694614497382929e+01
1.952714488510336253e+02 3.719279567030431832e-01 4.371377872415934718e+01
1.954429731168485489e+02 3.698429598083577408e-01 4.412915890338035751e+01
1.949589876674651805e+02 3.590409014284446920e-01 4.323595954218791348e+01
1.937734007630201347e+02 3.435586904445036005e-01 4.231365894774199177e+01
1.929824327921213865e+02 3.315810487090763981e-01 4.168294738709963809e+01
1.928773622571200406e+02 3.358841274066187710e-01 4.122205216928400517e+01
1.934261378759648551e+02 3.488820867713601226e-01 4.137969124301304191e+01
1.939321710584686400e+02 3.727042853340430950e-01 4.155432082335196498e+01
1.945213601277615112e+02 4.028258362168396500e-01 4.249232543696211195e+01
1.951417132463845405e+02 4.120308756986957865e-01 4.318370153491260766e+01
1.955325836216839548e+02 4.232100079850945051e-01 4.362163960606866908e+01
1.951789548398544980e+02 4.252728240617513755e-01 4.314606068671812267e+01
1.951852763729926323e+02 4.112767278857244468e-01 4.295497293940200478e+01
1.950294783071599625e+02 4.064856711915535437e-01 4.265601987401295503e+01
1.947937849347883912e+02 4.057093425605536319e-01 4.227896814834531369e+01
1.949195501730103786e+02 4.043784934788394736e-01 4.255596220388608231e+01
1.950432082335196640e+02 4.152249134948096665e-01 4.282816520273267713e+01
1.949843181616537890e+02 4.170215597551237829e-01 4.308453109750687560e+01
1.956574616271848015e+02 4.249844734273799940e-01 4.280511933280099157e+01
1.955109573241061014e+02 4.243634105225800868e-01 4.285305208056072956e+01
1.948341540236003766e+02 3.982122260668973235e-01 4.205984384704107981e+01
1.938761201313104436e+02 3.825747493567562829e-01 4.094221896903557933e+01
1.932436119244077588e+02 3.693993434477863547e-01 4.018565344689912422e+01
1.935163694437050879e+02 3.801126785555851151e-01 4.021415579806583196e+01
1.942637521071777087e+02 4.023600390382397474e-01 4.092766835240883694e+01
1.949322376009227185e+02 4.290213823085795575e-01 4.085280809156241588e+01
1.953787374678378228e+02 4.451246561973205562e-01 4.094816342826723599e+01
1.955738621240351449e+02 4.187073019252949835e-01 4.076971874722740097e+01
1.951266524709431280e+02 4.081935941797533718e-01 4.122455860172123465e+01
1.947520628160766591e+02 4.083488599059533208e-01 4.116651140094046468e+01
1.951227264661520735e+02 4.038461538461538547e-01 4.031656463490373454e+01
1.952423919794161975e+02 3.910256410256410242e-01 4.067079229881998259e+01
1.954972939402005068e+02 4.193505456481235183e-01 4.056281607665690814e+01
1.956812616449294637e+02 4.487844911720344498e-01 4.096644042232277627e+01
1.957920991926182239e+02 4.466773134593203798e-01 4.090750598882086564e+01
1.958046978972584498e+02 4.174429952976665970e-01 4.138173187827167254e+01
1.953493700647679816e+02 4.232543696211516493e-01 4.135711117025996231e+01
1.947836039393132808e+02 4.014728063170969752e-01 4.091877384437938048e+01
1.938463978351521746e+02 3.785600212935852915e-01 3.963581314878892670e+01
1.932953819536864444e+02 3.465752816963889593e-01 3.884287108508561914e+01
1.935178555585129914e+02 3.687560997249578754e-01 3.859293762753970469e+01
1.941644042232277627e+02 3.782273090231567658e-01 3.952896814834531369e+01
1.944884659746251430e+02 4.124079496051814564e-01 4.020239996451068976e+01
1.955025507940732723e+02 4.187960251974092718e-01 4.090338035666755445e+01
1.956465043030787001e+02 4.223893177180374492e-01 4.126648034779522334e+01
1.954600967083665921e+02 4.385369532428355921e-01 4.128513441575725551e+01
1.952876852098305278e+02 4.277127140448939713e-01 4.148154555940023158e+01
1.952124700558956647e+02 4.293097329429509390e-01 4.143186052701623368e+01
1.950933590630822323e+02 4.416422677668352392e-01 4.112609795049241512e+01
1.950438071156064268e+02 4.336128116404933119e-01 4.133612811640493589e+01
1.951238576878715207e+02 4.331470144618933538e-01 4.140535444947209953e+01
1.951242791234140839e+02 4.167110283027238293e-01 4.151778901605891292e+01
1.954358530742613880e+02 4.271581935941797803e-01 4.185025729748912937e+01
1.955867491793097201e+02 4.401783337769497040e-01 4.197908348859905914e+01
1.954906396947919518e+02 4.330804720078076375e-01 4.177548575991482238e+01
1.948862124035134400e+02 4.025596664004968406e-01 4.108827965575370200e+01
1.942317895483985524e+02 4.082601366338390325e-01 4.040646349037352536e+01
1.937459630911187958e+02 3.977686097063259929e-01 3.951366338390560173e+01
1.937227175938248536e+02 4.054875343802679666e-01 3.961134770650341608e+01
1.943244166444858365e+02 4.108996539792387770e-01 4.062960251974092785e+01
1.948025241770916409e+02 4.095688048975246187e-01 4.144634460118889052e+01
1.953814213468192804e+02 4.233430928932658821e-01 4.161516280720432803e+01
1.954238754325259606e+02 4.224336793540945934e-01 4.186356578830627484e+01
1.953621240351344284e+02 4.307958477508650463e-01 4.200665424540856918e+01
1.952999955638364042e+02 4.225224026262088817e-01 4.227910123325348479e+01
1.951794206370331040e+02 4.242968680684943705e-01 4.217021559755124116e+01
1.954036021648478254e+02 4.443483275663206444e-01 4.191974980037263521e+01
1.954134726288705508e+02 4.366959453464643870e-01 4.221888031230592020e+01
1.952094534646437864e+02 4.306184012066365252e-01 4.239960961760269953e+01
1.950740395705793730e+02 4.164892201224381085e-01 4.263443793807115867e+01
1.954808357732233048e+02 4.246961227930086125e-01 4.297784136278946221e+01
1.958601055806938120e+02 4.182415047466950808e-01 4.300388164315499751e+01
1.951320867713601217e+02 4.081714133617247997e-01 4.266990506609883482e+01
1.942797444769763047e+02 4.093248158992103813e-01 4.155753704196610698e+01
1.936439978706414706e+02 3.808890071865850269e-01 4.076565965752816822e+01
1.937612456747404792e+02 3.818206015437849432e-01 4.089468547600035464e+01
1.938696433324460884e+02 3.992325436962115282e-01 4.069936119244077588e+01
1.947987312572087717e+02 4.280454263153224970e-01 4.179471652914559598e+01
1.952268654067962075e+02 4.157572531274953409e-01 4.280032827610682489e+01
1.955342915446721577e+02 4.321488776506077767e-01 4.303879425073196785e+01
1.957296158282317435e+02 4.350323839943217030e-01 4.345428533404312077e+01
1.954081270517256712e+02 4.301304232100079949e-01 4.354296424452133607e+01
1.950366205305651590e+02 4.483186939934344917e-01 4.349012953597728881e+01
1.952360039038239847e+02 4.348549374500931819e-01 4.364739153579984077e+01
1.950892777925649852e+02 4.289992014905509854e-01 4.298620353118622717e+01
1.950010646792653688e+02 4.334131842782361632e-01 4.327586283382131427e+01
1.951510513707745531e+02 4.298864342116937021e-01 4.366622305030609397e+01
1.953333333333333428e+02 4.327255789193505398e-01 4.351275397036642545e+01
1.955288572442551640e+02 4.441265193860349791e-01 4.374505367757962659e+01
1.955827122704285443e+02 4.620929819891757551e-01 4.344752018454440901e+01
1.955430086061574002e+02 4.467216750953775239e-01 4.289069292875521455e+01
1.946412252683878990e+02 4.272025552302368689e-01 4.189998669150918431e+01
1.939087702954485053e+02 4.173099103894951645e-01 4.124551947475823255e+01
1.937385103362612142e+02 4.213690000887232445e-01 4.121462159524443081e+01
1.939158903380356662e+02 4.152692751308668107e-01 4.149764883328897014e+01
1.945163694437050879e+02 4.086593913583532744e-01 4.160362878182947100e+01
1.949350989264484042e+02 4.238310708898944124e-01 4.252193682903025262e+01
1.955393487711826879e+02 4.563259693017478469e-01 4.336225712004258526e+01
1.957672566764262285e+02 4.596309111880045872e-01 4.327721586372105378e+01
1.955066542454085834e+02 4.515570934256055158e-01 4.327060597994854163e+01
1.952748868778280666e+02 4.639783515216041043e-01 4.265646349037352536e+01
1.952922322775264092e+02 4.630467571644042435e-01 4.219909502262443368e+01
1.955282583621684012e+02 4.474536420903202916e-01 4.198296513175405664e+01
1.952908570668086270e+02 4.443705083843492165e-01 4.212973560464909895e+01
1.956147857332978504e+02 4.665956880489752212e-01 4.211877828054298334e+01
1.957222739774642832e+02 4.696122793008606355e-01 4.205172566764262143e+01
1.960006876053588769e+02 4.732942950936030457e-01 4.241839677047289570e+01
1.962009360305208077e+02 4.528435808712625299e-01 4.223198917576080191e+01
1.957379336349924586e+02 4.522003371484340506e-01 4.123693549818117532e+01
1.947454085706680758e+02 4.461227930086061333e-01 4.103107532605802277e+01
1.944868689557270898e+02 4.382264217904356385e-01 4.037758406530032573e+01
1.945241105491970472e+02 4.194614497382663232e-01 4.061502972229615693e+01
1.948789149143820509e+02 4.289104782184366971e-01 4.082122260668973723e+01
1.955632153313814285e+02 4.504258717061485062e-01 4.151448407417265685e+01
1.961113033448673661e+02 4.557049063969479397e-01 4.186593913583532611e+01
1.961992281075326048e+02 4.604516014550616432e-01 4.190553189601632766e+01
1.961527149321266847e+02 4.643110637920326300e-01 4.217775707568095100e+01
1.962482033537396831e+02 4.763330671635169766e-01 4.219610061219057684e+01
1.961458166977198232e+02 4.834752905687161872e-01 4.174285777659480345e+01
1.960552302368911342e+02 4.821000798509448848e-01 4.154966285156596228e+01
1.958396326856534415e+02 4.937671901339721336e-01 4.142396415579806757e+01
1.956237467837813995e+02 5.062106290479992943e-01 4.192542808978794966e+01
1.958754990684056452e+02 4.642888829740040579e-01 4.240517700292787140e+01
1.958372593381243973e+02 4.521781563304054785e-01 4.298139029367403197e+01
1.958425161919971629e+02 4.718303611037175105e-01 4.329185520361991024e+01
1.957282849791500325e+02 4.473870996362345753e-01 4.316952799219235004e+01
1.953457324106113049e+02 4.368955727087214802e-01 4.217352053943749723e+01
1.942635524798154449e+02 4.190178333776949926e-01 4.148540502173720057e+01
1.938015260402803790e+02 4.345444059976931728e-01 4.053129713423830793e+01
1.938463978351521746e+02 4.343225978174075075e-01 4.090819359417975676e+01
1.944393798243279150e+02 4.401561529589211319e-01 4.120583799130511693e+01
1.948469745364209018e+02 4.587658592848904426e-01 4.195807825392600421e+01
1.955055452045071434e+02 4.584331470144619169e-01 4.233785822021116019e+01
1.958018587525507996e+02 4.611170259959187501e-01 4.322784136278946221e+01
1.957423032561440834e+02 4.815455594002306938e-01 4.323615916955017013e+01
1.955566941708810305e+02 4.880889007186585138e-01 4.292391979416201053e+01
1.953882974004081348e+02 4.905953331558867703e-01 4.281368112856002028e+01
1.951448851033626113e+02 4.824327921213734105e-01 4.294017833377694870e+01
1.953697098749001952e+02 4.784402448762310467e-01 4.298221098394108708e+01
1.952064812350279510e+02 4.776639162452311349e-01 4.326226599236979808e+01
1.952792121373436203e+02 4.626031408038328574e-01 4.332512643066276325e+01
1.959431062017567342e+02 4.753349303522313996e-01 4.371597462514417742e+01
1.958020140182769921e+02 4.757341850767456415e-01 4.383080472007807771e+01
1.958014373170082649e+02 4.530653890515481952e-01 4.395169017833377723e+01
1.952264883328897156e+02 4.555718214887765072e-01 4.301430662762842871e+01
1.942128249489841210e+02 4.368955727087214802e-01 4.146561973205572116e+01
1.939057980658326699e+02 4.281341495874367853e-01 4.077198119066630966e+01
1.945290790524354634e+02 4.252506432437228034e-01 4.111341052258007522e+01
1.950068982344068900e+02 4.682592494011179052e-01 4.184877118268121876e+01
1.953935986159169431e+02 4.760003548930884509e-01 4.209661964333244555e+01
1.959748247715375840e+02 4.939668174962292824e-01 4.296703930440954622e+01
1.962244698784491277e+02 5.098039215686274161e-01 4.322737556561085626e+01
1.959961405376630239e+02 4.960074527548575807e-01 4.332472717593824996e+01
1.959745364209032061e+02 4.877783692662585602e-01 4.337694082157749875e+01
1.952908792476266626e+02 5.029500487977996981e-01 4.315380179221009627e+01
1.951952577411054790e+02 5.233120397480258701e-01 4.330443172744210756e+01
1.954543075148611422e+02 5.360881909324816119e-01 4.306947032206547732e+01
1.957924319048886446e+02 5.541877384437937648e-01 4.340803832845355004e+01
1.960503948185609033e+02 5.578253926004791419e-01 4.372287285955106029e+01
1.961984961405376566e+02 5.728861680418774194e-01 4.412665247094312804e+01
1.962192130245763337e+02 5.668973471741637349e-01 4.412663029012509952e+01
1.959017833377695013e+02 5.631709697453641805e-01 4.353755212492236382e+01
1.949876009227220379e+02 5.542099192618223924e-01 4.246240351344157915e+01
1.943260802058379966e+02 5.465797178599947070e-01 4.177224736048265186e+01
1.939594978262798293e+02 5.584464555052790491e-01 4.141597906130778028e+01
1.942317451867624811e+02 5.548753438026794438e-01 4.208601721231479331e+01
1.946975201845444019e+02 5.587791677757075748e-01 4.258308934433502202e+01
1.951636722562328146e+02 5.931150740839322699e-01 4.356991393842604765e+01
1.959058646082867483e+02 5.940910300771892194e-01 4.401825481323751177e+01
1.961475689823440689e+02 6.147635524798154005e-01 4.403917132463845263e+01
1.957252683878981543e+02 6.081758495253305474e-01 4.406864963179842221e+01
1.958708410966196425e+02 6.054476089078165701e-01 4.383923343092893532e+01
1.956638275219590071e+02 6.530032827610682267e-01 4.339457457191021206e+01
1.955115118445568214e+02 6.149409990240439772e-01 4.292919882885280458e+01
1.955350456924851414e+02 6.260535888563569795e-01 4.326075769674385896e+01
1.957122926093514366e+02 6.499423298731257237e-01 4.361689291101055943e+01
1.957452533049418832e+02 6.766258539614941059e-01 4.367391979416201053e+01
1.961372327211427660e+02 6.397391535799840101e-01 4.424997781918197148e+01
1.963459098571555330e+02 6.416688847484695035e-01 4.401029189956525300e+01
1.955039260047910545e+02 6.476798864342117046e-01 4.323418507674563216e+01
1.938398323130157053e+02 6.258539614940998863e-01 4.235456037618667580e+01
1.934493833732587973e+02 6.043163871883595606e-01 4.208601721231479331e+01
1.938723493922455816e+02 5.930485316298464982e-01 4.154478307159968153e+01
1.942955150385946297e+02 5.981057581403602663e-01 4.202655043918019828e+01
1.951719457013574583e+02 6.295581581048709241e-01 4.275135302989973951e+01
