1.801029718603733158e+02 2.467828342638019645e+00 1.127840748886257196e-04
1.795827835109682553e+02 1.626656516099926675e+00 8.458805616646929983e-05
1.843387751649466963e+02 6.629109569728754536e+00 3.778266508768962032e-03
1.780816274742006442e+02 3.120594372074663170e+00 4.229402808323464856e-04
1.773529295663452388e+02 2.772937461230474465e+00 3.468110302825240954e-03
1.766094287486606902e+02 3.069587774206282038e+00 1.765070772006992542e-02
1.786819771048328107e+02 5.146168161055658885e+00 4.070095302543280669e-01
1.762313483336153013e+02 4.047453899509389608e+00 4.820673320927085226e-01
1.751022951559239971e+02 3.816556702193650175e+00 7.822421474087858373e-01
1.741163931652850749e+02 3.871087802402300770e+00 1.137314611176901913e+00
1.740310156205943599e+02 4.444792195342017749e+00 1.764647831726160243e+00
1.735982067332092811e+02 4.496560085715897159e+00 2.188631365251226590e+00
1.729831387808041541e+02 4.628968589635143793e+00 2.583432019398860913e+00
1.726194101392883340e+02 4.619861275587886951e+00 3.339198105227541902e+00
1.727195342017706992e+02 4.668048271584051889e+00 4.195454801781988152e+00
1.729734957424011839e+02 4.607342243275249771e+00 4.820137596571363758e+00
1.726637624767382704e+02 4.631619015395026295e+00 5.842045903118479266e+00
1.726743359837591072e+02 4.555630744938814480e+00 6.787261038741330132e+00
1.727848925731686620e+02 4.567755032989341935e+00 7.864715502171093497e+00
1.724313708904302587e+02 4.527688490385157749e+00 9.013223932780691783e+00
1.725982067332092811e+02 4.726893362657192732e+00 1.070616928889640818e+01
1.724283539164269996e+02 4.654626966672306132e+00 1.200919190210342258e+01
1.725485535442395530e+02 4.778463880900017280e+00 1.318014436361585773e+01
1.737303332769413089e+02 5.557181525968533542e+00 1.194795014943889910e+01
1.750555743529013739e+02 6.530846444482039104e+00 1.081021259798116496e+01
1.762242993289347623e+02 7.308887385101223266e+00 1.002833699881576734e+01
1.775600575198781996e+02 8.291180285343710210e+00 9.654232222410195519e+00
1.784289742288388823e+02 8.896351435177352940e+00 8.932301359048102185e+00
1.792672982574860328e+02 9.449162578243951671e+00 8.107511419387583018e+00
1.797685106862911084e+02 9.992669035132239586e+00 7.390937799582698808e+00
1.804155529239271516e+02 1.047998082670726916e+01 6.795635256301809868e+00
1.806196075114193889e+02 1.053834658546213277e+01 5.934246884339930972e+00
1.813875260813173043e+02 1.061470140416173180e+01 5.720267298257486033e+00
1.817149946427564373e+02 1.063655331867140319e+01 5.166130942310945606e+00
1.822777589804319689e+02 1.062285005357243506e+01 4.759657136412339007e+00
1.822147126825692283e+02 1.047436981898155928e+01 4.281086110641177278e+00
1.824509671234421830e+02 1.018265380928212949e+01 3.867168555799921137e+00
1.826434049512209015e+02 1.004610049061072630e+01 3.356313088591890814e+00
1.827637173631083272e+02 9.897028139626684151e+00 3.044380533468674432e+00
1.830184120002255668e+02 9.878390571251339125e+00 2.912648733998759454e+00
1.832648170078385021e+02 1.001880674448767827e+01 2.717532284441436907e+00
1.836560367676084127e+02 9.978881181977104831e+00 2.427987368183612382e+00
1.839113799131562530e+02 9.887920825579428197e+00 2.156459707889246236e+00
1.838531833305137297e+02 9.591298708622343128e+00 1.932470535160435432e+00
1.839308351660745586e+02 9.470986296734901444e+00 1.734478091693452795e+00
1.839934303276377250e+02 9.310128009924998338e+00 1.579766536964980483e+00
1.838967179834207286e+02 9.109513336716855036e+00 1.428071956239779006e+00
1.839643602323351956e+02 8.967743754581853466e+00 1.234929227993007306e+00
1.841687531720521065e+02 9.044888061805673729e+00 1.149382507189984803e+00
1.840126318163875396e+02 8.819799244346699041e+00 1.040376698810127953e+00
1.836068629109569770e+02 8.694355157051823824e+00 8.180228951672023907e-01
1.836592793097614731e+02 8.530592680313539233e+00 7.881633113404387103e-01
1.836813567924208996e+02 8.591383296678509751e+00 6.909434387864433758e-01
1.836207353521682819e+02 8.309366717419500503e+00 6.348897535667963332e-01
1.835533750634410524e+02 8.326650876896183107e+00 5.229515592398353840e-01
1.835025658377037132e+02 8.058873287091863347e+00 4.810804714374330437e-01
1.831969209947555441e+02 8.097558224778660829e+00 4.506287712175041094e-01
1.835451136299554378e+02 8.045085433936728592e+00 3.884001578977048230e-01
1.842688490385157536e+02 8.008148649410703257e+00 3.497716122483505163e-01
1.849507979473298462e+02 7.839198105227541902e+00 2.658320645124908621e-01
1.852986522303050947e+02 7.837506344104212097e+00 3.062369593413409863e-01
1.847765465516269217e+02 7.715671347205774744e+00 2.281621834996898357e-01
1.842711047200135397e+02 7.422038008233237782e+00 1.796086392601364823e-01
1.820410252072407502e+02 6.863982405684317278e+00 3.690858850730276974e-01
1.792541307167427931e+02 6.227767439237579694e+00 4.995488637004454890e-01
1.780143517735295688e+02 5.756048046015902919e+00 8.183612473918682184e-01
1.767899396605199343e+02 5.505216263463599269e+00 1.145970788924603800e+00
1.758251000958664747e+02 5.425449726498618119e+00 1.501776349179495762e+00
1.751044380533468541e+02 5.368042632380308099e+00 1.886652004736931065e+00
1.746693452884452711e+02 5.375881125585067366e+00 2.466221169570856464e+00
1.738646873061523763e+02 5.282072971296453368e+00 2.995911577285287120e+00
1.731898437940562872e+02 5.189477245812891049e+00 3.557463486155755028e+00
1.729627248632493206e+02 5.056786781706422929e+00 4.108808436248801321e+00
1.737982292900242385e+02 5.733716799187954294e+00 4.059662775616082797e+00
1.748530987424575756e+02 6.255427733604014939e+00 3.784385044831669820e+00
1.757124288050527241e+02 6.640754525461004754e+00 3.767580217673264453e+00
1.771855016071730802e+02 7.252354367563300208e+00 3.621975976992048540e+00
1.784160040602266974e+02 7.747194496137145059e+00 3.439209383635030814e+00
1.794460046241470650e+02 8.017791687813680568e+00 3.224101956803699487e+00
1.798602041391755506e+02 8.145914396887159015e+00 2.985112502114701361e+00
1.805539953758529350e+02 8.359950375007048962e+00 2.789798680426323951e+00
1.806763660971070919e+02 8.604776405571533004e+00 2.622032369029493104e+00
1.811412902498167341e+02 8.786894490497941135e+00 2.494078836068347016e+00
1.812309817853719096e+02 8.708678734562679935e+00 2.308295268708058234e+00
1.815202447414424967e+02 8.805250098686064675e+00 2.096007443748942656e+00
1.819292561890261197e+02 8.852929566345231649e+00 1.916990920881971538e+00
1.821330852083685841e+02 9.006456888287374341e+00 1.856228500535724413e+00
1.820458467264422211e+02 8.870975018327412087e+00 1.700191732927310628e+00
1.821344386172672500e+02 8.872610387413297772e+00 1.450572379180059768e+00
1.822634354029211181e+02 8.688349405064004216e+00 1.358484182033496968e+00
1.827104832797608935e+02 8.530761856425872480e+00 1.150087407658038741e+00
1.824333446117408357e+02 8.311566006879829160e+00 1.076552190830654787e+00
1.821610556589409669e+02 8.339226301246263517e+00 8.909659956014210902e-01
1.808764450459595139e+02 7.576749562961709650e+00 1.133197992443466973e+00
1.792825241075960037e+02 7.029041899283821060e+00 1.465093328821970298e+00
1.777090452828060734e+02 6.803191789319348537e+00 1.818445835448034842e+00
1.763690294930355833e+02 6.331528788135114993e+00 2.138019511644955628e+00
1.752987086223425308e+02 6.260418428917836842e+00 2.579738340946258202e+00
1.743781650031015715e+02 6.115039756386398295e+00 3.200389105058365935e+00
1.733610500197372062e+02 6.068939265775672887e+00 3.517932667907291311e+00
1.731615631872779488e+02 5.721902667343370830e+00 4.129081373710032032e+00
1.729921615067952416e+02 5.531100208650538974e+00 4.925224158348840753e+00
1.729394631478035365e+02 5.255230361472960077e+00 5.500451136299554733e+00
1.728051937066486232e+02 5.177296565724919475e+00 6.594964191056222447e+00
1.725375289009191988e+02 4.981813567924208819e+00 7.157051824282411268e+00
1.723086336209327385e+02 4.866661027462922284e+00 8.016635651046073008e+00
1.717861050019737092e+02 4.604494445384311518e+00 9.298652230305080479e+00
1.718804770766367653e+02 4.463401567698641159e+00 1.048282862459820741e+01
1.719214740878587975e+02 4.434275080358653476e+00 1.188896407827214752e+01
1.712523543675632993e+02 4.381379349235888121e+00 1.315832064512490795e+01
1.711106129814470194e+02 4.233322054925844569e+00 1.390602266959905187e+01
1.705242203800823404e+02 3.994276208199402323e+00 1.511430665989962208e+01
1.705734224327524942e+02 4.103479388710313813e+00 1.644363615857441019e+01
1.717607285851237862e+02 4.797665369649805278e+00 1.527338859753002964e+01
1.732833417921389412e+02 5.505780183838042241e+00 1.385239384198951029e+01
1.745116449557322369e+02 6.317543562848925376e+00 1.239074042745164306e+01
1.758879208255794140e+02 7.076383014718321540e+00 1.072917724017368712e+01
1.767327299385326853e+02 7.540122934641628305e+00 9.819630068234365794e+00
1.773133141600405907e+02 8.045987706535836281e+00 9.046410646816669399e+00
1.779185698979304107e+02 8.496193537472509050e+00 8.203011334799526821e+00
1.789359950375007031e+02 8.869452433316416418e+00 7.335053290475384458e+00
1.794300738735690572e+02 9.278943213218292740e+00 6.734478091693453017e+00
1.796960751141938886e+02 9.430214853662663543e+00 5.919669542660576766e+00
1.796266847121186458e+02 9.381238369142277378e+00 5.611035921727851594e+00
1.799933457395815708e+02 9.319207127953532677e+00 5.128009924998590208e+00
1.801261489877629174e+02 9.057548074211920763e+00 4.616308577228894983e+00
1.804330344555348802e+02 8.912761518073647693e+00 4.160717306716291475e+00
1.804926408391135055e+02 8.726188462189139017e+00 3.566598996221733486e+00
1.805338352224665925e+02 8.560536852196470647e+00 3.312242711329160372e+00
1.807088197146563004e+02 8.335842778999605684e+00 2.961709806575311354e+00
1.807662550047933223e+02 7.989511081035358231e+00 2.580161281227090875e+00
1.811368070828399084e+02 8.012406248237748940e+00 2.461597022500423115e+00
1.814263519990977329e+02 7.810212597981164961e+00 2.183048553544239656e+00
1.814141713190097676e+02 7.708143010206958579e+00 1.973495742401172981e+00
1.815610443805334739e+02 7.570743810973890930e+00 1.770371623526757920e+00
1.820555743529013739e+02 7.379433823944059334e+00 1.583685783567360339e+00
1.818354480347374817e+02 7.115942028985506873e+00 1.359160886482828623e+00
1.818938701855298063e+02 7.139288332487453204e+00 1.263801951164495563e+00
1.817928156544296030e+02 7.009671234421699815e+00 1.116477753341228230e+00
1.816416567980601258e+02 6.940675576608582809e+00 9.348953927705407896e-01
1.815557999210511468e+02 6.792674674335983376e+00 7.932667907291490739e-01
1.817134720577454345e+02 6.727626459143968951e+00 6.663283144420008020e-01
1.816635651046072155e+02 6.681751536683020021e+00 6.426436587153894209e-01
1.814093216037895502e+02 6.627784356848812841e+00 6.167315175097276558e-01
1.814595105171149783e+02 6.632295719844358395e+00 5.929904697456719331e-01
1.814816443918118694e+02 6.441493261151525651e+00 5.210624259854508278e-01
1.814570292674674477e+02 6.484294817571758962e+00 4.203744431286302596e-01
1.814708735126600061e+02 6.493937855974736273e+00 4.713246489595668831e-01
1.817512265268144063e+02 6.338013872441210950e+00 3.301189871990075075e-01
1.816208481362431542e+02 6.397563863982405508e+00 3.026842609823492958e-01
1.819305250098686031e+02 6.502594033722438382e+00 2.708227598263125424e-01
1.820863080133085248e+02 6.374471324648959936e+00 2.498731179157502869e-01
1.821973439350363719e+02 6.392798736818360972e+00 2.368183612473918620e-01
1.823485027914058492e+02 6.396097671008853958e+00 1.781988383240286355e-01
1.823298370270117914e+02 6.364095189759206406e+00 2.156149551683302357e-01
1.823640951897592117e+02 6.401793266790729575e+00 1.576439406755766048e-01
1.823399875937517720e+02 6.308943777138668274e+00 1.349179495855185318e-01
1.823905148593018737e+02 6.381379349235888121e+00 9.778379292843850101e-02
1.824305250098686031e+02 6.389189646421924884e+00 7.655219083065471775e-02
1.822814244628658571e+02 6.270738171770146252e+00 5.774544634297636841e-02
1.823286809902441803e+02 6.316415722100039432e+00 4.782044775277730780e-02
1.823588507302768846e+02 6.310861106411774557e+00 5.151412620537980380e-02
1.822928156544296030e+02 6.211272768285118318e+00 3.885411379913156216e-02
1.822210003947442658e+02 6.198753735972480250e+00 3.781086110641177639e-02
1.821471550217109439e+02 6.221874471324649214e+00 2.687080584221508001e-02
1.820242203800823404e+02 6.150538543957592807e+00 2.551739694355157143e-02
1.819982518468392243e+02 6.072548356172108086e+00 1.717137540179326793e-02
1.820830372751367463e+02 6.080697005582811343e+00 1.435177352957762303e-02
1.820605650482151816e+02 6.114785992217898425e+00 7.894885242203801209e-03
1.820791462245530852e+02 6.153104381661309574e+00 1.215248406924942202e-02
1.822444876783398229e+02 6.200276320983476808e+00 8.994529972367900847e-03
1.824099419162014328e+02 6.314498392826933149e+00 4.680539107877967897e-03
1.822531156600688007e+02 6.121158292449106142e+00 3.552698358991710458e-03
1.821814413804770822e+02 6.091016748435120753e+00 3.721874471324649030e-03
1.819307787740370941e+02 6.013111148705802655e+00 2.424857610105453018e-03
1.821086392601364707e+02 6.069334010037782612e+00 2.932385947104268736e-03
1.820428015564202440e+02 6.121242880505272765e+00 2.001917329273106803e-03
1.819834771330288277e+02 6.153132577680031190e+00 2.791405853493486664e-03
1.821509050922009862e+02 6.178198838324028941e+00 3.355326227936615384e-03
1.819868324592567603e+02 6.029803191789319783e+00 1.184232786330570225e-03
1.820920600011278339e+02 6.030508092257373498e+00 1.776349179495855229e-03
1.824504313990864546e+02 6.080950769751311213e+00 9.586646365533186501e-04
1.821365251226526709e+02 6.001804545198218044e+00 1.353408898663508797e-03
1.820086279817289778e+02 5.985479050358089026e+00 1.297016861219195795e-03
1.819456098798849553e+02 5.894293125810635914e+00 1.860937235662324515e-03
1.819243500817684662e+02 5.904246320419556326e+00 1.635369085885072940e-03
1.818700727457282937e+02 5.837252579935713115e+00 2.537641684994079022e-03
1.820219928946032724e+02 5.981644391811876460e+00 3.270738171770145881e-03
1.820300569559578321e+02 5.982546664410985038e+00 2.706817797327017595e-03
1.821848812947611691e+02 5.972480685727175498e+00 2.650425759882704593e-03
1.820815992781819261e+02 5.977978909377996253e+00 2.255681497772514445e-03
1.821171544577905479e+02 5.959200360909039595e+00 3.327130209214458883e-03
1.820609315964585733e+02 5.904923024868888426e+00 1.635369085885072940e-03
1.808708622342525132e+02 5.348220831218632121e+00 1.500028196018722212e-02
1.797003609090396310e+02 4.954604409857328307e+00 1.190435910449444551e-01
1.783243951953984094e+02 4.784103084644447890e+00 2.736423616985281804e-01
1.770370495686009065e+02 4.587971578413127638e+00 5.117577398071392336e-01
1.758033891614504114e+02 4.438476287148255039e+00 8.407206902385383485e-01
1.745893531833305019e+02 4.367591496080753366e+00 1.188546777195059967e+00
1.740076693170924216e+02 4.161168443015846208e+00 1.534850279140585361e+00
1.729741160548130665e+02 4.044775277730784602e+00 1.925449726498618341e+00
1.721722494783736579e+02 4.109456944679410917e+00 2.377121750408842438e+00
1.717977781537246926e+02 4.135792026165905355e+00 2.742795917216489077e+00
1.727923081260925926e+02 4.309253933344611376e+00 2.777561608300907814e+00
1.741225962894039299e+02 4.668753172052106493e+00 2.713951390063722879e+00
1.754377149946427608e+02 5.189533637850335168e+00 2.600772570912987192e+00
1.766480572943100356e+02 5.548102407939999203e+00 2.455055546156882595e+00
1.776336773247617487e+02 5.850758472903626384e+00 2.327158405233181071e+00
1.780439293971691086e+02 6.065132803248181048e+00 2.269187390740427634e+00
1.784242372976935656e+02 6.071448711441944646e+00 2.002904189928381928e+00
1.789267185473411246e+02 6.133169796424744469e+00 1.884283539164270049e+00
1.794177240173687551e+02 6.259206000112784274e+00 1.724214740878587948e+00
1.799116900693622085e+02 6.373625444087294589e+00 1.613799131562623446e+00
1.803405797101449366e+02 6.506174928100151966e+00 1.526476061580104959e+00
1.809087858794338217e+02 6.621975976992048984e+00 1.404161732363390369e+00
1.810336942423729738e+02 6.575762702306434448e+00 1.283680144363615883e+00
1.812661986127558862e+02 6.604268877234534152e+00 1.085490328765578383e+00
1.811254722833135986e+02 6.506090340043986231e+00 1.072858512378052298e+00
1.814150171995714231e+02 6.571279535329611399e+00 8.499971803981277718e-01
1.812923363221113107e+02 6.469463711723904886e+00 7.489990413353634358e-01
1.813405797101449366e+02 6.510629899058253400e+00 7.333784469632887992e-01
1.814826030564484256e+02 6.436897310099813474e+00 5.927649015958946777e-01
1.815124062482377383e+02 6.581965826425308919e+00 5.773980713923193564e-01
1.818867929848305494e+02 6.423222241019567846e+00 5.186375683753453592e-01
1.815942874866069019e+02 6.424688433993120285e+00 4.860147747138103824e-01
1.817434726216658305e+02 6.391247955788642798e+00 4.452715276602943750e-01
1.819496701065809532e+02 6.255117577398070949e+00 3.672249478373653675e-01
1.819570574634861657e+02 6.293830711103591824e+00 3.400721818079286973e-01
1.818188687757288733e+02 6.135763830147182851e+00 3.075621722212823483e-01
1.820732250606214393e+02 6.164551965262504929e+00 2.703434275080358606e-01
1.823541983871877221e+02 6.112022782383127684e+00 2.455309310325382022e-01
1.823865110246433119e+02 5.976343540292110568e+00 2.339987593751762240e-01
1.821908024586928434e+02 6.031523148931371203e+00 1.840636102182371947e-01
1.821657080020301009e+02 5.928635876614221978e+00 1.708678734562679713e-01
1.821980206394856907e+02 5.947780973326565856e+00 1.384142559070659084e-01
1.821220887610669479e+02 5.970112220154514482e+00 1.013928833248745331e-01
1.821943269610331129e+02 6.067867817064230174e+00 7.204082783510967758e-02
1.820574916821744864e+02 5.926887723453448054e+00 5.300851519765409359e-02
1.821093159645857895e+02 5.950459595105170862e+00 4.869452433316415890e-02
1.821322675238256465e+02 5.968251282918851430e+00 4.734111543450064685e-02
1.823551570518242784e+02 5.989962217334912076e+00 4.779225173405515087e-02
1.820799921051147692e+02 5.751170134776969256e+00 4.206845993345739720e-02
1.821945807252016039e+02 5.724468505047087596e+00 4.102520724073760450e-02
1.821393729205436216e+02 5.693283708340381999e+00 2.560198499971803876e-02
1.820172559634579557e+02 5.655021710934415857e+00 2.737833417921389442e-02
1.821059042463204207e+02 5.536147296001804108e+00 2.582755314949529077e-02
1.822287824959115881e+02 5.583742175604804459e+00 1.739694355157051994e-02
1.822398353352506604e+02 5.539079681948908984e+00 1.928607680595499987e-02
1.822958044324141440e+02 5.598939829696046644e+00 1.866576439406755772e-02
1.823562848925731714e+02 5.671178029662211628e+00 1.725596345795973527e-02
1.824731009981390741e+02 5.581768454294254056e+00 1.542322224101956747e-02
1.823855523600067556e+02 5.501607173067163181e+00 1.635369085885073070e-02
1.821267411041560820e+02 5.461738002594033858e+00 1.767890373879208235e-02
1.820072463768115938e+02 5.340466926070038589e+00 1.773529577623639622e-02
1.819135510065978565e+02 5.335250662606440208e+00 1.547961427846388134e-02
1.817827214797270585e+02 5.146647493373935234e+00 1.547961427846388134e-02
1.817634354029211181e+02 5.111938194326961060e+00 1.398522528618958982e-02
1.819508543393672824e+02 5.207212541589127497e+00 1.026335081486494036e-02
1.820466080189477225e+02 5.192071279535329431e+00 1.181413184458354401e-02
1.818805052726555118e+02 5.160519934585236612e+00 1.057350702080866144e-02
1.819357130773134941e+02 5.208086618169514459e+00 1.330852083685783553e-02
1.821785935825861316e+02 5.231489313708904021e+00 1.406981334235605889e-02
1.821227090734788305e+02 5.279760897761236471e+00 1.364687306152371354e-02
1.821858399593977254e+02 5.273755145773416864e+00 1.189871990075001482e-02
1.822735013816049161e+02 5.267805785823041376e+00 1.344950093046861847e-02
1.823059831951728427e+02 5.321547397507472077e+00 1.297016861219195925e-02
1.822402864715502062e+02 5.336350307336603649e+00 1.378785315513449475e-02
1.819778097332656728e+02 5.077680031579540731e+00 1.302656064963627139e-02
1.817812552867535203e+02 4.950938927423448099e+00 1.164495573225060587e-02
1.815712795353296087e+02 4.943495178480798558e+00 1.178593582586138881e-02
1.815389668978740190e+02 4.897084531664129159e+00 1.322393278069136646e-02
1.815424068121581342e+02 4.942705689956578219e+00 1.460553769807703198e-02
1.816675971352844954e+02 4.990075001409801203e+00 1.356228500535724274e-02
1.816784807985112593e+02 5.014013421304912121e+00 1.195511193819432695e-02
1.821109795296904110e+02 4.981644391811876460e+00 1.308295268708058352e-02
1.819522923363221025e+02 4.995967969322731683e+00 1.429538149213331090e-02
1.818520272937461186e+02 5.021823718490948885e+00 1.175773980713923188e-02
1.819905825297468027e+02 5.005582811706987378e+00 1.108103535780747759e-02
1.821084982800428520e+02 5.055348784751592994e+00 1.105283933908532065e-02
1.819777251452094902e+02 5.065922291772401387e+00 1.000958664636553315e-02
1.817982292900242385e+02 5.044859865786951225e+00 1.274460046241470725e-02
1.815999830823887748e+02 5.018722156431511650e+00 8.120453391981051483e-03
1.817317994699148471e+02 5.054502904189928536e+00 9.924998590199064080e-03
1.816744205718152614e+02 4.989652061128968974e+00 8.938137934923588712e-03
1.813491231038177318e+02 4.978852985958382327e+00 1.009417470253200222e-02
1.815578864264365961e+02 5.039446230192297094e+00 1.009417470253200222e-02
1.816690915242767801e+02 5.012237072125415693e+00 7.161788755427733917e-03
1.817564145942592972e+02 5.056617605594089682e+00 7.584729036260080132e-03
1.817510573507020695e+02 5.059042463204195705e+00 8.571589691535555500e-03
1.818514351773529540e+02 5.073450628771217552e+00 7.838493204759487340e-03
1.820306208763322502e+02 5.287091862628996886e+00 7.020808661816951846e-03
1.820980939491343804e+02 5.315231489313708479e+00 8.881745897479276577e-03
1.819755258557491686e+02 5.130124626402752241e+00 8.515197654091241630e-03
1.819179777815372461e+02 5.136412338577792447e+00 7.105396717983420915e-03
1.818975920600011307e+02 5.139683076749562929e+00 6.597868380984604764e-03
1.821518355608188244e+02 5.322252297975525792e+00 9.502058309366716998e-03
1.820741555292392775e+02 5.117746574183724917e+00 4.962499295099532040e-03
1.819420289855072497e+02 5.164692945356115672e+00 4.849715220210906036e-03
1.820373315287881439e+02 5.199063892178424240e+00 7.471944961371454128e-03
1.819812496475497596e+02 5.206028308802797433e+00 7.330964867760672056e-03
1.819862403428635957e+02 5.231630293802514764e+00 6.541476343540291762e-03
1.818032763773755107e+02 5.147803530141543682e+00 7.077200699261263980e-03
1.817574860429707257e+02 5.133592736705577586e+00 7.189984774149889984e-03
1.815862798172898067e+02 5.149326115152540240e+00 7.246376811594202987e-03
1.816030282524107520e+02 5.128517453335589060e+00 3.524502340269553956e-03
1.817514520949641792e+02 5.169176112332938722e+00 5.047087351266001110e-03
1.819094061918457044e+02 5.131083291039304939e+00 4.116618733434838744e-03
1.820060339480065466e+02 5.162719224045564381e+00 5.216263463598940116e-03
1.818765296340156681e+02 5.170247561044380546e+00 5.526419669542660326e-03
1.820458185304235030e+02 5.187221564315118272e+00 6.428692268651666625e-03
1.820500479332318378e+02 5.167399763153442294e+00 7.471944961371454128e-03
1.817580781593638903e+02 5.122991033666046690e+00 7.556533017537924064e-03
1.820607060283088003e+02 5.163565104607229728e+00 7.274572830316359054e-03
1.820646252749111795e+02 5.198415383747814644e+00 5.639203744431286330e-03
1.820599165397845809e+02 5.179946991484801977e+00 5.554615688264817261e-03
1.822338013872441138e+02 5.190576890543055377e+00 8.092257373258896283e-03
1.820999266903513103e+02 5.229600180454520242e+00 6.231320137596571551e-03
1.820343991428410391e+02 5.199684204590312220e+00 7.133592736705576982e-03
1.819404500084588108e+02 5.158348841143630459e+00 7.330964867760672056e-03
1.817333502509445680e+02 5.070743810973890930e+00 6.485084306095979627e-03
1.815992781819207096e+02 5.019455252918287869e+00 7.866689223481644275e-03
1.816428974228838911e+02 5.014464557604465966e+00 6.795240512039699837e-03
1.817089043027124546e+02 5.044465121524840612e+00 7.133592736705576982e-03
1.816798060113911788e+02 5.091411492697231367e+00 5.272655501043253118e-03
1.818573845373033464e+02 5.057322506062144285e+00 5.470027632098347324e-03
1.820706592229177261e+02 5.111035921727851594e+00 6.005751987819319543e-03
1.820705182428241073e+02 5.088140754525460885e+00 7.049004680539107913e-03
1.819818417639429242e+02 5.091383296678508863e+00 6.710652455873230768e-03
1.817702588394518557e+02 5.070518242824113564e+00 8.289629504313991357e-03
1.819493317543562796e+02 5.013703265098968131e+00 9.840410534032595011e-03
1.819018496588281835e+02 5.018383804206846044e+00 1.088366322675238251e-02
1.818552416398804610e+02 5.000281960187221486e+00 1.074268313314159957e-02
1.820076693170924216e+02 4.981531607736987333e+00 8.994529972367900847e-03
1.819370946822308781e+02 4.996926633959285269e+00 8.853549878757119643e-03
1.818436812722043783e+02 5.014943889922743203e+00 9.163706084700840721e-03
1.818225060621440150e+02 4.996560085715897159e+00 7.725709129870862203e-03
1.818166130942310872e+02 4.982800428579484908e+00 1.105283933908532065e-02
1.819963345175661118e+02 5.004060226695990821e+00 1.167315175097276281e-02
1.818137652963401649e+02 4.885524163988044677e+00 1.330852083685783553e-02
1.817502114701404139e+02 4.798765014379969607e+00 1.316754074324705433e-02
1.816723904584672766e+02 4.789657700332712764e+00 1.195511193819432695e-02
1.816789883268482413e+02 4.795889020470309738e+00 1.285738453730333325e-02
1.817385947104268951e+02 4.772176168724976186e+00 8.712569785146336704e-03
1.816341566570800126e+02 4.818925167766311191e+00 8.571589691535555500e-03
1.817976935656685384e+02 4.800231207353522045e+00 1.048891896464219237e-02
1.817932103986917127e+02 4.844668132859640153e+00 1.015056673997631609e-02
1.816699092088197176e+02 4.815287881351153487e+00 1.187052388202785788e-02
1.815937235662324554e+02 4.780916934528844919e+00 1.079907517058591344e-02
1.815502453053628926e+02 4.815146901257542744e+00 8.825353860034962708e-03
1.814389838154852441e+02 4.759854508543393870e+00 9.530254328088873933e-03
1.816032538205605249e+02 4.751931427282467979e+00 9.558450346811030868e-03
1.817448824226019326e+02 4.827581345514013300e+00 4.821519201488749969e-03
1.817233406642982061e+02 4.806688095640895497e+00 7.753905148593018271e-03
1.818418203349687019e+02 4.820137596571363758e+00 1.000958664636553315e-02
1.819682230869001387e+02 4.813370552078046316e+00 9.473862290644561798e-03
1.818117633790108698e+02 4.813483336152935443e+00 7.838493204759487340e-03
1.820140980093610779e+02 4.765832064512490973e+00 1.156036767608413680e-02
1.820146055376980883e+02 4.705097840184965463e+00 1.666384706479445005e-02
1.817838211244572335e+02 4.646393729205436252e+00 1.897592060001127706e-02
1.817438673659279402e+02 4.630462978627417847e+00 1.852478430045677651e-02
1.814991823154570625e+02 4.570067106524558831e+00 1.855298031917893345e-02
1.815043703829019250e+02 4.500789488524220339e+00 1.939886088084362414e-02
1.815823041786499630e+02 4.526532453617549301e+00 1.773529577623639622e-02
1.813790108836632271e+02 4.531861501156036809e+00 1.734055151412620607e-02
1.817419782326735458e+02 4.598770653583714285e+00 1.765070772006992542e-02
1.818981559803755772e+02 4.716911972029549815e+00 1.460553769807703198e-02
1.820120678960130931e+02 4.835589014831105814e+00 9.502058309366716998e-03
1.819771330288163256e+02 4.828399030056956143e+00 9.614842384255343002e-03
1.819562115829244817e+02 4.824197823267354579e+00 9.332882197033778859e-03
1.819314836745051593e+02 4.839649241527096635e+00 1.144758360119551080e-02
1.819637963119607491e+02 4.873174307787740744e+00 1.082727118930807038e-02
1.821727006146732037e+02 4.844752720915806776e+00 7.105396717983420915e-03
1.821630293802515155e+02 4.874978852985958788e+00 8.289629504313991357e-03
1.820656121355664538e+02 4.904612868662944436e+00 8.402413579202617361e-03
1.821774657418372385e+02 4.951136299554502962e+00 1.181413184458354401e-02
1.820484689561833989e+02 4.925421530479896504e+00 8.007669317092427214e-03
1.820999830823887748e+02 4.930581401906050765e+00 8.515197654091241630e-03
1.821794958551852517e+02 5.008458805616647247e+00 8.148649410703208418e-03
1.822139231940450088e+02 4.994163424124513639e+00 9.896802571476907145e-03
1.819606947499013074e+02 4.924096317599954808e+00 1.085546720803022558e-02
1.815898889076862304e+02 4.870664862121468097e+00 7.500140980093611062e-03
1.815633846500874142e+02 4.836604071505103519e+00 7.189984774149889984e-03
1.816801443636158524e+02 4.852844978289065914e+00 1.029154683358709729e-02
1.817497039418034035e+02 4.830541927479839792e+00 9.699430440421812072e-03
1.819043027124569960e+02 4.853747250888174491e+00 1.094005526419669465e-02
1.819507979473298462e+02 4.877347318558619804e+00 1.198330795691648389e-02
1.822454745389950972e+02 4.891219759769920294e+00 1.099644730164100852e-02
1.820534878475159246e+02 4.892150228387751376e+00 1.029154683358709729e-02
1.822483787289234840e+02 4.858907122314329641e+00 1.240624823774882923e-02
1.822117239045846588e+02 4.856764224891445103e+00 1.082727118930807038e-02
1.821902667343371149e+02 4.871426154626966820e+00 1.079907517058591344e-02
1.822694129588902001e+02 4.897422883888794765e+00 1.201150397563863909e-02
1.823824789939660604e+02 4.939378559747363617e+00 1.288558055602548845e-02
1.822910675012688273e+02 4.920543619240962840e+00 1.240624823774882923e-02
1.823427226075678220e+02 4.890120115039755966e+00 1.474651779168781318e-02
1.823210398691704768e+02 4.928269328370833868e+00 1.356228500535724274e-02
1.823199684204590199e+02 4.942451925788078348e+00 1.237805221902667403e-02
1.823960130829526918e+02 4.773360401511306250e+00 1.440816556702193690e-02
1.824268313314159968e+02 4.807477584165115836e+00 1.691761123329385899e-02
1.822085377544690630e+02 4.755399537585293324e+00 1.883494050640049586e-02
1.820232899114645022e+02 4.675125472283313321e+00 1.703039530818248326e-02
1.816888287373822948e+02 4.618113122427113026e+00 1.815823605706874330e-02
1.816130096430383958e+02 4.593159645858005291e+00 2.097783792928438473e-02
1.806924942198161546e+02 4.063723002312073618e+00 3.555517960863926324e-02
1.794472170529521122e+02 3.629786274178086192e+00 8.785879433823944040e-02
1.779801500028196131e+02 3.433231827665933711e+00 1.513562285005357333e-01
1.767662550047933223e+02 3.199909772740089142e+00 2.754469068967461687e-01
1.755309028365194877e+02 3.089888907686234809e+00 5.025658377037162117e-01
1.744768228726103985e+02 3.006795240512039502e+00 8.252128799413522842e-01
1.734573112276546567e+02 2.882873738228162175e+00 1.122370721254158932e+00
1.726193255512321798e+02 2.992415270963739715e+00 1.476456324366999473e+00
1.721295325100095965e+02 2.961653414537867235e+00 1.712316020977837860e+00
1.716333953645745112e+02 3.090001691761123492e+00 2.290785541081599153e+00
1.725534596514972066e+02 3.534568318953363875e+00 2.269159194721705131e+00
1.741514126205379682e+02 3.878418767270061629e+00 2.208424970394180509e+00
1.753396492415270984e+02 4.330993063779394525e+00 2.152850617492810148e+00
1.764892855128855729e+02 4.860542491400214438e+00 2.063976766480573044e+00
1.772868099024417745e+02 5.175858568770089541e+00 2.031241188744149273e+00
1.779179213894998099e+02 5.276095415327355376e+00 1.776574747645632391e+00
1.786051429538149193e+02 5.367788868211808229e+00 1.734703659843230161e+00
1.791395420966559584e+02 5.515113066035075562e+00 1.603169232504370489e+00
1.796124739186826957e+02 5.557435290137032524e+00 1.513195736761969279e+00
1.800680369931765767e+02 5.647634354029211323e+00 1.366689223481644344e+00
1.802250606214402637e+02 5.721000394744262252e+00 1.217278520272937481e+00
1.803051373146111871e+02 5.822083121863192545e+00 1.092652117521005994e+00
1.806811030282524086e+02 5.750690802458692907e+00 9.957987932103986584e-01
1.808490667117802957e+02 5.862628996785653968e+00 8.000338352224666272e-01
1.808393108893024248e+02 5.721028590762983868e+00 7.806349743416229892e-01
1.809917385665144138e+02 5.759487960300005760e+00 7.028703547059155232e-01
1.811767608413692017e+02 5.661563187277955933e+00 5.819658264253086966e-01
1.813578920656403284e+02 5.658940957536795935e+00 5.498505611007725724e-01
1.817083967743754442e+02 5.638386059888343738e+00 4.763717363108329050e-01
1.818989172728810786e+02 5.693988608808436602e+00 3.852140077821011865e-01
1.820141825974172320e+02 5.608385495967969092e+00 3.727231714881858449e-01
1.821344950093046862e+02 5.647014041617323343e+00 3.930525009868606756e-01
1.821715163818868746e+02 5.559098855241639825e+00 2.604748209552811278e-01
1.821548807308408016e+02 5.591778040940619476e+00 2.657756724750465205e-01
1.820630744938814587e+02 5.474087858794338679e+00 2.075790898325156619e-01
1.821239778943213139e+02 5.453871313370552087e+00 2.072125415891276079e-01
1.818753454012293389e+02 5.286105001973721684e+00 1.849094907799018750e-01
1.819445948232109629e+02 5.283680144363615661e+00 1.531889697174758924e-01
1.817312355495404006e+02 5.177042801556420493e+00 1.262335758190943347e-01
1.819336547679467628e+02 5.128799413522810546e+00 1.293351378785315420e-01
1.820793435966841400e+02 5.193706648621215116e+00 8.898663508712570391e-02
1.820534314554784885e+02 5.095499915411943803e+00 1.106693734844639981e-01
1.821290813737100223e+02 5.195285625669655794e+00 7.268933626571928708e-02
1.822279930073873686e+02 5.248378728923476011e+00 5.678678170642305345e-02
1.822514802909829257e+02 5.274657418372525441e+00 5.647662550047933411e-02
1.823454576213838720e+02 5.204533919810522491e+00 4.539559014267185305e-02
1.823464726780578644e+02 5.215389387018553258e+00 3.905148593018666070e-02
1.823691704731292020e+02 5.249703941803417706e+00 4.110979529690407530e-02
1.822935769469351044e+02 5.220577454463430023e+00 3.806462527491118186e-02
1.822489426492979305e+02 5.222522979755258810e+00 3.812101731235549573e-02
1.811364123385777987e+02 4.766649749055433816e+00 1.154063046297862799e-01
1.796520611289685974e+02 4.301838380420684338e+00 1.734055151412620677e-01
1.782317148818586929e+02 4.122004173010770600e+00 3.066035075847290403e-01
1.766338183048553674e+02 3.796509332882196830e+00 5.097558224778661051e-01
1.757003327130209129e+02 3.655049906953138361e+00 7.584729036260080548e-01
1.746253031072012618e+02 3.508853549878756972e+00 1.066542604184289145e+00
1.736333953645745112e+02 3.380589860711667338e+00 1.420459031184796661e+00
1.726930299441718830e+02 3.443833530705464607e+00 1.757570631026899033e+00
1.717469689279873819e+02 3.353549878757119629e+00 2.116195793154006743e+00
1.713297806349743553e+02 3.265239948119325497e+00 2.684091806236959421e+00
1.711963288783623796e+02 3.179975187503524481e+00 3.291123893306265202e+00
1.711500592116393307e+02 3.139203744431286136e+00 3.813060395872102770e+00
1.710759318784187712e+02 2.954773585969661109e+00 4.664946709524615542e+00
1.710774544634297740e+02 3.025009868606552743e+00 5.346416286020414077e+00
1.709297073253256656e+02 2.902554559296227410e+00 6.123752326171544524e+00
1.706001522585011116e+02 2.895872102859076147e+00 7.511278407488862996e+00
1.706224271132915931e+02 2.805137314611176880e+00 8.519286076805954622e+00
1.705118141318445737e+02 2.854508543393672770e+00 1.002283877516494748e+01
1.703256640162408928e+02 2.830823887667061278e+00 1.131069193029944131e+01
1.702464613996503715e+02 2.809479501494389186e+00 1.245277166864038776e+01
1.715252636327750508e+02 3.427846388090001639e+00 1.140633282580499674e+01
1.724599052613770880e+02 4.027180962048158896e+00 1.030400947386229049e+01
1.738304573394236741e+02 4.654965318896971738e+00 8.701037613488974642e+00
1.752997800710539593e+02 5.276828511814131595e+00 7.756386398240568525e+00
1.763096204815880128e+02 5.900947386229064229e+00 7.348953927705408340e+00
1.768316697682287213e+02 6.318220267298257475e+00 6.373456267974962230e+00
1.771042406812157992e+02 6.461568826481700611e+00 5.903766988101279978e+00
1.777458410872384889e+02 6.767382845542209147e+00 5.188152032932950242e+00
1.780879433823943998e+02 6.930665989962217388e+00 4.790306208763322360e+00
1.786336491287430306e+02 7.129109569728754536e+00 4.459623301189871825e+00
1.792903907968194801e+02 6.987903907968195050e+00 4.050583657587548458e+00
1.797008402413579233e+02 6.959369537021372842e+00 3.630773134833361393e+00
1.798344047820447713e+02 6.826199740596627485e+00 3.327835109682512726e+00
1.802883888794902134e+02 6.717278520272937037e+00 2.977527773078441520e+00
1.805944848587379568e+02 6.721930863362093334e+00 2.586195229233632098e+00
1.805845880561664671e+02 6.654288614447639638e+00 2.287204646703885569e+00
1.807344216996559965e+02 6.580922573732588710e+00 2.032989341904923197e+00
1.808424970394180207e+02 6.596796932273162994e+00 1.967800146619297363e+00
1.810183274121694126e+02 6.517171375401793476e+00 1.733688603169232456e+00
1.812174758924039963e+02 6.390937799582698808e+00 1.621665820786104995e+00
1.811253594992386979e+02 6.273952517904471726e+00 1.403626008007669235e+00
1.813511532171657450e+02 6.191704731291941322e+00 1.256104438053346817e+00
1.817321096261208027e+02 6.067839621045508558e+00 1.102379743980149929e+00
1.818144983928269198e+02 6.084108723848192568e+00 1.010094174702532044e+00
1.819947273444989548e+02 5.910505836575875804e+00 8.105791462245530710e-01
1.816826538092821295e+02 5.767862177860486383e+00 6.917893193481080560e-01
1.815529521231601962e+02 5.579822929002425269e+00 5.576890543055320615e-01
1.816855861952292344e+02 5.497180398127784251e+00 4.786274178086054043e-01
1.817618282298539327e+02 5.525235436756330110e+00 4.365025658377036932e-01
1.818243388033609733e+02 5.493937855974736273e+00 4.007218180792871953e-01
1.805072745728303119e+02 4.984041053403259092e+00 5.214853662662831679e-01
1.789616252185191456e+02 4.686319291716009694e+00 7.875711949472734563e-01
1.777746574183725272e+02 4.229261828229853748e+00 1.052472790841933126e+00
1.764642756442790414e+02 4.034370946822308568e+00 1.261828229853944716e+00
1.753040658658997302e+02 3.698499971803981268e+00 1.651722776743923760e+00
1.744219816161957795e+02 3.476653696498054558e+00 1.943326002368465533e+00
1.731156036767608555e+02 3.366407263294422858e+00 2.294732983702701290e+00
1.723031917893193565e+02 3.131562623357581732e+00 2.745728303163593509e+00
1.717257091298708644e+02 2.888625726047481912e+00 3.168696780014661929e+00
1.712070433654768067e+02 2.690915242767720983e+00 3.640557153329949891e+00
1.711917611233293997e+02 2.667935487509163650e+00 4.254807421192127848e+00
1.713280324818135796e+02 2.691704731291941766e+00 5.133367168555800220e+00
1.711359612022782244e+02 2.626402751931427471e+00 5.723030508092257662e+00
1.708259177804094122e+02 2.652484069249422038e+00 7.166497490554333716e+00
1.704341059042463087e+02 2.633367168555799775e+00 8.223538036429255627e+00
1.700427451643827794e+02 2.555292392714148875e+00 9.152286697118366732e+00
1.699435797665369705e+02 2.509163706084700962e+00 1.058018947724581338e+01
1.697987086223425308e+02 2.553121299272542721e+00 1.198012180680087901e+01
1.698820560536852327e+02 2.577736423616985295e+00 1.303885411379913073e+01
1.697784638809000057e+02 2.617887554277336104e+00 1.391087238481926391e+01
1.702061974849151227e+02 2.757683415101787716e+00 1.562502114701404210e+01
1.698011616759713434e+02 2.820504144814752312e+00 1.559487960300005582e+01
1.697742062820729814e+02 2.920346247109907978e+00 1.594851406981334208e+01
1.696317599954886362e+02 2.931793830711103777e+00 1.564529408447527281e+01
1.693467828342637915e+02 3.021372582191394596e+00 1.541493261151525473e+01
1.693177973270174164e+02 3.206986973439350574e+00 1.498164439181187646e+01
1.698139626684712198e+02 3.415834884114362868e+00 1.526211019004116665e+01
1.695863362093272428e+02 3.522444030902836420e+00 1.541583488411436242e+01
1.698573563412845999e+02 3.639542096655952186e+00 1.540760164664749254e+01
1.699220662042519621e+02 3.727936615349912497e+00 1.565285061749280970e+01
1.709844921897028200e+02 4.100913551006597935e+00 1.635713077313483410e+01
1.726361585744092793e+02 4.447668189251677617e+00 1.765919472170529403e+01
1.738185586195229178e+02 4.792759262392149999e+00 1.816528506174928026e+01
1.749886933964924083e+02 5.232758134551401596e+00 1.647730220492866238e+01
1.760233463035019383e+02 5.727654655162691455e+00 1.461185360627079532e+01
1.772596289403936112e+02 6.182794789375740230e+00 1.290901144758360175e+01
1.777767721197766946e+02 6.458241696272486010e+00 1.075393334461174000e+01
1.786705577172503183e+02 6.899424801218067671e+00 9.479614278463881050e+00
1.789778943213218270e+02 6.959792477302205072e+00 8.447921953420177488e+00
1.787077200699261255e+02 7.103141036485648208e+00 7.359217278520272743e+00
1.788350250944566540e+02 7.236000676704449575e+00 6.592905881689505421e+00
1.789625556871369838e+02 7.200248124964755192e+00 5.797214233350250545e+00
1.792774206282072953e+02 7.328370834038233639e+00 5.082783510968250873e+00
1.792312637455591187e+02 7.032453617549202285e+00 4.603733152878813684e+00
1.799142841030846398e+02 7.076890543055320393e+00 4.077849207691873978e+00
1.799271414876219524e+02 6.864828286245981737e+00 3.635369085885073126e+00
1.802011503975638504e+02 6.828399030056956143e+00 3.161478599221789754e+00
1.804919641346641868e+02 6.651666384706479640e+00 2.928889640782721404e+00
1.805108836632267639e+02 6.518778548468955769e+00 2.633310776518355656e+00
1.802390740427451590e+02 6.149636271358484230e+00 2.173715671347205891e+00
1.802562736141656785e+02 6.041842891783679725e+00 1.907883606834714918e+00
1.803049399424801322e+02 5.917216489031749127e+00 1.759628940393616503e+00
1.804590875768341505e+02 5.691169006936220853e+00 1.595471719393221743e+00
1.807359724806857173e+02 5.664016240906783572e+00 1.345711385552359918e+00
1.808632775052162742e+02 5.751282918851858383e+00 1.269074606665538729e+00
1.810441831613376280e+02 5.670557717250324536e+00 1.020329329498674831e+00
1.811087520442113714e+02 5.569305814019060108e+00 8.817177014605537266e-01
1.811979924434669726e+02 5.360768059549991804e+00 7.969040771443072213e-01
1.813919810522754119e+02 5.182794789375740230e+00 6.397112727682850997e-01
1.812064794451023602e+02 5.159363897817628164e+00 6.070602830880279521e-01
1.800556307449388100e+02 4.859273670557716862e+00 7.575424350081768621e-01
1.784626966672305741e+02 4.471155472847233803e+00 1.069926126430947866e+00
1.770286471550217016e+02 4.079061636496926546e+00 1.260023684655726672e+00
1.754408447527209205e+02 3.912564145942592830e+00 1.487932103986917109e+00
1.744209383635030690e+02 3.615490892685952584e+00 1.957846952010376063e+00
1.735711949472734545e+02 3.501860937235662163e+00 2.278576664974905519e+00
1.727512829188518708e+02 3.399847741498900344e+00 2.632267523825635891e+00
1.718724694073196986e+02 3.142587266677944857e+00 3.176507077200699136e+00
1.714952066768172472e+02 2.905684317374386705e+00 3.576495798793210223e+00
1.708930806970055869e+02 2.688433993120171284e+00 4.087097501832741564e+00
1.706417977781537161e+02 2.482715840523318285e+00 4.737664241809056875e+00
1.702645632436699827e+02 2.435769469350927530e+00 5.371905486945243169e+00
1.700999548863700568e+02 2.351435177352957595e+00 6.263801951164495563e+00
1.700617774770202573e+02 2.375993909659956049e+00 7.365335814582980589e+00
1.700303671121637592e+02 2.338380420684599503e+00 8.413917554841257029e+00
1.699491625782439428e+02 2.285992217898832557e+00 9.750634410421248788e+00
1.698645181300400395e+02 2.360034963063215585e+00 1.108064061354536811e+01
1.695989680257147825e+02 2.424152709637399372e+00 1.209913720182710151e+01
1.698800541363559375e+02 2.392178424406473880e+00 1.330183838042068523e+01
1.698258613883719477e+02 2.443466982462076498e+00 1.446430384029775063e+01
1.695062313201376014e+02 2.419472170529521016e+00 1.502334630350194544e+01
1.693796875881125459e+02 2.488834376586026131e+00 1.489962217334912253e+01
1.690378954491625905e+02 2.586759149608075514e+00 1.479518412000225602e+01
1.686031692325043707e+02 2.586082445158743415e+00 1.460187221564315152e+01
1.687625895223594341e+02 2.678706366661027349e+00 1.420656403315851790e+01
1.684223481644391711e+02 2.907319686460271946e+00 1.414972085941464996e+01
1.683609090396436159e+02 2.887187729092651978e+00 1.416494670952461554e+01
1.679610612981446991e+02 2.932949867478712225e+00 1.422319968420459091e+01
1.677348446399368527e+02 2.967236226244854169e+00 1.414729600180454483e+01
1.677385665144081770e+02 3.038036429256189219e+00 1.447400327073817117e+01
1.695617774770202573e+02 3.495037500704900602e+00 1.494169063328257963e+01
1.716774093497998024e+02 3.919613150623132203e+00 1.655089381379349334e+01
1.735501325212879919e+02 4.416398804488806284e+00 1.756812158123273093e+01
1.750463824507979496e+02 5.098263125246715433e+00 1.599441718829301351e+01
1.757851745333558995e+02 5.508909941916201092e+00 1.404457790559972885e+01
1.765131957367619577e+02 5.852055489764845575e+00 1.244177522133874625e+01
1.771022387638865325e+02 6.065922291772401387e+00 1.062888400157897628e+01
1.780530649072350968e+02 6.422940280832346360e+00 8.944735803304572741e+00
1.782702024474144196e+02 6.705802740653020066e+00 8.231827665933570515e+00
1.785063159081937556e+02 6.915637511983307562e+00 7.156234139739468425e+00
1.789326115152540524e+02 7.191873907404274568e+00 6.335476230756217575e+00
1.789549709581007164e+02 7.251254722833135880e+00 5.744515874358540941e+00
1.789987875711949528e+02 7.096937912366773737e+00 5.007218180792872175e+00
1.791981052275418733e+02 7.110782157559352612e+00 4.612050978401849299e+00
1.796953984097445414e+02 6.945891840072182077e+00 4.065696723622624909e+00
1.798623188405797180e+02 6.846782834263802187e+00 3.529605819658264032e+00
1.800892403992556297e+02 6.750888174589747770e+00 3.162465459877065399e+00
1.800362318840579690e+02 6.420318051091186362e+00 2.681103028252410869e+00
1.803520272937461186e+02 6.285484689561833704e+00 2.405458749224609338e+00
1.803411718265381012e+02 6.266536964980544688e+00 2.229205436192409628e+00
1.806519765409124147e+02 6.168471211864885007e+00 1.937940562792533683e+00
1.808965206112896738e+02 6.125077539051486220e+00 1.839000733096486817e+00
1.809570010714487012e+02 5.915468335870975203e+00 1.630378390571251446e+00
1.809480911295325143e+02 5.790644560987988854e+00 1.461568826481700833e+00
1.809148198274403683e+02 5.681807928720465029e+00 1.205097840184965907e+00
1.807500422940280771e+02 5.510347938871031026e+00 1.042942536513844276e+00
1.810559409011447656e+02 5.472537077764619617e+00 8.875824733547622580e-01
1.811520611289685974e+02 5.393954773585969420e+00 7.723453448373089891e-01
1.811542040263914828e+02 5.234449895674730513e+00 6.322675238256357799e-01
1.813552698358991790e+02 5.253454012293464537e+00 6.357356341284610135e-01
1.815063723002312202e+02 5.175914960807533660e+00 4.989849433260023504e-01
1.814160322562454155e+02 4.956126994868324864e+00 4.152427677211977808e-01
1.814063328258050092e+02 4.935938645463260777e+00 4.014831105847854187e-01
1.816528224214740987e+02 4.901708678734562952e+00 3.568770089663339529e-01
1.811740540235718697e+02 4.705971916765352425e+00 3.342356059324423367e-01
1.810962048158799860e+02 4.586477189420853584e+00 2.829188518581176592e-01
1.811699937968758718e+02 4.526870805842214907e+00 2.531156600687982650e-01
1.811138273275813333e+02 4.452630688546777016e+00 1.976540912423165874e-01
1.810850955845034775e+02 4.443579766536965181e+00 1.844865504990695348e-01
1.812995826989229045e+02 4.314301020695877398e+00 1.758021767326453377e-01
1.800491174646139996e+02 4.059549991541194558e+00 2.565837703716235541e-01
1.785083742175604868e+02 3.725709129870862224e+00 3.687757288670839850e-01
1.768481644391811756e+02 3.373851012237071956e+00 5.795409688152033389e-01
1.756101336491287555e+02 3.188856933401003957e+00 8.106637342807195834e-01
1.742848925731686620e+02 2.933401003778266514e+00 9.885524163988045343e-01
1.733253256640162476e+02 2.895279986465911115e+00 1.250775390514859309e+00
1.723543675633000589e+02 2.848615575480742290e+00 1.673828455422094352e+00
1.715874922460948540e+02 2.829442282749675908e+00 1.918880054136355984e+00
1.712644222635763924e+02 2.707579089832515606e+00 2.395054418316133749e+00
1.709586646365533227e+02 2.491484802345908633e+00 2.951305475666835765e+00
1.708098460497377857e+02 2.502565837703716323e+00 3.422460948514070012e+00
1.706748153160773711e+02 2.438053346867422366e+00 4.058252974679975367e+00
1.707359160886482812e+02 2.409941916201432388e+00 4.805644842948175288e+00
1.704150171995714231e+02 2.231968646027180814e+00 5.558224778661252863e+00
1.700270399819545446e+02 2.142643658715389421e+00 6.492020526701629990e+00
1.693635030733660471e+02 2.071702475610443628e+00 7.636214966446737584e+00
1.692080584221507991e+02 2.103422996672869694e+00 8.868550160717306952e+00
1.693474031466757026e+02 2.043562848925731590e+00 1.013347995263068846e+01
1.692816218349969120e+02 2.161168443015846208e+00 1.134432978063497366e+01
1.692507189984774243e+02 2.212964529408447678e+00 1.278142446286584288e+01
1.694784300456775554e+02 2.227259910900580842e+00 1.354291434049512155e+01
1.696118254102520666e+02 2.285512885580556208e+00 1.482259065020019229e+01
1.693595556307449499e+02 2.400552641966954059e+00 1.497059155247279172e+01
1.691317599954886362e+02 2.479811650594935912e+00 1.466785089945299703e+01
1.688453166412902533e+02 2.589719731573901562e+00 1.457751085546720837e+01
1.688319799244346768e+02 2.537190548694524317e+00 1.435180172559634570e+01
1.687843568488129335e+02 2.733491231038177371e+00 1.433539164270005095e+01
1.688133141600405907e+02 2.872441211300964525e+00 1.433702701178593664e+01
1.685188067444876765e+02 2.956521739130434590e+00 1.433829583262843244e+01
1.684939096599560173e+02 2.995009304686178098e+00 1.448440760164664809e+01
1.701019568036993235e+02 3.340889866350871262e+00 1.533316415722100068e+01
1.719211921276715600e+02 3.753397620256019973e+00 1.667131900975582326e+01
1.735855749168217415e+02 4.177127389612587116e+00 1.662564145942592830e+01
1.748336716855579880e+02 4.870270117859358372e+00 1.521107539615406345e+01
1.759357412733322121e+02 5.219618789826876437e+00 1.352094964191056192e+01
1.762299667286979172e+02 5.525179044718885990e+00 1.114563243669993753e+01
1.767737833417921252e+02 5.712682569221225748e+00 1.000453955901426717e+01
1.775655557435290177e+02 6.006485084306095956e+00 8.753341228218575409e+00
1.780109964473016362e+02 6.312750239666159224e+00 7.593779958269892383e+00
1.781931145322280372e+02 6.632549484012857377e+00 6.796030000563920481e+00
1.782806349743416092e+02 6.765916652568657597e+00 6.197738679298483433e+00
1.788960130829526918e+02 6.906840354141994709e+00 5.491033666046353900e+00
1.789376022105678601e+02 6.801556420233462852e+00 4.638132295719844755e+00
1.793017537923645079e+02 6.715192014887497507e+00 4.377883042914340272e+00
1.795780465798229386e+02 6.670332149100547170e+00 3.894180341735746786e+00
1.797218180792872033e+02 6.511475779619917859e+00 3.477189420853775470e+00
1.799192184063610114e+02 6.423363221113178589e+00 3.159786838098460393e+00
1.799945017763491819e+02 6.159786838098460393e+00 2.716037895449162409e+00
1.803296396548807365e+02 6.074324705351604514e+00 2.446089212203236940e+00
1.804994642756442715e+02 5.969773867929847988e+00 2.178283426380195120e+00
1.807873738228162210e+02 5.930017481531607793e+00 1.955365702362826363e+00
1.807082839903005720e+02 5.736085264760616198e+00 1.828173461907178776e+00
1.808258049963345115e+02 5.632380307900524130e+00 1.606580950769751270e+00
1.809404218124400927e+02 5.516522866971183880e+00 1.459595105171149765e+00
1.809490497941690705e+02 5.433513787853154753e+00 1.282975243895561945e+00
1.810973326566288790e+02 5.175238256358202449e+00 1.149297919133818402e+00
1.810122370721254299e+02 5.040940619184571148e+00 8.973946878700727048e-01
1.808210680651891948e+02 4.932132182935769826e+00 7.304742570349066488e-01
1.808050809225737225e+02 4.753764168499407639e+00 6.475215699543224179e-01
1.809649805447470783e+02 4.899227429087012808e+00 6.116562341397394631e-01
1.810820222184627539e+02 4.833756273614165266e+00 5.416173236339029140e-01
1.812472508881745910e+02 4.766959905261376917e+00 4.477809733265663006e-01
1.815123780522190202e+02 4.772711893080696655e+00 4.233632211131788114e-01
1.813833530705464341e+02 4.669260700389105345e+00 3.991146450121242917e-01
1.814734393503637193e+02 4.533807026447865596e+00 3.500253764168499426e-01
1.813031635933006385e+02 4.505300851519765004e+00 3.274967574578469542e-01
1.814566063271865914e+02 4.402018834940506053e+00 2.676366097107088504e-01
1.814651779168781331e+02 4.305419274798398810e+00 2.384537303332769365e-01
1.815104889189646542e+02 4.347685106862910764e+00 2.226075678114250167e-01
1.814330344555348802e+02 4.198697343935036130e+00 2.151356228500535817e-01
1.815461286866294586e+02 4.206451249083629662e+00 1.890261095133367042e-01
1.815012970168612298e+02 4.110500197372131126e+00 1.623808718208988866e-01
1.814526024925280581e+02 4.097530028759939214e+00 1.738284554220944078e-01
1.813322336886031678e+02 3.948796030000564006e+00 1.540066542604184296e-01
1.814403936164213746e+02 4.014267185473411104e+00 1.406699374048384354e-01
1.814618507866689185e+02 4.058760503016974219e+00 1.425872666779450793e-01
1.813609654316810520e+02 3.958072520160153207e+00 1.180849264083911332e-01
1.811837816500310225e+02 3.874668696780014798e+00 1.101618451474651733e-01
1.810816838662380803e+02 3.828680990244177629e+00 1.106975695031861551e-01
1.811388653922066112e+02 3.758924039925562344e+00 1.050865617774770222e-01
1.811438278915017293e+02 3.754356284892573115e+00 1.039869170473129156e-01
1.813246207635481824e+02 3.792364518130039830e+00 1.123329385890712295e-01
1.813702419218406305e+02 3.925449726498618563e+00 1.042406812158123280e-01
1.815151412620537883e+02 3.944171882930130213e+00 1.013082952687080623e-01
1.814618789826876366e+02 3.806970055828116983e+00 9.984210229515592949e-02
1.812535667963683466e+02 3.809902441775221416e+00 9.792477302204928569e-02
1.812993853267918496e+02 3.855072463768115743e+00 9.313144983928269005e-02
1.813846218913889459e+02 3.885524163988044677e+00 8.447527209158066375e-02
1.813419895110810387e+02 3.789601308295268645e+00 7.765183556081881044e-02
1.813975920600011307e+02 3.783313596120227995e+00 7.725709129870862724e-02
1.812432752495347756e+02 3.841933119043591027e+00 7.370439293971690897e-02
1.813141036485648101e+02 3.859950375007048962e+00 7.285851237805221481e-02
1.812230587041109686e+02 3.921051147577962137e+00 6.995432244967010604e-02
1.814280437602210441e+02 3.894067557660858103e+00 6.843173743867365932e-02
1.814923306829075784e+02 3.921699656008571733e+00 6.716291659617662502e-02
1.814802627868944853e+02 3.763858343201939682e+00 6.831895336378503159e-02
1.813888230981785341e+02 3.794930355833756153e+00 7.319686460271809803e-02
1.812853155134494898e+02 3.778802233124682886e+00 7.108216319855636955e-02
1.811478035301415446e+02 3.781029718603733158e+00 7.198443579766536371e-02
1.812090170867873553e+02 3.771809620481588077e+00 6.840354141995150239e-02
1.802921953420177203e+02 3.313173179946991453e+00 9.208819714656291122e-02
1.789331472396097809e+02 3.078638696216094317e+00 1.213274685614391252e-01
1.775575762702306406e+02 2.875768341510178683e+00 1.507359160886482807e-01
1.760652737833417802e+02 2.577482659448485869e+00 2.577961991766762329e-01
1.750046241470704445e+02 2.517566119663903645e+00 4.376867986240343122e-01
1.739922742908701423e+02 2.423927141487622006e+00 6.454914566063272297e-01
1.730140416173236417e+02 2.458636440534596623e+00 9.147070433654768129e-01
1.720098686065527431e+02 2.434077708227598169e+00 1.291716009699430456e+00
1.714419162014323490e+02 2.388653922066204416e+00 1.547284723397056361e+00
1.707149382507190012e+02 2.483787289234760109e+00 1.837590932160378943e+00
1.708790390796819452e+02 2.452602492528054956e+00 2.434754412676929824e+00
1.706470422376360432e+02 2.427367055771724846e+00 2.922150792308126022e+00
1.703313878080415122e+02 2.293633338972536961e+00 3.451643827891501815e+00
1.703190943438786462e+02 2.249281001522585033e+00 4.079540968815202895e+00
1.704443410590424719e+02 2.182625613263407427e+00 4.711159984210229190e+00
1.702859640218801189e+02 2.132013759657136465e+00 5.641797778153724963e+00
1.702312637455591187e+02 2.172362262448542136e+00 6.578751480290982556e+00
1.699365871538938677e+02 2.066627192240455546e+00 7.658207861050019716e+00
1.697573450628771354e+02 2.066232447978345377e+00 9.028449782890655584e+00
1.697753905148593105e+02 2.079456380759036715e+00 1.046579822929002468e+01
1.705202165454237786e+02 2.457424011729543611e+00 9.001466192973552438e+00
1.720660632718659997e+02 2.991428410308464514e+00 7.697287542998928700e+00
1.733177973270174164e+02 3.404020752269779404e+00 6.718490949077990493e+00
1.746396266847121126e+02 3.921304911746461563e+00 6.236339028929115180e+00
1.755848982123724227e+02 4.263238030790052591e+00 5.526842609823493291e+00
1.763116505949359976e+02 4.690125754243500644e+00 5.234224327524953146e+00
1.767211695708566026e+02 4.800513167540743531e+00 4.398268764450459223e+00
1.772374950656967201e+02 5.086420797383409464e+00 4.025996729261827944e+00
1.781861783116223990e+02 5.238792082557942820e+00 3.645886200868437399e+00
1.797539897366491743e+02 5.860683471493825181e+00 3.504906107257655279e+00
1.808951672023910362e+02 6.468476851068628797e+00 3.419021034229966727e+00
1.817786048609936245e+02 6.776349179495855246e+00 3.188856933401003957e+00
1.828673095358935257e+02 6.908729487396379376e+00 2.915693904020752125e+00
1.829521795522472303e+02 6.394857046185078886e+00 2.392883324874527595e+00
1.840246997124006043e+02 6.292308126092596154e+00 2.175069080245869202e+00
1.852312355495404006e+02 6.091326904641064743e+00 1.849151299836462981e+00
1.858454294253651256e+02 6.647775334122822066e+00 1.811988947160660945e+00
1.859587210285907588e+02 7.306829075734506240e+00 1.827835109682512726e+00
1.847517058591326986e+02 7.601590255455930034e+00 1.765832064512490751e+00
1.865264196695426619e+02 8.515676986409518534e+00 1.713246489595669164e+00
1.877670444933175418e+02 8.861585744092934647e+00 1.652850617492809926e+00
1.884077144307223932e+02 9.651666384706478752e+00 1.689251677663113904e+00
1.889069813342356099e+02 1.002819601872215571e+01 1.686065527547510268e+00
1.877356341284610721e+02 1.156315908193763065e+01 1.908447527209158112e+00
1.873542829752439047e+02 1.251872215643151165e+01 2.020554897648452197e+00
1.865839677437545845e+02 1.240506400496249917e+01 1.782072971296452923e+00
1.856074268313314235e+02 1.161746461399650343e+01 1.496447301641008254e+00
1.859732419782326645e+02 1.171121637624767331e+01 1.360739863531269300e+00
1.865300851519765502e+02 1.211165623413973869e+01 1.454378841707550940e+00
1.873609090396436159e+02 1.260260531212992774e+01 1.492020526701629768e+00
1.882861895900298919e+02 1.318758811255850638e+01 1.454435233744995282e+00
1.894575649918231477e+02 1.354576213838605980e+01 1.376275869847177535e+00
1.906503975638639758e+02 1.349173856651440850e+01 1.357948457677775833e+00
1.916169570856594930e+02 1.385744092934077720e+01 1.349658828173461833e+00
1.915395026222297474e+02 1.396585462132746791e+01 1.312383691422771115e+00
1.913441042124852061e+02 1.405689956578131117e+01 1.241075960074437434e+00
1.911655670219365106e+02 1.345832628432865263e+01 1.073563412846106235e+00
1.912232278802233054e+02 1.324231658489821228e+01 9.737495065696724073e-01
1.909747081712062311e+02 1.358814075452546177e+01 9.654034850279140656e-01
1.915599447358032990e+02 1.372974116054813010e+01 9.737213105509502364e-01
1.919638527039981852e+02 1.355709693791236603e+01 8.865392206620424931e-01
1.914900468053910743e+02 1.367360288727231676e+01 8.246771555856312608e-01
1.915447752777307926e+02 1.347707663677888767e+01 6.992048722720352050e-01
1.917420910167484465e+02 1.319582135002537626e+01 5.830372751367507433e-01
1.915705746348615435e+02 1.320523882027857709e+01 5.579992105114758294e-01
1.914116336773247724e+02 1.277722325607624221e+01 5.088817458974792540e-01
1.912657474764563119e+02 1.223408334743134240e+01 4.529126487339987794e-01
1.905003947442621097e+02 1.209423109456944623e+01 3.938983815485253559e-01
1.903775728867084069e+02 1.208523656459707851e+01 2.991879546608018914e-01
1.906949754694637136e+02 1.179306941859809399e+01 2.658884565499351482e-01
1.903390571251339338e+02 1.178111430665989978e+01 2.656346923814357219e-01
1.898150905092200844e+02 1.166976822872610420e+01 2.971578413128066476e-01
1.899856482264704312e+02 1.137215925111374304e+01 1.860655275475102954e-01
1.898511532171657450e+02 1.122508881745897469e+01 1.766198612755878750e-01
1.897880505272655398e+02 1.099828004285794769e+01 1.437714994642756428e-01
1.898323464726780685e+02 1.075542773360401583e+01 9.479501494388992144e-02
1.898844809112953271e+02 1.062462640275193060e+01 9.115772852873174625e-02
1.897645350476512647e+02 1.049182315457057513e+01 1.005470027632098390e-01
1.892246658771781540e+02 1.041828793774319095e+01 1.024925280550386258e-01
1.895144645576044695e+02 1.021665820786104995e+01 6.566852760390233523e-02
1.895013252128799479e+02 1.031449839282693226e+01 5.275475102915468117e-02
1.894449049794169184e+02 1.043207579089832571e+01 5.853493486719674871e-02
1.896044380533468541e+02 1.039121975976992118e+01 5.199345852365645781e-02
1.897996108949416225e+02 1.040994191620143283e+01 5.261377093554390344e-02
1.898990300569559508e+02 1.052066768172334044e+01 4.421135735634128261e-02
1.898057576270230697e+02 1.064582980883099239e+01 6.389217842440647610e-02
1.898316133761912852e+02 1.078229853944623073e+01 4.170191169006936399e-02
1.894657418372525797e+02 1.089356002932385969e+01 4.553657023628263772e-02
1.895941183104945651e+02 1.105692776180003456e+01 4.108159927818191837e-02
1.896753228444143815e+02 1.136976258952235952e+01 7.015169458072520459e-02
1.897068741893644699e+02 1.147073253256640157e+01 6.840354141995150239e-02
1.895722100039474469e+02 1.186592793097614695e+01 7.658038684937687468e-02
1.899229402808323357e+02 1.216412902498167270e+01 8.616703321491005207e-02
1.898138780804150372e+02 1.253332769412958925e+01 1.019568036993176580e-01
1.898656459707889326e+02 1.270735352168273913e+01 1.437433034455534997e-01
1.899012575424350189e+02 1.282033496870241862e+01 1.328596402188011172e-01
1.894429594541250879e+02 1.318242824113235123e+01 1.357074381097388982e-01
1.892266959905261388e+02 1.334881294761179760e+01 1.297016861219195960e-01
1.893433147239609866e+02 1.325274911182541082e+01 1.170980657531156544e-01
1.893255230361473025e+02 1.315414763435402890e+01 1.458016128122709143e-01
1.892938307111035954e+02 1.325159307505780149e+01 1.490723509840410632e-01
1.893712569785146229e+02 1.303798003721874466e+01 1.406417413861162924e-01
1.892620819940224521e+02 1.295502735013815965e+01 1.355946540348502705e-01
1.891668076467602759e+02 1.290461286866294444e+01 1.418823662098911698e-01
1.890617492810015108e+02 1.272071843455704077e+01 1.155472847233970507e-01
1.891432921671460008e+02 1.281565442959454160e+01 8.605424914002142434e-02
1.892982856820617030e+02 1.263810409970112225e+01 7.567811425026786665e-02
1.890872384819263630e+02 1.265259685332430983e+01 1.122483505329047587e-01
1.894836745051598825e+02 1.279055997293182223e+01 1.091185924547453945e-01
1.892374950656967201e+02 1.247188856933401091e+01 7.579089832515649439e-02
1.891568544521513502e+02 1.238115378108611075e+01 6.673997631534427100e-02
1.892540743247053570e+02 1.234331472396097595e+01 7.226639598488693306e-02
1.890462978627417669e+02 1.228097332656628815e+01 5.577172503242542462e-02
1.885347092990469662e+02 1.232645350476512647e+01 6.042406812158123558e-02
1.883357299949247192e+02 1.232332374668696851e+01 4.700276320983477057e-02
1.882933513787853030e+02 1.251099644730164151e+01 6.989793041222579217e-02
1.882149100547002831e+02 1.270081204533919816e+01 6.228500535724355858e-02
1.883487565555743402e+02 1.303056448429481762e+01 7.127953532961145422e-02
1.884179777815372461e+02 1.340359781198894673e+01 9.152427677211977253e-02
1.886296734901031869e+02 1.368626289967856557e+01 1.089212203236902959e-01
1.889737495065696748e+02 1.382797608977612391e+01 9.386454632605875648e-02
1.892539897366491743e+02 1.399111825410252052e+01 1.127276828511814127e-01
1.889561269948683275e+02 1.401584616252185178e+01 1.267411041560931595e-01
1.891713190097558197e+02 1.390940619184571148e+01 1.441098516889415260e-01
1.887477302204928549e+02 1.374634861557548149e+01 1.090058083798567667e-01
1.887407376078497805e+02 1.356789601308295268e+01 9.487960300005639225e-02
1.885903118479670582e+02 1.356124175266452347e+01 1.232166018158236120e-01
1.887606158010488855e+02 1.352813962668471248e+01 9.600744374894265576e-02
1.889611458862008817e+02 1.332932949867478634e+01 1.050019737213105514e-01
1.889596233011898789e+02 1.341969773867929838e+01 9.279309761461682071e-02
1.890184401962442848e+02 1.344076016466474854e+01 1.053403259459764346e-01
1.892542998928551299e+02 1.334184853098742529e+01 9.786838098460497182e-02
1.891923814357412823e+02 1.331368070828398942e+01 1.153499125923419660e-01
1.889489088140754518e+02 1.326749562961709827e+01 1.050583657587548653e-01
1.889961653414537750e+02 1.317010658095076892e+01 1.103028252410759580e-01
1.886636778886821162e+02 1.320148874978852938e+01 9.721987255399537620e-02
1.884136919866914752e+02 1.319700558281170721e+01 1.311960751141938719e-01
1.882882760954153412e+02 1.308955055546156920e+01 1.023797439801499981e-01
1.882987650143799669e+02 1.297913494614560470e+01 7.065922291772401553e-02
1.883357299949247192e+02 1.293715107426831246e+01 7.243557209721987467e-02
1.881146732081430173e+02 1.288363503073366090e+01 8.422150792308126521e-02
1.883409744544070463e+02 1.287644504595951034e+01 8.805616646929453895e-02
1.883515197654091367e+02 1.293041222579371841e+01 1.072012631816387507e-01
1.886284328652794215e+02 1.300126882084249758e+01 9.231376529634015282e-02
1.887431342694411569e+02 1.301266001240624881e+01 7.799018778548469366e-02
1.888867365927930848e+02 1.295832628432865263e+01 9.056561213556646450e-02
1.886680482715840412e+02 1.292231996842045838e+01 6.690915242767721260e-02
1.887888400157897593e+02 1.292747983984661353e+01 7.892065640331585863e-02
1.889352055489764837e+02 1.293199120284215908e+01 9.107314047256527545e-02
1.885477358596966155e+02 1.282016579259008715e+01 7.587548638132295131e-02
1.884432414143122969e+02 1.274141431229910282e+01 6.222861331979924471e-02
1.885041730107708702e+02 1.270295494276208181e+01 7.384537303332769365e-02
1.884363333897253767e+02 1.277742062820729707e+01 6.668358427789995713e-02
1.886764224891445281e+02 1.268135679242091030e+01 6.439970676140528705e-02
1.888448655049907074e+02 1.274437489426492931e+01 6.112896858963514507e-02
1.887095810071618018e+02 1.275985450854339298e+01 6.490723509840411187e-02
1.890468899791349600e+02 1.289054305532058819e+01 5.819658264253087243e-02
1.891020977837929422e+02 1.282132182935769471e+01 6.634523205323408779e-02
1.889304968138498850e+02 1.275943156826256164e+01 6.417413861162803157e-02
1.890235154796142751e+02 1.274888625726047486e+01 7.099757514238989875e-02
