2.391207976729876350e+02 2.738155171449348224e-02 1.734354198131677549e+01
2.458776080997930364e+02 1.893046931811825262e+00 3.072520557140459729e+01
2.467791855456732151e+02 4.287436370755719928e+00 3.955417575655870621e+01
2.475137327292051168e+02 4.378810762432175374e-01 3.492811993063713061e+01
2.477369245399116267e+02 4.739693460871510666e+00 4.086572131789450424e+01
2.482280583990602452e+02 5.350366392571460850e+00 4.228760418414722722e+01
2.483229568719583824e+02 5.320467639984337360e+00 4.386555350450299073e+01
2.478966549197292579e+02 4.167953236001566530e+00 4.237109134642278008e+01
2.484925323040778551e+02 5.080410583431224758e+00 4.073261732952956038e+01
2.490158303965989717e+02 6.048414163450243741e+00 3.686437881076243173e+01
2.493503663925714591e+02 6.920848017005090114e+00 3.415581473401577739e+01
2.495561895172567972e+02 7.502992672148570463e+00 3.102525591542205063e+01
2.498243832857862117e+02 7.978939419365665309e+00 2.714359232533422883e+01
2.496642333724898037e+02 7.169799183308160906e+00 2.741075124461598733e+01
2.493134474464395680e+02 6.348548414163450282e+00 2.857118084689824755e+01
2.489757789338255805e+02 5.672316384180790649e+00 2.960597415673770882e+01
2.486299435028248581e+02 5.027773116294680378e+00 3.035372266040163325e+01
2.483614700453096020e+02 4.761285450578956358e+00 3.160309336018347537e+01
2.483265648598758162e+02 4.640515746489903393e+00 3.338569111148402868e+01
2.481713654416289216e+02 4.521675896403199779e+00 3.500573362420988133e+01
2.481761201543883146e+02 4.609945740336745423e+00 3.698047770878783069e+01
2.481317335123342787e+02 4.661939922805840020e+00 3.834057727806678884e+01
2.482041170218716672e+02 4.610924651787212447e+00 4.008972422665995339e+01
2.478625608323544327e+02 4.394193656653801128e+00 3.943558762655926841e+01
2.474852883593443948e+02 3.764977345192146441e+00 3.753820551546679951e+01
2.469839738211109363e+02 3.434496839514459943e+00 3.648657492867931040e+01
2.467147172344353123e+02 3.359791911394529151e+00 3.533481568495832903e+01
2.467229400906192325e+02 3.399004307210382159e+00 3.456393690216479087e+01
2.468466185601610903e+02 3.590087822341556212e+00 3.510793197963864287e+01
2.469961682608938816e+02 3.982127873804329532e+00 3.583165519941825039e+01
2.471576886502209618e+02 4.342339318677630899e+00 3.594076187279745227e+01
2.472858701124349636e+02 4.581948872853386590e+00 3.670568328019242443e+01
2.473290540918498550e+02 4.691950550987302293e+00 3.655168652458466028e+01
2.471638138390110271e+02 4.698131677574536980e+00 3.597756894333500810e+01
2.470813335570845197e+02 4.611260278570229687e+00 3.598590367511327059e+01
2.468903619175476933e+02 4.566621916428931449e+00 3.596573809923365417e+01
2.467742909884208871e+02 4.506404877775913143e+00 3.557831291603736901e+01
2.467066342227442988e+02 4.635173686860211362e+00 3.560969402024948494e+01
2.468045533366895938e+02 4.799910499524528973e+00 3.561229512781786610e+01
2.467579291827487964e+02 4.892767242825977192e+00 3.611973485484141833e+01
2.467368126643172843e+02 4.996839514459920473e+00 3.589788555126698810e+01
2.469004866588353764e+02 5.099121776584437882e+00 3.613816635900878538e+01
2.467774514739609515e+02 4.908849359512222676e+00 3.610348492476366289e+01
2.464102478044414681e+02 4.241371594786596866e+00 3.487366448509257566e+01
2.460265145158583664e+02 3.978352072495384917e+00 3.422954075068523849e+01
2.456748056161548277e+02 3.773116294680315619e+00 3.444042624601443237e+01
2.455263467024668671e+02 3.755132292890305923e+00 3.422836605694467949e+01
2.456221961179168716e+02 3.817419030038597061e+00 3.495502601107568097e+01
2.457638865581473340e+02 4.146165464004027079e+00 3.614306091626112050e+01
2.457637187447558347e+02 4.547742909884208373e+00 3.678094758628405003e+01
2.460741735190468091e+02 4.658835375062929884e+00 3.690703138110421122e+01
2.462750181797840696e+02 4.861833640991218175e+00 3.802262683895508388e+01
2.461425295071880157e+02 4.864574593052525486e+00 3.736580522459025389e+01
2.459814286513397121e+02 4.816356211892375505e+00 3.800534205962969025e+01
2.458126643172791717e+02 4.692481960060412405e+00 3.711388935503720177e+01
2.458068747552721334e+02 4.704312804161771666e+00 3.751918666442915651e+01
2.458142305755999359e+02 4.681630027409521055e+00 3.784510823963752557e+01
2.457760530290317149e+02 4.754684790512949455e+00 3.754701571852100273e+01
2.457923588969066486e+02 4.811965094814565802e+00 3.817108575264305870e+01
2.459793869217430142e+02 4.940342339318677389e+00 3.865852771717850089e+01
2.460608323544218763e+02 5.060356883145941786e+00 3.797893941936566620e+01
2.460663981652402583e+02 4.915561895172568363e+00 3.852715780052581351e+01
2.457025227946523387e+02 4.377076690719919227e+00 3.778528276556469478e+01
2.452127594115343641e+02 3.843234323432343391e+00 3.690619231414667212e+01
2.447940929686188838e+02 3.611064496280136371e+00 3.594450970520780686e+01
2.446811545561335777e+02 3.531884544386642233e+00 3.735078592605022862e+01
2.449466912792974256e+02 2.993455277731162933e+00 4.998783352911562616e+01
2.451822733120769726e+02 2.969262180455333855e+00 5.729193936342786486e+01
2.454535995972478588e+02 3.327571740224870123e+00 5.799200089500475741e+01
2.455902276668344939e+02 3.580438552329809454e+00 5.749356715332550039e+01
2.456831123790345259e+02 3.657744588018123633e+00 5.693793701404038643e+01
2.455760194663534151e+02 3.690663981652402725e+00 5.574282597751300727e+01
2.454338255859484264e+02 3.594199250433518067e+00 5.468490238854393937e+01
2.454022207305476400e+02 3.595961291044358799e+00 5.357951557867651360e+01
2.453200481065055669e+02 3.565111595905353425e+00 5.273874251831962567e+01
2.453249706326564876e+02 3.642809196173854680e+00 5.247214297700956820e+01
2.452879957487274112e+02 3.689601163506181170e+00 5.144979582704033305e+01
2.453668400738378921e+02 3.738462829333780935e+00 5.065075236337192877e+01
2.455302903171672995e+02 3.921966772948481506e+00 5.057738994238406605e+01
2.455525535604407992e+02 3.947390501762040760e+00 5.054542149130167417e+01
2.455285282765564716e+02 3.825166414946579607e+00 4.949303574425238850e+01
2.451278738043295959e+02 3.421295519382446582e+00 4.775362197236673012e+01
2.445281087430776950e+02 3.003803770207529311e+00 4.620655031604855623e+01
2.442808916484868860e+02 2.800218157408961073e+00 4.500819488728534168e+01
2.443004419085976338e+02 2.823180623147060420e+00 4.485142921071768285e+01
2.445582312468534951e+02 2.917827375957934954e+00 4.512457347429658228e+01
2.446487665715724233e+02 3.219667729484812835e+00 4.527045924931476151e+01
2.449248196006041383e+02 3.522067460983386411e+00 4.522307993511215329e+01
2.453428147899535645e+02 3.819041226156513869e+00 4.652561951110365612e+01
2.452356100016781397e+02 3.865861162387425054e+00 4.580276332718017329e+01
2.452017676343905634e+02 3.868518207752978721e+00 4.553314314482295799e+01
2.449339933993399256e+02 3.776976002685014322e+00 4.518302847233876207e+01
2.448424232253733805e+02 3.584913576103373245e+00 4.386004363148179408e+01
2.448196565419253830e+02 3.546260558259215934e+00 4.397645018739162026e+01
2.448479610672931699e+02 3.558203277954913979e+00 4.342834368182580818e+01
2.448904458242434430e+02 3.540974436426693295e+00 4.326981596464731439e+01
2.449807014599765012e+02 3.611623874251832067e+00 4.326914471108127458e+01
2.452040051462773533e+02 3.699865749286793015e+00 4.291858253621972352e+01
2.452361134418526660e+02 3.642557476086591528e+00 4.296428371650724642e+01
2.448691894613190243e+02 3.347261844828550714e+00 4.187847513564916113e+01
2.442838563517368584e+02 2.881104212116126995e+00 4.017407842479163094e+01
2.439166247133187824e+02 2.612127314426357927e+00 3.989089332662079812e+01
2.437853666722604373e+02 2.561112043407730798e+00 3.936102254293226110e+01
2.438986127426302062e+02 2.585640767466577117e+00 3.879026122951277955e+01
2.440882139061363887e+02 2.867007887229400698e+00 3.906172735917659367e+01
2.443074341332438451e+02 3.014655702858421549e+00 3.898573586172176419e+01
2.446319852324215560e+02 3.392375678245790560e+00 4.000620909548582205e+01
2.446847905129496041e+02 3.464759187783184924e+00 4.079423281311181881e+01
2.447316384180790863e+02 3.426553672316384080e+00 4.046996140291994948e+01
2.447229121217206398e+02 3.329054091849863006e+00 4.007610337304917181e+01
2.446167981204900173e+02 3.250797113609666056e+00 3.978710074397270091e+01
2.444316719807573861e+02 3.106281814622140036e+00 3.933159926162107922e+01
2.443604351960619852e+02 3.108127761928735300e+00 3.916672260446383547e+01
2.443658052245902468e+02 3.188454438664205526e+00 3.890409464675281015e+01
2.445798791743581262e+02 3.495524976226436209e+00 3.922288415282206131e+01
2.446554231694355792e+02 3.521256362924428007e+00 3.939964759187783017e+01
2.447493427308832565e+02 3.486686804273647855e+00 3.926645969681713666e+01
2.445458969625776149e+02 3.226939643116854217e+00 3.822744308329137652e+01
2.439409017172903873e+02 2.757509649270011742e+00 3.682894221625552689e+01
2.435464563405492981e+02 2.462074173519047005e+00 3.606183923477093600e+01
2.434319237008446635e+02 2.232701236225317576e+00 3.531277619287352110e+01
2.436270906751691996e+02 2.419002069698495294e+00 3.519913855792358959e+01
2.436203222017117014e+02 2.476002685014264237e+00 3.569290149353918196e+01
2.439098282709626915e+02 2.774850366392571654e+00 3.591547798847681605e+01
2.441398724618224492e+02 2.964143872014320280e+00 3.663475415338143648e+01
2.442490071041002295e+02 3.043771326285170886e+00 3.730586787492308787e+01
2.440456452424903375e+02 3.027129831627230594e+00 3.721317894501314782e+01
2.439956927896179479e+02 2.981372713542540520e+00 3.655842702914359421e+01
2.438517928063992883e+02 2.921687083962633658e+00 3.628642949040666821e+01
2.437046204620461936e+02 2.866532415953459534e+00 3.585341500251720248e+01
2.437311909157017453e+02 2.872713542540694664e+00 3.595055098730212251e+01
2.438136432287296600e+02 2.914051574648990339e+00 3.567220450858645364e+01
2.440064887844716566e+02 2.938804049896515114e+00 3.600285282765564432e+01
2.439964479498797232e+02 3.007803322705151938e+00 3.633951445992056506e+01
2.441248811321810024e+02 3.008670358561279734e+00 3.636149801420820182e+01
2.439172679979862437e+02 2.733847961067293220e+00 3.539220786485428505e+01
2.432843038541142278e+02 2.320747328970185208e+00 3.429719751636180547e+01
2.427309671645130607e+02 2.064580186832242426e+00 3.382662079767298735e+01
2.425844940426246126e+02 2.045757118084689630e+00 3.344610393242714252e+01
2.426086032332046898e+02 2.036723163841807960e+00 3.309562566426134111e+01
2.429124014096324800e+02 2.105414778766012240e+00 3.282460703697488213e+01
2.432273032387984699e+02 2.302399731498573576e+00 3.351004083459193339e+01
2.435593220338982974e+02 2.410555462325893572e+00 3.406567097387704735e+01
2.439310007271913605e+02 2.613441852659842191e+00 3.491368797896738840e+01
2.437627957711025317e+02 2.560105163058678635e+00 3.465262627957711317e+01
2.435782849471387692e+02 2.563852995469038554e+00 3.415106002125636309e+01
2.434406779661017026e+02 2.344632768361581743e+00 3.373046372433853435e+01
2.433335570845219991e+02 2.305728030430161724e+00 3.383708116574369029e+01
2.433950047547127724e+02 2.341052749342730888e+00 3.389086535772221254e+01
2.434296302511607166e+02 2.347289813727135410e+00 3.414731218884600139e+01
2.434146109526206772e+02 2.443390949264418133e+00 3.393472059070313662e+01
2.436261117637187397e+02 2.465738099233652392e+00 3.404947698159646308e+01
2.437036135816971409e+02 2.516921183643788140e+00 3.362664317279185866e+01
2.434552777311629370e+02 2.242154723946971018e+00 3.297491189796945577e+01
2.428626727079487750e+02 1.911170778094758660e+00 3.192543491637299269e+01
2.421566817698719092e+02 1.619091570173966543e+00 3.114742406444034373e+01
2.420956256642613482e+02 1.579991049952452764e+00 3.114552217933657730e+01
2.422230239973149821e+02 1.589080941992504270e+00 3.084362588801252869e+01
2.424385243609106624e+02 1.750825082508250752e+00 3.144610393242714252e+01
2.426982715220674720e+02 1.899955249762264264e+00 3.194389438943894532e+01
2.428833417240029178e+02 2.140515746489903393e+00 3.259853442971415660e+01
2.431864686468646823e+02 2.185713486602897770e+00 3.225728589808133506e+01
2.430554063880964293e+02 2.222017116965933958e+00 3.260916261117637305e+01
2.430221793365777216e+02 2.200788722940090647e+00 3.265217877719975093e+01
2.427221289925602719e+02 2.102198355428763321e+00 3.264655702858421193e+01
2.427749622419869127e+02 2.097359735973597150e+00 3.188818034345807462e+01
2.428217542093192378e+02 2.114448733008893910e+00 3.184561167981204832e+01
2.429095765508754141e+02 2.152038932706830110e+00 3.237895060692510185e+01
2.428934105274934154e+02 2.174637802763327077e+00 3.228150696425574750e+01
2.431308385075795684e+02 2.288527157800525735e+00 3.257548805728030317e+01
2.430980030206410447e+02 2.335850534205962781e+00 3.275370587906247977e+01
2.431897969457962745e+02 2.256027297645018859e+00 3.265346534653465227e+01
2.427961067293169890e+02 1.935755439950774814e+00 3.143156010516305798e+01
2.421313978855512801e+02 1.591122671589192850e+00 2.973622531744699771e+01
2.416970968283268917e+02 1.317083403255579821e+00 2.907674665771661893e+01
2.415169491525423666e+02 1.291855456732113883e+00 2.904916932371203231e+01
2.418350953739441707e+02 1.457011802875202822e+00 2.897801644571236679e+01
2.420260670134809970e+02 1.534653465346534684e+00 2.912404206522347039e+01
2.422686692398053481e+02 1.768081892935056132e+00 2.934130446942999271e+01
2.426113721541645702e+02 1.914806734910779129e+00 3.029960284164009465e+01
2.428643228729652606e+02 1.966241539408178030e+00 3.073628125524416888e+01
2.427980365833193446e+02 1.931867763047491193e+00 3.075451697712144039e+01
2.425831795043911256e+02 1.923980533646584945e+00 3.059559769536275553e+01
2.423491357610337218e+02 1.896151479554735175e+00 3.010449180511271550e+01
2.423394585221234081e+02 1.884124853163282376e+00 3.028117133747273115e+01
2.423303686300833419e+02 1.857162834927560624e+00 3.014431951669743270e+01
2.424852883593443948e+02 1.882474688146780872e+00 2.986809867427420784e+01
2.425665380097331649e+02 1.967164513061475661e+00 3.015922693964311563e+01
2.427958550092297401e+02 2.018375566370196328e+00 3.039699054651227783e+01
2.426793645466241571e+02 2.060692509928959026e+00 3.066266711416904300e+01
2.428596240980030245e+02 2.093108463388711815e+00 3.114717234435308058e+01
2.426510879901549345e+02 1.912373440733903918e+00 3.037917435811377587e+01
2.420983106785254790e+02 1.404961682608938833e+00 2.911092465178721156e+01
2.412810594618783853e+02 1.204508586451865426e+00 2.784575152430497269e+01
2.409575152430497269e+02 1.039743804888963563e+00 2.769477540974436280e+01
2.410438552329809170e+02 1.086004363148179275e+00 2.775588745315209493e+01
2.413741399563685093e+02 1.218828662527269735e+00 2.832111092465178714e+01
2.415267382670470511e+02 1.312356659394753100e+00 2.829753314314482182e+01
2.416738546736029605e+02 1.408737483917883226e+00 2.855350450299267351e+01
2.421700788722939990e+02 1.660821166862448850e+00 2.923197404486211326e+01
2.422881076243217535e+02 1.707529227499021030e+00 2.995483022878558899e+01
2.421799518934944331e+02 1.682832690048665869e+00 2.947247860379258100e+01
2.421250769144710944e+02 1.623958158527717188e+00 2.966524025283884214e+01
2.419199250433517818e+02 1.455585389047379330e+00 2.978819153101751027e+01
2.419169603401018094e+02 1.497314985735861637e+00 2.955725233540303165e+01
2.418507859260502357e+02 1.504195334787716165e+00 2.963299211277059797e+01
2.419816524025283968e+02 1.519969793589528440e+00 2.923401577445880051e+01
2.421374391676455673e+02 1.626083794820160078e+00 2.925023773563797036e+01
2.423618895787883787e+02 1.648486882586563729e+00 2.989671085752642909e+01
2.424714157856463714e+02 1.749258824187503558e+00 2.944783800413939545e+01
2.424337976170498337e+02 1.727443083291380077e+00 2.941875034961123347e+01
2.422673826704704254e+02 1.636684007383789163e+00 2.911369357274710623e+01
2.418349275605526714e+02 1.302959109470269050e+00 2.835707892823180742e+01
2.411080718241315708e+02 9.960563852995468759e-01 2.757641103093360258e+01
2.407436370755719679e+02 9.150304860994573630e-01 2.718974100799910332e+01
2.409097723331655061e+02 9.170162778989763286e-01 2.768216143648263028e+01
2.411067013481008985e+02 1.067852547966661181e+00 2.790683559881411924e+01
2.412538736924539933e+02 1.191307266319852287e+00 2.843100072719136406e+01
2.418015047267438717e+02 1.298903619175476809e+00 2.825935559657660789e+01
2.419533199082620172e+02 1.453655535045029978e+00 2.902382950159422847e+01
2.420760754041505720e+02 1.490686356771270260e+00 2.894565643004978384e+01
2.418801812384628249e+02 1.459976506125188811e+00 2.947435251999776185e+01
2.416810426805392353e+02 1.311993063713150942e+00 2.911688202718577045e+01
2.416194551658555554e+02 1.303910052022151378e+00 2.896403199641997972e+01
2.416707501258600530e+02 1.326369077585724643e+00 2.963198523242154891e+01
2.417224925882418631e+02 1.363959277283660620e+00 2.944923644906863558e+01
2.417450914582983614e+02 1.438328578620573950e+00 2.971074565083626950e+01
2.418226212451753554e+02 1.446187839122895280e+00 2.985528891872237978e+01
2.419077585724674293e+02 1.512222408681546115e+00 3.007590759075907627e+01
2.419786037925826463e+02 1.586004363148179275e+00 3.046204620462046364e+01
2.422003412205627342e+02 1.625272696761201452e+00 3.088471220003356166e+01
2.422916317055434376e+02 1.534261900766347830e+00 3.051938244671924849e+01
2.415487218213346807e+02 1.143927952117245628e+00 2.936174973429546498e+01
2.408449683951446048e+02 9.678917044246797552e-01 2.921253566034569715e+01
2.404157856463612575e+02 8.890753482127873308e-01 2.821849303574425250e+01
2.405960172288415322e+02 8.527717178497510320e-01 2.856444034233931717e+01
2.406271745818649777e+02 8.971024221066173920e-01 2.855842702914359066e+01
2.408674274207081680e+02 1.081081836997259016e+00 2.947885551266990944e+01
2.411939083738882346e+02 1.195670414499077072e+00 2.959526206857973918e+01
2.416242937853107264e+02 1.269787995748727472e+00 3.088496392012082481e+01
2.418609666051350757e+02 1.386502209542988195e+00 3.056044078984169587e+01
2.417603345080270856e+02 1.339150864238966232e+00 3.020820048106505595e+01
2.416817698719024463e+02 1.302008166918386722e+00 3.056060860323320583e+01
2.414424120378139378e+02 1.290932483078816251e+00 3.039967556077641575e+01
2.413725457291491807e+02 1.300218157408961295e+00 3.022039492084801537e+01
2.414318957319460708e+02 1.354337976170498337e+00 3.043575543995077481e+01
2.414310286960899532e+02 1.381523745594898545e+00 3.106044078984169587e+01
2.415047547127594214e+02 1.428735246405996584e+00 3.112658723499468749e+01
2.417652010963808209e+02 1.479303015047267467e+00 3.132648095318006298e+01
2.416315936678413721e+02 1.557140459808692645e+00 3.135268781115399506e+01
2.420604128209430996e+02 1.654584102478044327e+00 3.178215024892319818e+01
2.419925043351792908e+02 1.579655423169435524e+00 3.186932930581193801e+01
2.416494098562398563e+02 1.182776752251496255e+00 3.129168764334060526e+01
2.407997426861330155e+02 9.750797113609666056e-01 3.012018235721877346e+01
2.404438384516417671e+02 9.074229456843989627e-01 2.965606645410303699e+01
2.403242714101918693e+02 8.913408289981540333e-01 2.935755439950774814e+01
2.405831235665939403e+02 9.081221681490182496e-01 2.989162051798400199e+01
2.406311181965654100e+02 1.086339989931196515e+00 3.075524416848464426e+01
2.410286681210494066e+02 1.177043128041617814e+00 3.083204676399843436e+01
2.414132125076914406e+02 1.274654584102478116e+00 3.094509705207808992e+01
2.415725513229289163e+02 1.358952844436986052e+00 3.136272864574593200e+01
2.417585165296190723e+02 1.461319013257257993e+00 3.151868322425463020e+01
2.415173686860211433e+02 1.360910667337920321e+00 3.126103373049169321e+01
2.413297253454159090e+02 1.316607931979638657e+00 3.089774570677406729e+01
2.414922805839906061e+02 1.285198858868937810e+00 3.122212899256027185e+01
2.413401297756894337e+02 1.325725792918274859e+00 3.112647535940034516e+01
2.413641830284723255e+02 1.388264250153828927e+00 3.102539575991497500e+01
2.415085025451697618e+02 1.450830676287967691e+00 3.135450578956200829e+01
2.415912065782849538e+02 1.509928958997594606e+00 3.139822117805000801e+01
2.417041449907702599e+02 1.570313811042121088e+00 3.125815293393746330e+01
2.420175364994126426e+02 1.628517088997035289e+00 3.210524696537450495e+01
2.420965206690160585e+02 1.668400738378922554e+00 3.217922470213122921e+01
2.418322984840856975e+02 1.425714605358840981e+00 3.131674777647256391e+01
2.411608491357610262e+02 1.099820999049057502e+00 3.023977736756726387e+01
2.406432007607540413e+02 9.338815237455948548e-01 2.960569446775186009e+01
2.404144151703305852e+02 9.034793309839458386e-01 2.950704816244336470e+01
2.406504726743860942e+02 9.341332438328578958e-01 2.988862784583542975e+01
2.408672596073166687e+02 9.909101079599484940e-01 2.988762096548638070e+01
2.409596968171393314e+02 1.155702858421435275e+00 3.056986630866476418e+01
2.411873077138222357e+02 1.239917212060189122e+00 3.090792638585892504e+01
2.416120154388320316e+02 1.388124405660905003e+00 3.128142305755999431e+01
2.418787268557364314e+02 1.421463332773955424e+00 3.170545952900374687e+01
2.415539240364714431e+02 1.421435363875370506e+00 3.146338871175253260e+01
2.415351009677238778e+02 1.401465570285842066e+00 3.147726128545057733e+01
2.414348884040946359e+02 1.404038708955641424e+00 3.133034066118476346e+01
2.414144151703305852e+02 1.420764110309336026e+00 3.123854673602953369e+01
2.415015942272193286e+02 1.436119035632376750e+00 3.161330200816691871e+01
2.415879621860491113e+02 1.492728086367958840e+00 3.176413827823460423e+01
2.416839794148906435e+02 1.542960228226212482e+00 3.230195222912121977e+01
2.419648710633775295e+02 1.661380544834144324e+00 3.236849023885439181e+01
2.419820159982099881e+02 1.737763606869161537e+00 3.237391620517983881e+01
2.420359400346814311e+02 1.781003524081221645e+00 3.280231582480281816e+01
2.417772556916708595e+02 1.584186384740168929e+00 3.230824523130279147e+01
2.414412373440733859e+02 1.268305644123734366e+00 3.143986686804273489e+01
2.409615987022430943e+02 1.083151535492532291e+00 3.091701627789897699e+01
2.405283324942663796e+02 1.006041282094311207e+00 3.020182357218772751e+01
2.405365273815517071e+02 1.009845052301840296e+00 3.051247412876880816e+01
2.406962857302679311e+02 1.083710913464227765e+00 3.074984617105778284e+01
2.410860323320467558e+02 1.238127202550763473e+00 3.133825585948425285e+01
2.412844157297085701e+02 1.412569223023997234e+00 3.240278010851932322e+01
2.416224478380041489e+02 1.509229736532975430e+00 3.310812776192873486e+01
2.419032555797952568e+02 1.578452760530290266e+00 3.339676679532360026e+01
2.418654695978072482e+02 1.581836997259048028e+00 3.325597135984784813e+01
2.417284779325390218e+02 1.550567768641270883e+00 3.292688929909940043e+01
2.416822173742797872e+02 1.506404877775913143e+00 3.289360630978352162e+01
2.416318453879286210e+02 1.427420708172512098e+00 3.262012641942160229e+01
2.414968115455613429e+02 1.452229121217206487e+00 3.221368238518767413e+01
2.416529619063601331e+02 1.514627733959836631e+00 3.265813615259830982e+01
2.416225317446998986e+02 1.562846115119986612e+00 3.261945516585556959e+01
2.418804888963472592e+02 1.652626279577110280e+00 3.322425462885271230e+01
2.420700900598534417e+02 1.705851093583934608e+00 3.339209598925994271e+01
2.421182804721150035e+02 1.739106114001230718e+00 3.343142026067013717e+01
2.421242658164121622e+02 1.685769424400067162e+00 3.335243609106673546e+01
2.416984673043575640e+02 1.429266655479107140e+00 3.214778766012194211e+01
2.411874195894165780e+02 1.227974492364490633e+00 3.131618839850086644e+01
2.407403087766403758e+02 1.055853890473793077e+00 3.032885830955977013e+01
2.407132069139117334e+02 1.065950662862896525e+00 3.052959109470269183e+01
2.410458969625776149e+02 1.195726352296246464e+00 3.106813223695250770e+01
2.411595345975275393e+02 1.322928903059797490e+00 3.176659954131006458e+01
2.415447782066342199e+02 1.486826648766571557e+00 3.193676232029982742e+01
2.417848632320859110e+02 1.718996475918778355e+00 3.265589864071152704e+01
2.418344520892767378e+02 1.817083403255579821e+00 3.248830900039156688e+01
2.420722716339430463e+02 1.778514292107176820e+00 3.255490294792191008e+01
2.419540470996252282e+02 1.789953571628349227e+00 3.243690216479274824e+01
2.416819376852939456e+02 1.673099513341164579e+00 3.178329697376517160e+01
2.416752531185321970e+02 1.681210493930749061e+00 3.151090787044806163e+01
2.418154052693404878e+02 1.705655311293841292e+00 3.164708843765732382e+01
2.419469150304861103e+02 1.783129160373664535e+00 3.112367846954186845e+01
2.418286065894725141e+02 1.801532695642445558e+00 3.159979303015047236e+01
2.419383845164177558e+02 1.925686636460256285e+00 3.222559713598478481e+01
2.421683727694803281e+02 1.984169603401018112e+00 3.238121608771046311e+01
2.423016725401353710e+02 2.066677854226100397e+00 3.280888851597023859e+01
2.423197124797225399e+02 2.001957822900934048e+00 3.261193153213626772e+01
2.420386530178441546e+02 1.753454158975219501e+00 3.235017061028136709e+01
2.413185098170833953e+02 1.345108239637523129e+00 3.097684175197180778e+01
2.409310286960899532e+02 1.289981540526934145e+00 3.049060245007551728e+01
2.409209878614980198e+02 1.295155786765117112e+00 2.999879733736085541e+01
2.411948593164401302e+02 1.349387481120993382e+00 3.049132964143872115e+01
2.415187950998489725e+02 1.572103820551546738e+00 3.088171952788499297e+01
2.418282429937908944e+02 1.750908989204005062e+00 3.115433238239078051e+01
2.422707948760977672e+02 1.993175588745315308e+00 3.218389550819488676e+01
2.424187503496112299e+02 2.104799462997147153e+00 3.239500475471275820e+01
2.424434189181629904e+02 2.125048945572523440e+00 3.212228002461262832e+01
2.421981596464731297e+02 1.931336353974380415e+00 3.181711137215416585e+01
2.421557587962186062e+02 1.940398277115847225e+00 3.164266935168092942e+01
2.420715164736812710e+02 1.918218940538121586e+00 3.177504614868266586e+01
2.421224478380041489e+02 1.978687699278402379e+00 3.131120993455277812e+01
2.421371035408625687e+02 2.019969793589528440e+00 3.133347317782625652e+01
2.423638753705879196e+02 2.072942887509090060e+00 3.149202886390333944e+01
2.422499860155507179e+02 2.084466073726016777e+00 3.166233148738602665e+01
2.425625104883369829e+02 2.176120154388320405e+00 3.154086256083235540e+01
2.425790960451977298e+02 2.238938300609722098e+00 3.206393690216479087e+01
2.424706046875874108e+02 1.967276388655814667e+00 3.136865805224590176e+01
2.419562566426134254e+02 1.709151423616938059e+00 3.074344129328186881e+01
2.415052022151367623e+02 1.511131621636739863e+00 2.966750573362421051e+01
2.413242714101918693e+02 1.435783408849359510e+00 2.923278514292107033e+01
2.413877608099793122e+02 1.466157632712423720e+00 2.929845611679812123e+01
2.415106002125636167e+02 1.542400850254517009e+00 2.956656597863176117e+01
2.418162443362980412e+02 1.828187055993734988e+00 3.030704256866364688e+01
2.423673155451138257e+02 1.958633998993119629e+00 3.102503216423337307e+01
2.425825641886222570e+02 2.127062706270626880e+00 3.212356659394752967e+01
2.427224086815461135e+02 2.193908373888236341e+00 3.230914023605750174e+01
2.425693348995916665e+02 2.189293505621748626e+00 3.207347429658219795e+01
2.424570118028752006e+02 2.107148850478268276e+00 3.164001230631537709e+01
2.422736756726520184e+02 2.086507803322705357e+00 3.182074732897018521e+01
2.422450075516026118e+02 1.990322761089668324e+00 3.152452872405884676e+01
2.422622363931308485e+02 2.007411758124964862e+00 3.161791687643340509e+01
2.422545449460200189e+02 2.049393074900710321e+00 3.159078704480617716e+01
2.424189181630027292e+02 2.143648263131397780e+00 3.169925043351792837e+01
2.425006712535660256e+02 2.205767186888180298e+00 3.129834424120378245e+01
2.426783017284779191e+02 2.222212899256027274e+00 3.150855848296694006e+01
2.428399339933993417e+02 2.140096213011131621e+00 3.137271354254069422e+01
2.423106505565810949e+02 1.850030765788443166e+00 3.074875538401297703e+01
2.418078816356211860e+02 1.630698663086647571e+00 3.012320299826592773e+01
2.413983610225429288e+02 1.444593611903563168e+00 2.978553448565195438e+01
2.412502097667393741e+02 1.446523465905912520e+00 3.002209542988197200e+01
2.415827320020137563e+02 1.586731554511383369e+00 3.066588353750629281e+01
2.417663757901213728e+02 1.715919897074453138e+00 3.096873077138222285e+01
2.420296750013984308e+02 1.872014320076075489e+00 3.138980253957599231e+01
2.424890641606533563e+02 2.147759691223359635e+00 3.267365889131286139e+01
2.424718073502265554e+02 2.177798288303406604e+00 3.321164065559098333e+01
2.425116350618112619e+02 2.190719919449572117e+00 3.287067181294400342e+01
2.423169435587626594e+02 2.062706270627062910e+00 3.259129048498070347e+01
2.422015159143032861e+02 2.038932706830005159e+00 3.256902724170722507e+01
2.420576998377803761e+02 2.021927616490462487e+00 3.223477093472059352e+01
2.421606253845723415e+02 2.065083627006768285e+00 3.298811321810146779e+01
2.421362085361078584e+02 2.088577501817978188e+00 3.305135089780164748e+01
2.422564188622252175e+02 2.216842870727750547e+00 3.327247301001286672e+01
2.424581864966157525e+02 2.294736253286345562e+00 3.369723667281982671e+01
2.425353526878111552e+02 2.387033618616098973e+00 3.373896626950830324e+01
2.426514515858365542e+02 2.354142193880405021e+00 3.464110309336018645e+01
2.422593276276780330e+02 1.970408905297309499e+00 3.334701012474128845e+01
2.416160149913296493e+02 1.742070817251216708e+00 3.236935727471052360e+01
2.412431336353974416e+02 1.631453823348436583e+00 3.277194160093975484e+01
2.411612407003412102e+02 1.643844045421491318e+00 3.230502880796554166e+01
2.413789785758236803e+02 1.659562566426134200e+00 3.223600156625832369e+01
2.415354086256083121e+02 1.959305252559154331e+00 3.266230351848744107e+01
2.419916932371203302e+02 2.088969066398165264e+00 3.336868602114448379e+01
2.423362141298875656e+02 2.253286345583711103e+00 3.375946747217094668e+01
2.424140515746489939e+02 2.315097611456061077e+00 3.433003300330032914e+01
2.424690104603680822e+02 2.328270962689489298e+00 3.422875762152486345e+01
2.422253174469989290e+02 2.285086983274598804e+00 3.370657828494714181e+01
2.422125636292442721e+02 2.267214857078928336e+00 3.359859036751132777e+01
2.419923085528891988e+02 2.189181630027409398e+00 3.347189125692230505e+01
2.421281255244168449e+02 2.226631985232421673e+00 3.386639257146053694e+01
2.421184762544050955e+02 2.275661464451530058e+00 3.404637243385355561e+01
2.421929854002349316e+02 2.357190803826145320e+00 3.397899535716283737e+01
2.425164457123678403e+02 2.337193041338032184e+00 3.403479330983945772e+01
2.424395592101583077e+02 2.427196956983833864e+00 3.432547407283101393e+01
2.424570677406723860e+02 2.332634110868713861e+00 3.431526542484756703e+01
2.419829389718632910e+02 2.038429266655479299e+00 3.361000167813391215e+01
2.414652626279577134e+02 1.851149521731834113e+00 3.304405101527101607e+01
2.412327012362253242e+02 1.763047491189796867e+00 3.245334787716059566e+01
2.413985288359344281e+02 1.811265872349946848e+00 3.231378307322257371e+01
2.414865749286793175e+02 1.816663869776808271e+00 3.280981148962354155e+01
2.417887788778877791e+02 1.951110365273815539e+00 3.391396766795323714e+01
2.422660401633383742e+02 2.287072775074117548e+00 3.471010236616881883e+01
2.424841696034010283e+02 2.407786541366001121e+00 3.501915869553057092e+01
2.424283996196229793e+02 2.464899032276108848e+00 3.532276108966829042e+01
2.424168764334060597e+02 2.463500587346870496e+00 3.531059461878390948e+01
2.423723499468590887e+02 2.465206690160541392e+00 3.555772780667897592e+01
2.421938524360910776e+02 2.259495441069530486e+00 3.517533702522794670e+01
2.422059070313811162e+02 2.252950718800693419e+00 3.496568216143648300e+01
2.421339710242210685e+02 2.245622867371483089e+00 3.445396319292946430e+01
2.421397326173295426e+02 2.318565754880572705e+00 3.418090283604631452e+01
2.425107400570565517e+02 2.390026290764669881e+00 3.505107120881579874e+01
2.428199082620126319e+02 2.392907087318901560e+00 3.537525871231191132e+01
2.425124181909716299e+02 2.332550204172959774e+00 3.460893885998769548e+01
2.423071824131565677e+02 2.072495385131733592e+00 3.391374391676455957e+01
2.416628908653577241e+02 1.844241203781395111e+00 3.304835822565307524e+01
2.412827935335906488e+02 1.738574704928119941e+00 3.321426973205795008e+01
2.415791519829949152e+02 1.776080997930301608e+00 3.310393242714101802e+01
2.416400962130111338e+02 1.851513117413436271e+00 3.353415002517201060e+01
2.419650109078704361e+02 1.981316775745371128e+00 3.405965766068132439e+01
2.422484197572299536e+02 2.264529842814789973e+00 3.511618280472114861e+01
2.425945628461151102e+02 2.417491749174917270e+00 3.477851429210717527e+01
2.425976114560608607e+02 2.433741679252670931e+00 3.486821054986854307e+01
2.425727750741175726e+02 2.463556525144039888e+00 3.478212228002461615e+01
2.424070313811042183e+02 2.410247804441461028e+00 3.434714996923420927e+01
2.424193936342786913e+02 2.207361414107512410e+00 3.396506684566761436e+01
2.422231918107064814e+02 2.232253733847961108e+00 3.350481065055657837e+01
2.421727359176595655e+02 2.208032667673546889e+00 3.293225932762767627e+01
2.422862616770151476e+02 2.214745203333892576e+00 3.347905129496000143e+01
2.424591654080662408e+02 2.314370420092856762e+00 3.363369133523521981e+01
2.425721597583487039e+02 2.310790401074005906e+00 3.341989707445321045e+01
2.425189349443418791e+02 2.192789617944845393e+00 3.358555686077082214e+01
2.421555630139285142e+02 1.880768585333109533e+00 3.316993902780108527e+01
2.415727750741175726e+02 1.690747888348156813e+00 3.203484924763662889e+01
2.412166470884376679e+02 1.526234826872517658e+00 3.184038149577669685e+01
2.413319348884041062e+02 1.534457683056441146e+00 3.105529451250209760e+01
2.414754712759411461e+02 1.562706270627062688e+00 3.082323656094423114e+01
2.416203781395088583e+02 1.801952229121217108e+00 3.184468870615875247e+01
2.419751915869553045e+02 1.945208927672428256e+00 3.216188398500867152e+01
2.422286737148291138e+02 2.151703305923812870e+00 3.246302511607093066e+01
2.423907255132292846e+02 2.156038485204452737e+00 3.296901046036806804e+01
2.423951725681042717e+02 2.132292890305979682e+00 3.237271354254069422e+01
2.421810147116406426e+02 2.099709123454718274e+00 3.252799686748335972e+01
2.422304916932371270e+02 2.010124741287687922e+00 3.253291939363428042e+01
2.420803546456340598e+02 2.008670358561279734e+00 3.211727359176595797e+01
2.419193097275829416e+02 2.033115175924371965e+00 3.253112938412485278e+01
2.420429602282262067e+02 2.069894277563349760e+00 3.259201767634390734e+01
2.420082787939811055e+02 2.169463556525144110e+00 3.266764557811713132e+01
2.423418918163002616e+02 2.204396710857526642e+00 3.276192873524640703e+01
2.423433461990266835e+02 2.087878279353359012e+00 3.268378363260055153e+01
2.418889914415170210e+02 1.713682385187671242e+00 3.145494210437992777e+01
2.411913911730156030e+02 1.454326788611064458e+00 3.064848688258656395e+01
2.409103317111372178e+02 1.369329305811937125e+00 2.987688090842982547e+01
2.408111539967556212e+02 1.342898696649325929e+00 2.933842367287576280e+01
2.410924092409240984e+02 1.406723723219779565e+00 2.972562510488337040e+01
2.413176148123286850e+02 1.613357945964087881e+00 3.088857190803826214e+01
2.416668904178553419e+02 1.741875034961123170e+00 3.122484197572299536e+01
2.418301169099960930e+02 1.874056049672763846e+00 3.185895284443698472e+01
2.419799462997147259e+02 1.914806734910779129e+00 3.172721933210270251e+01
2.418165240252838828e+02 1.909996084354198098e+00 3.191545001957823047e+01
2.417781786653241625e+02 1.854505789562006957e+00 3.222271633943055491e+01
2.416716730995133275e+02 1.778710074397270136e+00 3.174998601555070721e+01
2.417646976562062946e+02 1.787995748727415180e+00 3.191900206969849663e+01
2.415604407898416923e+02 1.815377300441908703e+00 3.228754824635005605e+01
2.416107009005985446e+02 1.852575935559657605e+00 3.221516473681266746e+01
2.417858421435363994e+02 1.950327236113441831e+00 3.205644123734407458e+01
2.418859708004698916e+02 2.027801085193265074e+00 3.220769704089052965e+01
2.419955809140236056e+02 1.910835151311741420e+00 3.241321250769144768e+01
2.415456172735917733e+02 1.562734239525647384e+00 3.156502768920960023e+01
2.406993063713150889e+02 1.337612574816803734e+00 3.077023549812608394e+01
2.403202438887956589e+02 1.195027129831627288e+00 3.016772948481288807e+01
2.403584214353638799e+02 1.183252223527437419e+00 2.997499580466521252e+01
2.404362029423281228e+02 1.219891480673491069e+00 3.049681154556133578e+01
2.407882194999160959e+02 1.340549309168205028e+00 3.074760865917100361e+01
2.411052469653745050e+02 1.564328466744979496e+00 3.147298204396710730e+01
2.414523409968115573e+02 1.677490630418974060e+00 3.201929854002349174e+01
2.415246965374503532e+02 1.729792470772500979e+00 3.172523354030318288e+01
2.415158303965989717e+02 1.692873524640599703e+00 3.171259159814286477e+01
2.413232645298428167e+02 1.658331934888404025e+00 3.143343402136823883e+01
2.411555350450299215e+02 1.637047603065391321e+00 3.117835766627510097e+01
2.411814901829166047e+02 1.602142417631593707e+00 3.130237176259998932e+01
2.413422554119818813e+02 1.593360183475974745e+00 3.155616154835822584e+01
2.412761649046260573e+02 1.566510040834591999e+00 3.127272473010012988e+01
2.413580019018851033e+02 1.613357945964087881e+00 3.204732337640543705e+01
2.414127650053140997e+02 1.704788275437713274e+00 3.277999664373216859e+01
2.413936622475806928e+02 1.662862896459137430e+00 3.250251720087263152e+01
2.410773899423840589e+02 1.429854002349387532e+00 3.194632768361582009e+01
2.404656541925378974e+02 1.171197628237399924e+00 3.053342283380880318e+01
2.398204396710857509e+02 9.704928119930636976e-01 2.938913128600995606e+01
2.398138949488169089e+02 9.715556301392851424e-01 2.955532248140068319e+01
2.399598366616322664e+02 1.074369301336913329e+00 2.999149745483022755e+01
2.402410919058007437e+02 1.121105330872070205e+00 3.041030374223863220e+01
2.403565195502601171e+02 1.272836605694467771e+00 3.092557476086591706e+01
2.407704872182133329e+02 1.453795379537953902e+00 3.124483973821110894e+01
2.410811657436930204e+02 1.506153157688650213e+00 3.199801420820048037e+01
2.408755943390949312e+02 1.483778038820831258e+00 3.173812720255076414e+01
2.407575376181685840e+02 1.458633998993119629e+00 3.138160765229065419e+01
2.406931532136264593e+02 1.412093751748056070e+00 3.133235442188286513e+01
2.405501762040610743e+02 1.297309391956144697e+00 3.103037422386306332e+01
2.404575432119483196e+02 1.308636795882978099e+00 3.130972758292778479e+01
2.404767298763774761e+02 1.324439223583375291e+00 3.140395480225988578e+01
2.406610449180511182e+02 1.422442244224422447e+00 3.149205683280192503e+01
2.407298484085696657e+02 1.417519718073502188e+00 3.147521955585389009e+01
2.408641270906751686e+02 1.493399339933993319e+00 3.138141187000055865e+01
2.407933657772557012e+02 1.384712200033562768e+00 3.078209431112602701e+01
2.402372042288974683e+02 1.122783464787156626e+00 3.011579124014096465e+01
2.395655031604855481e+02 9.334619902668233049e-01 2.953258376685126052e+01
2.391307266319852260e+02 8.581137774794428408e-01 2.941354813447446404e+01
2.389175756558706780e+02 8.114057168428707723e-01 2.933998993119650933e+01
2.392558874531520985e+02 8.352072495385132189e-01 2.970565531129384240e+01
2.395812776192873628e+02 1.015718521004642882e+00 3.057450914582983614e+01
2.400610281367119683e+02 1.092213458633999101e+00 3.139925602729764620e+01
2.402987637746825555e+02 1.189796945796274485e+00 3.142381272025507499e+01
2.405199138557923675e+02 1.344772612854505889e+00 3.174693740560496735e+01
2.403468702802483676e+02 1.295351569055210650e+00 3.204357554399507535e+01
2.400535045029926664e+02 1.227806678972982013e+00 3.113039100520221680e+01
2.400683280192426139e+02 1.174330144878894755e+00 3.138328578620573950e+01
2.400409464675281015e+02 1.191475079711360907e+00 3.106793645466241571e+01
2.400051183084410127e+02 1.182692845555741945e+00 3.129563125804105894e+01
2.401247133187895031e+02 1.206690160541477930e+00 3.134566761760921949e+01
2.404322033898305051e+02 1.304273647703753536e+00 3.139500475471275820e+01
2.404219108351513228e+02 1.298735805783968189e+00 3.184133243832857829e+01
2.405694467751859804e+02 1.348380600771941662e+00 3.174886725960731582e+01
2.405553224814006796e+02 1.286401521508083068e+00 3.153135313531353034e+01
2.400091737987358158e+02 1.008390669575432108e+00 3.062946803154891739e+01
2.391179168764334122e+02 8.408010292554679577e-01 2.997597471611567954e+01
2.387320299826592702e+02 7.228002461263075551e-01 2.972800246126307400e+01
2.388104827431895671e+02 6.684007383789226653e-01 2.917612015438832174e+01
2.390604687587402850e+02 6.997538736924540093e-01 2.948005817530905759e+01
2.394500195782290177e+02 8.327180175644682825e-01 3.010231023102310388e+01
2.396273144263578843e+02 9.378531073446327859e-01 3.054209319237008557e+01
2.400008950047547103e+02 1.094898472898137243e+00 3.088843206354533777e+01
2.400929126810986247e+02 1.053001062818146316e+00 3.109310846338871315e+01
2.399122056273423880e+02 1.012949600044750209e+00 3.102024948257537673e+01
2.396744979582703934e+02 9.511103652738155390e-01 3.085154108631202163e+01
2.393383957039771701e+02 9.236449068635677051e-01 3.062471331878950664e+01
2.393911450467080613e+02 9.028080774179112478e-01 3.049132964143872115e+01
2.393039939587179106e+02 8.960116350618112513e-01 3.029300218157408864e+01
2.394156178329697298e+02 9.153661128824747140e-01 3.074595849415450033e+01
2.396910835151311687e+02 9.048777759131845233e-01 3.075351009677238778e+01
2.398016725401353710e+02 9.896515075236337333e-01 3.062272752698998701e+01
2.400339822117805113e+02 9.904905744811769441e-01 3.078237400011187574e+01
2.400060133131957230e+02 9.548861665827599321e-01 3.055932203389830448e+01
2.394216870839626381e+02 7.847233875929965352e-01 2.948864462717458323e+01
2.386399004307210419e+02 5.999049057448118116e-01 2.827429098842087640e+01
2.381263355149074243e+02 4.891480673491078179e-01 2.777412317502936645e+01
2.380383733288583130e+02 4.502992672148570796e-01 2.772053476534093974e+01
2.383326341108687245e+02 4.546344464954970022e-01 2.810348492476366289e+01
2.386131062258768338e+02 5.105163058678748866e-01 2.848112099345527781e+01
2.391296638138390165e+02 6.610449180511271949e-01 2.867936454662415358e+01
2.392588801253006636e+02 7.397493986686803913e-01 2.909708004698774886e+01
2.392058231246853381e+02 7.716339430553225132e-01 2.887867091793925312e+01
2.390054819041226040e+02 7.217933657772557243e-01 2.916717010684119415e+01
2.387921631146165566e+02 6.802595513788667336e-01 2.867072215696146031e+01
2.385929965877943744e+02 6.162387425183196710e-01 2.890694747440845802e+01
2.386377468255300016e+02 6.086871399004307737e-01 2.887402808077417760e+01
2.386607931979638693e+02 6.124629412093751668e-01 2.899913296414387176e+01
2.389070034122056256e+02 6.080718241315656858e-01 2.911828047211500703e+01
2.388527717178497483e+02 6.562622363931308600e-01 2.898833696929014891e+01
2.390486099457403384e+02 6.702187167869328999e-01 2.961305028807965556e+01
2.391572411478435924e+02 7.108295575320243698e-01 2.955845499804217624e+01
2.389193376964815059e+02 6.464171840912904532e-01 2.935405828718464960e+01
2.382478603792582703e+02 4.754153381439839010e-01 2.865928287744028680e+01
2.374874979023325920e+02 3.407171225597135922e-01 2.788275437713262761e+01
2.372753258376685039e+02 3.302008166918386500e-01 2.762983162723051933e+01
2.372356939083738894e+02 3.056720926329921095e-01 2.819167086200145533e+01
2.375121105330871956e+02 3.712591598142865323e-01 2.814652905968562990e+01
2.378897186328802320e+02 4.827431895731946199e-01 2.884921966772948565e+01
2.383489120098450655e+02 5.632936174973429688e-01 2.899625216758964186e+01
2.386922022710745637e+02 6.261117637187447738e-01 2.950573362420987777e+01
2.388188734127650150e+02 6.307266319852323777e-01 2.925488057280304233e+01
2.384616546400402797e+02 5.814454326788610627e-01 2.928986966493259558e+01
2.381434804497398829e+02 5.426246014431951314e-01 2.905565810818369954e+01
2.379127370364155070e+02 5.556860770822844575e-01 2.893491637299323216e+01
2.380390166135257459e+02 5.448900822285618339e-01 2.890915701739665522e+01
2.380297589080942089e+02 5.998769368462270046e-01 2.884245119427196968e+01
2.383800693628684826e+02 6.200145438272640641e-01 2.903496112323096767e+01
2.385291715612239329e+02 6.499132964143872204e-01 2.929921127705991069e+01
2.386825809699614069e+02 6.836437881076242729e-01 2.944708284387760955e+01
2.387304637243385343e+02 6.494378251384460565e-01 2.950553784191978579e+01
2.382718017564468198e+02 4.741567377076690848e-01 2.886004363148179053e+01
2.374651787212619638e+02 3.700285282765564676e-01 2.813173351233428576e+01
2.370126139732617219e+02 2.462102142417631478e-01 2.744797784863231982e+01
2.369646752810874375e+02 2.493427308832578126e-01 2.764247356939083744e+01
2.370761593108463501e+02 3.039939587179056879e-01 2.792758852156402227e+01
2.372967779828830430e+02 3.528835934440901489e-01 2.820724953851317451e+01
2.378354869385243546e+02 4.427756334955529338e-01 2.912865693348996032e+01
2.383585612798567865e+02 5.628181462214018049e-01 2.956902724170722152e+01
2.386598422554119736e+02 5.976673938580299161e-01 2.969455165855568524e+01
2.383679588297812870e+02 5.786205739217989974e-01 2.971164065559098333e+01
2.381971807350226413e+02 4.738770487218213479e-01 2.904953291939363424e+01
2.379604519774011351e+02 4.688426469765620830e-01 2.953409408737483943e+01
2.377992112770598965e+02 4.742686133020081463e-01 2.977135425406947533e+01
2.379469989371818599e+02 4.657940370308217282e-01 2.918319628573026847e+01
2.379648430944789368e+02 5.049225261509201479e-01 2.945497007327851335e+01
2.382385747049281122e+02 5.434077306035688393e-01 2.928354869385243475e+01
2.383329697376517231e+02 5.775297868769927456e-01 2.918943335011467255e+01
2.385800469877496255e+02 5.799630810538680681e-01 2.974565083627006601e+01
2.385756279017732311e+02 5.440789841696034301e-01 2.955856687363651503e+01
2.380352687811154055e+02 4.408178105946187753e-01 2.885232421547239312e+01
2.373227051518711335e+02 2.874643396543044016e-01 2.832214577389942534e+01
2.367221010236616792e+02 2.144375454494601985e-01 2.765866756167142171e+01
2.367953236001566211e+02 2.260726072607260606e-01 2.789933993399339940e+01
2.369964479498797232e+02 2.706830005034401854e-01 2.822486994462158094e+01
2.373422274430832886e+02 3.344241203781395111e-01 2.856301392851149501e+01
2.378185377859819880e+02 3.739162051798400332e-01 2.923656094423001761e+01
2.383752307434133115e+02 4.861833640991217731e-01 3.001018067908485776e+01
2.384441461095262014e+02 5.434356995021536463e-01 3.006041282094311029e+01
2.383825585948425214e+02 5.461486826648767057e-01 3.048296694076187308e+01
2.380980030206410447e+02 4.695139005425966183e-01 2.962921631146165424e+01
2.380156066454103154e+02 4.490406667785422634e-01 2.932902612295127653e+01
2.379660177882194887e+02 4.398668680427365030e-01 2.937688090842982547e+01
2.380846059182189265e+02 4.716395368350394524e-01 2.991310063209710890e+01
2.382271074565083495e+02 5.256195111036527923e-01 3.012843318230127920e+01
2.384136040722716245e+02 5.696705263746714154e-01 3.068238518767130785e+01
2.385397997426861423e+02 5.884376573250544862e-01 3.077205347653409362e+01
2.388799854561727329e+02 6.435363875370587738e-01 3.048377803882083015e+01
2.390217038653017880e+02 6.856016110085584314e-01 3.012297924707725016e+01
2.386060860323320583e+02 6.020305420372545901e-01 3.011920344576830644e+01
2.379045980869273365e+02 3.647983442412037758e-01 2.905090339542428879e+01
2.371577166191195261e+02 2.779828830340660972e-01 2.860032443922358425e+01
2.368134474464395680e+02 2.793813279633047819e-01 2.847642221849303468e+01
2.370559937349667052e+02 2.612854505789561910e-01 2.836169379649829381e+01
2.373025675448900813e+02 2.895899759467472356e-01 2.859190580074956500e+01
2.376661352575935666e+02 3.962913240476589882e-01 2.943024556692957461e+01
2.380127538177546569e+02 4.695139005425966183e-01 2.966333836773507926e+01
2.383426190076634725e+02 5.258712311909157222e-01 2.994344688706158664e+01
2.386096940202494920e+02 5.418974100799910376e-01 2.963033506740504563e+01
2.385077473849079865e+02 5.447502377356380210e-01 2.976612407003412031e+01
2.384336577725569271e+02 5.540359120657828429e-01 2.952707389383006031e+01
2.383640711528780116e+02 5.344017452592716433e-01 2.963620853610784778e+01
2.383107344632768445e+02 5.375342619007663636e-01 2.941707221569614461e+01
2.384303294736253349e+02 5.719360071600380069e-01 2.918596520669015959e+01
2.385209766739385771e+02 6.078480729428875629e-01 3.002519997762487947e+01
2.388301169099960930e+02 6.646529059685629681e-01 3.012088157968339175e+01
2.389645913743916879e+02 6.883425630698662978e-01 3.004970073278514420e+01
2.391837556637019588e+02 7.511886781898529097e-01 3.028936622475806928e+01
2.394129887565027559e+02 7.176259998881243662e-01 3.055428763215304500e+01
2.392886670022934368e+02 6.239581585277171882e-01 3.038306203501706193e+01
2.387457627118644155e+02 4.939307490071040974e-01 2.912051798400178981e+01
2.379525367791016492e+02 3.608547295407507072e-01 2.869961402919953031e+01
2.375227107456508406e+02 3.461990266823292695e-01 2.827524193097275784e+01
2.376013313195726369e+02 3.285506516753370354e-01 2.817379873580578220e+01
2.378843765732505346e+02 3.749230855288918640e-01 2.864991329641438611e+01
2.381168260893886099e+02 4.379929518375566544e-01 2.887978967388264095e+01
2.385986463053085060e+02 5.551826369077585976e-01 2.933660569446775312e+01
2.391682329249874215e+02 6.583878726855736385e-01 2.997407283101191311e+01
2.392815069642557546e+02 7.037813950886614434e-01 3.010147116406555767e+01
2.392260446383621399e+02 6.742462381831403340e-01 3.048498070145997474e+01
2.390872070257873361e+02 6.522067460983386189e-01 3.009419925043351896e+01
2.388381999216870781e+02 5.684958326341108537e-01 2.997407283101191311e+01
2.389481456620238191e+02 5.670134810091178590e-01 2.988622252055714057e+01
2.390463444649549842e+02 6.025619511103652570e-01 3.022968059517816286e+01
2.389706885942831605e+02 6.291603736644850731e-01 3.041312860099569448e+01
2.393115175924372124e+02 6.774346926218045573e-01 3.082220171169659295e+01
2.391499132964143826e+02 7.201711696593388057e-01 3.081448229568719555e+01
2.393502545169771167e+02 7.452313027912961241e-01 3.104953291939363424e+01
2.397032220171169570e+02 8.312076970408904808e-01 3.131951669743245503e+01
2.398285506516753287e+02 8.357386586116238858e-01 3.142465178721262120e+01
2.392440566090507446e+02 5.931364322872965111e-01 3.071941600939754835e+01
2.386184762544050955e+02 4.352799686748335950e-01 3.009165408066230185e+01
2.381998657492868006e+02 3.560440789841696207e-01 2.942730883257817354e+01
2.379734575152430409e+02 3.574145550148234984e-01 2.930544834144431476e+01
2.381986910555462202e+02 3.811042121161268836e-01 2.969617385467360293e+01
2.382683895508194780e+02 4.229177155003636113e-01 3.022484197572299536e+01
2.386881747496783532e+02 5.347373720422889942e-01 3.074562286737148398e+01
2.390869553057000587e+02 6.127146612966380967e-01 3.076075404150584447e+01
2.394108631202103368e+02 7.212899256027297534e-01 3.125748168037142705e+01
2.394750797113609622e+02 7.086479834424120883e-01 3.148531632824299464e+01
2.393182580969961464e+02 6.656038485204452959e-01 3.188907534821278844e+01
2.393009173798735674e+02 6.612407003412205109e-01 3.186496615763271123e+01
2.391609889802539612e+02 6.199865749286792571e-01 3.196394808972422652e+01
2.391670862001454338e+02 6.179728142305755956e-01 3.176738267047043607e+01
2.393052805280528048e+02 6.629747720534765465e-01 3.153848520445264825e+01
2.395005034401745263e+02 7.021591989707445247e-01 3.187881076243217393e+01
2.395248363819432882e+02 7.534821278738043082e-01 3.169004866588353764e+01
2.398208592045645275e+02 8.000503440174525638e-01 3.202564748000223460e+01
2.398181182525032114e+02 8.234603121329081565e-01 3.242224646193432847e+01
2.400201376069810237e+02 8.839850086703585630e-01 3.234054930916820325e+01
2.399615427644459373e+02 8.263411086871399469e-01 3.190347933098394506e+01
2.392904010740057004e+02 5.656989427756334843e-01 3.114054371538848898e+01
2.385847177938132688e+02 4.435307937573418346e-01 3.016949152542373014e+01
2.381541645689992777e+02 4.344129328187055772e-01 2.990319964199809988e+01
2.383637914638921416e+02 4.287911842031660870e-01 2.973530234379370185e+01
2.383826984393354564e+02 4.760586228114336849e-01 2.997457627118643941e+01
2.387971136096660416e+02 5.813894948816915598e-01 3.061288247468814561e+01
2.392467975611120323e+02 6.770431280416177033e-01 3.086133020081669187e+01
2.395741455501482449e+02 7.266879230295910652e-01 3.120800469877496397e+01
2.396856016110085648e+02 7.959668848240756267e-01 3.147292610616993969e+01
2.397276948033786539e+02 7.928343681825810174e-01 3.127289254349163627e+01
2.395978072383509527e+02 7.800525815293394283e-01 3.114180231582480118e+01
2.395357162834927465e+02 7.622923309280080773e-01 3.102357778150696532e+01
2.394860714885047912e+02 7.674665771661911551e-01 3.096814342451194335e+01
2.396363204117022008e+02 7.749622419869105494e-01 3.134278682105498604e+01
2.397641942160317683e+02 8.278793981093024446e-01 3.121404598086927251e+01
2.398337248979135268e+02 8.943614700453096367e-01 3.088096436762320351e+01
2.401490182916596723e+02 9.688426469765620830e-01 3.145983666163226644e+01
2.403694971192034586e+02 1.008698327459864652e+00 3.151255803546456491e+01
2.403924595849415482e+02 9.525647480002237266e-01 3.156634222744308360e+01
2.406220562734239650e+02 9.787436370755719928e-01 3.110728869497119220e+01
2.402945684398948458e+02 8.226771829725345597e-01 3.082060748447726084e+01
2.395688314594171402e+02 6.584717793813279485e-01 2.994574033674554059e+01
2.389315601051630722e+02 5.381775465682161474e-01 2.904807853666722650e+01
2.388209151423616845e+02 5.001398444929239240e-01 2.856569894277563293e+01
2.390424847569502731e+02 5.696984952732561114e-01 2.876061419701292010e+01
2.392373720422889676e+02 6.124070034122056638e-01 2.922098226771829843e+01
2.397902612295127938e+02 7.089836102254293282e-01 2.985822565307378085e+01
2.400818369972590460e+02 8.829221905241371182e-01 3.028147899535716192e+01
2.403746433965430356e+02 9.071152877999664188e-01 3.071689880852492038e+01
2.402484756950271390e+02 9.374335738658611250e-01 3.028290540918498763e+01
2.400250041953347875e+02 9.685070201935447320e-01 3.024428036023941502e+01
2.401880069362868539e+02 8.910052022151367934e-01 3.090661184762544167e+01
2.399930637131509741e+02 8.303965989819320770e-01 3.030628740840185742e+01
2.398385914862672621e+02 8.467863735526095503e-01 2.985828159087095202e+01
2.399207641103093351e+02 8.598758180902835724e-01 2.987878279353359190e+01
2.401575767746266195e+02 8.977177378754824799e-01 2.995606086032331916e+01
2.402655087542652552e+02 9.784639480897242558e-01 3.072856183923477147e+01
2.404624377692006476e+02 1.020864798344241153e+00 3.070255076355093138e+01
2.405980030206410447e+02 1.045673211388935542e+00 3.061534373776360596e+01
2.406484868825865533e+02 1.011942719695698489e+00 3.086801476757845109e+01
2.400709291268109951e+02 8.668400738378922998e-01 3.006127985679923853e+01
2.397153045813055883e+02 7.166470884376573425e-01 2.946624153940817692e+01
2.390447782066342199e+02 5.476869720870392033e-01 2.839125692230240006e+01
2.389481736309224118e+02 5.351009677238910411e-01 2.817542093192369990e+01
2.391404598086927251e+02 5.693628684902388715e-01 2.873018403535268916e+01
2.393569390837388937e+02 6.871399004307210401e-01 2.905700061531576850e+01
2.396381943279073710e+02 7.935615595457851112e-01 2.965889131286009928e+01
2.401272864574592916e+02 9.137439167645577953e-01 3.031411870000559361e+01
2.404078424791631790e+02 1.064803938020920659e+00 3.090037478324103759e+01
2.404397829613469924e+02 1.071572411478435960e+00 3.113268445488616720e+01
2.405221233987805647e+02 1.021508083011690937e+00 3.111984673043575711e+01
2.402981484589136869e+02 9.705487497902333116e-01 3.073404374335738609e+01
2.401249091010795951e+02 9.810930245566930052e-01 3.076665547910723220e+01
2.401416904402304624e+02 9.728421994741847101e-01 3.050685238015326917e+01
2.401540806623035280e+02 9.886166582759970956e-01 3.071024221066174320e+01
2.402197236672819827e+02 1.039212395815852785e+00 3.086860211444873414e+01
2.404156458018683225e+02 1.073054763103429066e+00 3.100671253566034480e+01
2.405597695362756667e+02 1.157017396654919761e+00 3.118358785031045599e+01
2.406602897577893430e+02 1.179364546624154020e+00 3.110728869497119220e+01
2.406141690440230434e+02 1.026290764669687272e+00 3.085596017228841603e+01
2.400829277843038483e+02 8.137551043239916737e-01 2.915690552106057964e+01
2.393816356211892469e+02 6.919505509873020710e-01 2.907104100240532674e+01
2.390409464675281015e+02 6.073726016669463990e-01 2.892056832801924315e+01
2.389927560552665398e+02 6.222520557140459596e-01 2.896959780723835109e+01
2.393080214801141210e+02 6.434245119427196569e-01 2.934454886166582810e+01
2.394791911394529222e+02 7.983162723051966392e-01 3.021880069362868326e+01
2.399711360966605014e+02 8.988364938188734277e-01 3.095737539855680609e+01
2.403362980365833153e+02 9.788834815684958057e-01 3.109028360463165086e+01
2.403672316384180760e+02 1.033143144822956883e+00 3.120755719639760528e+01
2.403150137047603039e+02 9.529563125804105805e-01 3.091928175868434181e+01
2.400902836046316509e+02 9.819041226156514091e-01 3.084331823012809792e+01
2.399959445097051969e+02 9.350841863847402236e-01 3.064250153828942302e+01
2.399181070649437686e+02 9.359232533422834344e-01 3.019603401018067856e+01
2.400552385747049300e+02 9.288750908989203969e-01 3.052013760698103795e+01
2.400635173686860071e+02 9.277563349555294492e-01 3.006631425854449802e+01
2.401878670917939189e+02 9.616546400402752326e-01 3.034544386642054192e+01
2.401027857022990304e+02 1.009257705431560126e+00 3.042185489735414095e+01
2.402365889131285996e+02 1.082592157520836817e+00 3.059475862840521287e+01
2.403505342059629584e+02 1.065503160485540057e+00 3.061847625440510257e+01
2.401138613861386091e+02 8.710633775241930499e-01 3.039743804888963297e+01
2.394042344912457452e+02 7.320859204564523770e-01 2.979420484421323323e+01
2.388512054595290124e+02 5.835431000727191453e-01 2.909282877440286441e+01
2.388234603121329087e+02 5.213402696201823172e-01 2.895250881020305300e+01
2.389038429266655612e+02 5.772500978911450087e-01 2.894196453543659331e+01
2.392055714045980892e+02 7.052357778150696310e-01 2.961967891704424716e+01
2.395864798344241251e+02 8.026794204844213132e-01 3.009193376964815059e+01
2.400361358169715231e+02 9.020249482575376510e-01 3.023879845611679684e+01
2.402597471611567812e+02 1.028164680874867232e+00 3.094425798512054726e+01
2.402777311629467931e+02 1.022990434636684043e+00 3.129591094702690768e+01
2.400061811265872223e+02 9.104435867315545661e-01 3.073443530793757361e+01
2.398936063097835074e+02 8.787268557364210642e-01 3.063170554343570018e+01
2.398301169099960930e+02 8.660849135761033990e-01 3.078265368909772448e+01
2.397116406555909691e+02 8.838171952788499430e-01 3.070283045253678011e+01
2.398926553672316402e+02 8.821949991609330244e-01 3.083210270179560197e+01
2.399803658331935026e+02 9.080102925546792436e-01 3.080852492028864020e+01
2.400959333221457825e+02 9.663813839011019535e-01 3.086588913128601064e+01
2.401487665715724233e+02 1.035604407898417012e+00 3.161433685741455335e+01
2.404849527325613963e+02 1.001174693740560562e+00 3.188697768081893003e+01
2.401246014431951608e+02 9.088213906136376474e-01 3.120481624433629975e+01
2.394454047099625313e+02 6.897689768976897895e-01 3.045936119035632217e+01
2.388663925714605227e+02 5.933601834759747451e-01 2.991648486882586511e+01
2.389243161604296120e+02 5.710410024053252931e-01 2.986502209542988240e+01
2.389650388767690288e+02 6.151759243720982262e-01 3.018241315656989343e+01
2.392910163897745690e+02 6.615763271242378618e-01 3.018202159198970591e+01
2.395165855568607753e+02 7.445041114280919192e-01 3.061363763494993506e+01
2.398500027968898678e+02 9.297141578564636077e-01 3.145029926721485580e+01
2.400210885495329194e+02 9.857078928231806092e-01 3.103392627398332948e+01
2.400996252167589660e+02 9.980981148962353444e-01 3.117925267102981479e+01
2.400613357945964026e+02 9.778206634222744720e-01 3.140009509425518885e+01
2.399126251608211646e+02 9.588577501817978632e-01 3.125188790065447364e+01
2.399400906192314267e+02 8.846003244392235398e-01 3.107090115791240237e+01
2.398802371762600103e+02 8.926273983330536010e-01 3.091584158415841443e+01
2.399048498070146138e+02 9.195614476701907680e-01 3.130511271466129841e+01
2.400565251440398242e+02 9.391676455781171606e-01 3.124542708508138844e+01
2.402772556916708595e+02 1.002657045365553445e+00 3.153963192929462522e+01
2.403156849583263295e+02 1.070873189013816562e+00 3.151848744196453467e+01
2.404502992672148594e+02 1.082871846506684665e+00 3.187338479610673048e+01
2.402272752698998772e+02 1.005202215136767885e+00 3.175941153437377551e+01
2.395312971975163521e+02 7.900654472226883440e-01 3.053677910163897735e+01
2.391245175364994111e+02 7.102422106617440889e-01 3.002626279577110324e+01
2.389008502545169677e+02 6.180567209263299056e-01 2.980886054707165655e+01
2.390753202438887968e+02 7.014040387089556239e-01 3.025255915422050634e+01
2.394197012921631256e+02 7.867091793925155008e-01 3.019550260110756668e+01
2.397083403255579697e+02 8.890473793142026349e-01 3.072176539687866992e+01
2.402293729372937321e+02 1.094031437042009225e+00 3.189204005146277510e+01
2.404916372993231448e+02 1.178945013145382248e+00 3.247535940034681090e+01
2.404190859763942569e+02 1.189629132404765866e+00 3.194862113329977049e+01
2.403054203725457398e+02 1.179448453319908330e+00 3.232250936958102727e+01
2.400190188510376572e+02 1.079347765285002980e+00 3.177773116294680378e+01
2.398667561671421424e+02 1.067880516865245877e+00 3.182748783352911559e+01
2.399393074900710303e+02 1.123007215975834860e+00 3.171329082060748306e+01
2.399900990099010016e+02 1.146389215192705757e+00 3.171916428931028520e+01
2.401808748671477360e+02 1.159506628628964586e+00 3.163620853610784778e+01
2.402937853107344495e+02 1.230603568831459382e+00 3.195329193936342804e+01
2.404031996419980999e+02 1.325222352743748999e+00 3.240745091458298077e+01
2.406318733568272137e+02 1.334200369189461277e+00 3.269371259159814258e+01
2.403500027968898678e+02 1.212983162723052066e+00 3.183316551994182575e+01
2.396953907255132208e+02 9.992448397382110992e-01 3.131842591038764922e+01
2.391849583263411034e+02 8.251384460479945782e-01 3.086298036583319515e+01
2.389958885719080399e+02 8.355428763215304588e-01 3.058035464563405625e+01
2.392173183420036935e+02 8.578620573921799108e-01 3.095689992728086537e+01
2.394060804385523227e+02 1.025227946523465938e+00 3.151507523633719288e+01
2.398276276780220257e+02 1.160010068803490446e+00 3.205487497902332450e+01
2.402892263802651485e+02 1.273703641550595789e+00 3.291614924204284875e+01
2.405111595905353283e+02 1.378698886837836257e+00 3.331828606589472486e+01
2.404548861665827530e+02 1.410611400123063186e+00 3.328841528220618784e+01
2.402849751076802534e+02 1.362560832354421825e+00 3.310451977401130108e+01
2.402718017564468198e+02 1.343877608099792953e+00 3.341159031157353354e+01
2.401032891424735567e+02 1.352212339878055669e+00 3.332074732897018521e+01
2.401330760194663583e+02 1.372154164568999191e+00 3.369776808189293860e+01
2.401989707445320903e+02 1.429742126755048304e+00 3.341698830900039496e+01
2.404083738882362695e+02 1.543128041617721102e+00 3.378380041393970146e+01
2.405380097331766933e+02 1.603988364938188749e+00 3.429456843989483872e+01
2.407632153045813084e+02 1.604491805112714609e+00 3.388753705879062750e+01
2.409511103652738200e+02 1.494126531297197413e+00 3.392560272976449909e+01
2.404197851988588752e+02 1.270710969402024881e+00 3.336160988980253705e+01
2.397547966661072962e+02 1.107596352855624522e+00 3.259822677182972228e+01
2.395443866420540360e+02 1.053420596296917866e+00 3.175854449851764727e+01
2.396074285394641095e+02 1.025563573306483178e+00 3.196506684566761791e+01
2.397931979638641735e+02 1.144151703305923862e+00 3.232790736700788869e+01
2.400940034681434270e+02 1.270878782793533501e+00 3.248783352911562616e+01
2.403754265257034319e+02 1.518123846282933398e+00 3.342839961962297934e+01
2.408698327459864572e+02 1.660541477876601224e+00 3.447256251048833775e+01
2.410189349443418791e+02 1.670722156961458760e+00 3.439162051798400199e+01
2.408838171952788514e+02 1.687139900430721040e+00 3.455084745762712117e+01
2.407599429434468732e+02 1.556385299546903855e+00 3.441916988309000658e+01
2.406635341500251855e+02 1.491721206018906898e+00 3.391472282821502660e+01
2.407276388655814685e+02 1.520948705039995463e+00 3.354321194831347697e+01
2.407876601219443842e+02 1.559573753985568079e+00 3.362703473737204263e+01
2.411367119762823847e+02 1.633551490742294554e+00 3.340325557979527105e+01
2.410722996028416389e+02 1.692789617944845393e+00 3.392672148570789403e+01
2.412770319404821748e+02 1.775801308944453760e+00 3.451082396375230843e+01
2.413901661352576014e+02 1.793841248531632848e+00 3.426696313699166296e+01
2.412322817027465476e+02 1.595206130782569787e+00 3.390096213011131709e+01
2.407343234323432455e+02 1.289729820439670993e+00 3.330665100408345580e+01
2.399792191083515149e+02 1.146948593164401231e+00 3.227127034737372213e+01
2.400398836493818919e+02 1.165296190636012863e+00 3.224330144878894799e+01
2.401661352575935666e+02 1.264306091626111739e+00 3.242283380880461152e+01
2.405296750013984308e+02 1.461570733344520923e+00 3.349711920344577010e+01
2.407174302175980358e+02 1.600939754992448449e+00 3.381783856351736972e+01
2.410702019354477841e+02 1.772780667897298157e+00 3.436924539911618126e+01
2.412041449907702599e+02 1.822341556189517320e+00 3.511363763494993862e+01
2.412233596240980091e+02 1.886865805224590353e+00 3.552796889858477414e+01
2.411781339150864198e+02 1.845387928623370755e+00 3.536809867427420784e+01
2.410870671812944011e+02 1.794428595401913018e+00 3.456816020585109328e+01
2.409503272361134520e+02 1.730239973149857446e+00 3.447874363707557421e+01
2.409907982323656199e+02 1.715108799015494734e+00 3.460130335067405127e+01
2.412221849303574288e+02 1.767298763774682646e+00 3.492543491637299269e+01
2.411034010180678990e+02 1.841863847401689291e+00 3.514787156681769886e+01
2.413276836158192111e+02 1.924623818314034729e+00 3.583579459640879605e+01
2.414689265536723042e+02 2.010264585780611846e+00 3.593544778206634049e+01
2.413769927840241678e+02 1.820355764389998354e+00 3.506320971080158699e+01
2.407682776752251357e+02 1.535968003580018948e+00 3.389114504670806127e+01
2.404713878167477787e+02 1.364015215080830012e+00 3.383263411086871741e+01
2.402261285450578896e+02 1.314957766963136931e+00 3.380024612630754888e+01
2.403657492867930898e+02 1.326956424456004813e+00 3.365072439447334318e+01
2.404759187783185155e+02 1.417743469262180422e+00 3.440568887397214581e+01
2.408115455613358051e+02 1.546484309447893946e+00 3.497116406555910118e+01
2.412036695194943263e+02 1.818006376908877231e+00 3.574570677406723718e+01
