1.796401674372985724e+02 3.502872355331371722e-05 0.000000000000000000e+00
1.807267759562841434e+02 7.005744710662743444e-05 0.000000000000000000e+00
1.827172656578394196e+02 5.453797113633179761e-01 2.802297884265097377e-04
1.815169363878380295e+02 3.011769651113913593e-01 1.751436177665685861e-05
1.809465461678576332e+02 2.808427910886927004e-01 0.000000000000000000e+00
1.809995796553173477e+02 2.189645509317640348e-01 0.000000000000000000e+00
1.816554049320442630e+02 4.202395964691046926e-01 0.000000000000000000e+00
1.816477686703096595e+02 3.906753537901078710e-01 0.000000000000000000e+00
1.816355086170659945e+02 4.011839708561020235e-01 1.751436177665685861e-05
1.817307517164074682e+02 4.481750035028723711e-01 1.751436177665685861e-05
1.819066659660921914e+02 5.441186773153986467e-01 3.502872355331371722e-05
1.819939225164634991e+02 5.909170519826257850e-01 1.226005324365980103e-04
1.821058918313016761e+02 5.696546167857643450e-01 1.401148942132548689e-04
1.820535764326747881e+02 6.076082387557797393e-01 0.000000000000000000e+00
1.822427490542244755e+02 6.104105366400448540e-01 0.000000000000000000e+00
1.822660606697492085e+02 6.096399047218719058e-01 1.226005324365980103e-04
1.823260123301107001e+02 6.258757180888327998e-01 2.627154266498528791e-04
1.819860060249404512e+02 5.548549810844892738e-01 7.005744710662743444e-05
1.813638783802718137e+02 3.750000000000000000e-01 3.502872355331371722e-05
1.809394003082527718e+02 3.285519125683060149e-01 1.751436177665685861e-05
1.810759948157489134e+02 3.165195460277427375e-01 0.000000000000000000e+00
1.813475725094577626e+02 3.505324365980103662e-01 0.000000000000000000e+00
1.814692622950819612e+02 4.213780299845873434e-01 7.005744710662743444e-05
1.815705653635981491e+02 5.155702676194479084e-01 8.757180888328429304e-05
1.818117381252627069e+02 5.582002241838307510e-01 1.751436177665685861e-05
1.818159590864509028e+02 5.501611321283452760e-01 0.000000000000000000e+00
1.816989106066974955e+02 5.532086310774835258e-01 1.751436177665685861e-04
1.816328464340759297e+02 4.757601233011068964e-01 7.005744710662743444e-05
1.816692412778478456e+02 5.099656718509177900e-01 1.050861706599411517e-04
1.816275045537340702e+02 4.958841249824856301e-01 1.751436177665685861e-05
1.816855296343001385e+02 5.409660921956004342e-01 7.005744710662743444e-05
1.818713044696651195e+02 5.955408434916631411e-01 5.254308532997057583e-05
1.820211223203026520e+02 6.387137452711223462e-01 1.401148942132548689e-04
1.819890184951660501e+02 6.305870814067535690e-01 2.977441502031665964e-04
1.820280755219279740e+02 6.752837326607817880e-01 3.502872355331371722e-05
1.822815083368361968e+02 6.650378310214375421e-01 1.050861706599411517e-04
1.821003047498949172e+02 6.612897576012329859e-01 1.751436177665685861e-05
1.821689785624211879e+02 6.755639624492083550e-01 1.401148942132548689e-04
1.820734727476530850e+02 6.372950819672130729e-01 5.254308532997057583e-05
1.815683060109289499e+02 4.582983046097799940e-01 1.576292559899117275e-04
1.812258476951099908e+02 3.730734202045677406e-01 1.401148942132548689e-04
1.810006130026621918e+02 3.010193358554014154e-01 1.751436177665685861e-05
1.810972047078604419e+02 3.335259913128765796e-01 0.000000000000000000e+00
1.813752452010648710e+02 4.032506655457475109e-01 0.000000000000000000e+00
1.816044206249124215e+02 4.519756200084069087e-01 0.000000000000000000e+00
1.816865804960067123e+02 5.130657138853860211e-01 0.000000000000000000e+00
1.822602809303629101e+02 5.546623231049460090e-01 0.000000000000000000e+00
1.819425178646490053e+02 5.166036149642706521e-01 5.254308532997057583e-05
1.816358238755779837e+02 4.764782121339498633e-01 0.000000000000000000e+00
1.815992714025501016e+02 4.544451450189155306e-01 7.005744710662743444e-05
1.816753537901078914e+02 4.636051562281070515e-01 1.751436177665685861e-05
1.817109955163233792e+02 5.002977441502031164e-01 0.000000000000000000e+00
1.817120814067535264e+02 5.233291298865069274e-01 0.000000000000000000e+00
1.819372460417542356e+02 5.762925598991173182e-01 0.000000000000000000e+00
1.820252031665966115e+02 6.027042174583158163e-01 1.050861706599411517e-04
1.821297989351268143e+02 6.382583718649292859e-01 1.576292559899117275e-04
1.820613878380271728e+02 6.305345383214235877e-01 1.751436177665685861e-04
1.821733046097800184e+02 6.859499789827658844e-01 7.005744710662743444e-05
1.822953446826397510e+02 6.779809443743870512e-01 3.502872355331371722e-05
1.820690941572089230e+02 6.655807762365139046e-01 3.502872355331371722e-05
1.818957720330671179e+02 5.512995656438279823e-01 0.000000000000000000e+00
1.813569952360936099e+02 3.995726495726495964e-01 3.502872355331371722e-05
1.807258476951099908e+02 3.338587641866330169e-01 0.000000000000000000e+00
1.809207650273224033e+02 3.154161412358133521e-01 7.005744710662743444e-05
1.810029424127784807e+02 3.830916351408154563e-01 1.751436177665685861e-05
1.812369868291999353e+02 4.550756620428751398e-01 0.000000000000000000e+00
1.815907068796413171e+02 5.467283172201204966e-01 2.276867030965391619e-04
1.817464971276446590e+02 6.062421185372005583e-01 1.926579795432254447e-04
1.816214095558357826e+02 6.022313296903460955e-01 4.378590444164214652e-04
1.815580951380131580e+02 5.586906263135771322e-01 2.276867030965391619e-04
1.812807902480033704e+02 5.108764186633039106e-01 7.005744710662743444e-05
1.813895544346364090e+02 4.864964270701975790e-01 8.757180888328429304e-05
1.814906123020877260e+02 5.070758021577693730e-01 0.000000000000000000e+00
1.817510683760683889e+02 5.832107328008967473e-01 3.502872355331371722e-05
1.818452781280650186e+02 6.076082387557797393e-01 3.502872355331371722e-05
1.820519475970295673e+02 6.395894633599551460e-01 5.254308532997057583e-05
1.821681904161412433e+02 6.862126944094156800e-01 1.401148942132548689e-04
1.821401499229368142e+02 6.703972257250945255e-01 7.005744710662743444e-05
1.822662533277287480e+02 7.026937088412498200e-01 1.751436177665685861e-05
1.820929662323104878e+02 7.178961748633879703e-01 1.226005324365980103e-04
1.821647576012330205e+02 6.883669609079444696e-01 1.401148942132548689e-04
1.819003082527672746e+02 6.446686282751856734e-01 7.005744710662743444e-05
1.813922866750735636e+02 4.498213535098781191e-01 8.757180888328429304e-05
1.808840023819531950e+02 3.314592966232310367e-01 1.401148942132548689e-04
1.808001786464901102e+02 3.173427210312456115e-01 0.000000000000000000e+00
1.808514431834103959e+02 3.350322264256690441e-01 3.502872355331371722e-05
1.812784258091635081e+02 4.347239736583998759e-01 3.502872355331371722e-05
1.814752697211713723e+02 5.077413479052823586e-01 0.000000000000000000e+00
1.816850917752556995e+02 5.631743029284013158e-01 0.000000000000000000e+00
1.818674863387978178e+02 5.908995376208491246e-01 1.751436177665685861e-05
1.817771122320302766e+02 5.582702816309373928e-01 1.226005324365980103e-04
1.817590724394003132e+02 5.091600112091915209e-01 8.757180888328429304e-05
1.815118046798374678e+02 4.625893232450609682e-01 1.751436177665685861e-05
1.816960032226425596e+02 4.717493344542524891e-01 2.802297884265097377e-04
1.818394983886787202e+02 4.879150903741067413e-01 8.757180888328429304e-05
1.820400553453832231e+02 5.272873756480314089e-01 0.000000000000000000e+00
1.823700959787025226e+02 5.860830881322685038e-01 1.226005324365980103e-04
1.824149502592125600e+02 5.866085189855682058e-01 0.000000000000000000e+00
1.824780895334174033e+02 6.280474989491382498e-01 1.050861706599411517e-04
1.822922621549670623e+02 6.390815468684321043e-01 1.401148942132548689e-04
1.822846609219560037e+02 6.266638643687824084e-01 1.050861706599411517e-04
1.822778128065013448e+02 6.211118116855821603e-01 5.604595768530194755e-04
1.818514431834103959e+02 4.367731539862687584e-01 1.050861706599411517e-04
1.812517339218158838e+02 3.408995376208490691e-01 3.502872355331371722e-05
1.808418628275185540e+02 2.773574330951379951e-01 7.005744710662743444e-05
1.809831862126944202e+02 3.031385736303768841e-01 0.000000000000000000e+00
1.811047884265097423e+02 3.575732100322264184e-01 1.751436177665685861e-05
1.813442622950819612e+02 4.564242678996777158e-01 5.254308532997057583e-05
1.816767549390500278e+02 5.212098921115314587e-01 0.000000000000000000e+00
1.820702150763626150e+02 5.752416981925179140e-01 0.000000000000000000e+00
1.820884650413339045e+02 5.823875577973938178e-01 1.576292559899117275e-04
1.818769966372425415e+02 5.142566904861987087e-01 3.152585119798234550e-04
1.818587641866330387e+02 4.521332492643967971e-01 2.977441502031665964e-04
1.818904476670870167e+02 4.642006445285133953e-01 2.101723413198823033e-04
1.819348290598290703e+02 4.802262855541544195e-01 2.276867030965391619e-04
1.821490472187193461e+02 5.200714585960487524e-01 2.452010648731960205e-04
1.821686983326327720e+02 5.495481294661622718e-01 7.005744710662743444e-05
1.821613773294101293e+02 5.659766008126664305e-01 7.005744710662743444e-05
1.822902129746392177e+02 5.896560179347064556e-01 8.757180888328429304e-05
1.822895824576152393e+02 6.053488860865909871e-01 1.401148942132548689e-04
1.824093456634440145e+02 6.645124001681378401e-01 1.050861706599411517e-04
1.824435687263556076e+02 6.592931203586941402e-01 1.576292559899117275e-04
1.821430397926299634e+02 5.950854700854700807e-01 7.005744710662743444e-05
1.815769055625613078e+02 4.160361496427070205e-01 1.050861706599411517e-04
1.811097800196160961e+02 3.023153986268740101e-01 5.254308532997057583e-05
1.810232065293540700e+02 2.545712484237074302e-01 5.254308532997057583e-05
1.810573595348185449e+02 2.813507075802157975e-01 1.751436177665685861e-05
1.811980524029704327e+02 3.554890009808042706e-01 0.000000000000000000e+00
1.816196230909345672e+02 4.296272943813927436e-01 1.576292559899117275e-04
1.819802963430012710e+02 4.990191957405072376e-01 1.226005324365980103e-04
1.821171010228387388e+02 5.712484237074401117e-01 2.276867030965391619e-04
1.820292139554434527e+02 5.349061230208771445e-01 3.327728737564803136e-04
1.818245236093596873e+02 4.895789547428891497e-01 5.254308532997057583e-05
1.816839883704637941e+02 4.072789687543785786e-01 0.000000000000000000e+00
1.815836661062070903e+02 4.450399327448507636e-01 0.000000000000000000e+00
1.816946195880622099e+02 4.385596188874877344e-01 5.254308532997057583e-05
1.819747267759562703e+02 5.335049740787445316e-01 1.576292559899117275e-04
1.819614158610060315e+02 5.677105226285553696e-01 3.502872355331371722e-05
1.820525255709681858e+02 5.919503993274485287e-01 8.757180888328429304e-05
1.820454147400868692e+02 6.464901218999579147e-01 1.050861706599411517e-04
1.822477231329690426e+02 6.683130166736723776e-01 1.050861706599411517e-04
1.822845558357853406e+02 6.658084629396104903e-01 5.254308532997057583e-05
1.821427420484797608e+02 6.655982905982905651e-01 2.802297884265097377e-04
1.819077343421605804e+02 5.087571808883284419e-01 1.926579795432254447e-04
1.812264606977721826e+02 3.609709962168978770e-01 3.502872355331371722e-05
1.809069461958806357e+02 2.864123581336696089e-01 0.000000000000000000e+00
1.809883354350567402e+02 3.141901359114473991e-01 1.751436177665685861e-05
1.811690135911447328e+02 3.521087291579094725e-01 3.502872355331371722e-05
1.813890990612302119e+02 4.670379711363317754e-01 3.502872355331371722e-05
1.817082107328008931e+02 5.638398486759143013e-01 1.751436177665685861e-05
1.820308603054504601e+02 6.311475409836065920e-01 8.757180888328429304e-05
1.819214130587081399e+02 6.149992994255288892e-01 1.576292559899117275e-04
1.816900308252767218e+02 5.661692587922095843e-01 1.050861706599411517e-04
1.815811790668348067e+02 4.925038531595908875e-01 2.977441502031665964e-04
1.813658925318761419e+02 4.775290738405492674e-01 3.853159590864508894e-04
1.815426124422025964e+02 4.842545887627854873e-01 3.327728737564803136e-04
1.816619027602634162e+02 5.136261734622390440e-01 8.757180888328429304e-05
1.817067395264116669e+02 5.544346364018495343e-01 5.254308532997057583e-05
1.818957720330671179e+02 6.038776796973518435e-01 1.401148942132548689e-04
1.821192903180608198e+02 6.709051422166176781e-01 3.502872355331371722e-05
1.821405527532576798e+02 7.126944094157209308e-01 1.751436177665685861e-05
1.822213815328569524e+02 7.261279248984167101e-01 1.576292559899117275e-04
1.822166351408154696e+02 7.240612302087712226e-01 7.005744710662743444e-05
1.818302332912988675e+02 5.249579655317360150e-01 0.000000000000000000e+00
1.812632058287796042e+02 3.826712904581757169e-01 0.000000000000000000e+00
1.809009387697912246e+02 3.111951800476390750e-01 8.757180888328429304e-05
1.808438069216757640e+02 3.127714726075381813e-01 1.926579795432254447e-04
1.810280229788426425e+02 3.917787585820372565e-01 1.226005324365980103e-04
1.812636086591004698e+02 4.611006024940451087e-01 1.751436177665685861e-05
1.817790563261874865e+02 5.778688524590164244e-01 1.226005324365980103e-04
1.821946195880622099e+02 6.503607958525990940e-01 8.757180888328429304e-05
1.821914845173041897e+02 6.249649712764466791e-01 1.401148942132548689e-04
1.819782121339498531e+02 5.570267619447947238e-01 5.254308532997057583e-05
1.818617941712203958e+02 4.875998318621269645e-01 1.226005324365980103e-04
1.817131848115454602e+02 4.591389939750595284e-01 1.576292559899117275e-04
1.816921150343281397e+02 4.769686142636962445e-01 1.050861706599411517e-04
1.817484237074401108e+02 5.002101723413199252e-01 7.005744710662743444e-05
1.816449488580636000e+02 5.263065713885386465e-01 2.802297884265097377e-04
1.818163093736864369e+02 5.981504833963849910e-01 2.977441502031665964e-04
1.818086555975900183e+02 6.701169959366680695e-01 4.028303208631077480e-04
1.815861706599411605e+02 7.448682919994394913e-01 4.203446826397646066e-04
1.818932324506095028e+02 7.179312035869412911e-01 1.226005324365980103e-04
1.816925178646490053e+02 6.466652655177245190e-01 8.757180888328429304e-05
1.810697947316799912e+02 4.473343141375928367e-01 7.005744710662743444e-05
1.808401113913409120e+02 3.630552052683200248e-01 1.226005324365980103e-04
1.806617451310074216e+02 3.440521227406473370e-01 1.751436177665685861e-05
1.808835820372705712e+02 3.746847414880201677e-01 8.757180888328429304e-05
1.813204953061510309e+02 4.372985848395684605e-01 5.254308532997057583e-05
1.816556151043855891e+02 5.567990752416981382e-01 8.757180888328429304e-05
1.818490962589323203e+02 6.786289757601232653e-01 4.203446826397646066e-04
1.820876944094157182e+02 7.123090934566344012e-01 1.751436177665685861e-04
1.818035764326747881e+02 6.766848816029144009e-01 1.926579795432254447e-04
1.815818446125823300e+02 5.866960907944513970e-01 2.802297884265097377e-04
1.815718614263696224e+02 5.270071458596048419e-01 1.050861706599411517e-04
1.814365279529214092e+02 5.315959086450889881e-01 7.005744710662743444e-05
1.815897786184671361e+02 5.416141235813366483e-01 1.050861706599411517e-04
1.816761594507496227e+02 6.218999579655317689e-01 3.152585119798234550e-04
1.818307236934286095e+02 6.483291298865069274e-01 2.276867030965391619e-04
1.819129010788846870e+02 6.889099061230208321e-01 1.751436177665685861e-04
1.820150098080426062e+02 7.688629676334594043e-01 6.655457475129606271e-04
1.819027777777777715e+02 7.588972957825417254e-01 2.101723413198823033e-04
1.817385806361216112e+02 6.369798234552332961e-01 8.757180888328429304e-05
1.809220961188174215e+02 4.300476390640324831e-01 1.926579795432254447e-04
1.806356837606837473e+02 3.877154266498528679e-01 1.401148942132548689e-04
1.806014256690486093e+02 3.642286675073560520e-01 5.254308532997057583e-05
1.805942622950819612e+02 4.031105506515342829e-01 1.576292559899117275e-04
1.808518635280930482e+02 4.826958105646630415e-01 1.401148942132548689e-04
1.814698052402970347e+02 5.975199663724254373e-01 2.101723413198823033e-04
1.816972817710522747e+02 6.949873896595207823e-01 4.904021297463920410e-04
1.817886717108028449e+02 7.226775956284152702e-01 4.904021297463920410e-04
1.816413058708140795e+02 6.802227826817990319e-01 4.553734061930783238e-04
1.813677140255009022e+02 5.911097099621689388e-01 4.028303208631077480e-04
1.812245866610620624e+02 5.789021998038391681e-01 7.356031946195880616e-04
1.811595032927000091e+02 5.577623651394143511e-01 1.751436177665685861e-05
1.813422831722012063e+02 6.216372425388818623e-01 1.751436177665685861e-05
1.815191607117836554e+02 6.463850357292980631e-01 0.000000000000000000e+00
1.817446581196581121e+02 7.032366540563261825e-01 1.751436177665685861e-04
1.819642181588902758e+02 7.597204707860445438e-01 2.452010648731960205e-04
1.819851653355751750e+02 8.151359114473868406e-01 4.904021297463920410e-04
1.820063752276867035e+02 8.112302087711923404e-01 5.254308532997057583e-04
1.814721171360515655e+02 5.849621689785624579e-01 8.757180888328429304e-05
1.808965952080706074e+02 3.917612442202605960e-01 0.000000000000000000e+00
1.806807131848115375e+02 3.303909205548549721e-01 7.005744710662743444e-05
1.806630762225024398e+02 3.470645929662323215e-01 8.757180888328429304e-05
1.810527882863948435e+02 4.339883704637803041e-01 1.751436177665685861e-05
1.812307692307692264e+02 5.376033347344822966e-01 3.327728737564803136e-04
1.815621759843071459e+02 6.190801457194899937e-01 8.757180888328429304e-05
1.817966057166876794e+02 7.321178366260333581e-01 2.802297884265097377e-04
1.818168698332632687e+02 6.822544486478913095e-01 8.757180888328429304e-05
1.816051912568306079e+02 6.120919153706039229e-01 8.757180888328429304e-05
1.811706424267899820e+02 5.727546588202325761e-01 1.401148942132548689e-04
1.812272663584138854e+02 5.390395124001681193e-01 3.502872355331371722e-05
1.812589498388678635e+02 5.573420204567745007e-01 2.101723413198823033e-04
1.813750875718088764e+02 6.318130867311194665e-01 1.401148942132548689e-04
1.816482590724394015e+02 7.092791088692728119e-01 2.802297884265097377e-04
1.818433165195460219e+02 7.168978562421185474e-01 8.757180888328429304e-05
1.819489806641445853e+02 7.966932884965671757e-01 0.000000000000000000e+00
1.818653671010228265e+02 7.889519405912848171e-01 1.226005324365980103e-04
1.819331301667367313e+02 7.229753397786184976e-01 1.751436177665685861e-04
1.813582562701415100e+02 5.184776516743729857e-01 2.276867030965391619e-04
1.807890395124001657e+02 3.976460697772173369e-01 0.000000000000000000e+00
1.807160046237915196e+02 3.666281350707580322e-01 1.226005324365980103e-04
1.807291053664004608e+02 4.041438979963570266e-01 1.751436177665685861e-05
1.807391761244220163e+02 4.921010228387277530e-01 1.226005324365980103e-04
1.813571528653495761e+02 6.200084068936527748e-01 1.050861706599411517e-04
1.815385841389939685e+02 7.319777217318200746e-01 3.502872355331371722e-05
1.816474358974358836e+02 7.724534117976741276e-01 8.757180888328429304e-05
1.816293785904441620e+02 7.226600812666386098e-01 8.757180888328429304e-05
1.813193218439120074e+02 6.148591845313157167e-01 1.926579795432254447e-04
1.811482415580776149e+02 6.216197281771052019e-01 1.050861706599411517e-04
1.811663514081546964e+02 6.074681238615664558e-01 1.751436177665685861e-05
1.813078149082247421e+02 6.372075101583298817e-01 1.226005324365980103e-04
1.814967423287095301e+02 6.789617486338798136e-01 3.678015973097940308e-04
1.816737074401008840e+02 7.150413338937928742e-01 3.502872355331371722e-05
1.818676789967773573e+02 7.862722432394563254e-01 3.678015973097940308e-04
1.820483046097800184e+02 8.339813647190695844e-01 2.101723413198823033e-04
1.819581757040773482e+02 7.970610900938769339e-01 4.028303208631077480e-04
1.816619027602634162e+02 6.489246181869132712e-01 1.226005324365980103e-04
1.808704988090233883e+02 4.370884124982485908e-01 7.005744710662743444e-05
1.804818200924758287e+02 3.676264536920274550e-01 3.502872355331371722e-05
1.803259072439400370e+02 3.713044696651254251e-01 7.005744710662743444e-05
1.804978107047779190e+02 4.238125262715426445e-01 1.226005324365980103e-04
1.807431168558217678e+02 5.412638363458035506e-01 0.000000000000000000e+00
1.812174057727336276e+02 6.980524029704358036e-01 2.627154266498528791e-04
1.817619798234552206e+02 7.776902059688944879e-01 3.678015973097940308e-04
1.817184040913548984e+02 7.912988650693568715e-01 4.553734061930783238e-04
1.814905597590023945e+02 7.309794031105506518e-01 2.627154266498528791e-04
1.812480383914810034e+02 6.857748353649992801e-01 7.005744710662743444e-05
1.810110865910046130e+02 6.371024239876699191e-01 3.502872355331371722e-05
1.808675914249684809e+02 6.386612021857923649e-01 1.401148942132548689e-04
1.813435442062491347e+02 6.832702816309373928e-01 1.576292559899117275e-04
1.814351268039792728e+02 7.727511559478772440e-01 1.751436177665685861e-05
1.818563296903460866e+02 8.724954462659381127e-01 1.751436177665685861e-04
1.819010613703236743e+02 8.866645649432535192e-01 2.101723413198823033e-04
1.818814102564102484e+02 9.394003082527673243e-01 1.226005324365980103e-04
1.816044906823595397e+02 8.570828079024800372e-01 2.452010648731960205e-04
1.810116820793050181e+02 5.983956844612582371e-01 1.226005324365980103e-04
1.803584664424828361e+02 4.633249264396805400e-01 2.101723413198823033e-04
1.801213570127504511e+02 4.444969875297744011e-01 1.751436177665685861e-05
1.803862967633459391e+02 4.897716127224324145e-01 5.254308532997057583e-05
1.808077098220540790e+02 5.829830460978001616e-01 5.254308532997057583e-05
1.812798619868291894e+02 7.410326467703516329e-01 1.576292559899117275e-04
1.816274169819251654e+02 9.036710102283872503e-01 1.751436177665685861e-04
1.817733641586100646e+02 9.211678576432674737e-01 1.751436177665685861e-04
1.816525851197982320e+02 8.026656858624071633e-01 3.502872355331371722e-05
1.813185336976320627e+02 7.137102423987670141e-01 2.101723413198823033e-04
1.811652655177245208e+02 6.699243379571248047e-01 1.751436177665685861e-05
1.810978702536079652e+02 6.338972957825417254e-01 1.401148942132548689e-04
1.810559583858764086e+02 6.734797533977862072e-01 2.452010648731960205e-04
1.812215041333893737e+02 7.349551632338517937e-01 3.502872355331371722e-05
1.814746041754238490e+02 8.078674513100743138e-01 1.050861706599411517e-04
1.816558427910887019e+02 9.030404932044275856e-01 4.028303208631077480e-04
1.817555345383214274e+02 9.415720891130727743e-01 2.101723413198823033e-04
1.815992538881883149e+02 9.113948437718929485e-01 5.254308532997057583e-05
1.811647225725094472e+02 6.915195460277427930e-01 1.926579795432254447e-04
1.804172446406053041e+02 5.271122320302648045e-01 2.977441502031665964e-04
1.801356662463219891e+02 4.366855821773854562e-01 1.401148942132548689e-04
1.803482905982905891e+02 4.593491663163794536e-01 1.751436177665685861e-04
1.805885876418663258e+02 5.594612582317500804e-01 0.000000000000000000e+00
1.809349516603614916e+02 6.756165055345383363e-01 5.254308532997057583e-05
1.815907419083648620e+02 8.454707860445564993e-01 3.502872355331371722e-05
1.818134370183550459e+02 8.963324926439680818e-01 1.751436177665685861e-04
1.813883109149502673e+02 8.623371164354770579e-01 5.254308532997057583e-05
1.811071703797113628e+02 7.627329410116295838e-01 1.751436177665685861e-04
1.808532997057587295e+02 7.188769791228807327e-01 3.152585119798234550e-04
1.807509107468123943e+02 7.303138573630376662e-01 2.276867030965391619e-04
1.807521367521367495e+02 8.456809583858764245e-01 4.028303208631077480e-04
1.805881147540983704e+02 1.015675353790107982e+00 3.502872355331371722e-05
1.807404897015552763e+02 1.082877959927140310e+00 2.101723413198823033e-04
1.810848045397225690e+02 1.147628555415440621e+00 1.751436177665685861e-04
1.810503713044696781e+02 1.243081827098220460e+00 7.005744710662743444e-05
1.808742994255289318e+02 1.187088412498248591e+00 1.401148942132548689e-04
1.802639239176124306e+02 8.974884405212274485e-01 4.028303208631077480e-04
1.795780615104385731e+02 7.180187753958245933e-01 5.254308532997057583e-05
1.793266078184111052e+02 6.485042735042735318e-01 1.751436177665685861e-05
1.796631287655877713e+02 6.919574050721591929e-01 1.576292559899117275e-04
1.799099061230208747e+02 8.066414459857083052e-01 1.226005324365980103e-04
1.804076642847134622e+02 9.518355051141936807e-01 7.005744710662743444e-05
1.809439190135911417e+02 1.093123861566484445e+00 1.926579795432254447e-04
1.811124246882443742e+02 1.182394563542104482e+00 2.276867030965391619e-04
1.809758476951099908e+02 1.106189575451870466e+00 1.226005324365980103e-04
1.806634790528233054e+02 9.561615524730279203e-01 6.305170239596469099e-04
1.805191081686983239e+02 9.109044416421465673e-01 1.751436177665685861e-04
1.802299635701274951e+02 8.713394983886787459e-01 1.050861706599411517e-04
1.804099411517444196e+02 8.991172761664565360e-01 7.005744710662743444e-05
1.805717563401989594e+02 1.005989911727616537e+00 3.502872355331371722e-05
1.807710872915791072e+02 1.048006865629816486e+00 5.079164915230488997e-04
1.808847379851478081e+02 1.131672971836906294e+00 5.254308532997057583e-05
1.808778373266078177e+02 1.173970155527532588e+00 1.401148942132548689e-04
1.806958455933865650e+02 1.034958666106207126e+00 1.226005324365980103e-04
1.800986934286114547e+02 7.498773994675633769e-01 1.050861706599411517e-04
1.794962168978562431e+02 6.029143897996357415e-01 1.576292559899117275e-04
1.794079795432254514e+02 6.198682919994394913e-01 1.576292559899117275e-04
1.797421010228387388e+02 6.901884545327168219e-01 3.853159590864508894e-04
1.800573945635421182e+02 7.583193218439120420e-01 1.050861706599411517e-04
1.804681588902900273e+02 9.579830460978001616e-01 7.005744710662743444e-05
1.808863317920694840e+02 1.063682219419924246e+00 1.576292559899117275e-04
1.809231644948858104e+02 1.099008687123441241e+00 1.401148942132548689e-04
1.807419083648591709e+02 9.953586941291859835e-01 6.305170239596469099e-04
1.805939995796553035e+02 8.727581616925879082e-01 3.502872355331371722e-04
1.804437788986969338e+02 8.360655737704918433e-01 2.452010648731960205e-04
1.802021332492643921e+02 8.150483396385035384e-01 2.101723413198823033e-04
1.802907559198542913e+02 8.759282611741627811e-01 3.327728737564803136e-04
1.805900413338937938e+02 9.229893512680398260e-01 2.802297884265097377e-04
1.806288881883144199e+02 9.835540142917191808e-01 2.276867030965391619e-04
1.807636612021858014e+02 1.091950399327448418e+00 2.452010648731960205e-04
1.811089218158890333e+02 1.084751996637242533e+00 3.327728737564803136e-04
1.808218964550931673e+02 9.640079865489701305e-01 4.728877679697351824e-04
1.801124597169679191e+02 6.930082667787585970e-01 3.502872355331371722e-04
1.797855016113212798e+02 5.582702816309373928e-01 3.502872355331371722e-04
1.796532856942693002e+02 5.542945215076362508e-01 4.028303208631077480e-04
1.796991032646770350e+02 5.825101583298304408e-01 5.779739386296763341e-04
1.800679031806081127e+02 6.930432955023119179e-01 4.904021297463920410e-04
1.805717037971136278e+02 8.516183270281630913e-01 8.582037270561860718e-04
1.808562246041754236e+02 9.718894493484657726e-01 5.779739386296763341e-04
1.807073875577974036e+02 9.753923217037970828e-01 3.853159590864508894e-04
1.804262995656438306e+02 8.837922096118817628e-01 8.406893652795292132e-04
1.802845908645088855e+02 7.941186773153986467e-01 2.452010648731960205e-04
1.803606031946195856e+02 7.212414179627294475e-01 1.050861706599411517e-04
1.804527287375647973e+02 7.471451590304049040e-01 1.926579795432254447e-04
1.804825381813086835e+02 8.491312876558778644e-01 7.005744710662743444e-04
1.805939995796553035e+02 8.940556256130026691e-01 2.452010648731960205e-04
1.807030439960767865e+02 9.460732800896735073e-01 2.802297884265097377e-04
1.807687753958245764e+02 1.002994955863808269e+00 4.378590444164214652e-04
1.808591144738685728e+02 1.002241838307412092e+00 2.627154266498528791e-04
1.807231504833963811e+02 9.070863107748353693e-01 4.203446826397646066e-04
1.799523609359675049e+02 6.858624071738825823e-01 7.005744710662743444e-05
1.794699628695530293e+02 5.576047358834244072e-01 1.401148942132548689e-04
1.794746041754238490e+02 5.102634160011209064e-01 1.226005324365980103e-04
1.794465636822194199e+02 5.809338657699313346e-01 3.502872355331371722e-05
1.797239386296763257e+02 6.484867591424968714e-01 7.005744710662743444e-04
1.802049880902339964e+02 8.264677035168838115e-01 1.576292559899117275e-04
1.806937613843351471e+02 9.335329970575871883e-01 0.000000000000000000e+00
1.810604946055765652e+02 9.719945355191257352e-01 5.254308532997057583e-05
1.808606557377049171e+02 8.968053804119378025e-01 4.028303208631077480e-04
1.805309653916211232e+02 8.163268880481995282e-01 5.254308532997057583e-05
1.805322964831161414e+02 7.273013871374527373e-01 1.401148942132548689e-04
1.803738790808463079e+02 7.084209051422166725e-01 1.401148942132548689e-04
1.804802262855541528e+02 7.968509177525571197e-01 3.853159590864508894e-04
1.807446230909345672e+02 8.450154126383634390e-01 3.502872355331371722e-04
1.807166701695390145e+02 9.362827518565223217e-01 7.005744710662743444e-05
1.807237284573350280e+02 9.680538041193779142e-01 2.101723413198823033e-04
1.808221941992433699e+02 1.007776376628835679e+00 8.757180888328429304e-05
1.808618116855821825e+02 9.694899817850637369e-01 2.452010648731960205e-04
1.801754763906403127e+02 7.489666526551772563e-01 2.627154266498528791e-04
1.797247092615945121e+02 5.686913268880482430e-01 1.226005324365980103e-04
1.793165720891130661e+02 5.011209191537060459e-01 7.005744710662743444e-05
1.793848255569567129e+02 5.417717528373265923e-01 8.757180888328429304e-05
1.796639694549530475e+02 6.423217037971136190e-01 1.401148942132548689e-04
1.801469104665825967e+02 7.574085750315258103e-01 5.429452150763626169e-04
1.804634124982485730e+02 8.985743309513801735e-01 3.152585119798234550e-04
1.808204953061510309e+02 9.361601513240856987e-01 3.678015973097940308e-04
1.807037270561860680e+02 9.191712204007286280e-01 5.079164915230488997e-04
1.802654301527252301e+02 7.896525150623511236e-01 2.276867030965391619e-04
1.801058392882163446e+02 7.593701835505114461e-01 4.904021297463920410e-04
1.799611531455793738e+02 7.571458596048760148e-01 4.553734061930783238e-04
1.801843036289757549e+02 7.797569006585399753e-01 7.005744710662743444e-05
1.804584384195040059e+02 8.413549110270421849e-01 0.000000000000000000e+00
1.805684110970996130e+02 9.261944794731680197e-01 1.926579795432254447e-04
1.809230944374386922e+02 9.406087992153565613e-01 0.000000000000000000e+00
1.808819356872635638e+02 9.556886647050581995e-01 1.401148942132548689e-04
1.807501751436177528e+02 9.495586380832282680e-01 7.005744710662743444e-05
1.803830566064172558e+02 8.120183550511419490e-01 4.728877679697351824e-04
1.799466862827518696e+02 5.402304890009808069e-01 0.000000000000000000e+00
1.796281350707580202e+02 4.624667227126243452e-01 8.757180888328429304e-05
1.797447632058287752e+02 4.882128345243099132e-01 1.050861706599411517e-04
1.799292419784223114e+02 5.626488720751016137e-01 3.152585119798234550e-04
1.802200679557236924e+02 6.633039092055486030e-01 2.627154266498528791e-04
1.805816869833263354e+02 7.988125262715426445e-01 1.576292559899117275e-04
1.806944269300826704e+02 8.658575031525851395e-01 3.502872355331371722e-04
1.805371304469665006e+02 8.574506094997897954e-01 3.853159590864508894e-04
1.802741523048900092e+02 7.390360095278127872e-01 2.627154266498528791e-04
1.799694024099761691e+02 6.833228247162673741e-01 1.401148942132548689e-04
1.798818831441782322e+02 6.743554714866190070e-01 7.005744710662743444e-05
1.799144598570828180e+02 6.808357853439820362e-01 2.276867030965391619e-04
1.801142286675073478e+02 7.449908925318761144e-01 5.254308532997057583e-05
1.802357783382373668e+02 8.106172061090093361e-01 1.751436177665685861e-05
1.802977791789267314e+02 8.469945355191257352e-01 1.050861706599411517e-04
1.804553383774695305e+02 8.929697351828499441e-01 2.627154266498528791e-04
1.805236794171220538e+02 9.015167437298584607e-01 0.000000000000000000e+00
1.801990156928681586e+02 7.066519546027743015e-01 0.000000000000000000e+00
1.796150693568726240e+02 5.523679417122040469e-01 1.576292559899117275e-04
1.795275150623511138e+02 5.084769510999018749e-01 0.000000000000000000e+00
1.793452781280650186e+02 4.829410116295362321e-01 2.977441502031665964e-04
1.796188699733781675e+02 5.799530615104385722e-01 1.751436177665685861e-05
1.798878380271822834e+02 6.844087151464200991e-01 1.751436177665685861e-05
1.802139029003783151e+02 8.212133949838867908e-01 2.101723413198823033e-04
1.804139519405912893e+02 8.937753958245761021e-01 5.254308532997057583e-05
1.804523083928821734e+02 8.931098500770632276e-01 5.254308532997057583e-05
1.803422131147540881e+02 7.958175704077343759e-01 2.802297884265097377e-04
1.801020386717108011e+02 6.900483396385035384e-01 1.050861706599411517e-04
1.802233956844612521e+02 7.028338237354631035e-01 0.000000000000000000e+00
1.802892146560179469e+02 7.219419924337957539e-01 3.502872355331371722e-05
1.803773819532016205e+02 7.785659240577272877e-01 1.226005324365980103e-04
1.805057622250245117e+02 8.319672131147540783e-01 1.751436177665685861e-05
1.806132828919714086e+02 8.898696931483817130e-01 7.005744710662743444e-05
1.807039197141656075e+02 9.510298444724674116e-01 0.000000000000000000e+00
1.807903005464480941e+02 9.750245201064873246e-01 1.050861706599411517e-04
1.806050336275746133e+02 8.492013451029843951e-01 1.576292559899117275e-04
1.799759702956424405e+02 6.194479473167997519e-01 0.000000000000000000e+00
1.795593211433375416e+02 5.124351968614263564e-01 1.226005324365980103e-04
1.793908329830460957e+02 4.808392882163374238e-01 1.576292559899117275e-04
1.795082667787585819e+02 5.338027182289477590e-01 1.226005324365980103e-04
1.799872845733501379e+02 6.732345523329129611e-01 1.751436177665685861e-05
1.803359955163233792e+02 8.049950959787025573e-01 1.926579795432254447e-04
1.808510578674513170e+02 9.233921815889029050e-01 3.502872355331371722e-05
1.808186738125262707e+02 9.415370603895194535e-01 2.276867030965391619e-04
1.804418698332632687e+02 8.528268179907524393e-01 1.050861706599411517e-04
1.804002557096819430e+02 7.945740507215917070e-01 2.276867030965391619e-04
1.802051982625753226e+02 7.208210732800897080e-01 2.101723413198823033e-04
1.803272908785203867e+02 7.282471626733921788e-01 2.101723413198823033e-04
1.804205548549810771e+02 7.625577973938629794e-01 1.226005324365980103e-04
1.806385035729298068e+02 8.497267759562842082e-01 2.627154266498528791e-04
1.806583648591845304e+02 8.803418803418803229e-01 2.802297884265097377e-04
1.807884965671850921e+02 9.520807061790668158e-01 2.276867030965391619e-04
1.808996602213815379e+02 9.727651674372985724e-01 1.751436177665685861e-04
1.809015868011769612e+02 9.592440801457194910e-01 1.401148942132548689e-04
1.802242363738265283e+02 7.370218579234972811e-01 1.751436177665685861e-04
1.796867381252627069e+02 5.548024379991592925e-01 0.000000000000000000e+00
1.795553453832142452e+02 4.778268179907524393e-01 1.751436177665685861e-05
1.795709857082808014e+02 4.791754238475550154e-01 0.000000000000000000e+00
1.796748458736163627e+02 6.006200084068936684e-01 1.751436177665685861e-05
1.800826853019476061e+02 7.030615104385595782e-01 1.050861706599411517e-04
1.806183445425248806e+02 8.825311755639624334e-01 1.050861706599411517e-04
1.807575837186493004e+02 9.312386156648452262e-01 1.576292559899117275e-04
1.805071633739666481e+02 8.985743309513801735e-01 3.152585119798234550e-04
1.801663689225164546e+02 8.024555135210872381e-01 1.226005324365980103e-04
1.799045467283172286e+02 7.152690205968894599e-01 2.276867030965391619e-04
1.799853579935547145e+02 6.900658540002801988e-01 0.000000000000000000e+00
1.799637802998458653e+02 7.030790248003362386e-01 1.226005324365980103e-04
1.801489946756340146e+02 7.424162813507075853e-01 2.452010648731960205e-04
1.804626593806921733e+02 8.183585540142916948e-01 2.452010648731960205e-04
1.804734307131848254e+02 8.654021297463920792e-01 3.327728737564803136e-04
1.805754868992573847e+02 9.183480453972256985e-01 8.757180888328429304e-05
1.807660256410256352e+02 9.339358273784503783e-01 4.378590444164214652e-04
1.804688244360375506e+02 7.906683480453972068e-01 1.926579795432254447e-04
1.797547288776796961e+02 5.690240997618046803e-01 2.802297884265097377e-04
1.792606837606837473e+02 4.914179627294381625e-01 1.751436177665685861e-04
1.792299810844892818e+02 4.444269300826678148e-01 1.576292559899117275e-04
1.792598080425949263e+02 4.970400728597449969e-01 3.502872355331371722e-05
1.799072614543925965e+02 6.266638643687824084e-01 2.802297884265097377e-04
1.803282891971416575e+02 7.413128765587781999e-01 7.005744710662743444e-05
1.803896244920834988e+02 8.321598710942973431e-01 1.751436177665685861e-05
1.804739736583998990e+02 8.161517444304329238e-01 1.751436177665685861e-04
1.803770141516043282e+02 7.377399467563402480e-01 7.005744710662743444e-05
1.799741838307411967e+02 6.943568726355611176e-01 2.977441502031665964e-04
1.798232976040353037e+02 6.283277287375648168e-01 1.226005324365980103e-04
1.800998844052122649e+02 6.313051702395964249e-01 2.276867030965391619e-04
1.801033522488440610e+02 6.850392321703797638e-01 1.226005324365980103e-04
1.803547709121479556e+02 7.136401849516603724e-01 2.802297884265097377e-04
1.805491102704217496e+02 7.767269160711783860e-01 5.079164915230488997e-04
1.805762225024519978e+02 8.204777917892671635e-01 1.576292559899117275e-04
1.804209401709401845e+02 8.031210592686002236e-01 1.751436177665685861e-05
1.802105226285554238e+02 6.430047639064032650e-01 5.254308532997057583e-05
1.793630026621829927e+02 4.826082387557797393e-01 1.751436177665685861e-05
1.790653811125122559e+02 4.179977581616926008e-01 0.000000000000000000e+00
1.789485953481855063e+02 4.179101863528092986e-01 0.000000000000000000e+00
1.789977406473308008e+02 4.847975339778618498e-01 0.000000000000000000e+00
1.794011664564943374e+02 5.962414179627294475e-01 5.254308532997057583e-05
1.798693778898696962e+02 6.977371444584559157e-01 5.254308532997057583e-05
1.803402865349586648e+02 8.058007566204287153e-01 1.751436177665685861e-05
1.803673111951800365e+02 8.116330390920555304e-01 1.050861706599411517e-04
1.801410606697492085e+02 7.169679136892251892e-01 1.751436177665685861e-05
1.799549530615104516e+02 6.630587081406753569e-01 5.254308532997057583e-05
1.798985042735042725e+02 6.472957825416841837e-01 1.050861706599411517e-04
1.800130306851618229e+02 6.553173602353929983e-01 8.757180888328429304e-05
1.801821143337536739e+02 6.928681518845453136e-01 2.977441502031665964e-04
1.804625367801597235e+02 7.604735883424408316e-01 3.502872355331371722e-05
1.805529984587361696e+02 7.975514922236234261e-01 0.000000000000000000e+00
1.806329164915230479e+02 8.456459296623231037e-01 1.050861706599411517e-04
1.805296693288496499e+02 8.219314838167297577e-01 3.678015973097940308e-04
1.803397260753818045e+02 6.719735182849937427e-01 2.101723413198823033e-04
1.797700014011489316e+02 4.522383354350567597e-01 1.050861706599411517e-04
1.793332457615244380e+02 3.944409415720890877e-01 0.000000000000000000e+00
1.792923146980523939e+02 3.744045116995936562e-01 5.254308532997057583e-05
1.794087852038671826e+02 4.238825837186492862e-01 0.000000000000000000e+00
1.795986233711643649e+02 5.301947597029563752e-01 1.050861706599411517e-04
1.800198963149782685e+02 6.556326187473728861e-01 4.378590444164214652e-04
1.802215741908364919e+02 7.161797674092755805e-01 1.926579795432254447e-04
1.803086030545046867e+02 7.140955583578534327e-01 8.757180888328429304e-05
1.800661867731539871e+02 6.620954182429592549e-01 1.050861706599411517e-04
1.799417122040072741e+02 5.883949838867871263e-01 0.000000000000000000e+00
1.798410571668768512e+02 5.748388678716547240e-01 1.226005324365980103e-04
1.797960102283872743e+02 5.962414179627294475e-01 1.751436177665685861e-04
1.799193638783802669e+02 6.462274064733081191e-01 3.502872355331371722e-05
1.799481925178646406e+02 7.392987249544626938e-01 1.226005324365980103e-04
1.801838482555695578e+02 7.724358974358974672e-01 7.005744710662743444e-05
1.803766988930923389e+02 8.406017934706458972e-01 8.757180888328429304e-05
1.802620498809023388e+02 8.510928961748633892e-01 3.502872355331371722e-05
1.801227931904161323e+02 7.800371304469665423e-01 0.000000000000000000e+00
1.795069006585399904e+02 5.466407454112371944e-01 3.853159590864508894e-04
1.791847940311054970e+02 4.367206109009387771e-01 2.452010648731960205e-04
1.788284993694829836e+02 3.835645229087851771e-01 1.401148942132548689e-04
1.789920134510298340e+02 4.228492363738265425e-01 3.502872355331371722e-05
1.793619868291999353e+02 5.260963990472187213e-01 1.401148942132548689e-04
1.797557271963009669e+02 6.507636261734622840e-01 2.977441502031665964e-04
1.801507110830881402e+02 7.336240717388258226e-01 5.254308532997057583e-04
1.802450434356172195e+02 7.768670309653916695e-01 7.005744710662743444e-05
1.800771157349026339e+02 7.034993694829760891e-01 1.050861706599411517e-04
1.796774730278828542e+02 6.030369903320722536e-01 1.226005324365980103e-04
1.798203902199803963e+02 5.677280369903320301e-01 5.254308532997057583e-05
1.797817710522628545e+02 5.711083088132268282e-01 1.226005324365980103e-04
1.798731084489281216e+02 6.029143897996357415e-01 7.005744710662743444e-05
1.800883774695249997e+02 6.688559618887487401e-01 1.751436177665685861e-05
1.800774134790528365e+02 7.368817430292839976e-01 1.751436177665685861e-05
1.803348921115314454e+02 7.531700994815748729e-01 2.276867030965391619e-04
1.802271612722432508e+02 7.860095278128065299e-01 0.000000000000000000e+00
1.802389659520807186e+02 7.173182009247582869e-01 1.751436177665685861e-04
1.796966162253047514e+02 5.225760123301106397e-01 1.050861706599411517e-04
1.792139379291018599e+02 3.903075521927981129e-01 3.678015973097940308e-04
1.791826222502452026e+02 3.451029844472467412e-01 1.226005324365980103e-04
1.789776691887347511e+02 3.485533137172481255e-01 7.005744710662743444e-05
1.791890325066554510e+02 4.686142636962308816e-01 2.627154266498528791e-04
1.796434951660361605e+02 5.444164214656017631e-01 1.401148942132548689e-04
1.798361706599411605e+02 6.619903320722992923e-01 3.502872355331371722e-04
1.801362792489841809e+02 6.893827938909906639e-01 4.904021297463920410e-04
1.801035098781000556e+02 6.306396244920835503e-01 3.678015973097940308e-04
1.798582912988650833e+02 5.386366820793050403e-01 3.853159590864508894e-04
1.797469349866890980e+02 5.045712484237074857e-01 1.751436177665685861e-04
1.798305835785344016e+02 5.020666946896454874e-01 3.502872355331371722e-04
1.797022033067115103e+02 5.535589183130166235e-01 2.802297884265097377e-04
1.797512785484096867e+02 6.070828079024800372e-01 8.757180888328429304e-05
1.797097870253607823e+02 6.561930783242259091e-01 1.751436177665685861e-04
1.795664845173041897e+02 7.243589743589743390e-01 3.502872355331371722e-04
1.795686387838027258e+02 7.247618046798374181e-01 2.101723413198823033e-04
1.790754518705338398e+02 6.093771892952221103e-01 7.005744710662743444e-05
1.784661447386857276e+02 4.342160571668768343e-01 2.452010648731960205e-04
1.780388118256970813e+02 3.804469665125402855e-01 2.977441502031665964e-04
1.780963114754098342e+02 3.574856382233431162e-01 1.751436177665685861e-05
1.786077833823735546e+02 4.111846714305730788e-01 3.502872355331371722e-05
1.791292034468264092e+02 5.583403390780440345e-01 5.254308532997057583e-05
1.794512049880902396e+02 6.919924337957125138e-01 0.000000000000000000e+00
1.799412743449628636e+02 8.458385876418663685e-01 1.401148942132548689e-04
1.797180362897576060e+02 8.389379291018634888e-01 1.751436177665685861e-04
1.793377644668628363e+02 7.007145859604876348e-01 1.751436177665685861e-04
1.790945250105086188e+02 6.513591144738685168e-01 1.401148942132548689e-04
1.788709716967913721e+02 6.157524169819251769e-01 1.751436177665685861e-05
1.789643582737845122e+02 6.554925038531596027e-01 3.502872355331371722e-05
1.791139134089953870e+02 7.504553734061930603e-01 0.000000000000000000e+00
1.790813366960908013e+02 8.429662323104946120e-01 1.050861706599411517e-04
1.792033592545887757e+02 9.008161692587921543e-01 4.553734061930783238e-04
1.793505324365980016e+02 9.536569987389659220e-01 4.203446826397646066e-04
1.793211958806220991e+02 9.426054364578955180e-01 6.830601092896174857e-04
1.790468859464761238e+02 8.100217178086031034e-01 2.802297884265097377e-04
1.785631392742048433e+02 5.739631497828219242e-01 1.226005324365980103e-04
1.783184986689085179e+02 4.861636541964410863e-01 1.751436177665685861e-04
1.785704252487039412e+02 4.837992153565924269e-01 8.757180888328429304e-05
1.787892321703797052e+02 5.605996917472326757e-01 1.926579795432254447e-04
1.789647435897435912e+02 6.892601933585540408e-01 1.050861706599411517e-04
1.794713289897716209e+02 7.975865209471766359e-01 3.327728737564803136e-04
1.798655072159170629e+02 8.760508617065994041e-01 5.254308532997057583e-04
1.797201555275325688e+02 8.565924057727336560e-01 3.853159590864508894e-04
1.794888433515482689e+02 7.090339078043995658e-01 3.502872355331371722e-05
1.791130727196300825e+02 6.062421185372005583e-01 3.678015973097940308e-04
1.791417612442202483e+02 5.821948998178506640e-01 3.152585119798234550e-04
1.792645369202746224e+02 5.967318200924758287e-01 1.226005324365980103e-04
1.794419574050721451e+02 6.303769090654336438e-01 8.757180888328429304e-05
1.794911202185792263e+02 6.967037971136331720e-01 1.050861706599411517e-04
1.794330601092896131e+02 7.364789127084209186e-01 4.378590444164214652e-04
1.793986969314838120e+02 7.299460557657279081e-01 5.254308532997057583e-05
1.793651394143197422e+02 7.285624211853719556e-01 7.005744710662743444e-05
1.790754168418102950e+02 5.898661902760263809e-01 2.977441502031665964e-04
1.784163514081546964e+02 3.915160431553874054e-01 2.276867030965391619e-04
1.782316974919434074e+02 3.306010928961748419e-01 1.050861706599411517e-04
1.781899957965531769e+02 3.018600252206809498e-01 2.452010648731960205e-04
1.785559233571528637e+02 3.801141936387837927e-01 1.751436177665685861e-04
1.788616190276026430e+02 4.488230348886086407e-01 0.000000000000000000e+00
1.791486619027602671e+02 5.771332492643967971e-01 2.276867030965391619e-04
1.793858939330250735e+02 6.198157489141096210e-01 1.576292559899117275e-04
1.793151359114473848e+02 6.038776796973518435e-01 1.751436177665685861e-04
1.789012890570267587e+02 5.233116155247302670e-01 1.751436177665685861e-05
1.788733886787165375e+02 4.502416981925178585e-01 7.005744710662743444e-05
1.787659555835785454e+02 4.579305030124702358e-01 5.254308532997057583e-05
1.789577553593946959e+02 4.953061510438559467e-01 3.502872355331371722e-05
1.789682639764606904e+02 5.500210172341319925e-01 2.101723413198823033e-04
1.793528268179907457e+02 6.049985988510578894e-01 0.000000000000000000e+00
1.792411902760263445e+02 6.512890570267619861e-01 0.000000000000000000e+00
1.791828149082247421e+02 6.678751576292559777e-01 8.757180888328429304e-05
1.790659766008126610e+02 5.674127784783522532e-01 7.005744710662743444e-05
1.782890920554854972e+02 4.138468544206249100e-01 1.050861706599411517e-04
1.777269335855401380e+02 3.188139274204848106e-01 0.000000000000000000e+00
1.775702676194479466e+02 2.999159310634720299e-01 0.000000000000000000e+00
1.774854105366400461e+02 3.611286254728877654e-01 5.254308532997057583e-05
1.777797043575732232e+02 4.761104105366400496e-01 5.254308532997057583e-05
1.785016288356452208e+02 6.423917612442202607e-01 8.757180888328429304e-05
1.787578639484377163e+02 7.673392181588902794e-01 0.000000000000000000e+00
1.789036184671430476e+02 7.705443463640184731e-01 1.226005324365980103e-04
1.788968579234972651e+02 7.139029003783101679e-01 1.226005324365980103e-04
1.789519055625613078e+02 6.214445845593387086e-01 1.751436177665685861e-05
1.790796728317220072e+02 6.115139414319742395e-01 1.751436177665685861e-05
1.790992188594647700e+02 6.204988090233991560e-01 1.751436177665685861e-04
1.793663303909205524e+02 7.074926439680537804e-01 0.000000000000000000e+00
1.797495621409555895e+02 7.530474989491382498e-01 0.000000000000000000e+00
1.798469419924337842e+02 7.872180187753958780e-01 1.751436177665685861e-04
1.799335505114193552e+02 8.122110130306852138e-01 1.926579795432254447e-04
1.796455268320022469e+02 7.689330250805660461e-01 2.802297884265097377e-04
1.788427560599691617e+02 5.676754939050020488e-01 3.502872355331371722e-04
1.779868116855821825e+02 4.200294241277847673e-01 1.226005324365980103e-04
1.779735883424407916e+02 3.404441642146560087e-01 3.502872355331371722e-05
1.779153706038951839e+02 3.759107468123861762e-01 0.000000000000000000e+00
1.781692763065713905e+02 4.334629396104806021e-01 5.254308532997057583e-05
1.785671150343281397e+02 5.727371444584559157e-01 0.000000000000000000e+00
1.789429907524169892e+02 6.703446826397646552e-01 5.254308532997057583e-05
1.790524204847975227e+02 7.279844472467423833e-01 1.576292559899117275e-04
1.788061510438559480e+02 6.567009948157489507e-01 1.401148942132548689e-04
1.787727686703096595e+02 5.697246742328709868e-01 7.005744710662743444e-05
1.785324891410957093e+02 5.318411097099621232e-01 8.757180888328429304e-05
1.786371374527112152e+02 5.057797393862967228e-01 3.502872355331371722e-05
1.789344437438699629e+02 5.345908645088972566e-01 5.254308532997057583e-05
1.792912638363457916e+02 5.696020737004343637e-01 5.254308532997057583e-05
1.794341284853580021e+02 6.194829760403530727e-01 3.853159590864508894e-04
1.795550301247022560e+02 6.720786044556535943e-01 1.226005324365980103e-04
1.795348360655737565e+02 6.519370884124982002e-01 1.751436177665685861e-04
1.792179487179487296e+02 4.636226705898837119e-01 1.751436177665685861e-04
1.785590934566344288e+02 3.403390780439961016e-01 1.050861706599411517e-04
1.782575136612021822e+02 3.129115875017514092e-01 7.005744710662743444e-05
1.783876278548409573e+02 3.012470225584979455e-01 7.005744710662743444e-05
1.785825802157769431e+02 3.550161132128345498e-01 3.502872355331371722e-05
1.789843596749334438e+02 4.527112232030264805e-01 2.802297884265097377e-04
1.791154897015552763e+02 6.034223062911587832e-01 7.005744710662743444e-05
1.793172376348605894e+02 6.084664424828358786e-01 7.005744710662743444e-05
1.792170554854981219e+02 5.200714585960487524e-01 1.926579795432254447e-04
1.789195390219980482e+02 4.438314417822614710e-01 1.050861706599411517e-04
1.785461853720050556e+02 4.376138433515482928e-01 1.751436177665685861e-05
1.786160151324085632e+02 4.477546588202325761e-01 0.000000000000000000e+00
1.786699593666806720e+02 4.777217318200924767e-01 5.254308532997057583e-05
1.785738055205268324e+02 5.391270842090514215e-01 8.757180888328429304e-05
1.787678821633739688e+02 5.988860865910046183e-01 1.050861706599411517e-04
1.790701975620008284e+02 6.550896735322965236e-01 7.005744710662743444e-05
1.791336871234412342e+02 6.447036569987389942e-01 6.480313857363037685e-04
1.788727581616925875e+02 4.818376068376068466e-01 0.000000000000000000e+00
1.781400098080426062e+02 3.345418242959226629e-01 3.502872355331371722e-05
1.780577448507776239e+02 2.770772033067114837e-01 0.000000000000000000e+00
1.784416596609219425e+02 2.938034188034188143e-01 0.000000000000000000e+00
1.785892181588902758e+02 3.627574611181168529e-01 0.000000000000000000e+00
1.790135911447386832e+02 4.441642146560179083e-01 8.757180888328429304e-05
1.793240156928681586e+02 5.510368502171780758e-01 1.751436177665685861e-04
1.792029038811825785e+02 6.042104525711082808e-01 1.226005324365980103e-04
1.790355716687683980e+02 5.594962869553034013e-01 1.926579795432254447e-04
1.786050686562981582e+02 4.653390780439961016e-01 1.751436177665685861e-05
1.782123090934566392e+02 4.259492784082948291e-01 3.678015973097940308e-04
1.783622495446265930e+02 4.098360655737705027e-01 5.254308532997057583e-05
1.785384615384615472e+02 4.357047779178926938e-01 5.254308532997057583e-05
1.788278688524590052e+02 5.232415580776236252e-01 5.254308532997057583e-05
1.788763661202185915e+02 5.923882583718649286e-01 7.005744710662743444e-05
1.791378205128205252e+02 6.104981084489281562e-01 3.502872355331371722e-05
1.791124071738825876e+02 6.195004904021297332e-01 1.226005324365980103e-04
1.786642671991032785e+02 4.822579515202465861e-01 1.050861706599411517e-04
1.780288286394843738e+02 3.111251226005324333e-01 3.502872355331371722e-05
1.776082037270561784e+02 2.596679277007145625e-01 3.502872355331371722e-05
1.777022208210732686e+02 2.696686282751856734e-01 0.000000000000000000e+00
1.779780720190556167e+02 3.360305450469384669e-01 0.000000000000000000e+00
1.783210732800896778e+02 4.704007285974499131e-01 1.050861706599411517e-04
1.787341845313156909e+02 5.828079024800336683e-01 3.327728737564803136e-04
1.790092125542945212e+02 6.558953341740226817e-01 3.327728737564803136e-04
1.787668313016673665e+02 5.885526131427770702e-01 1.226005324365980103e-04
1.787643792910186278e+02 4.924863387978142271e-01 1.401148942132548689e-04
1.788404266498528727e+02 4.400658540002802543e-01 0.000000000000000000e+00
1.791679977581617038e+02 4.351793470645929918e-01 1.751436177665685861e-05
1.792937333613563169e+02 4.738335435056746370e-01 0.000000000000000000e+00
1.795032751856522282e+02 5.468509177525571197e-01 1.401148942132548689e-04
1.795887452711223204e+02 5.992188594647610556e-01 3.853159590864508894e-04
1.796148942132548711e+02 6.358063612161972689e-01 8.757180888328429304e-05
1.797604210452571181e+02 6.414985287936108005e-01 1.926579795432254447e-04
1.791568060809863994e+02 4.235322964831161330e-01 2.452010648731960205e-04
1.785435407033767774e+02 2.956949698752977529e-01 0.000000000000000000e+00
1.781434251085890423e+02 2.119237774975479827e-01 3.502872355331371722e-05
1.781645299145299077e+02 2.339743589743589758e-01 1.751436177665685861e-05
1.786189225164634991e+02 3.027182289477371446e-01 3.502872355331371722e-05
1.789600672551492266e+02 4.320092475830180634e-01 0.000000000000000000e+00
1.793087081406753498e+02 6.008827238335434640e-01 1.751436177665685861e-05
1.794670379711363353e+02 6.341600112091915209e-01 5.254308532997057583e-05
1.794527112232030390e+02 6.014256690486198265e-01 1.751436177665685861e-05
1.791656333193218416e+02 5.083368362056887024e-01 1.751436177665685861e-05
1.789078919714165750e+02 4.309058427910886779e-01 0.000000000000000000e+00
1.788607082807902486e+02 4.123581336696091060e-01 8.757180888328429304e-05
1.789501190976600924e+02 4.587711923777497702e-01 1.401148942132548689e-04
1.790023819532016205e+02 5.323665405632618253e-01 0.000000000000000000e+00
1.793027357433095119e+02 6.136682079305030291e-01 8.757180888328429304e-05
1.794234096959506815e+02 6.727616645649432403e-01 0.000000000000000000e+00
1.793843001261033976e+02 6.970715987109429301e-01 1.751436177665685861e-04
1.788982941011629464e+02 5.189505394423427065e-01 3.502872355331371722e-05
1.783567850637522838e+02 3.675213675213675479e-01 1.751436177665685861e-05
1.781796097800196037e+02 3.129641305870813905e-01 0.000000000000000000e+00
1.782254974078744567e+02 2.849236373826537494e-01 0.000000000000000000e+00
1.785101933585540053e+02 3.665755919854280509e-01 0.000000000000000000e+00
1.787975164635000738e+02 4.457755359394703909e-01 7.005744710662743444e-05
1.793252592125543003e+02 6.074681238615664558e-01 3.502872355331371722e-05
1.796622880762224952e+02 7.033592545887628056e-01 1.401148942132548689e-04
1.795859955163233792e+02 6.422866750735602981e-01 3.502872355331371722e-05
1.792154441642146594e+02 5.497933305310354068e-01 0.000000000000000000e+00
1.789130411937788949e+02 4.623966652655177034e-01 1.401148942132548689e-04
1.787896875437859023e+02 4.311335294941852081e-01 1.050861706599411517e-04
1.789902620148521919e+02 4.607853439820652763e-01 2.977441502031665964e-04
1.790841565083368323e+02 5.089498388678717067e-01 1.751436177665685861e-05
1.794945705478492357e+02 6.053138573630376662e-01 2.276867030965391619e-04
1.795128380271822834e+02 6.344752697211714088e-01 1.751436177665685861e-04
1.794491207790388216e+02 6.661062070898136067e-01 2.101723413198823033e-04
1.790293890990612340e+02 5.388118256970716446e-01 2.977441502031665964e-04
1.784347765167437387e+02 3.405317360235393109e-01 5.254308532997057583e-05
1.778599026201485174e+02 2.452360935967493327e-01 0.000000000000000000e+00
1.776704672831722007e+02 2.762890570267619306e-01 0.000000000000000000e+00
1.780215251506235177e+02 3.015973097940310987e-01 0.000000000000000000e+00
1.784410816869833241e+02 4.041088692728037057e-01 1.050861706599411517e-04
1.788176754939049999e+02 6.006900658540003102e-01 5.079164915230488997e-04
1.793108974358974308e+02 7.183690626313576910e-01 2.276867030965391619e-04
1.794392777077203220e+02 6.569637102423987463e-01 1.226005324365980103e-04
1.789577378450329377e+02 5.746462098921115702e-01 5.254308532997057583e-05
1.787281595908645215e+02 4.590514221661762817e-01 1.751436177665685861e-05
1.789452325907244017e+02 4.465636822194199440e-01 0.000000000000000000e+00
1.789385070758021641e+02 4.656543365559758785e-01 3.502872355331371722e-05
1.790244850777637566e+02 5.005079164915230416e-01 2.452010648731960205e-04
1.791534608378870814e+02 5.603194619588062197e-01 2.101723413198823033e-04
1.790620884124982410e+02 6.174162813507075853e-01 1.576292559899117275e-04
1.790795852599131308e+02 6.511314277707720422e-01 8.757180888328429304e-05
1.790528583438419616e+02 5.042559899117275979e-01 2.101723413198823033e-04
1.781298865069356907e+02 3.527742749054224580e-01 0.000000000000000000e+00
1.772317500350287105e+02 2.445530334874597145e-01 1.751436177665685861e-05
1.774175248703937200e+02 2.265132408575031564e-01 1.751436177665685861e-05
1.776943743869973389e+02 2.484587361636541869e-01 0.000000000000000000e+00
1.778520737004343459e+02 3.828639484377189262e-01 5.254308532997057583e-05
1.787064768109850093e+02 5.174618186913269025e-01 7.005744710662743444e-05
1.790501786464901102e+02 6.034923637382654249e-01 0.000000000000000000e+00
1.788974358974358836e+02 5.969945355191257352e-01 2.802297884265097377e-04
1.785711258231750094e+02 4.845348185512119987e-01 1.576292559899117275e-04
1.783386226705898707e+02 4.367731539862687584e-01 5.254308532997057583e-05
1.782071773854560774e+02 3.990997618046798201e-01 3.502872355331371722e-05
1.782732415580776149e+02 4.393302508056606270e-01 8.757180888328429304e-05
1.784058603054504601e+02 5.124877399467563377e-01 0.000000000000000000e+00
1.786134230068656166e+02 5.682184391200784113e-01 3.502872355331371722e-05
1.788174828359254604e+02 6.019686142636961890e-01 3.502872355331371722e-05
1.789589288216337479e+02 6.283452430993414772e-01 0.000000000000000000e+00
1.783685897435897516e+02 5.042384755499509374e-01 0.000000000000000000e+00
1.778181308673111971e+02 3.184986689085049782e-01 1.751436177665685861e-05
1.775689190135911417e+02 2.417682499649712879e-01 0.000000000000000000e+00
1.774510298444724583e+02 2.497547989351268094e-01 1.751436177665685861e-05
1.775354840969594932e+02 3.129641305870813905e-01 0.000000000000000000e+00
1.780090724394003132e+02 4.224639204147400684e-01 3.502872355331371722e-05
1.784494710662743557e+02 5.552578114053523528e-01 1.401148942132548689e-04
1.786068025781140420e+02 6.218123861566484667e-01 1.401148942132548689e-04
1.786237739946756449e+02 5.644703656998738550e-01 3.502872355331371722e-05
1.782962204007286005e+02 5.021367521367521292e-01 7.005744710662743444e-05
1.778115629816449541e+02 4.190836485918453258e-01 0.000000000000000000e+00
1.779796483116155343e+02 4.313787305590584542e-01 0.000000000000000000e+00
1.781415510718789506e+02 4.766533557517164121e-01 1.751436177665685861e-05
1.783512680397926431e+02 5.442763065713885906e-01 5.254308532997057583e-05
1.787909836065573757e+02 6.032296483116155184e-01 5.254308532997057583e-05
1.788858063612161970e+02 6.358063612161972689e-01 1.751436177665685861e-04
1.788678191116715652e+02 6.159450749614684417e-01 1.401148942132548689e-04
1.784663373966652671e+02 4.056326187473728306e-01 0.000000000000000000e+00
1.778940731399747790e+02 2.487564803138573588e-01 5.254308532997057583e-05
1.775067605436457825e+02 2.019931343701835413e-01 0.000000000000000000e+00
1.774387873055905800e+02 2.112932604735883457e-01 5.254308532997057583e-05
1.776810109289617401e+02 2.788461538461538547e-01 0.000000000000000000e+00
1.781733221241418050e+02 3.514957264957264682e-01 5.254308532997057583e-05
1.782923497267759672e+02 4.801562281070477778e-01 0.000000000000000000e+00
1.785314382793891070e+02 4.984237074401008938e-01 3.502872355331371722e-05
1.783569777217318233e+02 4.498563822334314399e-01 7.005744710662743444e-05
1.781233886787165375e+02 3.732485638223342894e-01 5.254308532997057583e-05
1.779388398486759115e+02 3.197947316799775730e-01 3.502872355331371722e-05
1.778881708000560593e+02 3.299355471486619118e-01 3.502872355331371722e-05
1.781147015552753317e+02 3.662077903881182372e-01 1.751436177665685861e-05
1.782731364719069518e+02 4.286289757601233208e-01 0.000000000000000000e+00
1.784691046658259665e+02 4.924688244360375666e-01 1.226005324365980103e-04
1.784423952641165840e+02 5.167612442202605960e-01 1.401148942132548689e-04
1.787225199663724311e+02 5.001926579795432648e-01 1.751436177665685861e-04
1.782520141516043282e+02 3.904126383634580200e-01 7.005744710662743444e-05
1.777112582317500369e+02 2.333963850357292924e-01 0.000000000000000000e+00
1.773561895754518787e+02 1.451415160431553941e-01 7.005744710662743444e-05
1.771922376348605894e+02 1.521647751155947859e-01 1.751436177665685861e-05
1.773797639064032410e+02 2.030615104385596059e-01 1.226005324365980103e-04
1.775771507636261788e+02 3.068691326888048354e-01 0.000000000000000000e+00
1.779569496987529647e+02 3.870148521787866169e-01 0.000000000000000000e+00
1.784125507916491529e+02 4.684741488020176536e-01 0.000000000000000000e+00
1.783887838027182227e+02 4.326222502452010676e-01 1.751436177665685861e-05
1.779042489841670260e+02 3.622145159030404904e-01 1.751436177665685861e-05
1.778447526972117032e+02 3.303208631077483304e-01 3.502872355331371722e-05
1.778716372425388954e+02 2.941887347625052329e-01 1.751436177665685861e-05
1.780166036149642821e+02 3.254868992573910491e-01 5.254308532997057583e-05
1.783532646770351562e+02 3.873826537760963751e-01 1.751436177665685861e-05
1.785628065013310959e+02 4.461958806221101304e-01 0.000000000000000000e+00
1.785609324646209757e+02 4.671780860305450589e-01 0.000000000000000000e+00
1.786557552192797971e+02 5.013661202185791810e-01 8.757180888328429304e-05
1.787453236654056354e+02 4.709436738125262756e-01 3.502872355331371722e-05
1.782203481855121083e+02 3.097765167437298572e-01 1.576292559899117275e-04
1.772809128485357917e+02 1.567360235393022161e-01 0.000000000000000000e+00
1.772045852599131308e+02 9.005884825556956241e-02 0.000000000000000000e+00
1.771751085890430204e+02 1.072579515202466000e-01 0.000000000000000000e+00
1.774175598991172649e+02 1.713605156228107107e-01 0.000000000000000000e+00
1.779173672411377254e+02 2.735042735042735318e-01 3.502872355331371722e-05
1.782665335575171639e+02 3.727056186072579269e-01 0.000000000000000000e+00
1.784168768390079833e+02 3.988545607398066295e-01 1.751436177665685861e-05
1.782352879361075964e+02 3.443148381672971881e-01 1.751436177665685861e-05
1.779519405912848526e+02 2.929101863528092986e-01 0.000000000000000000e+00
1.777307166876838949e+02 2.575486899257390938e-01 1.751436177665685861e-05
1.777906508336836282e+02 2.353404791929382123e-01 5.254308532997057583e-05
1.776678051001821359e+02 2.751856522348325451e-01 1.050861706599411517e-04
1.780391971416561603e+02 3.302858343841950650e-01 3.502872355331371722e-05
1.780494955863808286e+02 3.938979963570127252e-01 0.000000000000000000e+00
1.783740542244640608e+02 4.223763486058568217e-01 1.926579795432254447e-04
1.785784643407594103e+02 4.473693428611461576e-01 3.502872355331371722e-05
1.787467423287095301e+02 4.066484517304189694e-01 0.000000000000000000e+00
1.778269756200083975e+02 2.312070898136471819e-01 4.028303208631077480e-04
1.772973588342440792e+02 1.133704637802998433e-01 0.000000000000000000e+00
1.770345733501471273e+02 8.158189715566764588e-02 0.000000000000000000e+00
1.773025080566064275e+02 1.058392882163373960e-01 0.000000000000000000e+00
1.776973868572229094e+02 1.587151464200644568e-01 0.000000000000000000e+00
1.778950539442342631e+02 2.498248563822334234e-01 3.502872355331371722e-05
1.782948017374246774e+02 3.428611461398346494e-01 2.802297884265097377e-04
1.786400448367661511e+02 4.014642006445285349e-01 1.050861706599411517e-04
1.784712239036009578e+02 3.686072579515202730e-01 1.751436177665685861e-05
1.780290738405492448e+02 4.019020596889449348e-01 1.751436177665685861e-05
1.774106066974919429e+02 5.014887207510158040e-01 5.254308532997057583e-05
1.771572439400308383e+02 6.369097660081266543e-01 2.101723413198823033e-04
1.772349026201485174e+02 8.345418242959226074e-01 1.226005324365980103e-04
1.775464305730699266e+02 1.031175563962449138e+00 2.802297884265097377e-04
1.781761944794731676e+02 1.242608939330250850e+00 2.452010648731960205e-04
1.788201975620008284e+02 1.340514221661762706e+00 1.103404791929382201e-03
1.797028513380972470e+02 1.232100322264256587e+00 2.802297884265097377e-04
1.797798094437438579e+02 1.049127784783522532e+00 0.000000000000000000e+00
1.790483746672271366e+02 6.490647330811265547e-01 1.926579795432254447e-04
1.775412638363457916e+02 3.835470085470085722e-01 1.401148942132548689e-04
1.764233571528653499e+02 2.325556956704497580e-01 0.000000000000000000e+00
1.773832492643967953e+02 2.434145999719770082e-01 2.276867030965391619e-04
1.765396700294241157e+02 1.961258231750035164e-01 0.000000000000000000e+00
1.751885771332492538e+02 2.188419503993274395e-01 0.000000000000000000e+00
1.754829760403530940e+02 2.908610060249404716e-01 0.000000000000000000e+00
1.764136016533557552e+02 3.208981364719069584e-01 8.757180888328429304e-05
1.767982345523329002e+02 4.037410676754938921e-01 3.502872355331371722e-04
1.770642251646349905e+02 4.549180327868852514e-01 1.366120218579234971e-03
1.782014677035168972e+02 3.780474989491383053e-01 3.117556396244921049e-03
1.786830250805660683e+02 3.455408434916631411e-01 6.270141516043155165e-03
1.794563191817290146e+02 4.522733641586100806e-01 1.259282611741628123e-02
1.806209016393442539e+02 5.268670309653916695e-01 2.860095278128065022e-02
1.802110655737704974e+02 4.561965811965811857e-01 1.199733781700994782e-02
1.791669994395404331e+02 4.160011209191536996e-01 5.954883004063331927e-04
1.789241803278688394e+02 4.160186352809303600e-01 6.305170239596469099e-04
1.787392111531455896e+02 3.582912988650693298e-01 3.327728737564803136e-04
1.782586345803559027e+02 2.155142216617626505e-01 4.028303208631077480e-04
1.771114438839848617e+02 1.419188734762505122e-01 1.576292559899117275e-04
1.764554259492784070e+02 1.158750175143617722e-01 0.000000000000000000e+00
1.766374351968614178e+02 1.189225164635000637e-01 1.226005324365980103e-04
1.771530229788426425e+02 1.394318341039652576e-01 8.932324506094997891e-04
1.777744500490402118e+02 1.831476810985007697e-01 1.155947877259352668e-03
1.781261384335154787e+02 2.619447947316799752e-01 2.837326607818411311e-03
1.786109184531315748e+02 3.085154826958105834e-01 3.485357993554714755e-03
1.786366470505814732e+02 3.186387838027182062e-01 5.744710662743449624e-03
1.781754763906403127e+02 2.405772733641586003e-01 1.961608518985568164e-03
1.772787410676754973e+02 1.953026481715006424e-01 1.120919153706038951e-03
1.774187333613563169e+02 1.506410256410256332e-01 9.107468123861566477e-04
1.770522803699033147e+02 1.111111111111111049e-01 2.977441502031665964e-04
1.774726075381813075e+02 1.051387137452711174e-01 8.406893652795292132e-04
1.777121689785624312e+02 1.268390079865489573e-01 2.381953201625332771e-03
