2.228977607314427303e+02 3.129939562993956148e+00 2.343871067720439908e-03
2.225738609948861040e+02 3.207752208275220784e+00 6.779792344645900991e-04
2.234073105532310421e+02 1.340204168603750112e+01 7.399659073299241080e-03
2.240506159925616032e+02 1.338877266387726550e+01 6.702309003564234022e-03
2.222803734697040170e+02 9.300519138385247686e+00 1.782116844878351130e-03
2.223963079187974472e+02 9.410564853556484977e+00 3.351154501782117011e-03
2.229606772044010654e+02 1.128262048659538230e+01 4.765225476522547653e-03
2.230038741670540787e+02 1.127659615682628313e+01 3.835425383542538386e-03
2.228188052068805121e+02 1.111078180691151474e+01 4.048504571517124069e-03
2.230740547032388008e+02 1.102365178986517869e+01 6.256779792344646131e-03
2.231711800712846809e+02 1.130028668836200190e+01 6.063071439640477407e-03
2.232343871067720329e+02 1.143996978149697874e+01 6.702309003564234022e-03
2.232576127382612867e+02 1.134398729273206285e+01 7.419029908569657605e-03
2.231207190454052238e+02 1.133104757477142499e+01 5.869363086936308684e-03
2.229886680613668091e+02 1.133005966217263349e+01 4.784596311792964178e-03
2.229140903455756870e+02 1.117811483031148256e+01 3.816054548272121427e-03
2.226244382457771565e+02 1.047392685572601856e+01 3.331783666511700052e-03
2.223541182395784972e+02 1.008716875871687613e+01 2.673175267317526912e-03
2.222883348830001466e+02 9.939524252285758976e+00 2.634433596776692994e-03
2.222157523632419043e+02 1.002279947311328101e+01 2.692546102587943437e-03
2.224191073919107282e+02 1.026545792654579259e+01 2.247016891368355980e-03
2.225134821013482167e+02 1.065793041995970825e+01 1.685262668526266768e-03
2.226242445374244596e+02 1.097334573066790675e+01 3.079962807996280885e-03
2.228542925770959187e+02 1.108393382922671577e+01 3.661087866108786622e-03
2.229006857275685718e+02 1.097559274755927561e+01 2.750658608399194315e-03
2.230343832326049949e+02 1.055623353479002091e+01 3.544862854486285301e-03
2.231052223771889089e+02 1.031746861924686165e+01 4.474662947466294567e-03
2.231346660467999357e+02 1.013073376724004326e+01 4.707112970711297209e-03
2.230612312102897761e+02 1.022828529366186245e+01 3.777312877731287943e-03
2.230334921741825553e+02 1.011915000774833473e+01 3.176816984348365246e-03
2.229766581434991508e+02 1.025205330853866492e+01 3.060591972725863925e-03
2.229894041531070741e+02 1.031334263133426354e+01 3.448008678134200939e-03
2.231103169068650232e+02 1.036959553695955449e+01 2.595691926235859075e-03
2.231038664187199743e+02 1.025741902990857035e+01 2.905625290562529120e-03
2.229660622966062249e+02 1.037660777932744516e+01 2.188904385557105103e-03
2.231093289942662352e+02 1.031762358592902551e+01 2.615062761506276034e-03
2.231253293041995960e+02 1.016641484580815202e+01 2.653804432047109953e-03
2.227252053308538677e+02 9.414225941422593280e+00 2.188904385557105103e-03
2.224013249651324884e+02 9.061018131101812756e+00 1.685262668526266768e-03
2.222272392685572697e+02 8.978595227026190173e+00 1.646520997985433067e-03
2.221515574151557360e+02 9.175615992561599654e+00 1.065395939872927330e-03
2.222071710832171050e+02 9.407581744924840450e+00 1.336587633658763456e-03
2.223561521772818708e+02 9.865547032388036541e+00 1.200991786765845393e-03
2.225705873237253911e+02 1.020376181620951428e+01 1.317216798388346497e-03
2.225398845498217781e+02 1.048198512319851261e+01 8.910584224391755650e-04
2.226157407407407334e+02 1.035960018596001930e+01 1.530295986362931963e-03
2.226400317681698482e+02 1.034960483496048411e+01 1.724004339067100470e-03
2.225289400278940093e+02 1.008521230435456317e+01 1.452812645281264560e-03
2.226809042305904143e+02 1.009390980939098093e+01 8.910584224391755650e-04
2.227375832945916727e+02 1.013203161320316070e+01 6.004958933829226964e-04
2.228175073609174035e+02 1.029689679218967946e+01 5.617542228420889950e-04
2.230243878816054632e+02 1.044707887804122137e+01 7.360917402758406511e-04
2.230380443204711014e+02 1.044612970711296995e+01 1.007283434061676669e-03
2.231630830621416521e+02 1.048944289477762304e+01 9.685417635208429677e-04
2.231511699984503423e+02 1.057651479931814720e+01 1.569037656903765664e-03
2.232980203006353577e+02 1.034267007593367360e+01 1.937083527041685935e-03
2.234115915078258183e+02 1.038054005888733933e+01 3.002479466914613482e-03
2.232635402138540144e+02 1.002903688207035415e+01 2.072679373934604215e-03
2.228606655818998945e+02 9.365818224081822407e+00 7.942042460870913116e-04
2.225781032078103294e+02 8.999651324965132204e+00 1.007283434061676669e-03
2.225631682938168296e+02 8.659034557570121748e+00 1.200991786765845393e-03
2.225256857275685718e+02 8.793565008523167137e+00 1.278475127847512795e-03
2.225504416550441533e+02 9.097260963892763286e+00 1.181620951495428434e-03
2.227343289942662352e+02 9.396075468774213846e+00 1.220362622036262135e-03
2.230983844723384379e+02 9.658201611653494112e+00 1.549666821633348922e-03
2.230470323880365697e+02 9.611808461180846308e+00 1.549666821633348922e-03
2.229710793429412661e+02 9.536920812025414307e+00 1.181620951495428434e-03
2.229086858825352522e+02 9.322272586393925309e+00 1.646520997985433067e-03
2.230089493258949460e+02 9.038819153881915369e+00 1.259104292577095836e-03
2.229943243452657669e+02 9.129455292112195863e+00 1.607779327444599365e-03
2.230499767549976866e+02 9.168584379358437175e+00 2.092050209205020741e-03
2.231092321400898868e+02 9.325410661707733695e+00 1.646520997985433067e-03
2.231896017356268374e+02 9.400840694250735652e+00 1.259104292577095836e-03
2.230871106462110731e+02 9.618355803502247170e+00 1.549666821633348922e-03
2.231401479931814720e+02 9.571710832171083538e+00 1.491554315822098261e-03
2.230597977684797684e+02 9.675770959243761737e+00 8.523167518983418636e-04
2.231037889353789012e+02 9.611285448628544614e+00 1.646520997985433067e-03
2.232215055013172105e+02 9.378564233689756335e+00 2.130791879745854659e-03
2.228928405392840659e+02 9.002653804432046769e+00 1.181620951495428434e-03
2.223788935378893541e+02 8.394951960328528529e+00 4.649000464900046332e-04
2.225459476212614334e+02 8.269603285293662509e+00 1.065395939872927330e-03
2.224868665736866546e+02 8.276034402603439588e+00 1.007283434061676669e-03
2.225550325430032501e+02 8.671412521307919619e+00 1.065395939872927330e-03
2.225561754222842126e+02 9.043661862699519105e+00 1.220362622036262135e-03
2.228503215558654915e+02 9.325546257554625740e+00 9.298000929800092663e-04
2.229948473578180597e+02 9.601909964357663085e+00 1.569037656903765664e-03
2.230539284053928384e+02 9.615876336587634299e+00 1.491554315822098261e-03
2.230090461800712944e+02 9.361188594452192646e+00 1.414070974740430859e-03
2.229808228730822748e+02 9.232236944057028438e+00 1.704633503796683727e-03
2.229807841314117525e+02 9.180381218038121460e+00 8.135750813575081623e-04
2.229996513249651287e+02 9.197040136370679519e+00 2.130791879745854659e-03
2.231223461955679568e+02 9.296722454672245561e+00 1.956454362312102895e-03
2.231596931659693155e+02 9.364772198977219020e+00 3.157446149077948287e-03
2.232003719200371847e+02 9.352181156051448951e+00 2.227646056097939021e-03
2.232237137765380339e+02 9.473074538974120884e+00 2.460096079342941229e-03
2.232715984813265209e+02 9.714667596466759036e+00 2.653804432047109953e-03
2.233251394700139372e+02 9.673911359057802528e+00 3.835425383542538386e-03
2.232646443514644261e+02 9.350863939253061474e+00 4.862079652874632014e-03
2.230013172167983839e+02 8.872772353943901180e+00 4.145358747869208431e-03
2.227376414070974704e+02 8.509821013482101293e+00 3.428637842863784414e-03
2.226140942197427535e+02 8.101231985123199308e+00 1.859600185960018533e-03
2.224709824887649177e+02 8.126084766775143464e+00 2.731287773128777355e-03
2.225129978304664462e+02 8.484445219277855443e+00 2.518208585154191673e-03
2.227030838369750541e+02 8.756373004803966964e+00 1.956454362312102895e-03
2.229468657988532527e+02 9.181717805671780752e+00 1.433441810010847601e-03
2.230517201301720149e+02 9.243065240973191266e+00 1.239733457306679094e-03
2.229339067100573288e+02 9.461839454517278369e+00 1.375329304199597157e-03
2.228336626375329388e+02 9.368278320161165240e+00 1.491554315822098261e-03
2.228037540678754169e+02 9.105706648070665210e+00 1.859600185960018533e-03
2.228908840849217370e+02 8.996551991321865671e+00 2.401983573531690785e-03
2.228129939562994082e+02 9.137184255385092158e+00 1.588408492174182623e-03
2.228219820238648765e+02 9.203025724469238611e+00 2.092050209205020741e-03
2.229564737331473623e+02 9.296567487990081702e+00 1.724004339067100470e-03
2.230644273981094159e+02 9.543255075158841194e+00 2.343871067720439908e-03
2.231253293041995960e+02 9.713776538044321285e+00 2.266387726638772505e-03
2.231812916472958364e+02 9.774058577405858372e+00 3.351154501782117011e-03
2.232734387106771976e+02 9.724507980784132144e+00 2.711916937858360396e-03
2.232142220672555482e+02 9.467302030063535767e+00 2.401983573531690785e-03
2.229741399349140067e+02 8.973888114055478482e+00 2.092050209205020741e-03
2.226540175112350823e+02 8.278804432047110140e+00 1.530295986362931963e-03
2.226332326049899279e+02 8.257593367426004249e+00 7.554625755462575018e-04
2.226274213544087957e+02 8.128041221137454642e+00 1.142879280954594732e-03
2.225703936153726943e+02 8.463989617232295259e+00 1.375329304199597157e-03
2.226729621881295600e+02 8.798000929800092962e+00 8.329459166279250129e-04
2.228833488300015517e+02 9.191732527506585981e+00 6.586083991941732484e-04
2.229454323570432450e+02 9.450856190918951683e+00 8.523167518983418636e-04
2.229507980784131291e+02 9.458817604215093766e+00 5.617542228420889950e-04
2.228882109096544184e+02 9.235878661087866703e+00 9.491709282504261170e-04
2.229800674105067344e+02 9.069928715326204482e+00 1.433441810010847601e-03
2.229694909344490839e+02 8.911417170308384428e+00 1.355958468929180198e-03
2.229972687122268837e+02 8.969122888578954900e+00 1.394700139470013900e-03
2.230883310088331086e+02 9.061502401983574373e+00 1.317216798388346497e-03
2.231375135595846757e+02 9.158530915853091869e+00 1.375329304199597157e-03
2.232157329924066289e+02 9.188168293816829646e+00 1.530295986362931963e-03
2.231946187819618785e+02 9.340132496513248839e+00 1.549666821633348922e-03
2.232009917867658544e+02 9.492251665891833667e+00 1.142879280954594732e-03
2.231597319076398662e+02 9.416298620796528240e+00 1.685262668526266768e-03
2.230908298465829773e+02 9.283782736711607697e+00 3.079962807996280885e-03
2.227755501317216726e+02 8.554296451262977996e+00 1.452812645281264560e-03
2.225623547187354632e+02 8.195122423678908419e+00 1.065395939872927330e-03
2.225375406787540555e+02 8.006799163179916690e+00 1.685262668526266768e-03
2.225279908569657437e+02 8.072640632264063143e+00 1.239733457306679094e-03
2.226737176507051004e+02 8.424666821633348235e+00 1.259104292577095836e-03
2.229249380133271359e+02 8.942894777622811375e+00 1.084766775143344289e-03
2.231266658918332553e+02 9.261719355338602355e+00 1.724004339067100470e-03
2.231321284673795162e+02 9.451999070199907038e+00 1.704633503796683727e-03
2.230426158375949228e+02 9.413819153881915369e+00 1.317216798388346497e-03
2.228408685882535281e+02 9.320083682008368342e+00 1.317216798388346497e-03
2.227671238183790479e+02 9.141775143344181842e+00 1.123508445684177990e-03
2.226763714551371436e+02 9.010208430187509165e+00 7.942042460870913116e-04
2.227271424143809213e+02 9.020571827057182190e+00 1.181620951495428434e-03
2.228005578800557771e+02 9.223461955679528756e+00 1.627150162715016325e-03
2.228700604370060319e+02 9.445122423678908419e+00 9.879125987912599268e-04
2.229048891988222465e+02 9.633620021695335822e+00 1.065395939872927330e-03
2.229002401983573520e+02 9.826301720130171446e+00 1.181620951495428434e-03
2.228635324655199099e+02 9.926662017666201265e+00 9.685417635208429677e-04
2.230834495583449666e+02 9.767007593367425855e+00 6.779792344645900991e-04
2.228510963892763073e+02 9.307202076553540593e+00 1.375329304199597157e-03
2.225733960948396088e+02 8.785836045250270843e+00 1.375329304199597157e-03
2.224040368820703577e+02 8.438691306369131340e+00 9.491709282504261170e-04
2.225740934449093515e+02 8.446827057182705545e+00 7.942042460870913116e-04
2.225036610878661065e+02 8.626278475127847400e+00 9.685417635208429677e-04
2.227178056717805532e+02 9.062858360452501927e+00 1.200991786765845393e-03
2.231485936773593721e+02 9.426855726018905202e+00 2.053308538664187256e-03
2.232129823337982373e+02 9.766717030838369951e+00 3.021850302185030007e-03
2.229894235239423494e+02 9.865488919882224650e+00 2.421354408802107745e-03
2.228173330233999820e+02 9.708701379203471760e+00 6.779792344645900991e-04
2.226763133426313459e+02 9.289284053928405172e+00 1.220362622036262135e-03
2.225099178676584586e+02 9.187819618781961850e+00 1.801487680148768089e-03
2.225500154966682089e+02 9.244866728653340360e+00 1.220362622036262135e-03
2.224095963117929671e+02 9.291414845808152023e+00 4.455292112195877825e-04
2.225816674415000875e+02 9.764566868123353061e+00 1.007283434061676669e-03
2.225508097009143000e+02 9.817565473423213618e+00 1.278475127847512795e-03
2.225420347125368039e+02 1.000639237563923700e+01 9.298000929800092663e-04
2.226592282659228204e+02 1.016042925770959293e+01 1.181620951495428434e-03
2.228032697969936464e+02 1.010138695180536139e+01 1.472183480551681302e-03
2.226600999535099845e+02 9.766930110026343925e+00 9.298000929800092663e-04
2.221028785061211863e+02 9.238706803037347370e+00 1.162250116225011691e-03
2.220320393615372723e+02 9.071168448783511806e+00 1.181620951495428434e-03
2.220110220052688703e+02 8.972842088950875095e+00 7.942042460870913116e-04
2.221353633968696784e+02 9.233786610878661705e+00 2.518208585154191673e-04
2.222654579265457926e+02 9.661920812025414307e+00 2.711916937858360722e-04
2.224637959088796038e+02 1.007233069889973720e+01 6.198667286533395470e-04
2.226896404772973881e+02 1.051195180536184637e+01 5.036417170308383345e-04
2.227092050209205070e+02 1.064729583139624935e+01 7.554625755462575018e-04
2.227313265147993206e+02 1.021799938013327136e+01 1.220362622036262135e-03
2.226602742910274344e+02 1.010295598946226647e+01 1.220362622036262135e-03
2.224015186734852136e+02 9.929974430497443549e+00 1.297845963117929538e-03
2.224910119324345317e+02 9.945819773748644010e+00 1.142879280954594732e-03
2.225988687432202084e+02 1.001822795598946314e+01 1.375329304199597157e-03
2.225336277700294545e+02 1.022154424298775766e+01 1.704633503796683727e-03
2.226488648690531420e+02 1.037902913373624614e+01 1.336587633658763456e-03
2.227505423833875682e+02 1.061054935688826895e+01 8.716875871687587143e-04
2.229938400743839964e+02 1.050854253835425389e+01 6.586083991941732484e-04
2.228650046490004684e+02 1.042854098868743229e+01 1.278475127847512795e-03
2.224986052998605430e+02 9.904598636293197700e+00 7.554625755462575018e-04
2.221340461800712944e+02 9.389586238958623099e+00 1.104137610413761031e-03
2.221258716875871642e+02 9.088873392220673253e+00 8.135750813575081623e-04
2.221379590887958955e+02 9.150123973345730022e+00 1.065395939872927330e-03
2.222823299240663175e+02 9.542906400123973398e+00 1.239733457306679094e-03
2.226349372384937340e+02 9.744208120254144845e+00 1.239733457306679094e-03
2.228214783821478306e+02 1.020428482876181597e+01 1.898341856500852234e-03
2.228537889353789012e+02 1.037168758716875949e+01 2.014566868123353338e-03
2.228415465674879954e+02 1.042241980474198115e+01 1.414070974740430859e-03
2.228407329924066289e+02 1.009724159305749325e+01 7.554625755462575018e-04
2.226120215403688292e+02 9.726290097629009423e+00 1.259104292577095836e-03
2.225076902216023598e+02 9.583875716720905658e+00 1.259104292577095836e-03
2.226124670695800489e+02 9.608922206725553750e+00 1.181620951495428434e-03
2.226741631799163201e+02 9.785099953509995174e+00 2.033937703393770297e-03
2.227610801177746680e+02 9.922729738106307096e+00 2.711916937858360396e-03
2.229113203161320200e+02 1.009197272586393979e+01 1.956454362312102895e-03
2.229293545637687828e+02 1.023981094064776087e+01 2.266387726638772505e-03
2.229732295056562918e+02 1.017910274291027406e+01 1.782116844878351130e-03
2.226992290407562507e+02 9.452018441035177077e+00 1.782116844878351130e-03
2.223052068805207000e+02 8.965810475747714392e+00 1.278475127847512795e-03
2.220726987447698662e+02 8.651286223461955416e+00 1.084766775143344289e-03
2.220222764605609882e+02 8.670579575391290206e+00 7.748334108166744609e-04
2.220601270726793643e+02 9.049066325739966388e+00 8.329459166279250129e-04
2.222118781961878256e+02 9.471079342941267853e+00 1.782116844878351130e-03
2.225298117154811735e+02 9.931834030683402759e+00 9.491709282504261170e-04
2.226560901906090066e+02 1.033724624205795806e+01 6.198667286533395470e-04
2.226974275530760963e+02 1.039249186424918570e+01 7.360917402758406511e-04
2.225928831551216547e+02 1.026753060591972755e+01 6.004958933829226964e-04
2.224673601425693334e+02 9.995312257864558347e+00 5.423833875716721443e-04
2.224394080272741405e+02 9.773303114830310889e+00 1.220362622036262135e-03
2.224877576321090942e+02 9.633929955059661765e+00 1.065395939872927330e-03
2.224689485510615157e+02 9.724217418255074463e+00 1.414070974740430859e-03
2.226706376878971128e+02 1.003895474972880919e+01 9.298000929800092663e-04
2.227074810165814256e+02 1.018026499302649945e+01 1.065395939872927330e-03
2.228562296606229722e+02 1.009726096389276329e+01 1.607779327444599365e-03
2.228810824422749022e+02 1.000325430032543039e+01 1.665891833255850026e-03
2.225752944366961117e+02 9.551139005113901348e+00 1.123508445684177990e-03
2.222090500542383325e+02 8.728362777002944384e+00 1.355958468929180198e-03
2.220784906245157231e+02 8.505695025569503187e+00 1.065395939872927330e-03
2.221227142414381035e+02 8.707403533240352544e+00 1.259104292577095836e-03
2.222968774213543952e+02 8.916414845808152023e+00 9.685417635208429677e-04
2.222728188439485564e+02 9.488706803037347370e+00 1.317216798388346497e-03
2.226222493413916084e+02 9.852684797768480607e+00 1.743375174337517429e-03
2.228277157911049073e+02 9.943107856810785350e+00 2.033937703393770297e-03
2.226810398264373134e+02 9.868258949325895202e+00 1.665891833255850026e-03
2.226786378428637931e+02 9.626801487680149094e+00 2.498837749883775147e-03
2.224892104447543772e+02 9.362563923756392015e+00 8.910584224391755650e-04
2.223056136680613690e+02 9.120196032852936341e+00 1.491554315822098261e-03
2.223694986827831883e+02 9.129164729583139959e+00 9.491709282504261170e-04
2.224765225476522517e+02 9.371435766310243665e+00 2.711916937858360396e-03
2.225112544552921179e+02 9.579052378738571960e+00 1.472183480551681302e-03
2.225924182550751595e+02 9.697621261428793105e+00 1.607779327444599365e-03
2.227925964667596475e+02 9.726251355958469347e+00 2.053308538664187256e-03
2.227227839764450721e+02 9.543894312722764894e+00 2.111421044475437700e-03
2.223647915698124962e+02 8.809042305904229764e+00 1.956454362312102895e-03
2.222018634743530185e+02 8.490353324035332605e+00 1.472183480551681302e-03
2.220262281109561400e+02 8.254435921276925825e+00 1.355958468929180198e-03
2.220813768789710139e+02 8.429373934604059926e+00 1.200991786765845393e-03
2.220868588253525502e+02 8.627363241902990865e+00 1.433441810010847601e-03
2.223315124748179130e+02 8.964551371455137030e+00 1.607779327444599365e-03
2.225656283898961760e+02 9.443592127692546967e+00 1.452812645281264560e-03
2.225996048349604735e+02 9.678599101193244181e+00 1.104137610413761031e-03
2.226011157601115826e+02 9.589686967302030851e+00 1.433441810010847601e-03
2.223573144273981086e+02 9.516019680768634359e+00 1.704633503796683727e-03
2.223336238958623881e+02 9.234561444289477450e+00 1.414070974740430859e-03
2.223186308693630906e+02 9.112467069580040047e+00 8.716875871687587143e-04
2.222974004339067164e+02 9.118413916008059061e+00 1.084766775143344289e-03
2.223797071129707206e+02 9.359290252595691584e+00 1.200991786765845393e-03
2.225342476367580957e+02 9.501724004339067164e+00 1.452812645281264560e-03
2.226404191848752419e+02 9.680942972260963231e+00 1.452812645281264560e-03
2.225589260808926042e+02 9.721234309623431713e+00 1.317216798388346497e-03
2.224950023245002342e+02 9.484522702618937373e+00 1.937083527041685935e-03
2.222300286688362121e+02 8.945141794514180233e+00 1.491554315822098261e-03
2.219548659538199331e+02 8.414787695645436827e+00 1.104137610413761031e-03
2.218495079807841250e+02 8.332035487370214710e+00 1.007283434061676669e-03
2.218701185495118580e+02 8.632147838214784485e+00 1.200991786765845393e-03
2.219154850457151724e+02 8.901809236014257110e+00 1.355958468929180198e-03
2.223038509220517653e+02 9.218638617697195059e+00 1.181620951495428434e-03
2.225215403688206948e+02 9.592611963427863486e+00 1.569037656903765664e-03
2.224879513404617910e+02 9.754455292112195863e+00 6.198667286533395470e-04
2.224251123508445573e+02 9.542983883465055328e+00 1.840229350689601790e-03
2.223196381527971539e+02 9.355067410506741510e+00 1.510925151092515004e-03
2.221701921586858930e+02 9.172787850612118987e+00 1.084766775143344289e-03
2.222838795908879490e+02 9.077870757787076528e+00 2.808771114210444758e-03
2.223503021850302162e+02 9.150201456686811952e+00 2.033937703393770297e-03
2.224304393305439191e+02 9.285971641097164664e+00 1.259104292577095836e-03
2.225402913373624756e+02 9.479118239578490090e+00 1.588408492174182623e-03
2.227008174492484045e+02 9.561637997830466418e+00 1.123508445684177990e-03
2.227886060746939449e+02 9.505055788005579487e+00 1.278475127847512795e-03
2.226016581434991508e+02 9.020436231210290146e+00 1.220362622036262135e-03
2.222957539129087365e+02 8.534790020145669232e+00 1.472183480551681302e-03
2.220599333643266675e+02 8.190763985743064524e+00 1.046025104602510370e-03
2.219168797458546294e+02 8.026634898496823212e+00 1.278475127847512795e-03
2.219727452347745214e+02 8.214222067255539272e+00 1.084766775143344289e-03
2.221299008213234174e+02 8.560843793584378858e+00 1.317216798388346497e-03
2.224433596776692923e+02 9.019951960328528529e+00 6.198667286533395470e-04
2.225473035797303680e+02 9.429354563768789887e+00 6.973500697350069498e-04
2.224516891368355687e+02 9.415523787385712495e+00 1.433441810010847601e-03
2.225917596466759676e+02 9.130946846428017238e+00 1.569037656903765664e-03
2.224352239268557128e+02 8.824907019990702040e+00 1.200991786765845393e-03
2.226221912288857823e+02 8.730454827212149382e+00 1.084766775143344289e-03
2.226870641562064179e+02 8.702870757787076528e+00 1.549666821633348922e-03
2.226323802882380392e+02 8.753428637842864291e+00 1.394700139470013900e-03
2.226254455292112198e+02 8.970963117929645847e+00 1.510925151092515004e-03
2.226094452192778590e+02 9.160119324345265213e+00 1.220362622036262135e-03
2.227307841314117525e+02 9.208449558344955932e+00 1.491554315822098261e-03
2.224566286998295368e+02 8.879726483805981729e+00 1.743375174337517429e-03
2.221124089570742228e+02 8.407310553231054584e+00 1.297845963117929538e-03
2.219948086161475374e+02 8.017821168448783453e+00 1.743375174337517429e-03
2.217868820703548636e+02 8.012900976290097788e+00 1.317216798388346497e-03
2.217486634123663407e+02 8.042518983418565526e+00 8.910584224391755650e-04
2.220073609174027638e+02 8.425383542538353865e+00 1.084766775143344289e-03
2.220593134975980263e+02 8.843619246861925021e+00 1.259104292577095836e-03
2.222642375639237571e+02 9.257825817449248262e+00 1.297845963117929538e-03
2.222385905780257360e+02 9.453703703703704164e+00 1.220362622036262135e-03
2.221124476987447736e+02 9.317546102587943579e+00 7.554625755462575018e-04
2.222228808306214205e+02 8.927553076088640793e+00 5.423833875716721443e-04
2.220356035952270304e+02 8.759414225941423382e+00 8.329459166279250129e-04
2.219541104912443927e+02 8.773942352394234589e+00 9.685417635208429677e-04
2.222087982333798095e+02 8.846602355493569547e+00 8.523167518983418636e-04
2.222229583139624935e+02 9.038024949635827809e+00 9.104292577095924157e-04
2.222723152022315105e+02 9.363338757167209536e+00 9.685417635208429677e-04
2.224504494033782862e+02 9.403087711142104510e+00 9.685417635208429677e-04
2.224891523322485796e+02 9.254358437935843895e+00 1.530295986362931963e-03
2.223703316286998302e+02 8.726173872617387417e+00 1.046025104602510370e-03
2.221269758251975759e+02 8.289361537269487101e+00 8.716875871687587143e-04
2.219883774988377638e+02 8.097183480551681356e+00 6.004958933829226964e-04
2.218544669146133685e+02 8.001782116844879056e+00 8.135750813575081623e-04
2.218928017976135152e+02 8.228595227026190173e+00 1.336587633658763456e-03
2.218469122888579079e+02 8.563613823028049410e+00 1.472183480551681302e-03
2.222359174027584174e+02 8.975263443359677851e+00 4.455292112195877825e-04
2.222664652099798559e+02 9.266368355803502155e+00 1.026654269332093628e-03
2.222019409576940916e+02 9.276673640167363288e+00 1.259104292577095836e-03
2.221678676584534458e+02 8.973597551526422578e+00 1.685262668526266768e-03
2.220869750503641740e+02 8.835619091895242860e+00 1.375329304199597157e-03
2.221656012707267962e+02 8.624012087401208504e+00 1.685262668526266768e-03
2.221033821478382038e+02 8.627653804432046769e+00 1.956454362312102895e-03
2.222271424143809213e+02 9.029521152952115770e+00 1.510925151092515004e-03
2.222997830466449614e+02 9.119731132806446539e+00 9.879125987912599268e-04
2.223014683093134920e+02 9.223733147373314623e+00 1.181620951495428434e-03
2.225156128932279671e+02 9.215984813265148290e+00 1.530295986362931963e-03
2.225242329149232887e+02 8.929025259569192130e+00 1.433441810010847601e-03
2.222362079652874627e+02 8.393518518518519045e+00 1.220362622036262135e-03
2.218924531225786438e+02 7.985258794359213042e+00 1.782116844878351130e-03
2.217585812800247993e+02 7.821730203006353577e+00 9.491709282504261170e-04
2.216775530760886284e+02 7.895010072834340420e+00 1.588408492174182623e-03
2.218022625135595831e+02 8.241806136680613903e+00 1.142879280954594732e-03
2.218266891368355687e+02 8.649717185805052111e+00 1.317216798388346497e-03
2.220630326979699305e+02 9.056214163954749097e+00 1.898341856500852234e-03
2.220016658918332553e+02 9.220595072059508013e+00 9.685417635208429677e-04
2.220198163644816418e+02 9.213253525492019591e+00 9.491709282504261170e-04
2.218267859910119455e+02 9.007573996590732435e+00 1.181620951495428434e-03
2.220329497907949872e+02 8.830582674724933412e+00 1.259104292577095836e-03
2.220866457461645780e+02 8.783066015806602067e+00 1.452812645281264560e-03
2.220885634588563562e+02 8.977549201921586786e+00 2.033937703393770297e-03
2.221976018905935177e+02 9.052320626065396780e+00 1.142879280954594732e-03
2.222939136835580314e+02 9.138695180536185347e+00 1.665891833255850026e-03
2.221318185340151956e+02 9.104428172942817810e+00 1.646520997985433067e-03
2.223226212614287931e+02 9.150646985898031716e+00 1.530295986362931963e-03
2.223223113280644725e+02 8.914632728963272967e+00 1.239733457306679094e-03
2.219996125832945779e+02 8.456183170618317035e+00 9.879125987912599268e-04
2.217553269796993618e+02 7.989404153107082074e+00 9.104292577095924157e-04
2.216317023090035718e+02 7.890457926545792589e+00 1.065395939872927330e-03
2.216507438400743979e+02 8.004803967147063659e+00 3.486750348675034749e-04
2.217006043700604323e+02 8.415310708197736744e+00 1.297845963117929538e-03
2.219509724159305790e+02 8.890457926545792589e+00 8.329459166279250129e-04
2.221898148148148096e+02 9.100495893382921864e+00 1.220362622036262135e-03
2.220546257554625811e+02 9.204033007903300145e+00 1.937083527041685935e-03
2.219542460870912635e+02 8.962749883774987936e+00 1.433441810010847601e-03
2.218918719975205249e+02 8.755849992251665270e+00 1.375329304199597157e-03
2.218000542383387597e+02 8.634065550906555586e+00 1.123508445684177990e-03
2.219417518983418631e+02 8.602355493568882849e+00 1.336587633658763456e-03
2.218736827832016161e+02 8.792092825042615800e+00 1.200991786765845393e-03
2.220853672710367164e+02 8.946381527971485781e+00 1.123508445684177990e-03
2.219834185650085203e+02 9.028378273671160414e+00 1.510925151092515004e-03
2.220208236479157051e+02 9.141833255849991957e+00 1.239733457306679094e-03
2.222457384162404992e+02 9.166918487525181902e+00 1.685262668526266768e-03
2.223144080272741405e+02 9.074577715791104282e+00 1.937083527041685935e-03
2.218838718425538445e+02 8.425615992561599654e+00 1.278475127847512795e-03
2.216402835890283711e+02 7.879416550441654898e+00 9.685417635208429677e-04
2.215475360297536156e+02 7.764741205640786958e+00 6.779792344645900991e-04
2.215144312722764539e+02 7.812935843793584745e+00 7.360917402758406511e-04
2.215018402293506767e+02 8.151654269332093250e+00 6.779792344645900991e-04
2.217477336122733504e+02 8.473268247326824820e+00 8.329459166279250129e-04
2.219980629164729464e+02 8.742794049279405399e+00 7.360917402758406511e-04
2.221810591972725888e+02 9.044940337827366506e+00 7.360917402758406511e-04
2.219526189369285589e+02 8.759607934294127318e+00 1.588408492174182623e-03
2.219638927630559522e+02 8.625174337517433898e+00 1.569037656903765664e-03
2.217487215248721384e+02 8.400937548427087620e+00 1.859600185960018533e-03
2.218462536804586875e+02 8.328374399504106407e+00 1.414070974740430859e-03
2.220279327444599460e+02 8.418991166899116863e+00 7.748334108166744609e-04
2.220516232759956665e+02 8.529792344645901636e+00 1.142879280954594732e-03
2.221271114210444750e+02 8.730474198047419421e+00 1.704633503796683727e-03
2.221889818688981961e+02 8.847861459786145133e+00 1.472183480551681302e-03
2.221620176662017627e+02 8.897431427243143176e+00 2.111421044475437700e-03
2.223369556795288986e+02 8.756140554780722951e+00 1.278475127847512795e-03
2.222014760576475965e+02 8.454284828761815973e+00 1.394700139470013900e-03
2.218840461800712944e+02 7.825759336742600603e+00 1.259104292577095836e-03
2.216694754377808749e+02 7.445645436231210113e+00 8.910584224391755650e-04
2.215588292267162558e+02 7.353672710367271215e+00 1.220362622036262135e-03
2.215186928560359547e+02 7.490876336587633411e+00 1.007283434061676669e-03
2.216734658298465774e+02 7.815473423214008619e+00 1.046025104602510370e-03
2.220422477917247761e+02 8.205679528901285380e+00 1.336587633658763456e-03
2.220764954284828718e+02 8.399252285758562309e+00 1.142879280954594732e-03
2.221726909964357617e+02 8.569909344490934444e+00 1.607779327444599365e-03
2.219584301875096912e+02 8.428773438710678079e+00 7.942042460870913116e-04
2.219548659538199331e+02 8.308112505811250159e+00 5.811250581125058457e-04
2.218920463350379748e+02 8.061541143654114450e+00 7.167209050054238004e-04
2.219506043700604323e+02 7.993355803502247170e+00 5.423833875716721443e-04
2.219116108786610937e+02 8.103459631179296352e+00 7.942042460870913116e-04
2.219023322485665517e+02 8.327018441035177077e+00 6.392375639237563977e-04
2.220567178056717808e+02 8.517414380908105542e+00 6.392375639237563977e-04
2.220243297690996371e+02 8.695432357043236138e+00 4.649000464900046332e-04
2.220394196497753114e+02 8.700759336742599714e+00 1.046025104602510370e-03
2.219516697660003217e+02 8.748527816519448663e+00 6.973500697350069498e-04
2.218731597706493233e+02 8.381896017356268658e+00 1.317216798388346497e-03
2.215970672555400540e+02 7.857353169068650445e+00 6.392375639237563977e-04
2.214383232604990042e+02 7.551487680148768256e+00 6.004958933829226964e-04
2.212666008058267550e+02 7.409247636758096611e+00 4.261583759491709318e-04
2.212697195103052934e+02 7.747152487215248406e+00 4.842708817604214839e-04
2.215638269022160216e+02 8.057666976600030395e+00 1.181620951495428434e-03
2.219603866418719917e+02 8.305729893072989256e+00 1.665891833255850026e-03
2.221288741670540787e+02 8.625096854176351968e+00 7.942042460870913116e-04
2.222790562529056331e+02 8.651983573531691007e+00 1.084766775143344289e-03
2.222912986207965389e+02 8.402990856965752542e+00 1.491554315822098261e-03
2.222942236169223520e+02 8.082403533240352544e+00 2.382612738261273826e-03
2.222497481791414771e+02 7.861324190299085579e+00 2.382612738261273826e-03
2.221648651789865312e+02 7.744363086936308704e+00 2.130791879745854659e-03
2.221823764140709727e+02 7.859832635983263316e+00 1.975825197582519854e-03
2.222684216643421564e+02 7.932512009917867424e+00 1.375329304199597157e-03
2.222057182705718219e+02 7.942778552611188481e+00 1.355958468929180198e-03
2.223232604989927097e+02 8.013288392995505660e+00 1.685262668526266768e-03
2.223095653184565208e+02 8.096137455447079745e+00 2.033937703393770297e-03
2.223248682783201673e+02 7.976522547652254325e+00 1.917712691771269193e-03
2.221272082752208235e+02 7.594878351154501495e+00 1.433441810010847601e-03
2.217634821013482167e+02 7.166821633348829934e+00 1.510925151092515004e-03
2.216618045870137905e+02 6.773303114830311777e+00 1.646520997985433067e-03
2.216792964512629851e+02 6.760053463505346194e+00 1.646520997985433067e-03
2.217262513559584818e+02 6.958178366651170066e+00 2.266387726638772505e-03
2.218627188904385434e+02 7.279966682163334646e+00 2.169533550286688577e-03
2.220242135440880134e+02 7.720924376259103994e+00 1.840229350689601790e-03
2.221267433751743283e+02 7.891252130791880148e+00 1.665891833255850026e-03
2.221675189834185744e+02 7.909189524252285608e+00 3.777312877731287943e-03
2.221750154966682089e+02 7.648128777312877880e+00 1.046025104602510370e-03
2.220114481636448147e+02 7.465732992406632462e+00 7.942042460870913116e-04
2.220975515264218245e+02 7.330892608089261131e+00 8.135750813575081623e-04
2.221680226251355919e+02 7.282969161630249211e+00 1.491554315822098261e-03
2.223903223306988934e+02 7.448589803192313674e+00 1.646520997985433067e-03
2.225581125058112377e+02 7.498663412366341596e+00 2.905625290562529120e-03
2.225458507670850850e+02 7.578897412056408101e+00 2.053308538664187256e-03
2.225331241283124086e+02 7.604098868743220052e+00 1.646520997985433067e-03
2.226020261893692975e+02 7.517259414225941683e+00 2.905625290562529120e-03
2.223944483186114951e+02 7.183751743375174748e+00 1.665891833255850026e-03
2.221373779637378050e+02 6.785274291027429072e+00 1.181620951495428434e-03
2.217537579420424549e+02 6.352316751898341884e+00 1.394700139470013900e-03
2.217307066480706510e+02 6.287792499612582908e+00 2.711916937858360396e-03
2.217742910274291148e+02 6.471796063846273483e+00 2.092050209205020741e-03
2.218036959553695908e+02 6.943475902680923184e+00 2.421354408802107745e-03
2.220995273516194004e+02 7.193359677669301178e+00 3.002479466914613482e-03
2.224177514334418220e+02 7.536901441190144268e+00 2.886254455292112161e-03
2.224196304044630494e+02 7.619285603595226775e+00 2.460096079342941229e-03
2.223365876336587519e+02 7.499341391600806261e+00 2.072679373934604215e-03
2.222752014566868013e+02 7.315686502401983482e+00 3.835425383542538386e-03
2.222525569502556948e+02 7.073551061521772709e+00 2.092050209205020741e-03
2.222112195877886336e+02 6.993026499302650301e+00 1.297845963117929538e-03
2.222637532930419866e+02 7.148748644041530653e+00 1.491554315822098261e-03
2.223864869053153654e+02 7.241767395010072939e+00 1.084766775143344289e-03
2.223938284518828539e+02 7.415465674879900604e+00 1.724004339067100470e-03
2.224897915698124962e+02 7.495602820393615140e+00 1.123508445684177990e-03
2.225541027429102883e+02 7.568127227646056276e+00 2.150162715016271618e-03
2.226189369285603732e+02 7.245273516194018271e+00 9.298000929800092663e-04
2.222819231365256485e+02 6.732663102432977276e+00 1.627150162715016325e-03
2.220324461490779413e+02 6.270281264528126286e+00 2.382612738261273826e-03
2.219758639392530597e+02 6.134898496823183223e+00 2.634433596776692994e-03
2.218117735936773727e+02 6.156187044785371043e+00 2.537579420424608632e-03
2.219013249651324884e+02 6.372462420579575237e+00 1.878971021230435492e-03
2.220823841624050772e+02 6.818069115140245273e+00 2.072679373934604215e-03
2.222855261118859573e+02 7.200081357508135937e+00 9.879125987912599268e-04
2.224087439950410783e+02 7.206202541453587074e+00 1.046025104602510370e-03
2.223269796993646423e+02 7.165930574926390406e+00 1.104137610413761031e-03
2.222618936928560345e+02 6.964280179761351164e+00 1.530295986362931963e-03
2.220290756237409084e+02 6.938129552146288681e+00 1.588408492174182623e-03
2.221685650085231600e+02 6.745912753757941971e+00 2.208275220827522062e-03
2.221380365721369969e+02 6.885518363551835996e+00 1.917712691771269193e-03
2.222280528436386078e+02 7.102646056097938754e+00 3.331783666511700052e-03
2.223531884394855069e+02 7.394215868588253748e+00 1.472183480551681302e-03
2.224666240508290684e+02 7.461800712846738293e+00 1.724004339067100470e-03
2.226278087711142177e+02 7.413083062141639701e+00 3.176816984348365246e-03
2.225460832171083325e+02 7.318456531845653146e+00 2.576321090965442550e-03
2.222913954749728873e+02 6.845575701224237086e+00 2.828141949480861717e-03
2.220170463350379748e+02 6.444134511080117811e+00 2.285758561909189465e-03
2.217213699054703113e+02 6.043429412676274204e+00 2.963737796373779564e-03
2.216404772973810680e+02 5.942894777622811375e+00 4.145358747869208431e-03
2.217187161010382681e+02 6.268324810165814220e+00 3.370525337052533536e-03
2.219670695800402882e+02 6.687006043700604252e+00 2.711916937858360396e-03
2.220277196652719738e+02 7.319889973655664406e+00 1.220362622036262135e-03
2.221574655199132167e+02 8.108786610878661705e+00 2.634433596776692994e-03
2.220238261273826197e+02 8.329420424608709794e+00 2.421354408802107745e-03
2.218683558035022543e+02 8.274736556640322149e+00 2.014566868123353338e-03
2.216753060591972826e+02 8.058054393305440044e+00 2.382612738261273826e-03
2.216865992561599228e+02 7.923969471563613531e+00 2.014566868123353338e-03
2.217573996590732861e+02 7.842050209205020828e+00 2.130791879745854659e-03
2.218952618936928616e+02 8.008523167518983854e+00 1.375329304199597157e-03
2.219051216488454941e+02 8.271559739655973686e+00 1.898341856500852234e-03
2.219209476212614334e+02 8.462362467069580063e+00 2.150162715016271618e-03
2.221079536649620252e+02 8.389547497288083022e+00 2.208275220827522062e-03
2.221056485355648533e+02 8.378486750348674406e+00 2.053308538664187256e-03
2.220349643576631138e+02 8.210289787695645103e+00 1.782116844878351130e-03
2.215493568882690170e+02 7.455911978924531169e+00 1.782116844878351130e-03
2.212568379048504710e+02 6.985529986052998908e+00 1.665891833255850026e-03
2.213855958468929259e+02 6.901538044320471244e+00 1.317216798388346497e-03
2.213036572136990685e+02 6.960909654424298765e+00 1.433441810010847601e-03
2.212652448473578204e+02 7.317158685882534819e+00 2.324500232450023383e-03
2.214803773438710550e+02 7.563904385557105314e+00 2.556950255695025591e-03
2.217025995660932836e+02 8.068049744304975235e+00 2.711916937858360396e-03
2.215804858205485743e+02 8.171238183790485721e+00 1.840229350689601790e-03
2.215229931814659778e+02 8.104776847977685605e+00 1.820858515419184831e-03
2.215632845188284534e+02 7.785932899426623699e+00 1.472183480551681302e-03
2.215914303424763716e+02 7.662269487060282103e+00 1.355958468929180198e-03
2.215223345730667859e+02 7.686463660313032520e+00 1.743375174337517429e-03
2.215768634743530185e+02 7.817856035952270410e+00 2.305129397179606424e-03
2.217045172787850618e+02 8.043100108476677335e+00 2.285758561909189465e-03
2.216719161630249459e+02 8.091314117464744271e+00 3.602975360297536178e-03
2.216793933054393335e+02 8.227297381063070958e+00 2.324500232450023383e-03
2.218290330079032913e+02 8.418719975205330996e+00 9.104292577095924157e-04
2.216617852161785152e+02 8.272818843948551049e+00 1.065395939872927330e-03
2.215044746629474730e+02 7.923930729893072566e+00 1.646520997985433067e-03
2.213365876336587519e+02 7.343076863474353289e+00 2.363241902990856867e-03
2.210474198047419918e+02 6.952212149387881901e+00 1.898341856500852234e-03
2.210302378738571178e+02 6.932105222377188625e+00 2.053308538664187256e-03
2.210991011932434560e+02 7.358534790020145877e+00 2.150162715016271618e-03
2.213624089570742228e+02 7.674957384162405027e+00 1.975825197582519854e-03
2.216052998605299820e+02 8.059662172632883426e+00 1.840229350689601790e-03
2.217586006508600747e+02 8.228692081202542141e+00 3.486750348675034857e-03
2.218131682938168296e+02 8.404327444599411834e+00 2.673175267317526912e-03
2.216251743375174215e+02 8.113396869673019651e+00 2.905625290562529120e-03
2.214995157291182295e+02 7.739287928095459179e+00 3.719200371920037065e-03
2.214700139470014051e+02 7.651266852626685377e+00 3.002479466914613482e-03
2.215471486130481935e+02 7.630404463040446394e+00 2.692546102587943437e-03
2.215675461025879542e+02 7.737912598791259811e+00 3.196187819618781772e-03
2.216772625135595831e+02 7.969781496978149526e+00 3.351154501782117011e-03
2.216620370370370381e+02 8.043119479311947373e+00 3.118704478537114369e-03
2.217469781496978101e+02 8.240740740740740478e+00 3.331783666511700052e-03
2.217471524872152600e+02 8.291802262513559896e+00 2.673175267317526912e-03
2.216446420269641919e+02 8.161630249496358402e+00 2.363241902990856867e-03
2.214638540213854014e+02 7.693785836045250015e+00 2.363241902990856867e-03
2.212333023399968965e+02 7.269603285293661621e+00 2.130791879745854659e-03
2.209032814194948173e+02 6.943049744304974347e+00 1.123508445684177990e-03
2.206724391755772388e+02 7.020668681233535047e+00 1.123508445684177990e-03
2.207511428792809625e+02 7.289884549821787907e+00 1.898341856500852234e-03
2.207397528281419454e+02 7.663334883000154640e+00 2.963737796373779564e-03
2.209359987602665285e+02 8.452367116070044872e+00 2.188904385557105103e-03
2.210677785526112018e+02 8.838718425538509393e+00 2.072679373934604215e-03
2.210785487370215492e+02 9.122830466449713072e+00 2.421354408802107745e-03
2.207957539129087365e+02 9.467030838369749901e+00 2.498837749883775147e-03
2.207577870757787082e+02 9.437800247946691812e+00 1.646520997985433067e-03
2.208231249031458105e+02 9.413024949635827809e+00 1.665891833255850026e-03
2.208714163954749665e+02 9.320742290407562081e+00 2.247016891368355980e-03
2.210360878661087725e+02 9.493278320161165240e+00 1.220362622036262135e-03
2.210494731132806407e+02 9.603769564543622295e+00 1.123508445684177990e-03
2.211315086006508466e+02 9.700720595072059638e+00 2.247016891368355980e-03
2.211864830311482990e+02 9.716430342476368054e+00 1.375329304199597157e-03
2.213261854951185512e+02 9.542150937548427692e+00 2.808771114210444758e-03
2.211905896482256253e+02 9.202250891058422866e+00 1.607779327444599365e-03
2.207327599566093284e+02 8.683538664187199885e+00 5.036417170308383345e-04
2.203460406012707153e+02 8.115508290717496465e+00 1.724004339067100470e-03
2.202891871997520639e+02 7.964958158995815829e+00 1.569037656903765664e-03
2.202936618626995084e+02 8.071633348830001609e+00 1.878971021230435492e-03
2.204207345420734612e+02 8.370137920347126226e+00 1.665891833255850026e-03
2.207185030218502959e+02 8.903707577870758172e+00 2.150162715016271618e-03
2.211023748644041405e+02 9.246222687122267914e+00 1.995196032852936813e-03
2.211270533085386774e+02 9.338989617232295259e+00 1.627150162715016325e-03
2.211495428482876093e+02 9.244208120254144845e+00 1.898341856500852234e-03
2.210213272896327226e+02 8.919494808616146742e+00 2.072679373934604215e-03
2.210123973345730803e+02 8.683577405857739961e+00 2.014566868123353338e-03
2.211217069580040402e+02 8.571284673795133813e+00 1.801487680148768089e-03
2.210901906090190607e+02 8.584340616767395460e+00 1.433441810010847601e-03
2.212131179296451364e+02 8.768208585154191326e+00 2.711916937858360396e-03
2.211617464745079928e+02 8.925170463350379890e+00 1.665891833255850026e-03
2.212757632109096448e+02 9.145184410351774318e+00 8.716875871687587143e-04
2.212896908414690813e+02 8.992910274291027406e+00 1.433441810010847601e-03
2.212804509530450900e+02 8.989810940647760873e+00 2.033937703393770297e-03
2.210110220052688703e+02 8.158918332558499742e+00 1.452812645281264560e-03
2.208130908104757566e+02 7.697001394700139443e+00 1.336587633658763456e-03
2.206172516658918425e+02 7.571013482101347947e+00 1.859600185960018533e-03
2.206886913063691225e+02 7.543119479311948261e+00 1.840229350689601790e-03
2.208264373159770741e+02 7.931969626530295692e+00 1.995196032852936813e-03
2.210360103827676994e+02 8.189466139779947085e+00 2.556950255695025591e-03
2.213765496668216315e+02 8.593367426003409193e+00 2.188904385557105103e-03
2.214112040911203962e+02 8.698764140709746684e+00 2.808771114210444758e-03
2.213565589648225682e+02 8.593212459321245333e+00 2.188904385557105103e-03
2.212884123663412481e+02 8.202115295211529045e+00 1.704633503796683727e-03
2.212341546567487853e+02 7.978614597861460211e+00 1.142879280954594732e-03
2.212388230280489836e+02 7.842476367580969665e+00 1.491554315822098261e-03
2.212660584224391869e+02 7.967611963427862598e+00 3.021850302185030007e-03
2.212052339996900798e+02 8.210154191848753058e+00 1.646520997985433067e-03
2.213772857585618965e+02 8.290368820703548636e+00 1.743375174337517429e-03
2.212923059042306022e+02 8.439911668991166849e+00 2.227646056097939021e-03
2.214680574926390761e+02 8.707035487370214710e+00 2.905625290562529120e-03
2.213532852936618553e+02 8.318514644351465037e+00 3.331783666511700052e-03
2.212418448783511451e+02 7.729060127072679087e+00 1.685262668526266768e-03
2.208718812955214617e+02 7.177204401053772997e+00 2.343871067720439908e-03
2.207331667441499974e+02 6.881295521462885922e+00 3.138075313807531328e-03
2.208236091740275810e+02 6.952095924376259006e+00 4.571517123818378929e-03
2.209356113435611348e+02 7.261951805361847256e+00 2.905625290562529120e-03
2.211891755772508930e+02 7.625794204246086672e+00 3.234929490159615690e-03
2.211529908569657437e+02 8.041027429102742374e+00 1.975825197582519854e-03
2.212387455447078821e+02 8.302049434371610914e+00 1.704633503796683727e-03
2.212665426933209289e+02 8.015457926545792589e+00 2.363241902990856867e-03
2.211914807066480648e+02 7.760692701069269894e+00 1.685262668526266768e-03
2.209598248876491482e+02 7.764663722299705917e+00 1.878971021230435492e-03
2.209643189214318966e+02 7.734910119324345246e+00 2.382612738261273826e-03
2.210815124748179130e+02 7.737331473733147114e+00 2.421354408802107745e-03
2.211916744150007617e+02 7.974856655818999052e+00 2.537579420424608632e-03
2.212780295986362944e+02 8.070412986207966100e+00 2.169533550286688577e-03
2.211447388811405688e+02 8.292577095924375641e+00 2.711916937858360396e-03
2.211190918952425193e+02 8.349546722454672221e+00 2.440725244072524270e-03
2.214035526111885872e+02 8.383193863319386097e+00 1.878971021230435492e-03
2.210492212924221178e+02 7.894777622811095519e+00 2.266387726638772505e-03
2.207312102897876969e+02 7.391387726638773081e+00 1.878971021230435492e-03
2.205853285293661941e+02 6.968328684332868228e+00 2.111421044475437700e-03
2.205479815589648354e+02 6.828413141174647372e+00 1.259104292577095836e-03
2.205972609638927509e+02 7.101580660158066216e+00 7.748334108166744609e-04
2.207749302649930314e+02 7.403978769564544038e+00 1.627150162715016325e-03
2.210795947621261348e+02 7.756024329769100056e+00 2.653804432047109953e-03
2.211168061366806228e+02 8.244033782736710947e+00 2.266387726638772505e-03
2.210639431272276454e+02 8.115217728188438784e+00 2.169533550286688577e-03
2.209977142414381035e+02 7.914690841469083971e+00 2.305129397179606424e-03
2.210445529211219480e+02 7.709514954284828470e+00 1.956454362312102895e-03
2.207593173717650643e+02 7.517472493413915657e+00 1.995196032852936813e-03
2.209391562064156176e+02 7.562180381218038150e+00 2.615062761506276034e-03
2.211462885479622003e+02 7.639547497288083022e+00 3.428637842863784414e-03
2.211604873702154066e+02 7.892046335037966820e+00 3.331783666511700052e-03
2.212243917557725013e+02 8.051855726018905202e+00 4.590887959088796322e-03
2.213311250581125194e+02 8.271714706338137546e+00 2.673175267317526912e-03
2.213560746939407977e+02 8.199907019990702040e+00 2.014566868123353338e-03
2.213830970091430288e+02 8.089977529831086756e+00 2.421354408802107745e-03
2.208738377498837622e+02 7.568379048504571216e+00 2.421354408802107745e-03
2.206230435456376995e+02 7.001452812645281298e+00 1.917712691771269193e-03
2.203944870602820458e+02 6.648496823183015714e+00 1.762746009607934388e-03
2.203179335192933479e+02 6.731384627305128987e+00 2.227646056097939021e-03
2.204880869363086902e+02 6.968677359367736024e+00 2.673175267317526912e-03
2.205619091895242434e+02 7.275046490004648980e+00 1.878971021230435492e-03
2.208897218348055276e+02 7.657717340771734271e+00 1.724004339067100470e-03
2.208823415465674884e+02 7.900201456686811952e+00 1.472183480551681302e-03
2.209070974740430700e+02 8.075410661707733695e+00 1.084766775143344289e-03
2.208955137145513845e+02 7.662308228730823068e+00 1.123508445684177990e-03
2.208686076243607488e+02 7.468425538509220196e+00 2.033937703393770297e-03
2.208505346350534637e+02 7.349798543313188048e+00 1.646520997985433067e-03
2.209486091740275810e+02 7.393150472648380322e+00 1.840229350689601790e-03
2.210211335812800257e+02 7.567952890128622379e+00 2.401983573531690785e-03
2.212110452502711837e+02 7.706338137300480007e+00 3.196187819618781772e-03
2.211353827677049537e+02 7.861362931969626544e+00 2.537579420424608632e-03
2.211273632419029980e+02 8.008271346660468026e+00 2.576321090965442550e-03
2.212781845653184689e+02 8.094432821943282619e+00 2.692546102587943437e-03
2.213076669766000180e+02 7.896462885479621718e+00 3.002479466914613482e-03
2.209888036572137082e+02 7.349817914148458087e+00 3.583604525027119219e-03
2.207471137455447092e+02 6.742329149232914709e+00 3.951650395165039707e-03
2.205335890283589038e+02 6.319173252750658776e+00 1.840229350689601790e-03
2.205029443669611169e+02 6.429509530450952859e+00 1.491554315822098261e-03
2.204909731907639809e+02 6.584224391755772565e+00 2.014566868123353338e-03
2.205522818843948585e+02 7.017511235084456622e+00 2.421354408802107745e-03
2.206742600340926685e+02 7.559352239268557483e+00 2.343871067720439908e-03
2.207746009607934354e+02 7.719355338602200689e+00 1.026654269332093628e-03
2.208050131721679747e+02 7.765593522392685522e+00 1.414070974740430859e-03
2.207585425383542486e+02 7.648535564853556679e+00 1.995196032852936813e-03
2.205484852006818528e+02 7.384143034247636628e+00 1.239733457306679094e-03
2.205432550751588394e+02 7.297826592282659064e+00 1.472183480551681302e-03
2.207894777622811091e+02 7.303134201146753490e+00 1.820858515419184831e-03
2.208981868898187031e+02 7.496610103827676674e+00 2.634433596776692994e-03
2.208771695335502727e+02 7.672090500542383396e+00 3.118704478537114369e-03
2.209031458236479182e+02 7.803114830311483452e+00 2.498837749883775147e-03
2.210205718270571822e+02 7.844529676119634587e+00 2.731287773128777355e-03
2.210119711761971075e+02 7.853343406167674345e+00 3.157446149077948287e-03
2.211273632419029980e+02 7.775511390051138783e+00 2.711916937858360396e-03
2.210857159460715877e+02 7.505559429722609366e+00 2.305129397179606424e-03
2.205618704478537211e+02 6.783395320006198936e+00 3.254300325430032649e-03
2.203140012397334715e+02 6.435262668526267049e+00 2.924996125832946079e-03
2.202931001084766649e+02 6.275937548427088508e+00 3.757942042460870984e-03
2.202403533240353397e+02 6.245912753757941971e+00 2.750658608399194315e-03
2.205837594917092872e+02 6.760150317681698162e+00 2.537579420424608632e-03
2.208783511545017859e+02 7.046354408802107727e+00 3.680458701379203581e-03
2.212106578335657900e+02 7.388966372229970325e+00 4.726483805981713734e-03
2.212596854176352110e+02 7.407078103207810571e+00 4.494033782736711960e-03
2.212559662172632784e+02 7.123682783201611635e+00 4.532775453277545011e-03
2.211131644196497632e+02 6.832112970711296640e+00 3.118704478537114369e-03
2.208659150782581833e+02 6.565221602355493680e+00 2.692546102587943437e-03
2.208447814969781575e+02 6.641387726638773081e+00 2.983108631644196523e-03
2.208605106152177200e+02 6.691209514954285176e+00 4.687742135440879816e-03
2.209493840074383968e+02 6.860394390206105975e+00 5.714396404772973878e-03
2.210242522857585641e+02 7.098461955679528756e+00 4.842708817604215489e-03
2.210977646056097967e+02 7.246280799628079805e+00 5.617542228420889516e-03
2.211106074693940684e+02 7.432492639082597385e+00 4.222842088950875400e-03
2.212523632419029980e+02 7.301235859290252428e+00 3.796683713001704468e-03
2.212510266542693387e+02 7.158046644971331141e+00 4.377808771114210205e-03
2.209049860529985949e+02 6.593193088485975295e+00 3.118704478537114369e-03
2.206567100573376763e+02 5.932880055788005258e+00 3.990392065705873625e-03
2.205095691926235872e+02 5.718967921896791928e+00 3.079962807996280885e-03
2.207310165814350000e+02 5.719994576166124389e+00 3.448008678134200939e-03
2.207904075623740994e+02 6.018905935223926917e+00 3.293041995970866134e-03
2.210036029753603088e+02 6.388753293041996351e+00 4.029133736246706676e-03
2.213518131101812969e+02 6.662734387106771905e+00 4.397179606384627598e-03
2.212796373779637520e+02 6.986847202851387273e+00 4.397179606384627598e-03
2.212331473733147504e+02 6.871571362157136598e+00 4.435921276925460649e-03
2.211863474353013999e+02 6.682337672400433526e+00 5.346350534635053824e-03
2.209649581589958132e+02 6.437800247946691812e+00 4.358437935843793680e-03
2.209747016891368219e+02 6.449558344955834244e+00 3.448008678134200939e-03
2.208583991941732450e+02 6.518770339377033984e+00 2.963737796373779564e-03
2.210558848597551389e+02 6.663528591352859465e+00 3.506121183945451816e-03
2.211761777467844468e+02 6.913063691306368774e+00 3.544862854486285301e-03
2.210814156206415646e+02 7.235452502711916978e+00 2.789400278940027799e-03
2.211416589183325527e+02 7.336587633658763430e+00 2.537579420424608632e-03
2.211855532310553372e+02 7.242484115915078569e+00 3.506121183945451816e-03
2.213418758716875914e+02 7.055264993026499454e+00 4.649000464900046765e-03
2.211017743685107746e+02 6.195703548737021116e+00 3.738571207190454024e-03
2.206987835115450309e+02 5.805264993026499454e+00 4.029133736246706676e-03
2.205913916008058209e+02 5.567352394235239643e+00 4.377808771114210205e-03
2.207622036262203551e+02 5.613280644661397645e+00 3.641717030838369663e-03
2.207958507670850850e+02 6.084553695955369435e+00 2.305129397179606424e-03
2.208476290097628976e+02 6.387920347125367826e+00 2.634433596776692994e-03
2.212067642956764359e+02 6.812374089570742086e+00 4.978304664497132902e-03
2.212028901286223572e+02 6.968716101038276989e+00 3.951650395165039707e-03
2.209695296761196346e+02 6.888152797148612727e+00 3.021850302185030007e-03
2.210333953200062069e+02 6.642317526731752686e+00 3.079962807996280885e-03
2.209364055478072260e+02 6.460425383542538036e+00 3.157446149077948287e-03
2.210926313342631317e+02 6.405528436386177304e+00 4.145358747869208431e-03
2.211712188129552032e+02 6.437548427088175984e+00 3.990392065705873625e-03
2.212062800247946655e+02 6.559739655973965355e+00 4.803967147063381571e-03
2.212374670695800489e+02 6.831047574771424102e+00 4.261583759491709318e-03
2.213151441190144055e+02 6.957597241593057369e+00 6.411746474507980936e-03
2.213306601580660242e+02 7.097164109716411318e+00 5.617542228420889516e-03
2.212437044785371256e+02 7.044843483651015426e+00 4.377808771114210205e-03
2.213628351154501672e+02 6.908492174182550905e+00 4.997675499767550295e-03
2.209316790640012300e+02 6.363145048814504712e+00 5.443204710987138185e-03
2.205074384007438368e+02 5.782736711607004310e+00 4.610258794359212847e-03
2.204265845343251158e+02 5.382438400743840390e+00 4.280954594762125844e-03
2.204674763675809572e+02 5.364094219742755243e+00 3.661087866108786622e-03
2.206740663257399717e+02 5.471137455447078857e+00 5.675654734232139960e-03
2.210159034557570124e+02 5.997307453897412266e+00 6.043700604370060014e-03
2.212282271811560577e+02 6.314989152332248779e+00 5.714396404772973878e-03
2.213668642491864205e+02 6.406593832326049842e+00 5.695025569502557353e-03
2.213105338602200618e+02 6.444173252750658776e+00 5.133271346660467707e-03
2.211944057027739063e+02 6.230803502247017178e+00 5.501317216798388629e-03
2.210646792189679104e+02 6.018847822718115914e+00 6.837904850457151434e-03
2.208126259104292615e+02 5.910409886874322005e+00 5.423833875716720793e-03
2.209058577405857875e+02 5.817081202541453777e+00 4.765225476522547653e-03
2.208849759801642563e+02 5.968754842708817954e+00 6.818534015186734909e-03
2.211000891058422440e+02 6.108031148303115110e+00 6.179296451262978294e-03
2.212424647450798147e+02 6.396792189679218588e+00 4.242212924221292793e-03
2.211450681853401647e+02 6.615624515729118471e+00 3.835425383542538386e-03
2.210746358282969197e+02 6.504997675499767595e+00 3.951650395165039707e-03
2.211993452657678461e+02 6.490333953200061679e+00 4.222842088950875400e-03
2.209899852781651930e+02 6.081183170618317035e+00 4.455292112195878042e-03
2.204041918487525322e+02 5.429645126297845792e+00 3.583604525027119219e-03
2.203907678599101132e+02 5.098248876491553894e+00 4.242212924221292793e-03
2.205180923601425604e+02 5.144060901906089889e+00 3.971021230435456233e-03
2.205051332713466650e+02 5.341469084146908131e+00 4.184100418410041482e-03
2.207529831086316392e+02 5.775918177591817582e+00 5.656283898961723434e-03
2.209948473578180597e+02 6.162037037037037202e+00 5.849992251665892158e-03
2.210665388191538909e+02 6.540891833255850329e+00 4.300325430032543236e-03
2.210758368200836799e+02 6.553095459476212525e+00 7.360917402758407162e-03
2.209140322330698893e+02 6.374167054083372363e+00 7.535254920192158493e-03
2.208314737331473623e+02 6.036475282814194543e+00 5.288238028823802513e-03
2.206938245777157874e+02 5.857837439950410285e+00 6.101813110181311325e-03
2.207401015031768168e+02 5.930264993026499454e+00 5.617542228420889516e-03
2.207611576011157695e+02 6.067216798388346710e+00 4.261583759491709318e-03
2.208476677514334483e+02 6.320258019525802240e+00 4.900821323415465933e-03
2.209976948706028281e+02 6.471544242987757656e+00 4.939562993956298984e-03
2.209699170928250567e+02 6.591159150782582188e+00 4.823337982333798096e-03
2.210503448008678049e+02 6.680148768014876559e+00 4.494033782736711960e-03
2.212170114675344905e+02 6.693611498527816117e+00 5.598171393150472991e-03
2.208501665891833170e+02 5.973636293196962654e+00 5.346350534635053824e-03
2.205320974740430700e+02 5.515070509840384716e+00 4.823337982333798096e-03
2.202496513249651287e+02 5.119440570277390634e+00 3.486750348675034857e-03
2.202967030838369737e+02 5.105551681388501351e+00 3.932279559894622314e-03
2.203014489384782166e+02 5.270165039516504280e+00 4.803967147063381571e-03
2.205969122888579079e+02 5.569289477762280782e+00 4.106617077328374513e-03
2.211799550596621771e+02 5.937664652099798879e+00 7.980784131411747251e-03
2.214794862854486155e+02 6.156710057337672737e+00 7.612738261273826329e-03
2.214349139934913921e+02 6.092456996745699627e+00 6.741050674105067073e-03
2.210867038586703757e+02 5.761583759491709422e+00 9.046180071284673496e-03
2.213328490624515723e+02 5.447911823957849009e+00 1.009220517588718495e-02
2.213379629629629619e+02 5.230106152177281587e+00 8.755617542228420411e-03
2.213805400588873340e+02 5.284344490934449468e+00 1.024717185805051889e-02
2.216141135905780288e+02 5.310514489384781989e+00 1.332713466604680021e-02
2.216349372384937340e+02 5.329614132961413731e+00 1.245544707887804095e-02
2.215154966682163433e+02 5.450023245002324934e+00 9.220517588718425694e-03
2.213361808461180829e+02 5.544882225321555502e+00 6.179296451262978294e-03
2.211614946536494699e+02 5.613164419649775638e+00 5.075158840849217264e-03
2.211672865333953268e+02 5.479466914613357886e+00 7.147838214783821045e-03
2.208694018286068399e+02 5.126220362622036397e+00 5.695025569502557353e-03
2.205543351929335074e+02 4.588137300480396696e+00 4.474662947466294567e-03
2.205547226096389295e+02 4.491922361692235910e+00 4.881450488145048540e-03
2.205665388191538909e+02 4.531516348984967912e+00 5.133271346660467707e-03
2.206784247636758209e+02 4.858147373314737116e+00 5.075158840849217264e-03
2.208934991476832579e+02 5.284208895087556535e+00 5.656283898961723434e-03
2.210656090190609007e+02 5.666705408337207928e+00 6.702309003564234022e-03
2.210160584224391869e+02 5.882709592437626256e+00 5.695025569502557353e-03
2.210691732527506588e+02 5.867077328374399769e+00 6.586083991941732267e-03
2.208575662482566315e+02 5.596079342941267853e+00 5.481946381527971236e-03
2.206230629164729464e+02 5.485568727723539872e+00 5.210754687742135544e-03
2.207052533705253268e+02 5.500716720905005630e+00 5.249496358282969462e-03
2.206753254300325295e+02 5.456008833100883137e+00 5.675654734232139960e-03
2.208601231985123263e+02 5.596582984658298621e+00 6.450488145048814854e-03
2.209873508445684251e+02 5.751743375174337203e+00 8.755617542228420411e-03
2.210614055478072260e+02 6.052514334418099828e+00 8.329459166279249913e-03
2.211275763210909702e+02 6.210425383542538036e+00 8.097009143034248138e-03
2.211250774833410730e+02 6.069386331938632750e+00 8.697505036417170834e-03
2.208969277855261168e+02 5.557705718270572248e+00 8.193863319386332500e-03
2.203999108941577560e+02 4.873121028978769864e+00 6.702309003564234022e-03
2.201502789400279028e+02 4.815221602355493680e+00 5.811250581125058240e-03
2.202081008833100952e+02 4.739597861459786010e+00 4.726483805981713734e-03
2.202789206570587339e+02 4.972822718115605056e+00 4.571517123818378929e-03
2.205859871377653860e+02 5.311114985278165612e+00 4.765225476522547653e-03
2.208319967456996835e+02 5.940802727413606377e+00 5.423833875716720793e-03
2.209441345110801080e+02 6.028533240353324274e+00 5.288238028823802513e-03
2.208486944057027870e+02 5.923950100728343493e+00 6.063071439640477407e-03
2.208114830311482990e+02 5.690395939872927578e+00 5.210754687742135544e-03
2.208145629939562866e+02 5.518634743530141051e+00 5.172013017201301625e-03
2.208248682783201673e+02 5.402545327754532778e+00 5.908104757477142602e-03
2.210155935223926917e+02 5.308926080892607757e+00 6.295521462885480049e-03
2.209735975515264101e+02 5.417383387571671705e+00 6.450488145048814854e-03
2.210703161320316212e+02 5.545482721214939126e+00 6.082442274910893933e-03
2.211395862389586284e+02 5.744343716101038666e+00 6.954129862079653189e-03
2.211822020765535513e+02 5.866728653339531974e+00 7.748334108166743742e-03
2.212507748334108157e+02 5.753021850302184603e+00 7.109096544242987994e-03
2.209174027584069506e+02 5.320800402913373972e+00 6.373004803967147018e-03
2.204595924376259006e+02 4.684216643421664550e+00 5.385092205175886874e-03
2.202875406787540555e+02 4.525027119169378942e+00 5.888733922206725209e-03
2.203332945916627921e+02 4.333953200061986699e+00 6.179296451262978294e-03
2.202173988842398842e+02 4.578664962033163199e+00 5.811250581125058240e-03
2.203226600030993438e+02 4.830543933054393335e+00 6.256779792344646131e-03
2.205926313342631317e+02 5.189233689756702184e+00 6.276150627615062656e-03
2.207070935998760319e+02 5.500987912598791496e+00 5.869363086936308684e-03
2.208352704168603680e+02 5.585696575236323902e+00 7.728963272896327216e-03
2.207222803347280262e+02 5.427727413606074691e+00 7.806446613977995053e-03
2.206531845653184689e+02 5.141329614132961190e+00 7.496513249651324574e-03
2.206615527661552676e+02 4.949887649155432001e+00 8.658763365876336049e-03
2.207339996900666392e+02 4.991225011622501206e+00 6.624825662482566185e-03
2.209194754377808749e+02 5.077928870292886643e+00 8.426313342631334274e-03
2.210186347435301286e+02 5.176255230125523354e+00 7.980784131411747251e-03
2.210182279559894596e+02 5.566480706648071042e+00 7.031613203161320158e-03
2.209898690531535692e+02 5.565802727413606377e+00 6.915388191538819271e-03
2.210230319231365286e+02 5.629842708817604624e+00 7.244692391135905407e-03
2.208808499922516546e+02 5.347629009762901120e+00 7.554625755462575885e-03
2.206373973345730803e+02 4.915388191538819562e+00 8.213234154656749025e-03
2.201106462110646191e+02 4.471892918022625452e+00 8.174492484115914240e-03
2.200875368045870175e+02 4.150278940027893881e+00 6.101813110181311325e-03
2.201406903765690402e+02 4.266348984968232116e+00 6.431117309778397462e-03
2.201189756702308955e+02 4.500271191693785866e+00 6.082442274910893933e-03
2.204770843018750952e+02 4.808480551681388881e+00 3.486750348675034857e-03
2.207788238028823855e+02 5.203723074538974203e+00 4.881450488145048540e-03
2.208598326359832527e+02 5.401770494343716145e+00 6.586083991941732267e-03
2.207432202076553551e+02 5.338079187974585693e+00 8.716875871687587360e-03
2.207394041531070741e+02 5.135867038586703792e+00 8.058267472493413353e-03
2.206164574616457514e+02 4.915039516503951766e+00 7.748334108166743742e-03
2.205453083836975168e+02 4.906729428172942775e+00 7.477142414380908049e-03
2.206690492794049305e+02 4.886971176197117295e+00 8.077638307763831613e-03
2.208911359057802599e+02 5.070103052843638380e+00 8.813730048039671722e-03
2.210839725708972594e+02 5.152758406942507641e+00 9.724159305749264029e-03
2.210022082752208235e+02 5.375910429257709566e+00 7.380288238028823687e-03
2.209187587168758853e+02 5.392046335037966820e+00 8.833100883310088247e-03
2.210309158530915852e+02 5.352587943592127750e+00 1.067333023399968939e-02
2.207511235084456871e+02 5.004222842088950962e+00 8.755617542228420411e-03
2.203563265147993206e+02 4.496416395474972738e+00 8.755617542228420411e-03
2.200409305749263922e+02 4.192662327599566474e+00 7.399659073299241080e-03
2.201133000154966624e+02 4.051216488454982390e+00 7.573996590732992411e-03
2.201210483496048482e+02 4.165175112350844699e+00 8.833100883310088247e-03
2.202961994421199563e+02 4.533647140864713876e+00 8.077638307763831613e-03
2.206981055323105636e+02 4.948163644816364837e+00 9.917867658453432753e-03
2.208348636293196989e+02 5.148380598171392819e+00 1.152564698589803212e-02
2.209286572136990685e+02 5.296761196342786526e+00 1.169998450333178432e-02
2.208910584224391869e+02 5.130133271346660528e+00 9.879125987912597967e-03
2.207143770339376943e+02 4.759452967611963459e+00 1.065395939872927286e-02
2.205396133581280083e+02 4.660622966062296868e+00 6.586083991941732267e-03
2.205364365411436438e+02 4.691500077483341080e+00 8.310088331008833387e-03
2.207406051448938342e+02 4.770145668681233353e+00 7.225321555865488882e-03
2.207438788160545471e+02 4.917441500077483596e+00 6.837904850457151434e-03
2.206500658608399306e+02 5.075623740895707670e+00 8.736246706958003885e-03
2.205634782271811503e+02 5.201108011777467510e+00 9.801642646830931865e-03
2.205705292112195934e+02 5.286339686967301610e+00 9.879125987912597967e-03
2.207286533395320021e+02 5.267937393460406348e+00 9.394855106152177893e-03
2.204230784131411838e+02 4.837343096234310025e+00 1.228110956144428875e-02
2.199985278165194416e+02 4.381721679838834760e+00 1.073144273981094070e-02
2.198824384007438368e+02 4.134588563458856392e+00 8.251975825197582076e-03
2.198568688981868888e+02 4.121009607934293939e+00 9.065550906555090022e-03
2.198776538044320432e+02 4.215636138230280494e+00 9.394855106152177893e-03
2.200907523632419043e+02 4.514179451417945188e+00 9.375484270881759633e-03
2.205026731752673186e+02 4.886486905315357454e+00 1.086703858670385811e-02
2.205564272431427355e+02 5.138094684642801724e+00 7.767704943437161134e-03
2.201588602200527021e+02 5.188187664652099684e+00 5.753138075313807796e-03
2.198993685107701879e+02 5.012862234619556823e+00 5.268867193553385987e-03
2.202103866418719917e+02 4.778358902835890376e+00 7.070354873702154076e-03
2.200886796838679800e+02 4.605338602200526488e+00 7.283434061676739325e-03
2.200263443359677638e+02 4.750348675034867796e+00 7.825817449248411578e-03
2.202293506896017448e+02 4.917015341701533870e+00 9.026809236014256971e-03
2.204608902835890376e+02 5.068165969316597241e+00 1.005346350534635017e-02
2.205653378273671024e+02 5.145184410351774318e+00 8.871842553850921298e-03
2.208131876646521050e+02 5.306407872307453921e+00 9.356113435611343107e-03
