1.566779770424630271e+02 2.039796806151946418e-01 3.217703684993404589e-02
1.559746568998905332e+02 1.163874154528360128e-01 1.204007746063820786e-02
1.559234514888720469e+02 5.669501276977912951e-01 1.542196402009486135e-02
1.552866604922679699e+02 3.059414554741657355e-01 1.789172349920013436e-02
1.559416238668574977e+02 3.837248463416687572e-01 3.036681541354438463e-02
1.575752434677668248e+02 5.736016390221997385e-01 6.985490163060256719e-02
1.614634307204400727e+02 1.400044904717801852e+00 6.629058965507562962e-02
1.614637815385478916e+02 1.341388117089051590e+00 7.139850130504335479e-02
1.619693525301001955e+02 1.601456596783699560e+00 8.617496000673570411e-02
1.620266060452976262e+02 1.617692458813954071e+00 8.238612444219921283e-02
1.619140495635822674e+02 1.760180741489152600e+00 8.983750105245431883e-02
1.622838539474053619e+02 1.813420897533047027e+00 1.271224495523561038e-01
1.632411243018719631e+02 1.879711487188122643e+00 2.115713844685807310e-01
1.645980747102242390e+02 2.250217507226853098e+00 3.636299851253122495e-01
1.651917431450141862e+02 2.443644579158597896e+00 4.202660604529763200e-01
1.654034127585529461e+02 2.413123403777609255e+00 3.857595913670679999e-01
1.655220033117229264e+02 2.468931548370800755e+00 4.008588027279615940e-01
1.658682888495972634e+02 2.616766299009289476e+00 4.492857343324633268e-01
1.662167073615671882e+02 2.854326288905728148e+00 5.224383261766439857e-01
1.662921893856473332e+02 2.838511408604866393e+00 4.914821363419494271e-01
1.663713199180488971e+02 2.900353624652689977e+00 5.332996547949818700e-01
1.657842468636861213e+02 2.579270859644691605e+00 5.279391541073784611e-01
1.649413853105441774e+02 2.128974769161684932e+00 4.718924532008644257e-01
1.640533103196654565e+02 1.820142572479021004e+00 3.787432292105189502e-01
1.632269933484886621e+02 1.561533496112935460e+00 2.914035530857960743e-01
1.630498863349330634e+02 1.452162442816648413e+00 2.557183351575875174e-01
1.632961887120765709e+02 1.502231203165782514e+00 2.424153125087704641e-01
1.635715388285481708e+02 1.542926103673767146e+00 2.262496141000814032e-01
1.639413151469226193e+02 1.603266818220089318e+00 1.964160422104347381e-01
1.639926328197356327e+02 1.628609918329544604e+00 1.839128848474642919e-01
1.638336560859925441e+02 1.538253206477505630e+00 1.496590047991917249e-01
1.635220594426201899e+02 1.444654935309140908e+00 1.273189076927394581e-01
1.633303443630546496e+02 1.421992085543487327e+00 1.298026998961578360e-01
1.634907524346776597e+02 1.468342173949650498e+00 1.350790042378827438e-01
1.639321377452218655e+02 1.612738907131430421e+00 1.893716146052594751e-01
1.645499003676573864e+02 1.816073082428222518e+00 2.419662653307513012e-01
1.652659762566304664e+02 1.976102270494793922e+00 3.097022255900760412e-01
1.656088518424967049e+02 2.188978698324492544e+00 4.078190339872582726e-01
1.663552103505374475e+02 2.783306671157138368e+00 5.676236984648199702e-01
1.668537369144845854e+02 3.200583761331424970e+00 6.749459740113945561e-01
1.669349302573601506e+02 3.608290533524178390e+00 7.500912127080351377e-01
1.669233392270775482e+02 3.823328000898094547e+00 6.693188515618422318e-01
1.667732873059975987e+02 4.027279616064662449e+00 6.415059919732817306e-01
1.668591816115180677e+02 4.200836350369060668e+00 7.951362577530801667e-01
1.664727063512110306e+02 3.615657713788555050e+00 8.829249810558221778e-01
1.664508854649041609e+02 3.476410990429681824e+00 9.530184389997473637e-01
1.659071875613931581e+02 3.101765316718587684e+00 8.255592040638769502e-01
1.662211838006230664e+02 3.567300945805618628e+00 9.561758019701944722e-01
1.672144340602284558e+02 4.474165754539586537e+00 1.111840812775392262e+00
1.672412225309421672e+02 4.522775111560158656e+00 1.021891049928433048e+00
1.675461395975414689e+02 5.137197945609160321e+00 1.031475400634279227e+00
1.677526451685330073e+02 5.291136931323847215e+00 9.045774746709326353e-01
1.664384244057141302e+02 4.600390109735903899e+00 6.941287081473996867e-01
1.657871235721702874e+02 4.449636552440290771e+00 7.071370435856416670e-01
1.663588027279616028e+02 4.693862086385450993e+00 9.023883696780893304e-01
1.666133703797255237e+02 4.648690746821587894e+00 8.963122000505178155e-01
1.669562319328674391e+02 4.973534281945497071e+00 9.644831747635486119e-01
1.675229435042519128e+02 5.527377845134854084e+00 9.978670259044091218e-01
1.673787993601077631e+02 5.435281075467991663e+00 7.785495776149982117e-01
1.682349218377255795e+02 6.197861412814684279e+00 8.526563947124694565e-01
1.690348572871937449e+02 6.721099604277174677e+00 8.999045774746708970e-01
1.691786786786786649e+02 7.075959136706800656e+00 9.225954926889505803e-01
1.698211108304566324e+02 7.776248210827650276e+00 1.007619769302012358e+00
1.705639471246947778e+02 8.535488759787824620e+00 1.168855771659510046e+00
1.705700373270466628e+02 8.378701131037580296e+00 1.220271673542701496e+00
1.686724902472566043e+02 6.286983244927170311e+00 1.043052398192585217e+00
1.669717100277847806e+02 4.926286099183295519e+00 9.651006146333248603e-01
1.662574724256967329e+02 4.436656282450674560e+00 9.790631753248575375e-01
1.659438270045746719e+02 4.286828884959725805e+00 9.531447335185653236e-01
1.662237096909994136e+02 4.571679155791305682e+00 9.228200162779601756e-01
1.667277230501529459e+02 5.084056018635457974e+00 9.142881198955965516e-01
1.676447194858409944e+02 6.066136229687631776e+00 1.004995649855462858e+00
1.682297156970054175e+02 6.580786393870505790e+00 9.911734164070612474e-01
1.685754679913558505e+02 7.012545255535910016e+00 1.043375150851786337e+00
1.686203306109848086e+02 6.851070696865089182e+00 1.024206449440094202e+00
1.681093850860206089e+02 6.482613454576071632e+00 1.019098537790126491e+00
1.678914288119895559e+02 6.179660969380595503e+00 1.040708933232297628e+00
1.678152872498666852e+02 6.134938676994751816e+00 1.059793438298111123e+00
1.679490612107434515e+02 6.257149673037523563e+00 1.065224102607280177e+00
1.681923746176082659e+02 6.592840504055457629e+00 1.088195672307821882e+00
1.686033229491173415e+02 6.949103308916392940e+00 1.135205298756700731e+00
1.687416856108444847e+02 7.386587522101541126e+00 1.169346917010468445e+00
1.689400101035615194e+02 7.693342875585866381e+00 1.215879430832701891e+00
1.684582245797199107e+02 7.308355084056018747e+00 1.334708540316017045e+00
1.675178075271533089e+02 7.019996632146164650e+00 1.622674075945103933e+00
1.663212371249754540e+02 6.652942662288456432e+00 2.068956807274564103e+00
1.642574724256967329e+02 5.632496982964272370e+00 2.501206814290926506e+00
1.625187477196822954e+02 5.008686256349808019e+00 2.704947938592798362e+00
1.611899750217507119e+02 4.772782127922314821e+00 3.156970054166315709e+00
1.605795655468552638e+02 4.781664842412506111e+00 3.502890741208498415e+00
1.604293873312564926e+02 5.168827706210883832e+00 4.411144789649462439e+00
1.611996996996996927e+02 6.294631079677808216e+00 5.901574471667929700e+00
1.621334933063905055e+02 7.529693244646515460e+00 7.760335101456596441e+00
1.624055878308214744e+02 8.195700373270467409e+00 9.323075411860457962e+00
1.621682944626869869e+02 8.075734613117790062e+00 1.038622267126940102e+01
1.615095001543599551e+02 7.542042042042042205e+00 1.129993544946816009e+01
1.607982795879992182e+02 7.096166259717661795e+00 1.219962953607813461e+01
1.602539081137211951e+02 6.689483876399764384e+00 1.301654458196514241e+01
1.599672476214532253e+02 6.523069798770733563e+00 1.439075524122253036e+01
1.595354606943392071e+02 6.273694255002665976e+00 1.585320367096067962e+01
1.589404310852908964e+02 6.066725604108781589e+00 1.683938143751228012e+01
1.587280458028121473e+02 6.208652577811456297e+00 1.820855434874126288e+01
1.588340069041003630e+02 6.346229406977070830e+00 1.977982655552748881e+01
1.587708456119671041e+02 6.452639555443293595e+00 2.124802840223400935e+01
1.586764053773399610e+02 6.231511885717493371e+00 2.211136370014874686e+01
1.569827257163705667e+02 5.312901686733462192e+00 2.212599983160730943e+01
1.557244534253879920e+02 4.768909096011899607e+00 2.242036428952316740e+01
1.547737363531755932e+02 4.574640060621368853e+00 2.222584266509500139e+01
1.545949033145294891e+02 4.500224523589009706e+00 2.199260475428699735e+01
1.545438803289270595e+02 4.445651258735370703e+00 2.204289803822513960e+01
1.547005276304341805e+02 4.529510819230445406e+00 2.212973253627459158e+01
1.550381970755802570e+02 4.583157924279420037e+00 2.242425135415789583e+01
1.556355140186915946e+02 4.769428306811484219e+00 2.248810024978249444e+01
1.554561758019702040e+02 4.630293845247115847e+00 2.260060060060060039e+01
1.547585669781931585e+02 4.381437512278633761e+00 2.224854761303359396e+01
1.542534871319918182e+02 4.175787937470180289e+00 2.178967752799528412e+01
1.541058909376666293e+02 3.923283096180292251e+00 2.160064269877354093e+01
1.538323791080800333e+02 3.837823805113524944e+00 2.124885633296848297e+01
1.535595829474334266e+02 3.853456259998316202e+00 2.169440936263366027e+01
1.535918441806292378e+02 4.046799135584182139e+00 2.207382616261120845e+01
1.541315567904352974e+02 4.411214953271027639e+00 2.293428475204176209e+01
1.543833880609581684e+02 4.647848783362801939e+00 2.346679857427520943e+01
1.550019365159552081e+02 5.258637141814712201e+00 2.407295613370379783e+01
1.562014958884117846e+02 5.702899160843085902e+00 2.447145743874715862e+01
1.567056916729814020e+02 5.551093149223990331e+00 2.463107967780864982e+01
1.570791866632987990e+02 5.455081249473773042e+00 2.487520698268361841e+01
1.577528135612247695e+02 5.585010243888748782e+00 2.565064129550111005e+01
1.583639246723358838e+02 5.821349386769947287e+00 2.364707698352558296e+01
1.591211164435463559e+02 6.206589767337431063e+00 2.208167045550223051e+01
1.602490808565574980e+02 6.826864247424994758e+00 2.034921837725575955e+01
1.615620106087395698e+02 7.643638966068873053e+00 1.914831186326513546e+01
1.627475933877803129e+02 8.455165445819650571e+00 1.735321770368499372e+01
1.635862451236282880e+02 9.082750975274340277e+00 1.615471078555190587e+01
1.635965311105497904e+02 9.125971766158681220e+00 1.428000898094355975e+01
1.629625466588083498e+02 8.621186607167915739e+00 1.231361735567343096e+01
1.624969969969969839e+02 8.104389436165137184e+00 1.082613454576071454e+01
1.623472397631276181e+02 7.949875108753613695e+00 9.703684993404619874e+00
1.624930397687407151e+02 7.745053464679632960e+00 8.487440711739777655e+00
1.629533832898318906e+02 6.826162611209340092e+00 7.318921725463781947e+00
1.632816648424125106e+02 5.967851028598691876e+00 6.028921444809295593e+00
1.646597485335803128e+02 6.353526423619881847e+00 5.681022143638966071e+00
1.657250427998091595e+02 7.587451937919227341e+00 5.905180881816395555e+00
1.654410204597120355e+02 7.108767646150823794e+00 5.286604361370716099e+00
1.631303640088686677e+02 5.188894501978614571e+00 3.939532990934860202e+00
1.614093486009373919e+02 3.877901265751733106e+00 3.013162695405686264e+00
1.602339114815750349e+02 3.226081221408324318e+00 2.451825657433134076e+00
1.601112374056299359e+02 3.024767758412618246e+00 2.282506805871292066e+00
1.611999382560130130e+02 3.288372484634166870e+00 2.353863209003395962e+00
1.623806516797170900e+02 3.777918105020908968e+00 2.549353091409165994e+00
1.634391120092054734e+02 4.168827706210883832e+00 2.499284331060032116e+00
1.640765485111279531e+02 4.622786337739608342e+00 2.486696977351182891e+00
1.642882181246667130e+02 4.749964918189217400e+00 2.324703207880777889e+00
1.635566501080519686e+02 4.158359293873312268e+00 1.939968005388566175e+00
1.628111195307456853e+02 3.512573320984536007e+00 1.685695040835227809e+00
1.627368443209564646e+02 3.467387948696359690e+00 1.747018046083466558e+00
1.627432151777946103e+02 3.400353624652689977e+00 1.749361511043753925e+00
1.629983722039796703e+02 3.406878841458280682e+00 1.650276444668967946e+00
1.627327046672841107e+02 3.300047711262664496e+00 1.481546967528275971e+00
1.625550503774802849e+02 3.090946086273189231e+00 1.313098144873845907e+00
1.626390783306671040e+02 3.107238079200695946e+00 1.205312789424938913e+00
1.627791810502090755e+02 3.086090763660857217e+00 1.141912940978361490e+00
1.626377031236844459e+02 2.834989194802278956e+00 1.113314248828267461e+00
1.614890123768628314e+02 2.221717044146950482e+00 1.072998231876736597e+00
1.610844489349162245e+02 1.896017512839942798e+00 1.021512166371979502e+00
1.611145631612921250e+02 1.869327271196430162e+00 1.048174342566865924e+00
1.615981027756728565e+02 1.910513317055373195e+00 1.043754034408240106e+00
1.622486037439308575e+02 2.117931015127276773e+00 1.124105413825039923e+00
1.630959978670259147e+02 2.329277876006847769e+00 1.206449440094299996e+00
1.636560438943616589e+02 2.562375459571721414e+00 1.249866689119025542e+00
1.643804832870253563e+02 2.965998708989363131e+00 1.408043557576267757e+00
1.649580421543038256e+02 3.420630911285116760e+00 1.633044259212483418e+00
1.648737195139064227e+02 3.366296202744800681e+00 1.615180601161909646e+00
1.635271533215458533e+02 2.551177345569868748e+00 1.273974909488928109e+00
1.620356711852038814e+02 1.991299710925879207e+00 1.007142656675366954e+00
1.620442451797592014e+02 1.959782212118660771e+00 1.025357132833768281e+00
1.623360135836771292e+02 2.009865005192108089e+00 1.051710589093766579e+00
1.622451937919227589e+02 1.877157531363138787e+00 9.246583031629760363e-01
1.620782885689427815e+02 1.776725323454295458e+00 7.972972972972972583e-01
1.620247116275153587e+02 1.675493250259605382e+00 7.084420869467598081e-01
1.617917684039179278e+02 1.608809744323763002e+00 7.833207038814515855e-01
1.608428334876932979e+02 1.431885156184221630e+00 7.864500014032724806e-01
1.602288176026493716e+02 1.234374561477365129e+00 7.180825685498583022e-01
1.594138811708905052e+02 1.055892340939069918e+00 6.156998119614942588e-01
1.589884791333389558e+02 9.417922595492689286e-01 5.409334568213073346e-01
1.593773539895035185e+02 9.616625971766158409e-01 5.355027925121382815e-01
1.599927450815301313e+02 1.166498273974909461e+00 6.394852796721955945e-01
1.612895091353035184e+02 1.430383654682719996e+00 7.392860149869495690e-01
1.619104852516067581e+02 1.511843619320254906e+00 7.565322331677472034e-01
1.619048440964328677e+02 1.457621172574443680e+00 7.274143302180685611e-01
1.614393505655187937e+02 1.344924363615952467e+00 6.904100362044287564e-01
1.610559204063876848e+02 1.324015604389436218e+00 6.970475148045242042e-01
1.610557520136959511e+02 1.435800286267576054e+00 7.664393365327945018e-01
1.619261878701130968e+02 1.705074233111616211e+00 9.180348572871936952e-01
1.625948050854592850e+02 1.952022115573517347e+00 1.032583985855013875e+00
1.630785972888776598e+02 2.022424293452330879e+00 1.018565294266228882e+00
1.634581544160983526e+02 2.140481603098425722e+00 1.035867643344278832e+00
1.638205775869327283e+02 2.247467093261485971e+00 1.078821812466672192e+00
1.635655608879907845e+02 2.151244702646571749e+00 1.113370379725519888e+00
1.623769049423254955e+02 1.927310488058151527e+00 1.072044006623445789e+00
1.618019421290449316e+02 1.767295332715893563e+00 1.034478403637282051e+00
1.616569279559933818e+02 1.819763688922567457e+00 1.084897982094243707e+00
1.619556144929976824e+02 1.987412646291150997e+00 1.159888860823440337e+00
1.622983076534478357e+02 1.967219556004602632e+00 1.092279195082933363e+00
1.627674637254076515e+02 2.046672841065364512e+00 1.086006567314978577e+00
1.630703320142572466e+02 2.012868008195110914e+00 9.946394993123964801e-01
1.629055457326485339e+02 1.927422749852656381e+00 9.219499873705481185e-01
1.625290617720524153e+02 1.882111083045662436e+00 9.293452330835508812e-01
1.624159580140888579e+02 1.823131542757711054e+00 9.469984002694282754e-01
1.625495635822738620e+02 1.961901153489938432e+00 1.045718615812073704e+00
1.628174903875838595e+02 1.943293761050770341e+00 1.019519519519519468e+00
1.627702001066487014e+02 1.898627599562179080e+00 9.973197496561982955e-01
1.627722067862254676e+02 1.823061379136145410e+00 9.199012096208357692e-01
1.627322836855547052e+02 1.659902893547753333e+00 8.160871151525357359e-01
1.622037270915775480e+02 1.427998091549493420e+00 6.893154837080071040e-01
1.618926356262804802e+02 1.397687407033201490e+00 6.891049928433106153e-01
1.613255171058909241e+02 1.365706828323650646e+00 7.403525020347450081e-01
1.612213662260391231e+02 1.585304931099323689e+00 9.132356655721142191e-01
1.613745755100895281e+02 1.820296932446465066e+00 1.039768740703320038e+00
1.620053885661362187e+02 2.111181274732676805e+00 1.154977407313855897e+00
1.628156521006988271e+02 2.321040666835059163e+00 1.217254637815385454e+00
1.627256602396789447e+02 2.052805141590188232e+00 1.049058404198591088e+00
1.623467065196037140e+02 1.669178524318711165e+00 8.219387611910976554e-01
1.621432741152367214e+02 1.670651960371586586e+00 8.060116190957312687e-01
1.624537060424910919e+02 1.932811315988886003e+00 9.618871207656254363e-01
1.624603014229182349e+02 1.988394936993067796e+00 1.004350144537060396e+00
1.620515141309533931e+02 1.754385226347843219e+00 8.810305632735538905e-01
1.615189722432713211e+02 1.499129971092587832e+00 7.433555050377480544e-01
1.610314754006342923e+02 1.308439280401897165e+00 6.278521512166371776e-01
1.609341865229715722e+02 1.212076562543852321e+00 5.354606943391989615e-01
1.605592742274985198e+02 1.024515169374982548e+00 3.852965114647357581e-01
1.609820100474306059e+02 1.179183856753950321e+00 4.707277370828772955e-01
1.618900395722825749e+02 1.516235862030254511e+00 6.681541354438550462e-01
1.617075580253150235e+02 1.579621677752518938e+00 7.095787376161207805e-01
1.610996884735202457e+02 1.473015071145912236e+00 6.813448962981673018e-01
1.601423339227077633e+02 1.319974179787263946e+00 6.076309954814628211e-01
1.596837304594313878e+02 1.210154079312957709e+00 5.461255648171535748e-01
1.594782633100390115e+02 1.142881198955965294e+00 5.093317616682102589e-01
1.596220426033510194e+02 1.134194942606157497e+00 4.964777861974123407e-01
1.603160730824282325e+02 1.274437989391260517e+00 5.595127838118492125e-01
1.612066318655103601e+02 1.511759422974376266e+00 6.770789481069855453e-01
1.618535264236198827e+02 1.574205046167662880e+00 6.924447812298279992e-01
1.615534506469086011e+02 1.467387948696359912e+00 6.425163481238247432e-01
1.609740254272964535e+02 1.414175858101091698e+00 6.157980410316858944e-01
1.607686705396985758e+02 1.354761303359434121e+00 5.855575201369593863e-01
1.603141225337487015e+02 1.169108360697145743e+00 4.651988437035166069e-01
1.596443546350088525e+02 9.780107210013752050e-01 3.568802447307120040e-01
1.594442058881311084e+02 9.238023069798770859e-01 3.185709073559540583e-01
1.596370856838146608e+02 9.948780556257191821e-01 3.605848839493699387e-01
1.601673542701580004e+02 1.153686396677050974e+00 4.491173416407061025e-01
1.603090005893744205e+02 1.256630462237938950e+00 5.325278549577614484e-01
1.596189694367264451e+02 1.086427549044371554e+00 4.458196514271280386e-01
1.581913642614577213e+02 8.058011282310347800e-01 3.083270186073924224e-01
1.572623137155847530e+02 6.202183491903118240e-01 2.141814711908169855e-01
1.567107153882854789e+02 5.389688754174735141e-01 1.799135584182313119e-01
1.569861216356543423e+02 5.623754595717213034e-01 2.000785832561533528e-01
1.575940473183463837e+02 6.256349807751676595e-01 2.318206056523813563e-01
1.583383991468103602e+02 6.639443181499256053e-01 2.391456877438185857e-01
1.588684011113917620e+02 7.137464567371109014e-01 2.589177963009738903e-01
1.590383233700990786e+02 7.145743874715837496e-01 2.675619544778423120e-01
1.586599028935477520e+02 6.577979849007886681e-01 2.439589121832112517e-01
1.584921837725576097e+02 6.718728073868260875e-01 2.654149476579383271e-01
1.587883023210125941e+02 7.455726754792175726e-01 3.075271533215458430e-01
1.590437119362352973e+02 8.075271533215458986e-01 3.553085796076450031e-01
1.593799781089500698e+02 8.271308691869440066e-01 3.630686761527883166e-01
1.595952260671886904e+02 8.391849793718952899e-01 3.560242485476130536e-01
1.598923830372428370e+02 8.597148550419578816e-01 3.654261738373887902e-01
1.600044624063315553e+02 8.698745474446408776e-01 3.741966265330751162e-01
1.595584462967640604e+02 8.135331593275518802e-01 3.663383009177401672e-01
1.585468692992057527e+02 7.235412983076534577e-01 3.273694255002665976e-01
1.580426314164631947e+02 7.004995649855463302e-01 3.283517162021835079e-01
1.580502932839381458e+02 7.136622603912323726e-01 3.427352586231091069e-01
1.581933990064831050e+02 6.799977547641099518e-01 3.138980101596923755e-01
1.584774073138559061e+02 6.957424714434060631e-01 3.201004743060817948e-01
1.589767197103645628e+02 7.474670932614857488e-01 3.468889450197861213e-01
1.595010243888748676e+02 7.888495972608121631e-01 3.599814768039066859e-01
1.597540905391372803e+02 8.055485391933989714e-01 3.637843450927563116e-01
1.594612556481715444e+02 7.644326569560214724e-01 3.565294266228845599e-01
1.590446661614885784e+02 7.683758524880019980e-01 3.813112177598159125e-01
1.588731020740366660e+02 8.060256518200443754e-01 4.150879851814431309e-01
1.589518256574331474e+02 8.768067132553113430e-01 4.682860430523981821e-01
1.592662709438410502e+02 9.555162639274789038e-01 5.231399623922988740e-01
1.593643737195139067e+02 9.923661979736746463e-01 5.569728607111784635e-01
1.592319469001712093e+02 1.002441694030479002e+00 5.556958827986865357e-01
1.595610844489349063e+02 1.029931800959838384e+00 5.416491257612753296e-01
1.599258651174538954e+02 1.109946394993123864e+00 5.822036990261288958e-01
1.598304987230220888e+02 1.114436866773315327e+00 6.088799079453285357e-01
1.590048974207852837e+02 1.061996576015267646e+00 5.997305716931885522e-01
1.584658022508489807e+02 1.017695265358816714e+00 5.958856052313996621e-01
1.582779461704695336e+02 1.061351070696865184e+00 6.218601779349443026e-01
1.584783896045578331e+02 1.088967472145042192e+00 6.406359630658695625e-01
1.586790014313378663e+02 1.124624624624624536e+00 6.514271280626421357e-01
1.593439420729140465e+02 1.191027476074205005e+00 6.598888608234402264e-01
1.598462715051500140e+02 1.235847997530240550e+00 6.777946170469535403e-01
1.599818977856361073e+02 1.249473772838258778e+00 6.705116331284555198e-01
1.598434509275630830e+02 1.235272655833403510e+00 6.675647610227049000e-01
1.595171058909376711e+02 1.192795599337655332e+00 6.486346159243355780e-01
1.593567679829362191e+02 1.164477561673823436e+00 6.364542112205663349e-01
1.594101204007746162e+02 1.193721759142319927e+00 6.594678790940473601e-01
1.594198170132749510e+02 1.187028149644972164e+00 6.499396592854537191e-01
1.595548398866155821e+02 1.145084336673121816e+00 5.971064522466391633e-01
1.592693581431899190e+02 9.994527237517891738e-01 5.007016362156548883e-01
1.593792764727344036e+02 1.012096208357890603e+00 5.092194998737055167e-01
1.597658218966630272e+02 1.162667340237433677e+00 5.762538239173753407e-01
1.601791698240296284e+02 1.272403244365861275e+00 6.396396396396396566e-01
1.597053408548735547e+02 1.225533945160113491e+00 6.635093036962196322e-01
1.590729140355308573e+02 1.101989840307597390e+00 6.148438157783951974e-01
1.584195082933400727e+02 1.040638769610732206e+00 6.039403889871179931e-01
1.582508770452695614e+02 1.028261906766579692e+00 5.933877803036681220e-01
1.582502455726754818e+02 1.040666835059358419e+00 5.893042575285566409e-01
1.588588027279616028e+02 1.113721197833347443e+00 6.095815441609834240e-01
1.592675900199264731e+02 1.164589823468328067e+00 6.232915158148802925e-01
1.596267856641688354e+02 1.219387611910976332e+00 6.358227386264769798e-01
1.597594931379978220e+02 1.177766551598327327e+00 6.165558081445932093e-01
1.593435210911846411e+02 1.122617945047851507e+00 5.888973085234767701e-01
1.590394038898711813e+02 1.149546743004686844e+00 6.272627767954870315e-01
1.591101568858578332e+02 1.175226628497656467e+00 6.555527490106929367e-01
1.591476523252224240e+02 1.164224972636187516e+00 6.518200443434087887e-01
1.592394123095057807e+02 1.187603491341809203e+00 6.494625466588083151e-01
1.594476298728635300e+02 1.255788498779152995e+00 6.739496505851646502e-01
1.596805871291852554e+02 1.279602031938480433e+00 6.680559063736634107e-01
1.599534253880048311e+02 1.343493025736016477e+00 6.761106901293817417e-01
1.600621088378097738e+02 1.393323229771827876e+00 6.703853386096376710e-01
1.601926833375431443e+02 1.405896550756363883e+00 6.469506890067637794e-01
1.599995228873733595e+02 1.356796048384833364e+00 6.559596980157728074e-01
1.593331789733658752e+02 1.314585613651034102e+00 7.042042042042041539e-01
1.587475372568830494e+02 1.201187168476888001e+00 6.675928264713311133e-01
1.580120120120120077e+02 1.143316213409671267e+00 6.463753473099267399e-01
1.580735595408492600e+02 1.180152114731553903e+00 6.725604108781678692e-01
1.583716146052594524e+02 1.251943532317363994e+00 7.022396228003704444e-01
1.591528163677696455e+02 1.345527770761415720e+00 7.334764671213269693e-01
1.595210490864696453e+02 1.446928236647862853e+00 7.296735988324772881e-01
1.599962813280570231e+02 1.571370435856417114e+00 7.609104431534338131e-01
1.600453818304285676e+02 1.565560887990794514e+00 7.646150823720917478e-01
1.598710673290112538e+02 1.470573377115433233e+00 7.312592966798574512e-01
1.596191799275911478e+02 1.509991299710925938e+00 7.597737924840728407e-01
1.594446549353091314e+02 1.461381942690353819e+00 7.382054952148410232e-01
1.595153097022255793e+02 1.412000785832561611e+00 7.149953692009767270e-01
1.595933597148550405e+02 1.450843366731217277e+00 7.242850326962476659e-01
1.597650921949987435e+02 1.544820521456035545e+00 7.473548314669810066e-01
1.599016867334624408e+02 1.597162583143891590e+00 7.465269007325081585e-01
1.601401167522662945e+02 1.609371053296287046e+00 7.253515197440431050e-01
1.603666891190255797e+02 1.652409418764559046e+00 7.284808172658640002e-01
1.603662541045718513e+02 1.721408324212062579e+00 7.427520978922848016e-01
1.607615980466447638e+02 1.836518761752406581e+00 7.926244001010356310e-01
1.607271196430074838e+02 1.795739664898543309e+00 8.048188375291178698e-01
1.599718503550279252e+02 1.577264180067918353e+00 7.885268446016109323e-01
1.590834806769386205e+02 1.390923633914288082e+00 7.610788358451909819e-01
1.584616345317279809e+02 1.276893716146052515e+00 7.161039544217114861e-01
1.582826471331144091e+02 1.272922455165445887e+00 7.236956582750975198e-01
1.584114956077573027e+02 1.246807555218770069e+00 6.915326541494766222e-01
1.590208666610535886e+02 1.359546462350200713e+00 7.307120204316466250e-01
1.594341584575229547e+02 1.479315764362493235e+00 7.669866127810053280e-01
1.600526086834498187e+02 1.563708568381465547e+00 7.527293648788976332e-01
1.601065364429850320e+02 1.563610339311273911e+00 7.558446296764054217e-01
1.601143526704274507e+02 1.572773708287726890e+00 7.620190283741685722e-01
1.597374196626533092e+02 1.495509528219808537e+00 7.343885942016783464e-01
1.595756504167719072e+02 1.432530661502624092e+00 7.208329825152255399e-01
1.595913670680025689e+02 1.427408717128343385e+00 7.189806629058965726e-01
1.596732760798181232e+02 1.435449468159748498e+00 7.090314613679099542e-01
1.598941230950576653e+02 1.510103561505430569e+00 7.346552159636271506e-01
1.601054138250399888e+02 1.549788105862872190e+00 7.070668799640762447e-01
1.603267940838034349e+02 1.619264123937021127e+00 7.345289214448093018e-01
1.605171199236619657e+02 1.708961297746344421e+00 7.644326569560214724e-01
1.605858241418989110e+02 1.654780949173472626e+00 7.274844938396339833e-01
1.607870393758244347e+02 1.720734753445033904e+00 7.551149280121243201e-01
1.610013611742583635e+02 1.769470404984423650e+00 7.805983553647104500e-01
1.605552468356206646e+02 1.595282198085936409e+00 7.809211080239117919e-01
1.596002778479414133e+02 1.409937975358536155e+00 7.577390474586735980e-01
1.585886026213129014e+02 1.266088518424967058e+00 7.162723471134686548e-01
1.583846369734220332e+02 1.235006034071454595e+00 7.075439925907215377e-01
1.585869327271196312e+02 1.305155622912632207e+00 7.458392972411663768e-01
1.588196654598523878e+02 1.313196373944037543e+00 7.285650136117425291e-01
1.590783727652886625e+02 1.325054025988605444e+00 6.877578513092531542e-01
1.593854228059835521e+02 1.354733237910807908e+00 6.440459150739524796e-01
1.600170076618674670e+02 1.487651202604473699e+00 7.110100754960567704e-01
1.606639022199769897e+02 1.739706996716342546e+00 8.422160478235244385e-01
1.600633437175493157e+02 1.678243664224972731e+00 7.943784906401728518e-01
1.597026606045297683e+02 1.612163565434593382e+00 7.891583171957003984e-01
1.597462883444191846e+02 1.561084448934916269e+00 7.673233981645196655e-01
1.597233869383402123e+02 1.454646235020066847e+00 7.040077460638208828e-01
1.595952821980859255e+02 1.240464763829249861e+00 5.643821391484943328e-01
1.594755690269709021e+02 1.143274115236732058e+00 5.133591535460694244e-01
1.595163340911004468e+02 1.090244450057534120e+00 4.730150711459122914e-01
1.592880497319749793e+02 1.061351070696865184e+00 4.442339535797479866e-01
1.595278268923128735e+02 1.118787011310375723e+00 4.819960147062951061e-01
1.597390474586736389e+02 1.209129690438101701e+00 5.166428110353343817e-01
1.599293592658078751e+02 1.265723667592826507e+00 5.393056608009878516e-01
1.601068311301956157e+02 1.257767112907299811e+00 5.322331677471864309e-01
1.598078078078078192e+02 1.194381297185035606e+00 5.472481827622014405e-01
1.589884370351660152e+02 1.043445314473351759e+00 5.432769217815947016e-01
1.581161207936908966e+02 8.832898318879627286e-01 4.800735314754006611e-01
1.575881535741348785e+02 7.724313098144873768e-01 4.293171676349246679e-01
1.576464876091044403e+02 8.188094636692767603e-01 4.594875249080856427e-01
1.579920434453144651e+02 8.988380904268754579e-01 4.880441188852404077e-01
1.584711206533636414e+02 9.523589009570317954e-01 5.097387106732901296e-01
1.590674412730487575e+02 1.014944851393449587e+00 5.157868148522354312e-01
1.594439953972664341e+02 1.097359041284274861e+00 5.356010215823300280e-01
1.595983272992618822e+02 1.122954730431365844e+00 5.435154780949172926e-01
1.593538491762790841e+02 1.075903005809547786e+00 5.345345345345345889e-01
1.588614128146838311e+02 1.015576323987538832e+00 5.109595576885296309e-01
1.586927955993376429e+02 9.774353793045381655e-01 4.967584406836743072e-01
1.587396368330947780e+02 1.014116920658976628e+00 5.197721085571552768e-01
1.588953720075215301e+02 1.024837922034183668e+00 5.073952457130027627e-01
1.589415677359602626e+02 1.037495439364598315e+00 5.064971513569644923e-01
1.593557295613370286e+02 1.135963065869607824e+00 5.317841205691673512e-01
1.595393337262496232e+02 1.196949285734332458e+00 5.449327832505402869e-01
1.596658527686565208e+02 1.235651539389857057e+00 5.598916673683028700e-01
1.598918357609946383e+02 1.231301394852796660e+00 5.359939378630967921e-01
1.598587325643400447e+02 1.265344784036372738e+00 5.498723022087508294e-01
1.601141141141141020e+02 1.325755662204260332e+00 5.867923998765119942e-01
1.601677752518874058e+02 1.309688192865762879e+00 6.164435463500883561e-01
1.593304145266762077e+02 1.208315792427941959e+00 6.165979063175325292e-01
1.585392495299037421e+02 1.061842216047823584e+00 5.834385787656816147e-01
1.578303303303303267e+02 9.849849849849849903e-01 5.654486261962897720e-01
1.576979596418848644e+02 9.783194409362633293e-01 5.644382700457466484e-01
1.579296539530184305e+02 1.013134629957059829e+00 5.791024669529342139e-01
1.584608627318907565e+02 1.090468973646543827e+00 5.895287811175661252e-01
1.590951418708428093e+02 1.184375964749796450e+00 6.171030843928040355e-01
1.594139653672363863e+02 1.244955235609441324e+00 6.155454519940500857e-01
1.596914344250792794e+02 1.280443995397266388e+00 6.130616597906317633e-01
1.597024080154921251e+02 1.258188094636692789e+00 6.091184642586511266e-01
1.594336392467233452e+02 1.204049844236760203e+00 6.034211781875333802e-01
1.590051079116499579e+02 1.149027532205102231e+00 5.888832757991636635e-01
1.588406303499761520e+02 1.172855098088742887e+00 6.073222755465745859e-01
1.589006342791389557e+02 1.197791249193118412e+00 6.210603126490976678e-01
1.590489882405770175e+02 1.195026802503438068e+00 6.038281271926131399e-01
1.592833908675030159e+02 1.222236254946535317e+00 5.950857399455530272e-01
1.594506188431421947e+02 1.265793831214391929e+00 6.090202351884594911e-01
1.595419297802475285e+02 1.355013892397070041e+00 6.284836238107266437e-01
1.598109792035025691e+02 1.468594762987286417e+00 6.588785046728972139e-01
1.600201650248379224e+02 1.531292975218208952e+00 6.887120765625438512e-01
1.600378181920237921e+02 1.647694423395357877e+00 7.297156970054166081e-01
1.602043024332743926e+02 1.738542280598355472e+00 7.924981055822177822e-01
1.595642418119053616e+02 1.617383738879065946e+00 8.076955460133030673e-01
1.588118632651342921e+02 1.415017821559877653e+00 7.602649378350312404e-01
1.581574191013443453e+02 1.285495776149981673e+00 7.165389688754174591e-01
1.579517695265358839e+02 1.280710617159215303e+00 7.112345990850663657e-01
1.582532766411271155e+02 1.270593022929471516e+00 6.940024136285818379e-01
1.587053829530464952e+02 1.303948808621705924e+00 6.921079958463135506e-01
1.591164575790743925e+02 1.350832140551766702e+00 6.799556565911706318e-01
1.591886138474923484e+02 1.331705537313013998e+00 6.378294182032500093e-01
1.594614100081389836e+02 1.350804075103140489e+00 6.395835087423872301e-01
1.595923353259801729e+02 1.306572928068255202e+00 6.400044904717802075e-01
1.592238921164154704e+02 1.219696331845864457e+00 6.113917655973730714e-01
1.589730291038702319e+02 1.182706070556537759e+00 6.126687435098649992e-01
1.588180376638320581e+02 1.149125761275294089e+00 5.977940557379809450e-01
1.587190227610788327e+02 1.167270073812129993e+00 6.029721310095141895e-01
1.589785860626982128e+02 1.223232578372765333e+00 6.250035081810783044e-01
1.590451011759423068e+02 1.211248631809379583e+00 5.979063175324857982e-01
1.593625073671802568e+02 1.294897701439757576e+00 6.369453565715248455e-01
1.596983525581656522e+02 1.381451545002946979e+00 6.649967724734079377e-01
1.599438410372989949e+02 1.455628525721983646e+00 6.812326345036625597e-01
1.602185456484521922e+02 1.518424967023097816e+00 6.861019898403075690e-01
1.603692009766776039e+02 1.529679211922202686e+00 6.964862058320002713e-01
1.599918189217254678e+02 1.369551794785439647e+00 6.786646459543655974e-01
1.590097948415705389e+02 1.171844741938199874e+00 6.269540568605989073e-01
1.579831747635485897e+02 9.742639836097779504e-01 5.388425808986556653e-01
1.572935084617327561e+02 8.515197440431084841e-01 4.745025399231006524e-01
1.573662962027447918e+02 8.662260391232353696e-01 4.829362072352726409e-01
1.579647638292498186e+02 9.674721450422385516e-01 5.300580954786562327e-01
1.585859223709690866e+02 1.076043333052678852e+00 5.633717829979512093e-01
1.592321994892088242e+02 1.208077236114619257e+00 5.926721113637001270e-01
1.594138531054418877e+02 1.214728747439027812e+00 5.758047767393561500e-01
1.594878476607448476e+02 1.260138643316213392e+00 5.873958070219752470e-01
1.591284976565350462e+02 1.240829614661390412e+00 6.036316690522297579e-01
1.590291600011226194e+02 1.285495776149981673e+00 6.405377339956779270e-01
1.595950717072212512e+02 1.382658359293873263e+00 7.197945609160562030e-01
1.601974263983609887e+02 1.573559540849260419e+00 8.140664028514495998e-01
1.608801745670904495e+02 1.704274367825769687e+00 8.656085992534591211e-01
1.610631051612359954e+02 1.705032134938677002e+00 8.297269231848670712e-01
1.608730459431394024e+02 1.663102354691139650e+00 7.835311947461479631e-01
1.607528135612247695e+02 1.638404759900087049e+00 7.475653223316774953e-01
1.606927815666133483e+02 1.549591647722488919e+00 6.939883809042687313e-01
1.604911874491313881e+02 1.470657573461311873e+00 6.259156352614296814e-01
1.599253038084813738e+02 1.361539109202660525e+00 5.476551317672813113e-01
1.587236535601021501e+02 1.146459543655805380e+00 4.948920883500322887e-01
1.570686340546153588e+02 8.919480227891443125e-01 4.350425191546686832e-01
1.561099323622688075e+02 7.973534281945496849e-01 4.187645589514748523e-01
1.562667620891919853e+02 8.559260194774213071e-01 4.568353400129100961e-01
1.567725155061603743e+02 9.146108725547977825e-01 4.848586904661670860e-01
1.575953944598804526e+02 1.045381830428559367e+00 4.889422132412786781e-01
1.585299598664084613e+02 1.274059105834806749e+00 5.645785972888777149e-01
1.595466307428924324e+02 1.572605315595969833e+00 6.541915747523223690e-01
1.601691644915943868e+02 1.665207263338104537e+00 6.603940388987118437e-01
1.597885268446016198e+02 1.518874014201117006e+00 5.885324576913362193e-01
1.587598018579327004e+02 1.274788807499087850e+00 4.826415200246975679e-01
1.579350986500519127e+02 1.100825124189610094e+00 4.180208245628806440e-01
1.579214869074682213e+02 1.124329937414049629e+00 4.334989194802278956e-01
1.581013443349891929e+02 1.198184165473885177e+00 4.512082175633577719e-01
1.582510033397883831e+02 1.305380146501641914e+00 4.659706435407369729e-01
1.585345485672588381e+02 1.455488198478852579e+00 4.853779012657517544e-01
1.590479778844264729e+02 1.595618983469450747e+00 5.377480284022340129e-01
1.599832028289972357e+02 1.917627908282113935e+00 6.329039319693525734e-01
1.606082063371783022e+02 2.085417192893828542e+00 7.005556958827986458e-01
1.607060284583648979e+02 2.025020347450253944e+00 7.116836462630855564e-01
1.600788639106395976e+02 1.783559260194774287e+00 7.881760264937834881e-01
1.599120007858325607e+02 1.706828323650753543e+00 8.824338357048637782e-01
1.597828576239791118e+02 1.610844489349162245e+00 8.697201874771968155e-01
1.595173444472509914e+02 1.513050433611181189e+00 8.236928517302348762e-01
1.591602677443798939e+02 1.424672335887289254e+00 7.457971990682270569e-01
1.583072745642839152e+02 1.321994892088349971e+00 6.360893603884257841e-01
1.575450169795964257e+02 1.224369229042126195e+00 5.119418483904465411e-01
1.575298055064410221e+02 1.279980915494934202e+00 4.853498358171255411e-01
1.575494653532036580e+02 1.315189020796497354e+00 4.866127810053043623e-01
1.577485055148606534e+02 1.415298476046139564e+00 5.412000785832561389e-01
1.584107097751957554e+02 1.580253150346608182e+00 6.615447222923858117e-01
1.593670680025820161e+02 1.810431927254357198e+00 8.266677892846117093e-01
1.597142095366394301e+02 1.978375571833515867e+00 9.027672532345429879e-01
1.597372091717886065e+02 1.973141365664730085e+00 8.611742583705200849e-01
1.597256883051275622e+02 1.964833992871376056e+00 8.395919283769751607e-01
1.598166484241250487e+02 1.992394263422300860e+00 8.445314473351857032e-01
1.598362521399904495e+02 2.004518537228817454e+00 8.090005893744210974e-01
1.598537228817602625e+02 1.983988661558754973e+00 8.000898094356038159e-01
1.596335354045634460e+02 1.886517358479975259e+00 8.772276949847043204e-01
1.595245713002722425e+02 1.791473716707361552e+00 9.506890067637731034e-01
1.587932418399708183e+02 1.646908590833824571e+00 9.023041733322106905e-01
1.579899806348404354e+02 1.420827369425500253e+00 7.781145631612921276e-01
1.575966153068956714e+02 1.395287811175661696e+00 7.421627234711346555e-01
1.583265414947657916e+02 1.518817883303864580e+00 7.711122337290561291e-01
1.586076169627571630e+02 1.555583621004181794e+00 6.925149448513934214e-01
1.577450534646796427e+02 1.337304594313940109e+00 4.580421543038365462e-01
1.567524346776683331e+02 1.251480452415031808e+00 3.767225169094328141e-01
1.570138502988970401e+02 1.389422132412786670e+00 4.775616738233560699e-01
1.575947349218377269e+02 1.450674974039459997e+00 5.455502231203165353e-01
1.578466644214307735e+02 1.442213241278661906e+00 5.528191743145014492e-01
1.583992450394319462e+02 1.551065083775364117e+00 6.201341528444331841e-01
1.593766523532878807e+02 1.745235890095703235e+00 7.659902893547753111e-01
1.610666414077629156e+02 2.117552131570823004e+00 9.877494316746653347e-01
1.622501333108809831e+02 2.147315539838904108e+00 1.019070472341500277e+00
1.631963037804159171e+02 2.250834947096629346e+00 1.096376750582358062e+00
1.635744857006539235e+02 2.308776065785411724e+00 1.167775251887401389e+00
1.627800931772894444e+02 2.128188936600151404e+00 1.170708091268839013e+00
1.610308298953158896e+02 1.701846706519603680e+00 1.015057113187954219e+00
1.593299233813252442e+02 1.463571047683197124e+00 9.114394768600375674e-01
1.583843282534871264e+02 1.294785439645252723e+00 7.999775476410990738e-01
1.578131823412197150e+02 1.147413768909095966e+00 6.923465521596362526e-01
1.577932979708680534e+02 1.056243159046897473e+00 6.179169824029636660e-01
1.583406443827004466e+02 1.129143161853442212e+00 6.480592742274985385e-01
1.596386573489377270e+02 1.389015183407706688e+00 7.767814543515477732e-01
1.607049900367657358e+02 1.588672784934467286e+00 8.656366647020852234e-01
1.609247284667845292e+02 1.627669725800567013e+00 8.775925458168448712e-01
1.604079874266790284e+02 1.478964946254665902e+00 8.043838230754118968e-01
1.592854396452527226e+02 1.211206533636440152e+00 6.676349246442704333e-01
1.586733322107153867e+02 1.160380006174398737e+00 6.518902079649743220e-01
1.584591788049731917e+02 1.132132132132132041e+00 6.360332294911734685e-01
1.585890095703179838e+02 1.161586820465325243e+00 6.618113440543347270e-01
1.589587578232438148e+02 1.219191153770593061e+00 6.931183519968566742e-01
1.593131121775981569e+02 1.292245516544581863e+00 7.197805281917430964e-01
1.598764839605961185e+02 1.362942381633970523e+00 7.782969885773624030e-01
1.598962841346018990e+02 1.330512755746400710e+00 8.266818220089248159e-01
1.591587522101540912e+02 1.226193483202828949e+00 7.971850355027925161e-01
1.577465689989054454e+02 1.061140579832168696e+00 7.132553113861525018e-01
1.567670567764025691e+02 9.390558783082147976e-01 6.438494569335690976e-01
1.565934719766495391e+02 9.230305071426566643e-01 6.313462995705986236e-01
1.568812831523111981e+02 9.573405180881816579e-01 6.493783503129297863e-01
1.575972327467654566e+02 1.104543796132581246e+00 7.740731385591198555e-01
1.585765485111279531e+02 1.202099295557239378e+00 8.425528332070387760e-01
1.594723274676545657e+02 1.309884651006146372e+00 9.261457719401644528e-01
1.599887738205495111e+02 1.394052931436108977e+00 9.733237910808004711e-01
1.602205102298560178e+02 1.402248042434958375e+00 9.784036372821419691e-01
1.600258903763576654e+02 1.374140495635822745e+00 9.525693918217282841e-01
1.600384215991692543e+02 1.375417473548314673e+00 9.534253880048272345e-01
1.601652914596839707e+02 1.379500996323426154e+00 9.557548202408014948e-01
1.601026493783503213e+02 1.345275181723779800e+00 9.270719317448289365e-01
1.603344278858297685e+02 1.331396817378125874e+00 9.183155117734557171e-01
1.603166764895736947e+02 1.273680222278353202e+00 8.697061547528837089e-01
1.606005023715304105e+02 1.274480087564199726e+00 8.561926412393702224e-01
1.602635345625999719e+02 1.273469731413656714e+00 8.577081754651848522e-01
1.600746260278970681e+02 1.260629788667171791e+00 8.543964525272936816e-01
1.598797535853610725e+02 1.289158317195700398e+00 8.791642109399119276e-01
1.597549886334932978e+02 1.320942437764867750e+00 9.016867334624344421e-01
1.597649097695826583e+02 1.402612893267098926e+00 9.612275827229098679e-01
1.600760152676040491e+02 1.480733069518116229e+00 1.012292666498273874e+00
1.606093429878476684e+02 1.556734304397855873e+00 1.068325334680474858e+00
1.611988296707922927e+02 1.704976004041424575e+00 1.150220313771715741e+00
1.617136341949426139e+02 1.773273273273273221e+00 1.190213578064045263e+00
1.616806011619095784e+02 1.752589037635766678e+00 1.164575790744015071e+00
1.612016081502062832e+02 1.758103898290814149e+00 1.184291768403918033e+00
1.610365973450085733e+02 1.751115601582891257e+00 1.171171171171171199e+00
1.612405489601751185e+02 1.859181611518060162e+00 1.253837950099632392e+00
1.616414498610760404e+02 1.919367966096938050e+00 1.274606382083017575e+00
1.617930032836574981e+02 1.856529426622884671e+00 1.218854368387078724e+00
1.620757767112907288e+02 1.957115994499172063e+00 1.273904745867362687e+00
1.622307962167775202e+02 1.993643175886166574e+00 1.280135275462378264e+00
1.618779152984760401e+02 1.916280766748056363e+00 1.245404282787460293e+00
1.612028149644972075e+02 1.856290870309561969e+00 1.234346496028738915e+00
1.605224663916252723e+02 1.777118239735062222e+00 1.196149420448485934e+00
1.601666806993909802e+02 1.773118913305829158e+00 1.208610479638517088e+00
1.605407931295781623e+02 1.877606578541157978e+00 1.287853273834582257e+00
1.608934214588420275e+02 1.983988661558754973e+00 1.340798742667901555e+00
1.615369481631163922e+02 2.162905896550756157e+00 1.404338918357610044e+00
1.622285930790603743e+02 2.423044539866969771e+00 1.455768852965114712e+00
1.623700569728607093e+02 2.504911453509584440e+00 1.460427717437063233e+00
1.623038365468271991e+02 2.530156324548848090e+00 1.472720383935337107e+00
1.623497656535039653e+02 2.636636636636636499e+00 1.554657461199517199e+00
1.623161572787741136e+02 2.702800931772894266e+00 1.602088069377789026e+00
1.622430327523785536e+02 2.725702337851870549e+00 1.582049339058684945e+00
1.622392018186410780e+02 2.775967556341388143e+00 1.588195672307821882e+00
1.624603294883668809e+02 2.893716146052594862e+00 1.596559175998428337e+00
1.626491678594482266e+02 2.870197300103842331e+00 1.527041059751340191e+00
1.626942409699419159e+02 2.933316494064157620e+00 1.526634110746260209e+00
1.625062024641463836e+02 2.815876624287839025e+00 1.561238808902360331e+00
1.617804720608458808e+02 2.537018326737952911e+00 1.492702983357188984e+00
1.611893996800538957e+02 2.349288540877326081e+00 1.435182846397799583e+00
1.610792147287474450e+02 2.326134545760714101e+00 1.434242653868821993e+00
1.613420195896831331e+02 2.380160534366142056e+00 1.465956610816423922e+00
1.617895933316493995e+02 2.471962616822430014e+00 1.476523252224186900e+00
1.621940585445258307e+02 2.586301254525553706e+00 1.462504560635401685e+00
1.626377452218573580e+02 2.689960989026409788e+00 1.456582750975274232e+00
1.627772305015295728e+02 2.726277679548707589e+00 1.458575397827734266e+00
1.625811231792540070e+02 2.622589879599225515e+00 1.410401055260868342e+00
1.620476831972159175e+02 2.519000308719935077e+00 1.385942016783138220e+00
1.620031994611433959e+02 2.456245965591759894e+00 1.385464904156493038e+00
1.618610479638516892e+02 2.402444500575341646e+00 1.351449580421542951e+00
1.618364626308551522e+02 2.445146080660099308e+00 1.346145210631191969e+00
1.620006314725940797e+02 2.499593050994920240e+00 1.349681457158092623e+00
1.622075439925907290e+02 2.602074036653475808e+00 1.366408464539305756e+00
1.623967472145042166e+02 2.701088939406696365e+00 1.399385366675086395e+00
1.620536471050489808e+02 2.547711262664533738e+00 1.365833122842468716e+00
1.613010861328618262e+02 2.260433330526788520e+00 1.283966209199854047e+00
1.607153602200331193e+02 2.138559119867530889e+00 1.266088518424967058e+00
1.604414133759928234e+02 2.115475288372484552e+00 1.293690887148831070e+00
1.606676910555415247e+02 2.128750245572675670e+00 1.288274255563975235e+00
1.608804832870253563e+02 2.184768881030563215e+00 1.294659145126434874e+00
1.613744632482950294e+02 2.384945693356908425e+00 1.340784709943588338e+00
1.619424377648676625e+02 2.515828913025174529e+00 1.363966770508826531e+00
1.621283011983946665e+02 2.594089416519322899e+00 1.369425500266621798e+00
1.616770649153826582e+02 2.640229014060789581e+00 1.379739552636748856e+00
1.612951923886503209e+02 2.507563638404759931e+00 1.327481687294771451e+00
1.610198984030759846e+02 2.308958491201481777e+00 1.242134658022508553e+00
1.609629816732620498e+02 2.261177064915382839e+00 1.239552636748898484e+00
1.613487973955263612e+02 2.262594370071005390e+00 1.228957929892509293e+00
1.616563666470208602e+02 2.216412674356599499e+00 1.155679043529510786e+00
1.616906626252420551e+02 2.224607785355448897e+00 1.127964413011141920e+00
1.619306502764446805e+02 2.378897589177963123e+00 1.175282759394908894e+00
1.620804215430383692e+02 2.467065196037158792e+00 1.235763801184361910e+00
1.616889366001515498e+02 2.562319328674468988e+00 1.381297185035502695e+00
1.611481154051247415e+02 2.335690831017933622e+00 1.328913025174707441e+00
1.606703853386096341e+02 2.255690269708961360e+00 1.319974179787263946e+00
1.604931239650865678e+02 2.241825938087620429e+00 1.332042322696528336e+00
1.606798433947966771e+02 2.280724649883528521e+00 1.323664786281608663e+00
1.610757065476691707e+02 2.374701804608346567e+00 1.333515758749403535e+00
1.615960399651988553e+02 2.609300889674721624e+00 1.368120456905503657e+00
1.621327776374505447e+02 2.735862030254553545e+00 1.371109427184193486e+00
1.622188263029384530e+02 2.653405742190789063e+00 1.313112177598158903e+00
1.620230277005977939e+02 2.571847548483062518e+00 1.282703264011675337e+00
1.616503325755662104e+02 2.435772220818949840e+00 1.262103224720047212e+00
1.613498498498498464e+02 2.345289214448092796e+00 1.258468749122954700e+00
1.614808593640369452e+02 2.353133507339114860e+00 1.264376526058769157e+00
1.613760629788667131e+02 2.304075103140523773e+00 1.225351519744043216e+00
1.616082344026269197e+02 2.366057646431478201e+00 1.231315427577109878e+00
1.617802475372568836e+02 2.426342230080547946e+00 1.225954926889506247e+00
1.620808846229406868e+02 2.509079172630574561e+00 1.244436024809856489e+00
1.621647020852628316e+02 2.604698156100025308e+00 1.247775813196373873e+00
1.618367994162386765e+02 2.413614549128567877e+00 1.243832617664393458e+00
1.610159271420953644e+02 2.111405798321686067e+00 1.190325839858550117e+00
1.603548595324296286e+02 1.949945272375178895e+00 1.153489938536667481e+00
1.597727680951979892e+02 1.879837781706940492e+00 1.136622603912323504e+00
1.600319244478122869e+02 1.868443209564704999e+00 1.124933344559512882e+00
1.604573966489854229e+02 1.882181246667228081e+00 1.109749936852740593e+00
1.611085290898375035e+02 2.006455053184025061e+00 1.128371362016221902e+00
1.615062585950436471e+02 2.105020908759226650e+00 1.148606550475709254e+00
1.616607167915579168e+02 2.073755998989643690e+00 1.088209705032134877e+00
1.615632314557548170e+02 2.032780443995397146e+00 1.071777384861497096e+00
1.611626112093401844e+02 1.970811933428755935e+00 1.069798770733350279e+00
1.609955796918413853e+02 1.918006791838567482e+00 1.058291936796609711e+00
1.605621649687070374e+02 1.877311891330582849e+00 1.034871319918048815e+00
1.605533524178383971e+02 1.860304229463108028e+00 1.028724986668911878e+00
1.608440543347085452e+02 1.967065196037158570e+00 1.077516769105554051e+00
1.612670146782296285e+02 2.044231147034885510e+00 1.097990513878364327e+00
1.614881984788526950e+02 2.139681737812578977e+00 1.089290224804243534e+00
1.618611040947489528e+02 2.229743762454043043e+00 1.128469591086413537e+00
1.620623754595717116e+02 2.271799837220398022e+00 1.135794673177850767e+00
1.613849456933569115e+02 2.158513653840756774e+00 1.175619544778423231e+00
1.605884763267940798e+02 1.989882405770256213e+00 1.156436810642418100e+00
1.597936908871488413e+02 1.859644691420392348e+00 1.133675731806572884e+00
1.596371979456091594e+02 1.858227386264769354e+00 1.161320198703376327e+00
1.598373466924868751e+02 1.948724425359939394e+00 1.200429401363980908e+00
1.603053801465016477e+02 2.052861272487440658e+00 1.224060509107238071e+00
1.607966658247032115e+02 2.165375656029861595e+00 1.222657236675928294e+00
1.614238023069798658e+02 2.329053352417838507e+00 1.238401953355224405e+00
1.616502904773932698e+02 2.423774241531250873e+00 1.268179394347618727e+00
1.616436529987931863e+02 2.396999803541859819e+00 1.249024725660239588e+00
1.612583003564311923e+02 2.240520894726502288e+00 1.210967977323117450e+00
1.609125761275294053e+02 2.163663663663663694e+00 1.199980354185961717e+00
1.609209536639443172e+02 2.182257023378518568e+00 1.204681316830849447e+00
1.608431281749038817e+02 2.209017428643596848e+00 1.212357217030114231e+00
1.609813364766635857e+02 2.256686593135191377e+00 1.216230248940529224e+00
1.610492688950632783e+02 2.370127136482276686e+00 1.230094580561870377e+00
1.614556986893435351e+02 2.463613145856136555e+00 1.229140355308579569e+00
1.617807948135050822e+02 2.650837753641491989e+00 1.299051387836434479e+00
1.620287670848418600e+02 2.724032443658611857e+00 1.328983188796272863e+00
1.615636384047598995e+02 2.514678229631500450e+00 1.310039010973590434e+00
1.606741040105526110e+02 2.280233504532569899e+00 1.302615699811961569e+00
1.602608683449805085e+02 2.157896213970980526e+00 1.275013331088097335e+00
1.600346467963290422e+02 2.164477561673823214e+00 1.283573292919087283e+00
1.602934242653868750e+02 2.247944205888130931e+00 1.330933737475793466e+00
1.606570682832364980e+02 2.335985518228508973e+00 1.323271870000841899e+00
1.612447587774690589e+02 2.664253038084813952e+00 1.445230277005977948e+00
1.617244955235609325e+02 2.868765962223906119e+00 1.491341809098818416e+00
1.621335073391148285e+02 3.029538884679071398e+00 1.561898346945076010e+00
1.620273357469619100e+02 2.993152030535207953e+00 1.553759366843479039e+00
1.617838399146810389e+02 2.822387808369116957e+00 1.492941539670511686e+00
1.614208975330470537e+02 2.784766074485700571e+00 1.504209817293929552e+00
1.612351884594875173e+02 2.806165979063175442e+00 1.513485448064887384e+00
1.613545087143218097e+02 2.896508658190901198e+00 1.533818865594566594e+00
1.617186579102466908e+02 2.985981308411215007e+00 1.544048721618815012e+00
1.620918862788021784e+02 3.156029861637338119e+00 1.580940753837950075e+00
1.623434088293901425e+02 3.284555583621004082e+00 1.577909685386320815e+00
1.627977042463023736e+02 3.438494569335690976e+00 1.610984816592293312e+00
1.629010973590412732e+02 3.442367601246105746e+00 1.603435210911846376e+00
1.622852712525609604e+02 3.165768572310628581e+00 1.580323313968173826e+00
1.612780864977126782e+02 2.794588981504869452e+00 1.543304987230220915e+00
1.606050910723807874e+02 2.594468300075776668e+00 1.501683926917571688e+00
1.604025286969212232e+02 2.544553899694086407e+00 1.497572338693833993e+00
1.606494625466588104e+02 2.617931015127276773e+00 1.535923774241531259e+00
1.610416771912099136e+02 2.769175717773848522e+00 1.559330358395778937e+00
1.616017372512699524e+02 2.982669585473323615e+00 1.585824141898908302e+00
1.621361595240099973e+02 3.181597485335803110e+00 1.614535095843506962e+00
1.619982880076337892e+02 3.098453593780696735e+00 1.550531840251466509e+00
1.619894473913165598e+02 3.057506104235076183e+00 1.575201369593892897e+00
1.617788161993769336e+02 3.026142965395302031e+00 1.608557155286127305e+00
1.616318093794729407e+02 2.987356515393898793e+00 1.620597232746765481e+00
1.615370884903595083e+02 3.009247565322331841e+00 1.631234037776093881e+00
1.616399764250231499e+02 3.055120541101849607e+00 1.615096404816031006e+00
1.619918048890011448e+02 3.127192613173921387e+00 1.614324604978810695e+00
1.623532457691336219e+02 3.280921108023911792e+00 1.596867895933316461e+00
1.625379023883696732e+02 3.398641632286492076e+00 1.577109820100474291e+00
1.630564817153602064e+02 3.476663579467317966e+00 1.591647722488843897e+00
1.634194381297185146e+02 3.534899385366675251e+00 1.621818079762004983e+00
1.627786899048581404e+02 3.333852544132918094e+00 1.660408071623024950e+00
1.616611097078386763e+02 2.877929331200359098e+00 1.559723274676545701e+00
1.609342566865931303e+02 2.642825068058713089e+00 1.515899076646740173e+00
1.606761808537509353e+02 2.588209705032134877e+00 1.522326064382139243e+00
1.607988689624203573e+02 2.644368667733153710e+00 1.538604024585332963e+00
1.612620751592714328e+02 2.820184670651960435e+00 1.580603968454435737e+00
1.618648508321405473e+02 3.038912744520221310e+00 1.598846510061463277e+00
1.623392130448205251e+02 3.232409980073531308e+00 1.606031264909769662e+00
1.625049956498554593e+02 3.300594987510875544e+00 1.611139176559737374e+00
1.624347057337711533e+02 3.226754792175352993e+00 1.583635036906064997e+00
1.618957929892509355e+02 3.061758019701944722e+00 1.543150627262776853e+00
1.616026072801773807e+02 2.982192472846678655e+00 1.558179675002104858e+00
1.616520305352080982e+02 2.937919227638853936e+00 1.551893014509836854e+00
1.617053689203222007e+02 2.998344138531054526e+00 1.561365103421178180e+00
1.617681092307260542e+02 3.059639078330667061e+00 1.544189048861946079e+00
1.620569447952625524e+02 3.171662316522129821e+00 1.581502062810474118e+00
1.623269484437708741e+02 3.293255872695124875e+00 1.610255114928012210e+00
1.626340125171900866e+02 3.443532317364093043e+00 1.651160506300693109e+00
1.629223569363756212e+02 3.510370183267379485e+00 1.665740506862002146e+00
1.626376469927871824e+02 3.438129718503550425e+00 1.713718391288484799e+00
1.619816030984255235e+02 3.071033650472902998e+00 1.712287053408548809e+00
1.611491257612752861e+02 2.860332294911734241e+00 1.690115348993853628e+00
1.606843899974741134e+02 2.709999719345513647e+00 1.625901602537116464e+00
1.607275125592882716e+02 2.763955544329375957e+00 1.633998484465774226e+00
1.610401476242597596e+02 2.875122786337739544e+00 1.659495944542673573e+00
1.614723134349302711e+02 3.029047739328113220e+00 1.635752575004911558e+00
1.621128652016502372e+02 3.327004574668126047e+00 1.659818697201874693e+00
1.623133367011871826e+02 3.394712469478824435e+00 1.640046588644719527e+00
1.623050293283938004e+02 3.338300917740169904e+00 1.626069995228873744e+00
1.621636075327664059e+02 3.268333754315062567e+00 1.632440852067020387e+00
1.619396733181779950e+02 3.231624147511997780e+00 1.649588841177626275e+00
1.617393421458841942e+02 3.191911537705930169e+00 1.645070303948808599e+00
1.618829109483314994e+02 3.330344363054643431e+00 1.700583761331424970e+00
1.621550335382111143e+02 3.452709719064859240e+00 1.715304089135864851e+00
1.623125368359013123e+02 3.479077208049170533e+00 1.670216945917880391e+00
1.625948471836322256e+02 3.630672728803570060e+00 1.671255367517049839e+00
1.628707866745249930e+02 3.762804860935701878e+00 1.664758216160085347e+00
1.631414919592489809e+02 3.876554124217675756e+00 1.683056888664365314e+00
1.630275322051022897e+02 3.777988268642474168e+00 1.687505262271617346e+00
1.618976032106873220e+02 3.276991945216244151e+00 1.636692767533888926e+00
1.611094271841935495e+02 3.041396536723639521e+00 1.659074962813280596e+00
1.605612247761780509e+02 2.940515281636777001e+00 1.636510342117818650e+00
1.605155903567118401e+02 3.006847969464792047e+00 1.663467205523280201e+00
1.606823271870000838e+02 3.219668266397238465e+00 1.697454463809604075e+00
1.614166456175802011e+02 3.568676152788302414e+00 1.723751789172349946e+00
1.621030001964581402e+02 3.938550700232943402e+00 1.748224860374393064e+00
1.626537705930229265e+02 4.294603014229182669e+00 1.811722937891162122e+00
1.627931857090735548e+02 4.329923381325250453e+00 1.793087480003367817e+00
1.625099632342623011e+02 4.109778002301366584e+00 1.753080182986725077e+00
1.620458870085038257e+02 3.999649181892172667e+00 1.781005304369790432e+00
1.616932727119643118e+02 3.917010468412337687e+00 1.795388846790715975e+00
1.617033061098481710e+02 3.860907636608571281e+00 1.771575313631388315e+00
1.614653672363952808e+02 3.893954702365917342e+00 1.743383570486374268e+00
1.617512559288260263e+02 4.046209761163032326e+00 1.759100221717044166e+00
1.620910443153433675e+02 4.128890572815806514e+00 1.765007998652858401e+00
1.622875164884510752e+02 4.243804552215767245e+00 1.777805843226403892e+00
1.623802587634363306e+02 4.386517358479975037e+00 1.774157334904998384e+00
1.626653195251326167e+02 4.482178440122365437e+00 1.838314950464483122e+00
1.623070079425219490e+02 4.108907973393955082e+00 1.821910695742471553e+00
1.612614156212287071e+02 3.594426201902837459e+00 1.778956526620077971e+00
1.602936908871488413e+02 3.148438157783952196e+00 1.671255367517049839e+00
1.598810445959978779e+02 2.995537593668434972e+00 1.634293171676349354e+00
1.600623193286744765e+02 3.072170301142263860e+00 1.652325222418680406e+00
1.605853750947208880e+02 3.195588111475962112e+00 1.650823720917178772e+00
1.612401279784457415e+02 3.443406022845274972e+00 1.676279082821138910e+00
1.617553675170497627e+02 3.757009345794392718e+00 1.715009401925289723e+00
1.621914905559765430e+02 3.962546658808340894e+00 1.743145014173051566e+00
1.620459852375740297e+02 3.890306194044511834e+00 1.719289382840784697e+00
1.616564929415396819e+02 3.681415059919732613e+00 1.673893519687912113e+00
1.613019000308719910e+02 3.601119811400185444e+00 1.688052538519828172e+00
1.612436782576969563e+02 3.569083101793382173e+00 1.706603800061744058e+00
1.614293873312564926e+02 3.623066992225870919e+00 1.727414330218068450e+00
1.614076506412955041e+02 3.668378659032864419e+00 1.687687687687687621e+00
1.616407622575846972e+02 3.784134601891611105e+00 1.694465493530914024e+00
1.619445847716875733e+02 3.968566697538660204e+00 1.728172097330975765e+00
1.621723499200134597e+02 4.178945300440627619e+00 1.775069461985349761e+00
1.625530156324548727e+02 4.362128483623810560e+00 1.799879318570907438e+00
1.626698520950857301e+02 4.427296455333838310e+00 1.829376105077039627e+00
1.622232185456484501e+02 4.056229126322584477e+00 1.810937105329628594e+00
1.610184109342987711e+02 3.494414975723386885e+00 1.725982992338132460e+00
1.602708596446914271e+02 3.223176447475512685e+00 1.702141393730178809e+00
1.599860935702057247e+02 3.123179254020375328e+00 1.699208554348741185e+00
1.600683393674047750e+02 3.184221604782352610e+00 1.706603800061744058e+00
1.604309589963795588e+02 3.397126098060677446e+00 1.742176756195447762e+00
1.610390530717633624e+02 3.650669360949734710e+00 1.775630770957873805e+00
1.617961185484549844e+02 3.909460862731890973e+00 1.794083803429597834e+00
1.620639050265218373e+02 4.048847913333895043e+00 1.800945805618702877e+00
1.620031854284190729e+02 4.096011899750217289e+00 1.830793410232662621e+00
1.617367460918862889e+02 3.946970334820802062e+00 1.809674160141449883e+00
1.612533608374729965e+02 3.760503494148354164e+00 1.784092503718671896e+00
1.610509387892565485e+02 3.794420588813112172e+00 1.814950464483174875e+00
1.612891583171956995e+02 3.880946366927675140e+00 1.847408155819370679e+00
1.615178636580505724e+02 3.981771491117285677e+00 1.825952120344643603e+00
1.617361005865678862e+02 4.177850747944205523e+00 1.866520726333810387e+00
1.621519323061379225e+02 4.326359069349723363e+00 1.862353007212820266e+00
1.624393645982431167e+02 4.466966966966967156e+00 1.869018551261541816e+00
1.625513036400886904e+02 4.616962757149672747e+00 1.892284808172658650e+00
1.627305436277398769e+02 4.679604838483343521e+00 1.928671662316522095e+00
1.623027139288821559e+02 4.364191294097835794e+00 1.926847408155819341e+00
1.612683618197636974e+02 3.824254160702758920e+00 1.888678398024192351e+00
1.605077320310965092e+02 3.504743060817827160e+00 1.838188655945665273e+00
1.600615334961129292e+02 3.341177626224355102e+00 1.808846229406977146e+00
1.600945524964216418e+02 3.407201594117482024e+00 1.818641070977519592e+00
1.606525918441806198e+02 3.612374056299290093e+00 1.874224691981701385e+00
1.612348937722769620e+02 3.905152816367769564e+00 1.911664000449047274e+00
1.617878673065588941e+02 4.249543936459824423e+00 1.947138727512559342e+00
1.621624287839240992e+02 4.366829446268698511e+00 1.939378630967415917e+00
1.620680446801942196e+02 4.295346748617776989e+00 1.942451797591984608e+00
1.618434509275630830e+02 4.182172827032640150e+00 1.935800286267576054e+00
1.614651427128062551e+02 4.024038056748336700e+00 1.909615222699334813e+00
1.614283910078302711e+02 3.941946619516712769e+00 1.885689427745502522e+00
1.615041817518452945e+02 3.913249698296427326e+00 1.867236395273778493e+00
1.614355476972299357e+02 4.011099884931661030e+00 1.883079341023266240e+00
1.617477758131963697e+02 4.134700120681428892e+00 1.887710140046588547e+00
1.619899666021161408e+02 4.314375122786337613e+00 1.932558726951250305e+00
1.622807948135050822e+02 4.435954646235019894e+00 1.906191237966939012e+00
1.624806208077236249e+02 4.489587718559681306e+00 1.892916280766748116e+00
1.626273048749684165e+02 4.586890628946703963e+00 1.930987061828183249e+00
1.623497095226067302e+02 4.466377592545816455e+00 1.960666273750385935e+00
1.615808705902163922e+02 3.915943981364542026e+00 1.911341247789845932e+00
1.606659088995537559e+02 3.519393225000701619e+00 1.862591563526142968e+00
1.601292554236479475e+02 3.299444304117201465e+00 1.807414891527041156e+00
1.598797816508096901e+02 3.322247481125985669e+00 1.832266846285537820e+00
1.604121411130757053e+02 3.422006118267800545e+00 1.827495720019084446e+00
1.609350425191546776e+02 3.610662063933092192e+00 1.834020936824675152e+00
1.614576492380230661e+02 3.881549774073138614e+00 1.851435547697229955e+00
1.618953579747972356e+02 4.133787993601077737e+00 1.893477589739271938e+00
1.619595155903567161e+02 4.151820044343408789e+00 1.879122112766972608e+00
1.619296399202941359e+02 3.993236226881086814e+00 1.866029580982851988e+00
1.614467317785074840e+02 3.819735623473941022e+00 1.828716567034323948e+00
1.611996716342510751e+02 3.731904801998259913e+00 1.799332042322696612e+00
1.612426117706491482e+02 3.711080239117622082e+00 1.802994583368415116e+00
1.611966826639723820e+02 3.774732676601835646e+00 1.803654121411130795e+00
1.614081137211978216e+02 3.821980859364036753e+00 1.773792484072857834e+00
1.615455081249473892e+02 3.976593415845752322e+00 1.784766074485700571e+00
1.618908675030170343e+02 4.118801044034689163e+00 1.807892004153686338e+00
1.621721674945974030e+02 4.244337795739665076e+00 1.823580589935730023e+00
1.623856753950211953e+02 4.356262804860935312e+00 1.834975162077965738e+00
1.623412197243972912e+02 4.407229659566108460e+00 1.892804018972243263e+00
1.618606690802952528e+02 3.995018382868850360e+00 1.866632988128315240e+00
1.610955768852965093e+02 3.590230417333220903e+00 1.846566192360584946e+00
1.602649518677555989e+02 3.347688810305632590e+00 1.822766691925570504e+00
1.599636692767533930e+02 3.259170385338609588e+00 1.782436642249726422e+00
1.600632033903061995e+02 3.301352754623782637e+00 1.786492099576211690e+00
1.605371025230838313e+02 3.572493053801465202e+00 1.854999859672756823e+00
1.612856501361174253e+02 3.880090370744576411e+00 1.922300805478375674e+00
1.621295360781342083e+02 4.178622547781426277e+00 1.941665965030451080e+00
1.623500603407145491e+02 4.286295641435827974e+00 1.935659959024444987e+00
1.623313827846538118e+02 4.311666806993909695e+00 1.984844657741853924e+00
1.619443602480985760e+02 4.026577979849007782e+00 1.893505655187898151e+00
1.615832982515225638e+02 3.943251662877830910e+00 1.913319861917992748e+00
1.615257781145631668e+02 3.896270101877578718e+00 1.904465212876427893e+00
1.612900423788274225e+02 3.816858914989756268e+00 1.853428194549689767e+00
1.615116892593528064e+02 4.046981561000252192e+00 1.941230950576744885e+00
1.617054952148410223e+02 4.308762033061098506e+00 2.027265583340349675e+00
1.621606746933849763e+02 4.498063484044792837e+00 2.053492745081530124e+00
1.625732788863629992e+02 4.739945553029665248e+00 2.107518733686958079e+00
1.630908759226516338e+02 4.894193258679240266e+00 2.086624007184755047e+00
1.633664926608851715e+02 4.951067890320226539e+00 2.117902949678650781e+00
1.632230220875080704e+02 4.768895063287586389e+00 2.119151862142516496e+00
1.621254244899104719e+02 4.150739524571299910e+00 2.031727989671914703e+00
1.612595352361707626e+02 3.681850074373438808e+00 1.964581403833740358e+00
1.606186186186186262e+02 3.441273048749684094e+00 1.895891218321124949e+00
