1.892684918754231660e+02 3.264006431956669174e-01 1.891471310088016367e+01
1.900114040284360328e+02 2.847410291130670346e-01 1.880748561272850239e+01
1.902297943466486174e+02 3.402589708869329654e-01 1.889114336492891155e+01
1.913554713947190180e+02 4.266883886255924407e-01 1.909605619498984552e+01
1.920082726811103555e+02 4.154959377115775010e-01 1.960409614082599816e+01
1.920316731550440181e+02 4.379866283006093597e-01 1.953402166553825481e+01
1.934926582599864560e+02 4.586789099526066282e-01 2.002672224102911258e+01
1.951080949559918736e+02 4.712042992552471499e-01 2.111839878131347348e+01
1.949931025727826750e+02 4.677979011509817431e-01 2.129988997968855813e+01
1.945688261679079289e+02 5.027081922816519777e-01 2.102172901150981588e+01
1.944763033175355531e+02 5.823459715639810463e-01 2.116522088693297121e+01
1.937070286052809820e+02 8.871657075152336036e-01 2.087681956668923533e+01
1.926787830060934255e+02 1.101578368314150236e+00 2.082538507109004655e+01
1.929694270480704006e+02 1.027356973595125345e+00 2.086712931618144751e+01
1.933577987474610609e+02 9.431702775897088387e-01 2.116162406905890236e+01
1.935059453283683126e+02 8.733920108327690723e-01 2.125528943805010229e+01
1.927601980365606096e+02 9.030974949221394210e-01 2.123123307379823999e+01
1.919434030128639108e+02 8.032329045362220921e-01 2.084216316858497109e+01
1.918406186526743511e+02 7.668415707515233715e-01 2.112030297901150888e+01
1.917255416384563205e+02 8.025770142180095323e-01 2.052983243060257124e+01
1.923250253893026525e+02 7.051032498307380214e-01 2.070884817197021022e+01
1.931897215639810383e+02 6.577098849018280236e-01 2.152830907244414504e+01
1.940997164861205135e+02 5.911899119837508154e-01 2.210257278266756842e+01
1.947793458023019753e+02 5.411518280297901162e-01 2.249200236966824562e+01
1.948722283344617381e+02 5.584800270819227919e-01 2.241490352064996472e+01
1.950525981719702031e+02 5.294515910629654654e-01 2.236194566689234975e+01
1.950586704468517212e+02 5.294727488151659278e-01 2.234176117129316097e+01
1.946500930941096783e+02 4.939065673662830225e-01 2.198984427894380644e+01
1.946799043669600451e+02 4.855704129993229645e-01 2.228546039268788093e+01
1.947796631685849604e+02 4.907329045362220921e-01 2.286782752200406321e+01
1.950930729519295994e+02 4.563303994583615686e-01 2.316778097494922051e+01
1.951992213947190180e+02 4.316181448882870919e-01 2.300990182802978978e+01
1.957423197359512415e+02 4.170827691266079662e-01 2.283600626269465295e+01
1.957623984427894470e+02 4.032244414353419182e-01 2.353520649966147715e+01
1.953025558564658013e+02 3.891122207176709313e-01 2.350575490859851158e+01
1.942581668923493510e+02 3.524669939065673829e-01 2.312332853757616746e+01
1.937547181787406885e+02 3.247291807718348244e-01 2.338314573459715717e+01
1.938211112051455700e+02 3.256601218686526744e-01 2.372397596479349957e+01
1.943961577522003950e+02 3.291511509817197090e-01 2.407665453622207252e+01
1.949801963439404062e+02 3.252158090724441286e-01 2.474547224102911258e+01
1.956610104942450903e+02 3.237982396750169189e-01 2.557056110358835355e+01
1.959468940419769751e+02 3.235866621530128495e-01 2.639435934326337119e+01
1.961925990182803048e+02 3.189107989167230817e-01 2.618576506431956830e+01
1.962443085646580982e+02 3.142772511848341277e-01 2.626081161137440745e+01
1.958014556533513826e+02 3.080991875423155224e-01 2.637641756939742876e+01
1.958461408259986456e+02 2.990436696005416284e-01 2.643608243060257124e+01
1.958288761002031038e+02 3.089031821259309307e-01 2.653074221394718890e+01
1.959013414014895034e+02 3.052852064996614545e-01 2.670398188896411540e+01
1.962468898104265520e+02 3.134520988490182569e-01 2.678711069735951256e+01
1.960494245091401524e+02 3.140868314150304652e-01 2.772365859851049308e+01
1.964110528097494921e+02 3.283259986459038382e-01 2.767194905213270317e+01
1.957080653351387980e+02 3.371910968178740697e-01 2.749703791469194414e+01
1.945889895057549097e+02 3.588566350710900577e-01 2.728791469194312924e+01
1.938208573121191591e+02 3.477276574136763942e-01 2.661376523358158508e+01
1.933744922139471782e+02 3.425228503723764528e-01 2.679893788083953865e+01
1.934559284021665633e+02 3.322613405551794186e-01 2.696024458361543807e+01
1.937742467840216705e+02 3.337846987136086629e-01 2.704781651997291902e+01
1.941361712931618229e+02 3.370006770480704072e-01 2.781116706161137486e+01
1.947953199052132618e+02 3.411264387271496501e-01 2.853491029113067157e+01
1.953385875084630925e+02 3.487220717670954651e-01 2.929948798239675156e+01
1.955596013879485326e+02 3.568466486120514536e-01 2.891344363574813769e+01
1.957261975287745486e+02 3.592374746106973826e-01 2.915510748138117947e+01
1.953729053825321671e+02 3.712762356127284891e-01 2.873379316181448928e+01
1.949206372714962754e+02 3.705780297901151155e-01 2.884351726472579713e+01
1.946997503385240407e+02 4.057210561949898264e-01 2.865703283683141578e+01
1.941685638117806434e+02 4.181829722410291272e-01 2.853734343263371542e+01
1.944916003723764391e+02 4.187965470548408731e-01 2.889433818551117028e+01
1.944509986459038657e+02 4.223087339201083146e-01 2.881402335815842974e+01
1.946897215639810383e+02 4.011932972241029072e-01 2.922596479350033860e+01
1.943033598510494357e+02 3.871233920108327897e-01 2.912354011509817298e+01
1.934889556533513826e+02 3.656905890318212782e-01 2.894361459038591633e+01
1.925110231888964165e+02 3.510917400135409872e-01 2.885159952606635159e+01
1.923503089031821389e+02 3.276277928232904646e-01 2.866646919431279628e+01
1.926954129993229401e+02 3.377200406228842433e-01 2.864757532159783437e+01
1.929996614759647855e+02 3.404493906567366279e-01 2.903577775897088742e+01
1.937758970886932843e+02 3.334038591740013380e-01 2.948751692620176001e+01
1.941800736289776523e+02 3.419939065673662792e-01 2.990104519295870134e+01
1.944903309072444131e+02 3.636382870683818602e-01 2.989509986459038515e+01
1.943926455653351297e+02 3.590047393364929063e-01 2.987840639810426424e+01
1.946244075829383746e+02 3.445963100880162222e-01 2.975899204468517212e+01
1.942436949898442720e+02 3.370006770480704072e-01 2.939782921462423815e+01
1.941285756601218679e+02 3.274373730534868021e-01 2.917577860528097489e+01
1.941693466486120485e+02 3.310341909275558714e-01 2.920046970209885018e+01
1.940622884224779909e+02 3.194397427217332552e-01 2.954760494245091351e+01
1.943082472918077315e+02 3.297858835477318618e-01 2.971923662830061019e+01
1.945814573459715575e+02 3.293838862559241853e-01 2.966221648612051354e+01
1.947546123899796839e+02 3.249830737982396522e-01 2.977921885578876271e+01
1.937775473933649266e+02 3.232481381178063384e-01 2.942146242383209298e+01
1.927825829383886287e+02 3.164141841570751734e-01 2.861304587000677202e+01
1.921053656059580135e+02 3.227826675693974412e-01 2.806065927555856376e+01
1.920571682464454852e+02 3.377623561272850572e-01 2.812256685849695259e+01
1.924726430264048815e+02 3.611839878131347104e-01 2.848193127962085214e+01
1.930939404197698082e+02 3.759944143534190708e-01 2.867298578199052272e+01
1.933949094448205699e+02 3.805856465809072664e-01 2.918752115775220091e+01
1.940615690589031885e+02 3.925397765741367451e-01 2.935487897765741394e+01
1.943696259309410834e+02 3.826167907921462219e-01 2.950082515233581759e+01
1.941926413337847066e+02 3.685045700744752906e-01 2.948728419092755715e+01
1.939707176709546275e+02 3.697317197020988377e-01 2.904711831415030332e+01
1.936262906228842269e+02 3.554925524712254647e-01 2.889814658090724464e+01
1.934718813473256489e+02 3.565927555856465703e-01 2.882927809749492098e+01
1.935743483412322234e+02 3.558099187542315689e-01 2.884942027758970795e+01
1.937924212931618229e+02 3.537153012863913371e-01 2.902079807041300086e+01
1.938167738659444694e+02 3.597875761679079076e-01 2.925560680433310878e+01
1.962239548070413093e+02 3.696470886932972100e-01 3.483755077860528360e+01
1.981381812796208521e+02 3.756770480704130222e-01 4.589765995260663800e+01
1.984724949221394752e+02 3.811569058903181983e-01 3.777557972241029205e+01
1.995385917400135440e+02 4.063769465132024417e-01 3.591674424509140096e+01
2.004268999661476016e+02 4.493060257278266856e-01 3.427957853757617102e+01
2.014847664184157168e+02 5.033640825998645374e-01 3.378512186865267353e+01
2.028065546716316874e+02 5.230831076506431421e-01 3.367004485443466422e+01
2.038983581584292608e+02 5.036814488828706970e-01 3.216479773188896729e+01
2.045578876100203161e+02 5.209884901828030213e-01 2.932557549085985116e+01
2.054072867298578160e+02 5.402632024373730246e-01 2.567184326337169864e+01
2.057543161814488712e+02 5.499534529451590714e-01 2.279758378469871261e+01
2.055835731211915913e+02 5.537406905890318587e-01 1.984241706161137486e+01
2.051361078199052201e+02 5.997799593771158122e-01 1.694063134732565956e+01
2.046820624576845091e+02 6.452056533513879089e-01 1.401489505754908649e+01
2.048687796208530756e+02 6.416723087339201159e-01 1.119276828029790138e+01
2.048519168923493510e+02 6.634859512525389524e-01 8.571068889641164645e+00
2.052832811442112302e+02 6.528859174001354626e-01 6.759457515233581404e+00
2.059478249830737866e+02 6.817027758970887197e-01 5.171462423832092092e+00
2.062238067027759030e+02 6.497122545700744212e-01 4.604371191604603730e+00
2.045002115775220091e+02 5.088227826675694176e-01 4.508611205145565570e+00
2.027036222071767213e+02 4.869879823967501742e-01 4.916130670277589765e+00
2.015942366283006209e+02 4.829891672308733730e-01 6.205399458361543275e+00
2.006367848679756207e+02 5.080399458361544163e-01 8.104498138117806505e+00
2.003556618144888262e+02 5.287533852403520918e-01 1.000660121868652652e+01
2.003375507786052765e+02 5.073205822613405802e-01 1.195867890995260652e+01
2.008152081922816592e+02 4.744837508463101150e-01 1.356080737982396833e+01
2.010834884901828161e+02 4.576210223425863366e-01 1.577828791469194236e+01
2.006615394380501129e+02 4.573671293161814533e-01 1.719342417061611528e+01
2.003759732566012133e+02 4.351091740013540710e-01 1.902868991198375070e+01
1.999882151320243793e+02 4.432125930941097081e-01 2.032089962762356095e+01
1.996725203114420992e+02 4.212720040622884299e-01 2.147909614082599816e+01
1.992938600203114561e+02 4.243398781313473256e-01 2.287464031821259169e+01
1.994017857142857224e+02 4.381770480704130222e-01 2.441996022342586414e+01
1.991132574475287811e+02 4.623392010832769183e-01 2.554237897765741394e+01
1.991695370683818567e+02 4.456245768449559885e-01 2.576599526066350876e+01
1.991868864251862021e+02 4.757320582261340691e-01 2.570893280297901029e+01
1.983065758293838883e+02 4.742510155721056386e-01 2.538293415707515166e+01
1.971595506093432562e+02 4.593982735274204643e-01 2.483596394719025113e+01
1.964564150304671557e+02 4.575998645903859297e-01 2.430418500338523913e+01
1.958872714962762416e+02 4.593136425186188365e-01 2.470118906567366324e+01
1.962992764048747460e+02 4.586365944482058143e-01 2.485049932295192932e+01
1.967266629993229401e+02 4.614082599864590128e-01 2.560318635748138050e+01
1.968884563303994639e+02 4.605196343940419768e-01 2.587791976980365760e+01
1.973901277928232787e+02 4.624449898442789531e-01 2.634203622207176565e+01
1.975246699390656602e+02 4.509774881516587786e-01 2.659294600541638331e+01
1.971040961408259875e+02 4.507447528774543022e-01 2.678844363574813769e+01
1.965245641503046841e+02 4.346648612051455807e-01 2.698770734597156462e+01
1.963498222748815181e+02 4.215047393364929063e-01 2.715796377792823435e+01
1.961154790115098194e+02 4.239378808395395937e-01 2.742084884901828090e+01
1.962187711577522009e+02 4.238109343263371520e-01 2.773106381178063629e+01
1.963215978334461624e+02 4.221183141503046521e-01 2.795487051455653216e+01
1.965030467163168453e+02 4.317662491536898850e-01 2.865443043331076467e+01
1.965112136086662247e+02 4.352572782667569196e-01 2.871946936357481306e+01
1.962131220379147010e+02 4.337550778605280821e-01 2.868445328368314051e+01
1.954243187203791479e+02 4.172520311442112217e-01 2.847287576167908085e+01
1.941681618144888262e+02 3.996276235612728489e-01 2.807898188896411540e+01
1.939141841570751410e+02 3.948036560595802325e-01 2.798781313473256560e+01
1.939546166215301355e+02 4.077522004062288374e-01 2.839446513202437217e+01
1.943725457007447517e+02 3.959461746784021519e-01 2.886761594448205770e+01
1.945010155721056151e+02 4.065885240352065111e-01 2.936964708869329854e+01
1.952449644549762979e+02 4.225837846987136048e-01 4.097344702098848757e+01
1.953066604603926919e+02 4.116663845633040109e-01 4.045137948544346784e+01
1.954084292484766365e+02 4.017433987813134877e-01 3.957879146919431435e+01
1.950829807041299944e+02 3.820666892349356969e-01 3.794594194312796276e+01
1.946409952606635159e+02 3.837593094109681968e-01 3.626662999322952174e+01
1.942277843601895597e+02 3.815800609343263372e-01 3.507026489505754796e+01
1.943216613067027652e+02 3.738151658767772667e-01 3.390849272173324636e+01
1.944196005416384594e+02 3.635536560595802325e-01 3.307800863236289501e+01
1.945360951252538939e+02 3.638921800947867435e-01 3.204496022342586059e+01
1.946438727149627539e+02 3.597664184157075007e-01 3.089137610020311442e+01
1.947376438727149548e+02 3.673620514556533712e-01 3.110665622884224746e+01
1.940924170616113713e+02 3.642518618821936616e-01 3.004652589708869215e+01
1.928262948544346784e+02 3.505416384563304066e-01 2.905568720379146797e+01
1.924132320582261286e+02 3.384182464454976169e-01 2.920592840216655262e+01
1.921372080230196389e+02 3.403436018957345932e-01 2.920994837508463249e+01
1.924172731888964165e+02 3.295108327691266270e-01 2.930278859174001482e+01
1.927611712931618229e+02 3.315842924847663964e-01 2.914287830060934326e+01
1.933360697359512415e+02 3.444482058226134291e-01 3.008135155721056364e+01
1.938624322951929457e+02 3.443212593094109875e-01 3.020956753554502328e+01
1.940318212593094245e+02 3.341020649966147671e-01 3.022099272173324280e+01
1.938616283006093397e+02 3.244329722410291272e-01 3.011128977657413586e+01
1.933646750169262134e+02 3.255754908598510466e-01 3.008905297901150888e+01
1.932182633716993791e+02 3.235443466486120356e-01 3.010781990521326890e+01
1.929083234597156320e+02 3.127115775220040694e-01 3.015682125930941027e+01
1.930328579891672405e+02 3.158217670954637790e-01 3.054438896411645388e+01
1.931768788083954007e+02 3.152928232904536054e-01 3.066761171293161681e+01
1.933851980365606096e+02 3.129443127962085458e-01 3.093513033175355531e+01
1.937960604265402935e+02 3.274162153012863952e-01 3.122871530128639250e+01
1.940141756939742663e+02 3.322190250507786047e-01 3.145594955991875352e+01
1.931627877454299380e+02 3.316477657413676172e-01 3.110324983073798322e+01
1.920670700744752821e+02 3.058564658090724420e-01 3.025321597833446319e+01
1.915853926878808409e+02 2.867087000677048247e-01 2.985502708192281673e+01
1.914568170277589729e+02 2.817154705484089527e-01 3.020681702775896937e+01
1.919328876100203161e+02 2.958276912660798841e-01 3.028914184157074985e+01
1.919691308395396163e+02 2.900516249153690107e-01 3.071536475964793667e+01
1.926106762017603273e+02 2.977953622207176743e-01 3.103603165199729119e+01
1.931548959038591704e+02 3.025135409614082560e-01 3.178603165199729119e+01
1.932986205145565464e+02 3.048197359512525573e-01 3.198571851726472559e+01
1.931716105280974887e+02 2.905594109681787218e-01 3.164835815842925015e+01
1.929502792823290349e+02 2.958276912660798841e-01 3.195017349356804459e+01
1.928572486459038657e+02 3.009901828029790116e-01 3.159349610697359623e+01
1.927140106635071106e+02 3.005247122545700589e-01 3.179781651997291902e+01
1.928218517264725733e+02 3.003554502369668033e-01 3.233873561272850594e+01
1.931150981719702031e+02 2.974991536899119771e-01 3.223129654705483915e+01
1.931058733920108352e+02 3.003554502369668033e-01 3.236619837508462894e+01
1.932826887271496332e+02 3.064277251184834294e-01 3.236839878131347348e+01
1.936916257616790915e+02 3.116325321597833709e-01 3.262857566012186794e+01
1.935841020649966140e+02 3.146369329722410457e-01 3.245806533513879799e+01
1.925707092078537528e+02 3.076548747461069766e-01 3.191420531482735257e+01
1.913837381516587755e+02 2.974779959377115701e-01 3.119435511171293030e+01
1.908589201083276805e+02 2.863701760324983137e-01 3.078933226134055445e+01
1.913785968178740688e+02 2.904536222071766871e-01 3.125033852403520740e+01
1.916607354434664785e+02 2.874703791469194192e-01 3.167584207853757761e+01
1.917863278605281039e+02 2.762990859851049419e-01 3.196993483412322234e+01
1.922203579891672405e+02 2.894592078537576163e-01 3.218328960731211907e+01
1.926459673324306152e+02 2.898823628977657552e-01 3.266297816519973196e+01
1.931810045700744638e+02 2.822867298578198847e-01 3.310976641841570967e+01
1.926583023019634311e+02 2.737813134732566267e-01 3.273891333784698787e+01
1.923102149627623589e+02 2.640064319566688966e-01 3.294683056872037952e+01
1.924980534867975734e+02 2.582303656059580232e-01 3.287891418415707534e+01
1.927845082938388543e+02 2.483920108327691278e-01 3.317277420446851721e+01
1.925581838185511288e+02 2.439911983750846225e-01 3.287531736628300649e+01
1.928312457684495485e+02 2.386382870683818602e-01 3.286816604603927061e+01
1.926739801963439334e+02 2.354011509817197090e-01 3.304798578199051917e+01
1.929965936018957393e+02 2.329891672308734007e-01 3.321032921462423815e+01
1.934668458023019753e+02 2.353376777251184881e-01 3.351267349356804459e+01
1.930022004062288374e+02 2.390402843601895644e-01 3.281233073798239985e+01
1.920872757278266647e+02 2.197655721056195055e-01 3.257092078537576185e+01
1.914418373392010722e+02 2.115140487474610753e-01 3.225469702098848757e+01
1.906508759309410834e+02 2.078325998645903783e-01 3.132166130670277582e+01
1.911044346648612020e+02 2.030086323628977618e-01 3.189074136763710143e+01
1.912463820243737302e+02 2.041299932295193020e-01 3.214710985104942154e+01
1.918667484766418454e+02 2.084250169262017727e-01 3.298288337846987162e+01
1.922878512186865407e+02 2.164649627623561334e-01 3.294636509817196668e+01
1.926666384563303893e+02 2.123815165876777322e-01 3.302177132701422124e+01
1.928390952945159142e+02 2.131008801624915405e-01 3.327979011509817298e+01
1.926280890318212471e+02 2.088058564658090699e-01 3.342245683818551072e+01
1.926163676371022291e+02 2.034529451591063076e-01 3.354347918077183266e+01
1.924394676709546275e+02 2.042780974949221506e-01 3.328922647257954992e+01
1.926713989505754796e+02 2.016545362220717730e-01 3.347152166553825481e+01
1.921490352064996614e+02 1.941012186865267442e-01 3.311877962085308269e+01
1.926188854096140801e+02 1.961746784021665413e-01 3.350431618144888546e+01
1.927137567704806997e+02 1.958996276235612788e-01 3.379652589708869215e+01
1.927496614759647855e+02 2.008505416384563369e-01 3.359582345971563910e+01
1.932770607650643058e+02 2.077479688557887505e-01 3.338037406905890236e+01
1.929568805010155756e+02 2.067323967501692727e-01 3.349949221394719245e+01
1.924042188557887698e+02 2.043838862559241576e-01 3.326070582261340292e+01
1.914306237305348759e+02 1.808987813134732558e-01 3.232511002031144187e+01
1.906612432295193003e+02 1.666384563303994482e-01 3.155860697359512557e+01
1.905537618483412245e+02 1.705737982396750285e-01 3.185401150981719809e+01
1.910309537914691873e+02 1.781482735274204365e-01 3.227166553825321671e+01
1.913478334461746897e+02 1.745937711577522089e-01 3.234918754231550508e+01
1.919039861205145598e+02 1.755247122545700866e-01 3.289160883547732084e+01
1.921832684495599324e+02 1.773442789438050005e-01 3.338426709546377680e+01
1.923533767772511851e+02 1.869287406905890403e-01 3.369632278266757197e+01
1.926246403182125846e+02 1.946513202437372969e-01 3.336093009478673110e+01
1.923045023696682563e+02 1.882616790792146222e-01 3.332060341909275536e+01
1.924169346648612020e+02 1.910545023696682554e-01 3.332984935680433125e+01
1.919446090047393341e+02 1.855534867975626168e-01 3.287569820582261571e+01
1.923482354434664785e+02 1.892349356804333138e-01 3.334872207176709225e+01
1.924546377792823364e+02 1.937838524035206400e-01 3.325505670277589587e+01
1.926657286729857788e+02 1.958573121191604649e-01 3.329195582261340292e+01
1.929134647935003386e+02 1.958573121191604649e-01 3.329144803656059537e+01
1.929114548070413093e+02 2.087635409614082560e-01 3.337301117129316452e+01
1.931601641841570824e+02 2.066266079891672380e-01 3.290631347325660272e+01
1.929484385578876129e+02 1.997503385240352036e-01 3.321817874069058973e+01
1.917534910291130643e+02 1.923451252538930234e-01 3.296390487474610609e+01
1.908985274204468396e+02 1.803909952606635170e-01 3.247954045362220654e+01
1.905673874407582957e+02 1.780848002708192157e-01 3.172382786052809678e+01
1.904123857481381208e+02 1.843474949221394765e-01 3.164459207853757761e+01
1.907306194989844244e+02 1.877115775220040694e-01 3.191733666215301213e+01
1.911729857819905192e+02 1.903139810426540401e-01 3.243718263371699351e+01
1.918278393703452878e+02 1.939742721733243025e-01 3.353928994583615264e+01
1.923897257955314899e+02 1.954764725795531399e-01 3.334796039268788093e+01
1.927219448205822516e+02 2.042780974949221506e-01 3.332568127962085214e+01
1.924240648273527370e+02 2.024162153012863952e-01 3.317730196343940463e+01
1.922264937373053613e+02 1.992637102234258717e-01 3.278023442789437780e+01
1.921284275558564616e+02 1.865690589031821223e-01 3.298315842924847630e+01
1.920529155382532167e+02 1.827395057549086044e-01 3.300129062288422688e+01
1.919692154705484199e+02 1.840512863913337793e-01 3.294365690589032170e+01
1.922465724441435384e+02 1.857862220717670931e-01 3.303685680433310523e+01
1.923386086662152934e+02 1.809199390656736628e-01 3.316054502369668455e+01
1.924846817874069131e+02 1.698332769126607855e-01 3.345294515910629940e+01
1.926656017264725733e+02 1.734935680433310756e-01 3.353774542992552199e+01
1.929588270142180022e+02 1.853419092755585751e-01 3.352894380501015803e+01
1.929509986459038657e+02 1.856804333107650584e-01 3.363388625592416759e+01
1.918657963777928330e+02 1.701294854434664827e-01 3.265610189573459365e+01
1.907552894380501129e+02 1.575829383886255819e-01 3.204527758970886708e+01
1.906845590724441308e+02 1.602276574136763665e-01 3.213314573459715717e+01
1.909511890656736739e+02 1.680137102234258717e-01 3.212669262017602989e+01
1.911551497968855813e+02 1.671250846310088078e-01 3.264226472579553473e+01
1.917091443805010158e+02 1.754612389979688658e-01 3.289681364251861595e+01
1.921812796208530756e+02 1.803909952606635170e-01 3.333509647935003528e+01
1.926389852742044582e+02 1.853842247799593890e-01 3.344412237643872743e+01
1.926897004062288374e+02 1.843686526743398835e-01 3.338490182802978978e+01
1.925635155721056151e+02 1.813219363574813947e-01 3.331061696005416195e+01
1.923705991875423251e+02 1.704891672308734007e-01 3.317135663507109200e+01
1.923443212593094245e+02 1.686484427894380522e-01 3.295510324983073502e+01
1.924383251523358069e+02 1.746995599187542436e-01 3.249644549763033297e+01
1.927339412660798814e+02 1.715047393364928785e-01 3.321229688557887272e+01
1.927125930941096783e+02 1.671674001354096217e-01 3.329280213270142497e+01
1.929260324983073929e+02 1.716528436018957271e-01 3.342567281651997035e+01
1.930468221056194977e+02 1.686907582938388661e-01 3.384620429925524832e+01
1.933439192620176073e+02 1.741071428571428492e-01 3.356785291130670146e+01
1.931091316858496896e+02 1.786137440758293893e-01 3.339509986459038515e+01
1.924523315842924944e+02 1.768576506431956685e-01 3.299547224102911258e+01
1.915395438388625564e+02 1.637186865267434011e-01 3.258452522004062502e+01
1.909141841570751410e+02 1.536264387271496223e-01 3.196282582938388472e+01
1.908455695666892211e+02 1.477657413676370934e-01 3.185413845633039998e+01
1.913299974610697234e+02 1.617087000677047970e-01 3.231840301286391082e+01
1.918253215978334367e+02 1.634647935003385177e-01 3.280996106973594806e+01
1.926901870345294583e+02 1.661941435341909301e-01 3.311459038591740267e+01
1.930152124238320823e+02 1.775558564658090699e-01 3.358128808395395737e+01
1.934190715978334367e+02 1.885578876100203194e-01 3.369367806364251550e+01
1.931118398781313488e+02 1.800947867298578198e-01 3.360350372376439054e+01
1.927710096479350170e+02 1.774289099526066282e-01 3.301024035206499718e+01
1.925456161137440745e+02 1.709123222748815119e-01 3.301263117806364278e+01
1.926996657075152370e+02 1.666596140825998551e-01 3.314859089370344947e+01
1.927878935341909141e+02 1.689658090724441564e-01 3.322685341909275536e+01
1.927888879485443567e+02 1.766460731211915991e-01 3.297370091401489844e+01
1.928860866621530192e+02 1.746995599187542436e-01 3.289002200406228837e+01
1.932554163845632900e+02 1.849822274881516571e-01 3.342973510494245204e+01
1.937826464116452314e+02 1.922604942450913956e-01 3.341098933649288938e+01
1.931770057549086061e+02 1.893195666892349416e-01 3.288515572105619356e+01
1.923598087339201186e+02 1.796504739336493017e-01 3.220357989167230528e+01
1.916707007447528781e+02 1.711238997968855813e-01 3.176519126607989207e+01
1.912003427555856376e+02 1.709546377792823257e-01 3.146944820582261215e+01
1.913273104265402935e+02 1.729434664861205229e-01 3.157597748815165772e+01
1.916683099187542325e+02 1.588947190250507846e-01 3.181467924847664008e+01
1.920894126607989278e+02 1.665326675693974134e-01 3.239469786729857503e+01
1.925666257616790915e+02 1.679290792146242439e-01 3.333427132701422124e+01
1.930256431956669019e+02 1.822317197020988377e-01 3.301445074475287811e+01
1.933498857481381208e+02 1.825067704807041280e-01 3.325613574813812079e+01
1.934013625592417043e+02 1.801159444820582267e-01 3.332709884901827735e+01
1.930817535545023702e+02 1.759055517941773839e-01 3.268915030467163518e+01
1.927657625253893059e+02 1.734512525389302617e-01 3.279910714285714590e+01
1.925858793161814617e+02 1.683945497630331689e-01 3.246519549763033297e+01
1.926160714285714164e+02 1.729646242383209298e-01 3.280668161814488570e+01
1.927133547731888825e+02 1.652843601895734593e-01 3.280790876777250986e+01
1.930052682802979120e+02 1.608412322274881401e-01 3.318912914691943428e+01
1.931441054502369639e+02 1.712296885578876160e-01 3.340443043331076467e+01
1.935036602911306716e+02 1.863363236289776459e-01 3.347818635748138405e+01
1.931740013540961343e+02 1.863997968855788667e-01 3.314966993906567438e+01
1.921251692620176073e+02 1.769634394041977032e-01 3.281300778605280755e+01
1.910909148612051354e+02 1.596987136086662207e-01 3.201093855788761289e+01
1.909286137440758182e+02 1.590851387948544471e-01 3.187023950575490971e+01
1.914615775220040632e+02 1.711238997968855813e-01 3.172649373730534705e+01
1.917535121868652652e+02 1.700871699390656688e-01 3.245112559241706407e+01
1.922556491198374999e+02 1.703410629654705521e-01 3.311913930264049100e+01
1.928387144549762979e+02 1.687965470548409008e-01 3.361704468517264388e+01
1.932693805010155756e+02 1.912449221394718901e-01 3.407314234935680730e+01
1.934102488151658861e+02 1.909275558564658137e-01 3.380759140148950337e+01
1.932318889641164503e+02 1.720971563981042729e-01 3.393671716316858777e+01
1.930345929248476580e+02 1.773654366960054074e-01 3.370296631685850031e+01
1.927461069735951185e+02 1.670192958700067731e-01 3.337366706161137131e+01
1.927540622884224888e+02 1.777039607312119185e-01 3.313251100203114419e+01
1.928127538930264109e+02 1.827818212593094183e-01 3.313308226134055445e+01
1.932393153351387980e+02 1.825279282329045349e-01 3.354832430602572657e+01
1.934566477657413657e+02 1.873730534867975583e-01 3.391029113067028078e+01
1.940044219702098758e+02 1.904832430602572679e-01 3.363335731211915913e+01
1.936131305010155756e+02 1.908852403520649998e-01 3.310278436018957393e+01
1.929159614082599887e+02 1.766249153689911922e-01 3.255903012863913659e+01
1.917356127285037246e+02 1.692408598510494189e-01 3.186495006770480742e+01
1.915503131347325620e+02 1.627454299255247094e-01 3.206759901828029768e+01
1.912150685511171275e+02 1.614759647935003484e-01 3.198440673662830136e+01
1.912940715978334367e+02 1.595929248476641860e-01 3.216991790792146588e+01
1.919918331076506490e+02 1.682464454976303203e-01 3.260644465132024550e+01
1.929518661137440745e+02 1.865479011509817153e-01 3.305278859174001127e+01
1.934133590047393341e+02 1.925567027758970928e-01 3.314529028436018621e+01
1.937781186526743511e+02 2.048916723087339242e-01 3.352667992552471077e+01
1.936930644888286963e+02 2.071767095463777908e-01 3.350230619498984197e+01
1.935804206161137415e+02 2.021200067704806980e-01 3.366179333107650962e+01
1.930283725457007336e+02 1.966189911983750871e-01 3.313162237643872743e+01
1.925279917061611457e+02 2.041723087339201159e-01 3.286501354096140659e+01
1.926664268788084087e+02 2.023950575490859882e-01 3.307925693974272008e+01
1.926667442450913939e+02 1.949686865267434011e-01 3.297915961408259733e+01
1.927221987136086625e+02 1.838820243737305238e-01 3.311446343940419723e+01
1.930114463439404062e+02 1.885367298578199124e-01 3.371616875423155335e+01
1.935246487813134593e+02 1.895099864590386041e-01 3.397871530128639250e+01
1.928176201760325057e+02 1.772808056872037796e-01 3.361124746106973760e+01
1.920270396073121333e+02 1.677386594448205814e-01 3.285314404197698224e+01
1.913764598849018341e+02 1.591697698036560471e-01 3.228751269465131912e+01
1.909340512863913375e+02 1.700025389302640411e-01 3.159108412322274972e+01
1.909972071767095372e+02 1.846225457007447390e-01 3.176182718348002609e+01
1.915114251861882053e+02 1.862305348679756389e-01 3.250236966824644469e+01
1.923126481042654063e+02 1.878173662830061041e-01 3.356522935003385300e+01
1.927560511171293172e+02 1.890445159106296513e-01 3.384451167907921132e+01
1.930217078537576185e+02 1.946724779959377039e-01 3.448038676371022149e+01
1.932822232566012133e+02 1.981635071090047384e-01 3.429462169939065319e+01
1.931279832430602710e+02 1.959207853757616857e-01 3.412423832092078868e+01
1.927412195328368227e+02 1.750380839539607269e-01 3.386198798239674801e+01
1.923470294515910552e+02 1.833107650643195641e-01 3.385866621530128384e+01
1.923385240352064898e+02 1.853630670277589820e-01 3.374487982396750141e+01
1.925980238659444694e+02 1.792484766418415698e-01 3.374699559918754233e+01
1.928090089708869357e+02 1.857439065673662792e-01 3.366500930941096925e+01
1.929194524373730530e+02 1.972748815165876746e-01 3.408782582938388828e+01
1.930412999322952032e+02 2.025008463100880229e-01 3.396314319566689477e+01
1.925931998984427764e+02 1.994118144888287203e-01 3.384152843601895455e+01
1.919832430602572799e+02 1.838397088693297099e-01 3.360371530128639250e+01
1.910425482396750283e+02 1.742552471225456978e-01 3.315015656736628102e+01
1.910381051117129232e+02 1.652208869329722385e-01 3.309118991198375426e+01
1.912930348679756207e+02 1.745937711577522089e-01 3.356979942450914223e+01
1.917504443127962190e+02 1.763921800947867435e-01 3.367810595802301776e+01
1.922106254231550508e+02 1.865690589031821223e-01 3.423529536222071812e+01
1.929971013879485326e+02 1.918161814488828776e-01 3.418521496276235894e+01
1.934955780297901242e+02 1.987770819228165120e-01 3.501343517264725591e+01
1.930769930602572799e+02 1.908217670954637790e-01 3.509423662830060664e+01
1.931092374746106941e+02 1.913507109004739248e-01 3.511907582938388828e+01
1.926446978672985892e+02 1.789099526066350587e-01 3.480979180771834791e+01
1.926504739336492946e+02 1.766883886255924130e-01 3.446280467163168737e+01
1.926506643534191028e+02 1.763710223425863366e-01 3.444128723764386990e+01
1.927375380839539503e+02 1.755247122545700866e-01 3.469065250507786402e+01
1.929192831753554458e+02 1.801371022342586337e-01 3.469611120514556291e+01
1.931353884563303893e+02 1.887059918754231680e-01 3.498620514556533578e+01
1.930063896411645317e+02 1.893407244414353485e-01 3.446115436696005219e+01
1.918645692281652089e+02 1.799043669600541573e-01 3.384732566012186794e+01
1.911948205822613431e+02 1.652208869329722385e-01 3.314143957345971359e+01
1.908208149966147573e+02 1.644168923493568024e-01 3.252117890995261007e+01
1.912623561272850452e+02 1.632743737305348553e-01 3.316532667569397574e+01
1.912652758970886850e+02 1.649246784021665413e-01 3.342154705484089305e+01
1.920105154028435948e+02 1.685426540284360175e-01 3.348106381178063629e+01
1.925979180771834933e+02 1.844109681787406974e-01 3.422975203114420850e+01
1.927342586323628950e+02 1.870556872037914820e-01 3.479741452268110891e+01
1.930007405213270033e+02 1.837762356127285168e-01 3.454551032498307706e+01
1.927173112728503668e+02 1.757362897765741283e-01 3.423212169939065319e+01
1.925171377792823364e+02 1.684791807718347967e-01 3.394071597833445963e+01
1.925549255247122460e+02 1.664268788083954065e-01 3.356812796208530614e+01
1.922330103249830699e+02 1.698332769126607855e-01 3.354170192958699914e+01
1.924586154366959931e+02 1.699390656736628202e-01 3.357644295870007056e+01
1.924926371022342551e+02 1.721817874069059007e-01 3.361194566689234620e+01
1.929067366283006209e+02 1.834377115775220057e-01 3.374542992552471077e+01
1.928697951929586907e+02 1.840089708869329654e-01 3.357267687880839446e+01
1.921131939742721784e+02 1.839454976303317446e-01 3.314994498984427906e+01
1.911727107312119074e+02 1.677175016926201745e-01 3.259673324306025677e+01
1.904167019295869920e+02 1.581753554502369763e-01 3.243062373053486880e+01
1.905888837169939052e+02 1.568635748138117736e-01 3.242664607312119074e+01
1.908938515572105530e+02 1.643745768449559885e-01 3.238426709546377680e+01
1.911915199729180870e+02 1.686061272850372383e-01 3.238809664861204851e+01
1.922183903182125846e+02 1.654747799593771218e-01 3.308499069058903075e+01
1.926816181448882901e+02 1.847918077183479946e-01 3.317897342586323362e+01
1.929178021327014108e+02 1.900177725118483429e-01 3.331561018957346221e+01
1.929467882532159706e+02 1.953918415707515122e-01 3.298882870683818425e+01
1.925602361205145598e+02 1.856169600541638376e-01 3.244408006093432562e+01
1.924833700067704854e+02 1.791426878808395351e-01 3.266041807718347911e+01
1.920084207853757619e+02 1.802640487474610753e-01 3.255505247122545853e+01
1.920507151320243793e+02 1.825914014895057558e-01 3.275710900473933407e+01
1.919646877115775112e+02 1.870980027081922681e-01 3.280067281651997035e+01
1.924283810088016367e+02 1.994752877454299134e-01 3.270956753554502683e+01
1.928863828706838319e+02 2.171631685849695348e-01 3.296602064996614700e+01
1.922067112389979684e+02 2.101176371022342448e-01 3.274272173324305868e+01
1.914537279959376974e+02 1.857650643195666862e-01 3.184565419769803540e+01
1.907012102234258748e+02 1.772173324306025866e-01 3.153969194312796276e+01
1.905007193635748024e+02 1.690715978334461633e-01 3.137233412322274972e+01
1.905533810088016367e+02 1.730704129993229645e-01 3.145808649289099534e+01
1.908107650643195541e+02 1.756516587677725005e-01 3.178776658767772645e+01
1.915338100880162528e+02 1.886636763710223541e-01 3.238098764387271444e+01
1.920594321259309538e+02 1.892772511848341277e-01 3.247296039268788093e+01
1.926128131347325620e+02 1.956668923493568024e-01 3.301301201760325199e+01
1.926569058903181997e+02 1.964074136763710177e-01 3.261274966147596643e+01
1.923103630670277653e+02 1.885367298578199124e-01 3.221324898442789220e+01
1.921049847664184256e+02 1.869498984427894472e-01 3.214734258632363151e+01
1.919614082599864560e+02 1.781482735274204365e-01 3.177733581584292466e+01
1.919579807041299944e+02 1.818297224102911336e-01 3.199779959377115901e+01
1.920977911306702879e+02 1.797139471902504948e-01 3.215305517941774127e+01
1.923865098171970089e+02 1.884944143534190986e-01 3.243830399458361313e+01
1.927883166892349323e+02 2.162533852403520640e-01 3.244539184157075340e+01
1.929394676709546275e+02 2.423408937034529365e-01 3.227456415030466985e+01
1.923789141841570824e+02 2.408810088016249129e-01 3.154646242383209298e+01
1.911704045362220654e+02 2.181575829383886334e-01 3.091543246445497672e+01
1.903567408598510440e+02 1.983750846310088078e-01 3.033473679756262698e+01
1.903043331076506490e+02 1.960688896411645343e-01 3.063496530128639250e+01
1.905368779620852990e+02 2.056745091401489534e-01 3.062273612051455629e+01
1.909922139471902369e+02 2.305137102234258717e-01 3.083408090724441308e+01
1.912676244075829288e+02 2.768280297901151155e-01 3.120112559241706052e+01
1.917286941435341987e+02 2.636890656736628480e-01 3.114962762356127257e+01
1.921064869668246331e+02 2.534487136086662207e-01 3.117981973595125211e+01
1.919484808733920147e+02 2.554375423155044178e-01 3.115019888287068284e+01
1.915337466147596501e+02 2.473764387271496223e-01 3.106402335815842974e+01
1.911779790115098194e+02 2.428909952606635170e-01 3.063213016249153853e+01
1.909193254908598476e+02 2.583996276235612788e-01 3.080240775220040561e+01
1.909889344955991817e+02 2.676455653351387798e-01 3.040525558564658226e+01
1.909233031482735328e+02 2.655297901150981965e-01 3.036270734597156462e+01
1.912355069397427201e+02 2.657836831415030243e-01 3.086283429248476651e+01
1.912764895057549097e+02 2.915326675693974412e-01 3.035318635748138050e+01
1.907452606635071106e+02 3.099822274881516848e-01 3.046610528097495063e+01
1.898159275558564616e+02 2.861162830060934303e-01 2.966143364928909776e+01
1.893530382532159706e+02 2.873434326337169775e-01 2.955105365605957957e+01
1.889663168584969526e+02 3.062161475964793600e-01 2.909275558564658226e+01
1.892688515572105530e+02 3.270565335138794771e-01 2.928055179417738785e+01
1.896013667907921558e+02 3.155890318212593026e-01 2.973021750169262134e+01
1.902020776912660835e+02 3.054333107650643031e-01 3.009336916046039434e+01
1.907336450575490971e+02 3.061103588354773253e-01 3.054051709546377680e+01
1.908628131347325620e+02 2.968855788761001757e-01 3.053211746784021585e+01
1.911145480704130080e+02 2.994668246445497672e-01 3.027936696005416550e+01
1.908684834123222629e+02 2.869837508463101150e-01 3.037781398104265307e+01
1.907032836831415068e+02 2.710096479350033727e-01 3.003414861205145669e+01
1.906416723087339165e+02 2.708827014218009310e-01 3.011594448205822516e+01
1.902340047393364841e+02 2.799382193635748250e-01 3.005577183480027159e+01
1.905445370683818567e+02 2.797901150981719764e-01 3.007310003385240194e+01
1.906972325660121896e+02 2.911306702775897093e-01 3.010356719702098971e+01
1.912476726472579571e+02 2.795785375761679070e-01 3.024445666892349394e+01
1.912278266756939615e+02 2.848045023696682554e-01 3.011941435341909212e+01
1.906022131008801637e+02 2.724272173324305824e-01 2.952693381855111809e+01
1.898641037576167889e+02 2.597960392687880815e-01 2.942433987813134877e+01
1.892279113067027652e+02 2.555010155721056386e-01 2.931076506431956830e+01
1.890099229857819978e+02 2.649585308056872091e-01 2.919029282329045216e+01
1.891767730196343962e+02 2.649162153012863952e-01 2.948000592417061583e+01
1.897141164522681152e+02 2.742890995260663378e-01 2.944158344617467904e+01
1.903437923155044018e+02 2.771877115775219780e-01 3.010788337846987162e+01
1.910736289776574210e+02 2.793669600541638376e-01 3.035348256601218608e+01
1.910182379823967551e+02 2.703960731211916269e-01 3.022647257955314970e+01
1.909431068043330981e+02 2.725753215978334310e-01 3.035255162491536751e+01
1.904788634055518060e+02 2.824771496276235472e-01 3.019469363574813769e+01
1.904098891333784707e+02 2.677725118483412214e-01 3.016335900473933762e+01
1.904892730196343962e+02 2.679629316181448839e-01 3.041828876100203161e+01
1.904091062965470655e+02 2.694016587677725005e-01 3.026707430602572657e+01
1.907775473933649266e+02 2.567070074475287789e-01 3.048834207853757761e+01
1.905982566012186794e+02 2.589708869329722662e-01 3.057608327691266226e+01
1.914705060934326468e+02 2.680898781313473256e-01 3.064605196343940463e+01
1.912070497630331829e+02 2.786475964793500570e-01 3.029967840216655262e+01
1.903292146242383183e+02 2.618906567366283134e-01 3.011930856465809114e+01
1.895871487813134593e+02 2.655932633716994173e-01 2.992664607312119074e+01
1.889807464454976298e+02 2.844871360866621512e-01 2.988469025050778782e+01
1.890635367298578160e+02 2.958065335138794771e-01 2.982322698036560737e+01
1.892726176371022291e+02 2.782879146919431390e-01 2.948233327691266226e+01
1.899217586323628950e+02 2.720040622884224990e-01 3.010805264048747532e+01
1.905532117467840294e+02 2.801074813811780806e-01 3.038964116452268271e+01
1.910052048070413093e+02 2.779705484089370349e-01 3.063543077183480179e+01
1.908962000677047968e+02 2.785418077183480223e-01 3.078082684495599253e+01
1.909252496614759593e+02 2.769972918077183710e-01 3.074672054840893765e+01
1.907085519634393904e+02 2.936907582938388384e-01 3.076821682464455066e+01
1.904257786052809820e+02 3.050524712254570336e-01 3.092163168584969668e+01
1.902112178402166478e+02 3.145523019634394180e-01 3.078148273527420287e+01
1.902680052471225451e+02 2.782455991875423251e-01 3.072571090047393483e+01
1.904049382193635722e+02 2.521580907244414527e-01 3.087675609343263261e+01
1.903585815842924944e+02 2.279113067027759010e-01 3.107178825321597770e+01
1.903248772850372461e+02 2.281228842247799704e-01 3.102786475964793667e+01
1.898403647596479402e+02 2.322486459038591855e-01 3.126836492890995345e+01
1.889702945159106378e+02 2.202733581584292444e-01 3.113676371022342693e+01
1.881891503046716423e+02 2.088693297224102907e-01 3.085790453622207252e+01
1.879091486120514674e+02 2.088058564658090699e-01 3.004094025050778782e+01
1.882675820920785270e+02 2.257955314827352622e-01 3.034853165199729119e+01
1.887865817535545148e+02 2.198078876100203194e-01 3.088483835477319062e+01
1.890858158429248590e+02 1.901658767772511915e-01 3.079026320243737302e+01
1.897509732566012133e+02 1.998984427894380522e-01 3.098360274204468467e+01
1.900349737643872743e+02 2.020142180094786633e-01 3.121212762356127257e+01
1.902623349695328443e+02 2.029240013540961340e-01 3.098311611374407448e+01
1.897571724779959368e+02 1.816604603926878780e-01 3.098174085985105108e+01
1.893543077183479966e+02 1.820836154366960169e-01 3.090267433987813206e+01
1.890725710900474041e+02 1.796504739336493017e-01 3.042194905213270317e+01
1.889960646580907166e+02 1.528647596479350002e-01 3.054356381178063629e+01
1.888929206161137415e+02 1.304163845633039831e-01 3.053681448882870697e+01
1.884780594109681715e+02 6.745091401489505811e-02 3.011327860528097489e+01
1.891013244752877540e+02 4.212508463100880091e-02 3.097503385240352003e+01
1.894069270480704006e+02 3.774542992552470944e-02 3.102219448205822516e+01
1.892960181110358917e+02 6.376946513202437494e-02 3.071530128639133395e+01
1.895426963439404062e+02 9.779113067027758732e-02 3.104132109004739348e+01
1.890415115098171839e+02 8.996276235612728212e-02 3.042338777928232929e+01
1.892816096817874154e+02 7.794515910629654099e-02 3.063938727149627539e+01
1.891355154028435948e+02 7.472918077183479668e-02 3.020823459715639814e+01
1.898074856127284988e+02 1.071851726472579508e-01 3.001269465132024550e+01
1.903689700406228837e+02 1.028689911983750871e-01 3.083251523358158508e+01
1.898651193297224040e+02 5.458700067704806702e-02 3.035024542992552554e+01
1.898731381178063771e+02 6.112474610697359728e-02 2.986920277589709016e+01
1.900147469532836908e+02 7.310003385240351759e-02 2.981503893026404839e+01
1.904859300947867382e+02 1.030805687203791426e-01 2.996938473256601299e+01
1.910954849356804459e+02 1.510875084631008725e-01 3.027873222748815252e+01
1.914927640487474605e+02 2.170573798239675001e-01 3.028626438727149761e+01
1.916291892349356942e+02 2.395692281651997380e-01 3.025488744075829217e+01
1.911123053486797687e+02 2.402462762356127324e-01 2.980649119837508465e+01
1.901340555179417606e+02 1.969363574813811912e-01 2.949655128639133395e+01
1.901859977995937641e+02 1.473637440758293893e-01 2.969725372376438699e+01
1.912824559918754233e+02 1.815546716316858433e-01 2.983537153012863996e+01
1.913883716993906603e+02 2.259647935003385177e-01 2.915904282329045216e+01
1.898215766756939615e+02 3.680814150304671517e-01 2.766473425863236457e+01
1.889547647257955418e+02 3.579468517264725591e-01 2.740022004062288374e+01
1.880190631347325620e+02 1.570963100880162500e-01 2.718212593094109764e+01
1.872089328029790067e+02 1.139979688557887644e-01 2.682625253893026240e+01
1.856446978672985892e+02 1.461577522004062213e-01 2.630687203791469031e+01
1.850936230534867946e+02 1.305644888287068317e-01 2.631489082599864560e+01
1.863559580230196389e+02 1.154790115098171949e-01 2.657104773188896374e+01
1.874440165876777371e+02 1.943339539607312205e-01 2.697958276912660835e+01
1.878046716316858635e+02 2.493652674339878195e-01 2.730435426540284283e+01
1.878412533852403499e+02 2.656567366283005827e-01 2.743637863913337682e+01
1.879472114082599887e+02 2.376650304671631686e-01 2.731802217332430516e+01
1.898010748138117947e+02 2.830907244414353485e-01 2.760305941096817861e+01
1.887261552132701468e+02 2.392941773865944477e-01 2.693430517941773772e+01
1.868869541299932280e+02 1.583657752200406110e-01 2.626641841570751623e+01
1.852862220717670994e+02 2.476091740013540987e-01 2.546362982396750141e+01
1.838502242721733353e+02 2.401616452268111046e-01 2.471800947867298603e+01
1.825779874746106941e+02 1.390699052132701452e-01 2.477979011509817298e+01
1.824555264048747460e+02 1.746360866621530228e-01 2.459182464454976369e+01
1.822141799255247179e+02 2.964835815842924993e-01 2.386734089370345302e+01
1.820722325660121896e+02 2.489209546377792737e-01 2.330672393364928752e+01
1.825872122545700620e+02 2.778647596479350002e-01 2.388424593771157589e+01
1.831658556194989842e+02 3.693931956668923267e-01 2.407566012186865123e+01
1.838174720717670994e+02 4.919600541638456392e-01 2.396841147596479260e+01
1.847997630331753669e+02 5.362643872714962789e-01 2.399648781313473123e+01
1.848619879823967551e+02 6.284698713608666276e-01 2.394437626946513120e+01
1.851497545700744638e+02 7.075998645903859297e-01 2.436765825998645951e+01
1.853796547054840858e+02 8.027462762356126769e-01 2.386035883547731729e+01
1.853933014556533578e+02 8.569735951252538397e-01 2.365639810426540279e+01
1.843490182802979120e+02 8.399627623561273237e-01 2.294397427217332464e+01
1.833519803656059537e+02 7.337296885578875605e-01 2.227447951929586978e+01
1.825783471563981095e+02 6.837550778605281376e-01 2.196405297901150888e+01
1.823536306702775960e+02 7.444566689234936030e-01 2.179292907921462330e+01
1.820367298578198927e+02 7.495980027081923236e-01 2.195366452268110891e+01
1.821253385240352145e+02 7.208234597156397694e-01 2.203116536899119993e+01
1.822574898442789504e+02 7.868144888287068595e-01 2.192850795531482788e+01
1.827899458361543736e+02 8.455695666892348861e-01 2.224318720379146797e+01
1.831158810088016367e+02 8.852826675693974412e-01 2.226148865944482225e+01
1.822753893026404910e+02 9.110316519972918581e-01 2.169805771834800368e+01
1.815943847325659988e+02 9.084292484766418596e-01 2.149866706161137486e+01
1.808652462762356095e+02 8.966443805010155810e-01 2.111150135409614137e+01
1.805384436357481377e+02 8.740690589031820945e-01 2.079595463777928188e+01
1.807181364251862021e+02 8.743229519295869778e-01 2.084749492213947164e+01
1.809412026066350734e+02 8.549212931618145328e-01 2.085083784698713671e+01
1.811950744752877540e+02 8.847325660121868607e-01 2.125619922139471996e+01
1.817407329045362303e+02 8.969405890318212782e-01 2.128916299932295075e+01
1.820916976980365689e+02 9.109258632362897679e-01 2.124003469871360750e+01
1.821707219025050790e+02 9.317027758970887197e-01 2.122069651320243722e+01
1.817911306702775960e+02 9.305814150304672072e-01 2.096371445497630503e+01
1.814511679079214730e+02 9.480365605958023245e-01 2.090578452945159071e+01
1.818755712593094245e+02 9.776574136763710454e-01 2.107498307379823999e+01
1.819676921123899831e+02 1.081986289776574184e+00 2.142493229519295994e+01
1.821737686188219243e+02 1.113574813811780695e+00 2.120817112389979542e+01
1.823371487813134593e+02 1.132320582261340469e+00 2.117537660798916832e+01
1.828610993568043455e+02 1.184812965470548374e+00 2.132360781990521303e+01
1.830780721056194977e+02 1.210202268111035817e+00 2.119012356127285202e+01
1.829204891672308690e+02 1.210752369668246509e+00 2.143538422477995908e+01
1.829245302979011569e+02 1.238701760324983026e+00 2.120652081922816379e+01
1.824401870345294583e+02 1.243864251861882098e+00 2.091515741367637204e+01
1.812953833784698645e+02 1.237707345971563955e+00 2.050658006093432562e+01
1.808127750507786118e+02 1.255289438050101625e+00 2.021310088016249296e+01
1.805079341570751410e+02 1.236247461069736042e+00 2.020669008124576749e+01
1.809668034867975734e+02 1.244710561949898375e+00 2.031679502369668100e+01
1.811625338524035271e+02 1.247270649966147671e+00 2.033097071767095443e+01
1.812007870683818567e+02 1.195370683818551161e+00 2.049134647935003528e+01
1.818555348679756207e+02 1.167484766418415809e+00 2.055989759647934889e+01
1.820252835138794865e+02 1.173176201760324888e+00 2.083920108327691167e+01
1.818655213270142212e+02 1.175630501015572094e+00 2.055919939065673674e+01
1.818261890656736739e+02 1.157477149627623492e+00 2.074371614759647997e+01
1.818170277589708803e+02 1.155340216655382557e+00 2.118130077860528004e+01
1.816852572782667607e+02 1.175165030467163252e+00 2.111122630331753669e+01
1.819122588016249153e+02 1.158535037237643950e+00 2.087978165199729119e+01
1.819489040284360328e+02 1.198480873392010926e+00 2.072063303994583450e+01
1.820360528097494921e+02 1.216528436018957438e+00 2.059641587677725028e+01
1.821917315504400676e+02 1.145946174678402096e+00 2.073324306025727992e+01
1.824812753893026525e+02 1.119964454976303259e+00 2.068237982396750141e+01
1.826340555179417606e+02 1.177809749492213953e+00 2.051533937034529487e+01
1.828010536560595938e+02 1.180729519295870000e+00 2.125457007447528923e+01
1.822181152674340012e+02 1.142349356804333027e+00 2.052716655382532096e+01
1.815775643195666760e+02 1.116917738659444881e+00 2.044699983073798322e+01
1.809221394719025113e+02 1.085752369668246509e+00 2.042685765064319625e+01
1.802907921462423815e+02 1.089666553825321627e+00 2.038278605280974887e+01
1.805803359851049379e+02 1.073142349356804415e+00 2.031539861205145669e+01
1.809825025389302766e+02 9.994922139471902334e-01 2.076787830060934326e+01
1.814546166215301355e+02 9.636298239675017419e-01 2.042311272850372461e+01
1.818593009478672968e+02 9.542992552471225576e-01 2.154402928232904557e+01
1.819933353080568850e+02 9.643703452945159293e-01 2.144111797562626975e+01
1.821035037237643905e+02 9.819524373730534883e-01 2.118915030467163163e+01
1.816063811780636286e+02 9.877919769803655825e-01 2.108327691266079995e+01
1.814121741706161117e+02 1.011107819905213256e+00 2.117626523358158508e+01
1.816448459715639672e+02 1.016397257955314881e+00 2.118485528097495063e+01
1.816721394719025113e+02 1.009838354773188840e+00 2.107794515910629585e+01
1.820180687203791479e+02 1.045764218009478608e+00 2.127333700067704925e+01
1.818429671631685949e+02 1.024458361543669538e+00 2.128042484766418241e+01
1.818061526743398701e+02 9.525220040622883744e-01 2.143733073798239630e+01
1.820252411983750847e+02 9.410121868652674415e-01 2.187083192281652089e+01
1.821843263371699493e+02 9.604138456330399976e-01 2.186346902505077949e+01
1.818355196343940463e+02 9.457726811103588371e-01 2.157678148273527441e+01
1.812862009140148984e+02 8.871233920108327897e-01 2.114681364251861950e+01
1.807547816519972912e+02 8.236712931618145328e-01 2.125446428571428470e+01
1.809693424170616254e+02 8.035079553148273268e-01 2.111985866621530050e+01
1.813306533513879515e+02 8.003766079891672103e-01 2.108721225457007620e+01
1.815238236289776523e+02 8.302301963439404631e-01 2.138636171293161681e+01
1.815829595463777935e+02 8.584969532836831396e-01 2.160583107650643342e+01
1.821794388964116536e+02 8.605069397427217437e-01 2.134125338524035342e+01
1.825840809072444131e+02 9.181618144888287203e-01 2.163909106296546980e+01
1.826026362559241818e+02 9.593982735274204643e-01 2.190098171970209862e+01
1.828385663507108916e+02 9.951760324983073280e-01 2.196223341232227355e+01
1.825578452945159142e+02 9.972494922139472084e-01 2.178950152335815815e+01
1.822528774542992664e+02 9.953029790115097697e-01 2.156097664184157026e+01
1.823778986120514674e+02 1.024183310765064414e+00 2.179904366960054318e+01
1.825257489844279064e+02 1.010938557887610001e+00 2.191687119160460284e+01
1.826125592417061512e+02 1.031207684495599297e+00 2.184994922139471996e+01
1.823995429925524832e+02 9.989632701421801153e-01 2.159421547054840929e+01
1.825382743737305304e+02 9.757955314827352344e-01 2.172812288422478133e+01
1.828965174339878104e+02 1.028436018957346043e+00 2.182544854434664927e+01
1.825368568043330981e+02 1.034973764387271400e+00 2.223622630331753669e+01
1.821984385578876129e+02 9.916426878808395351e-01 2.177782244414353485e+01
1.810152758970886850e+02 9.460900473933648858e-01 2.108721225457007620e+01
1.802385324983073929e+02 9.207853757616790702e-01 2.094848087339201115e+01
1.802457472918077315e+02 9.034148612051455807e-01 2.151040961408260088e+01
1.810447698036560666e+02 8.401108666215301168e-01 2.174445666892349394e+01
1.815891799255247179e+02 7.995514556533513950e-01 2.157238067027758888e+01
1.822966528436018905e+02 8.218094109681787218e-01 2.205278859174001482e+01
1.826241748476641931e+02 8.289395734597156951e-01 2.225192535545023631e+01
1.828628131347325620e+02 8.479392349356804637e-01 2.200035968178740831e+01
1.829332472918077315e+02 8.618610358835476770e-01 2.234292484766418241e+01
1.828384394041976861e+02 8.969829045362220921e-01 2.191194143534190886e+01
1.827844236628300507e+02 8.939361882193636033e-01 2.225556448882870697e+01
1.829862051455653216e+02 8.550270819228165120e-01 2.189480365605957957e+01
1.829440800609343398e+02 8.148908259986459290e-01 2.203552386594448365e+01
1.833002496614759593e+02 8.182972241029112803e-01 2.229610274204468467e+01
1.833243906567366253e+02 8.714454976303317446e-01 2.281781059580230320e+01
1.834511255924170712e+02 8.723552809749491876e-01 2.290392264725795357e+01
1.833527420446851863e+02 8.535671970209884885e-01 2.297262186865267353e+01
1.834330357142857224e+02 8.742806364251861639e-01 2.306886848341232366e+01
1.825241198375084650e+02 8.722918077183480223e-01 2.301508547731889109e+01
1.815227657413676354e+02 8.519803656059580232e-01 2.264023358158429389e+01
1.810973891333784707e+02 8.716359174001354626e-01 2.242374746106973760e+01
1.811532667569397290e+02 8.855154028436018621e-01 2.262464031821259169e+01
1.814189446513202313e+02 8.964751184834123254e-01 2.264040284360189403e+01
1.819298197359512415e+02 9.012990859851049974e-01 2.273741113744075903e+01
1.823222325660121896e+02 9.020396073121191849e-01 2.308632362897765589e+01
1.825073628977657449e+02 9.002835138794854641e-01 2.330359258632362796e+01
1.830059030128639108e+02 9.259267095463777908e-01 2.383399627623561301e+01
1.831396200067704854e+02 9.491367637102233745e-01 2.377951506431956830e+01
1.830717036222071670e+02 9.530086323628977896e-01 2.363058564658090788e+01
1.828045235274204572e+02 9.763244752877454635e-01 2.399035206499661399e+01
1.828830822613405473e+02 1.033302301963439307e+00 2.377094617467840365e+01
1.827377285037237584e+02 1.058670446851726510e+00 2.394147765741367806e+01
1.831037576167908014e+02 1.082769126607989074e+00 2.397450490859851158e+01
1.830993779620852990e+02 1.095336831415030465e+00 2.410062626946513120e+01
1.830773104265402935e+02 1.136530974949221395e+00 2.399904790115098052e+01
1.834838566350710778e+02 1.144549763033175349e+00 2.426963439404197587e+01
1.836486966824644469e+02 1.124280636425186275e+00 2.427665876777251341e+01
1.823572698036560666e+02 1.146940589031821167e+00 2.403211746784021585e+01
1.814751607989167326e+02 1.100626269465132090e+00 2.411342670954637768e+01
1.811486543669600451e+02 1.100668584969532793e+00 2.399485866621530050e+01
1.809958319228165067e+02 1.141101049424509073e+00 2.374526066350711062e+01
1.816894253554502257e+02 1.163253215978334421e+00 2.396100626269465295e+01
1.819731084969532731e+02 1.198311611374407670e+00 2.444570920785375634e+01
1.826291046039268906e+02 1.223700914014895114e+00 2.446786137440758324e+01
1.831394930602572799e+02 1.274733412322274884e+00 2.503416976980365760e+01
1.831742975626269470e+02 1.294854434664861165e+00 2.501129823967501764e+01
1.831746784021665633e+02 1.233412322274881623e+00 2.474944989844279064e+01
1.828261255924170712e+02 1.260515402843601862e+00 2.441331668923493581e+01
1.829155805687203724e+02 1.309051286391333724e+00 2.433731804333107718e+01
1.828089666553825339e+02 1.258484258632362796e+00 2.473544346648612091e+01
1.828408725457007336e+02 1.263519803656059537e+00 2.458592163168584932e+01
1.829530721056194977e+02 1.290474779959377205e+00 2.491213185511171346e+01
1.830839962762356095e+02 1.341824644549763024e+00 2.502107312119160554e+01
1.838551117129316310e+02 1.398781313473256516e+00 2.513456330399458238e+01
1.839140360528097631e+02 1.434284021665538145e+00 2.532235951252538797e+01
1.832749449898442720e+02 1.435807379823967445e+00 2.497856719702098971e+01
1.818958615436696107e+02 1.199644549763033252e+00 2.460056279620853203e+01
1.809057633716993791e+02 1.098997122545700700e+00 2.427981127285037388e+01
1.810990817535545148e+02 1.188600203114421161e+00 2.441299932295192932e+01
1.817250761679079289e+02 1.172541469194312791e+00 2.469805771834800368e+01
1.818351176371022291e+02 1.155170954637779301e+00 2.435303825321597770e+01
1.820191266079891648e+02 1.099526066350710929e+00 2.488071259309410976e+01
1.820914014895057562e+02 1.024542992552471166e+00 2.545762102234258606e+01
1.823514302640487585e+02 9.733200744752877887e-01 2.563676371022342693e+01
1.830737982396750283e+02 9.957684495599187224e-01 2.587415368991198505e+01
1.829374365267433973e+02 1.039988151658767679e+00 2.570607650643195541e+01
1.830565335138794865e+02 1.061484427894380467e+00 2.578615859851049308e+01
1.828573544346648703e+02 1.048810934326337208e+00 2.582307887610020458e+01
1.828247926540284425e+02 1.071999830737982329e+00 2.574875169262017494e+01
1.829876438727149548e+02 1.119731719702098838e+00 2.604280213270142141e+01
1.831935511171293172e+02 1.109406736628300694e+00 2.611552132701421769e+01
1.830561949898442720e+02 1.052175016926201856e+00 2.625444312796208379e+01
1.831240055856465858e+02 1.037681956668923489e+00 2.597344702098849112e+01
1.825824729180771726e+02 1.015889471902505115e+00 2.543115267433987725e+01
1.815676413337847066e+02 1.019592078537576274e+00 2.529491790792146233e+01
1.806772384901828161e+02 9.914734258632362796e-01 2.519242975626269399e+01
1.803966655382532167e+02 9.460688896411645343e-01 2.496904620853080559e+01
1.804768322613405473e+02 9.095506093432633721e-01 2.519553994583615264e+01
1.809322317197020880e+02 9.469786729857819774e-01 2.581484851049424378e+01
1.818817281651997178e+02 9.513371699390656966e-01 2.557927809749492098e+01
1.828366833107650677e+02 9.452860528097495330e-01 2.585020311442112373e+01
1.833358158429248590e+02 9.741240690589031415e-01 2.625361797562626975e+01
1.837209080907244356e+02 9.799001354096140703e-01 2.598937880839539716e+01
1.838858750846310102e+02 1.033386932972240935e+00 2.635892010832769117e+01
1.842611078199052201e+02 1.250317366283006049e+00 2.568953114421123729e+01
1.843809664861205135e+02 1.525706668923493492e+00 2.590589031821259169e+01
1.843812415368991253e+02 1.577437373053486747e+00 2.600173493568043170e+01
1.847009986459038657e+02 1.583065335138794882e+00 2.528366198375084650e+01
1.857031355788761005e+02 1.724695328368314184e+00 2.559465978334461767e+01
1.858550905551794301e+02 1.756516587677725116e+00 2.571456076506431998e+01
1.846253808395396163e+02 1.704785883547731862e+00 2.499210815842925015e+01
1.832700575490859762e+02 1.535058395396073028e+00 2.502735697359512557e+01
1.825561526743398701e+02 1.162153012863913260e+00 2.449219278943805023e+01
1.821514260324983070e+02 9.689615775220040694e-01 2.459717755585646515e+01
1.837356127285037246e+02 1.220104096140826044e+00 2.516259732566012275e+01
1.847933945497630361e+02 1.521369329722410235e+00 2.547964624238320752e+01
1.843237770819228274e+02 1.481508124576844887e+00 2.595135832769126694e+01
1.809479519295869920e+02 1.286052809749492321e+00 2.565925440081245767e+01
1.807006812796208521e+02 1.382109004739336511e+00 2.557917230873392000e+01
1.828837804671631773e+02 1.326421800947867213e+00 2.580399458361543807e+01
1.832687669262017494e+02 1.104519295870006745e+00 2.640096056194989771e+01
1.841033979350033860e+02 1.252792823290453716e+00 2.664313219363574703e+01
1.848634055517941874e+02 1.813684834123222789e+00 2.703895142180094879e+01
1.858959038591740125e+02 1.961662153012863952e+00 2.699064827352741958e+01
1.850347198713608634e+02 2.792082769126607911e+00 2.734493483412322234e+01
1.830638964116452314e+02 2.249301794177386515e+00 2.734618314150304741e+01
1.843277335815842832e+02 7.575956330399458150e-01 2.786975287745429952e+01
1.885508420785375847e+02 3.652039607312119185e-01 2.946083700067704925e+01
1.899326971902505079e+02 2.830484089370345346e-01 2.872687457684495627e+01
1.890059453283683126e+02 1.175101557210561920e-01 2.791126438727149761e+01
1.867831118821936229e+02 3.355619498984428045e-02 2.751440842924847630e+01
1.851459673324306152e+02 4.711831415030467290e-02 2.704891672308733774e+01
1.846320032159783295e+02 1.679925524712254647e-01 2.706453114421123729e+01
1.855291765402843680e+02 6.785291130670277893e-01 2.776798408937034424e+01
1.873117594786729967e+02 9.216528436018956993e-01 2.872850372376438699e+01
1.887669050440081264e+02 8.920531482735274409e-01 2.982938388625592552e+01
1.906598468178740688e+02 7.381728165199729075e-01 3.060083784698713671e+01
1.910377665876777371e+02 6.352191943127961649e-01 3.062921039268788093e+01
1.890067916384563205e+02 3.269719025050778494e-01 3.038566350710900466e+01
1.857411983750846218e+02 4.489675016926202022e-02 3.147604942450913867e+01
1.839311738320920711e+02 4.326971902505077905e-01 3.327974779959377116e+01
1.832185384224779909e+02 8.537576167907920954e-01 3.455264048747461203e+01
1.838089878131347348e+02 1.002665876777251164e+00 3.487042992552471077e+01
1.851776616452268058e+02 9.986035883547731418e-01 3.546227572782667892e+01
1.862183903182125846e+02 8.505627962085308136e-01 3.559975880162491535e+01
1.871089624238320823e+02 5.538676371022343004e-01 3.481620260663507338e+01
1.886674212931618229e+02 2.886763710223425594e-01 3.386827183480026804e+01
1.892915749830737866e+02 2.861162830060934303e-01 3.198292569397427343e+01
1.907280382532159706e+02 6.703199052132701175e-01 3.030655467163168737e+01
1.934937584631008747e+02 1.191646919431279539e+00 3.017080653351387909e+01
1.939406101895734480e+02 1.381855111712931627e+00 3.024627623561272927e+01
1.916342882532159706e+02 9.388329383886255819e-01 2.982898188896411540e+01
1.882408810088016367e+02 4.778266756939742455e-01 2.925985951252538797e+01
1.853583911645226863e+02 3.290665199729180812e-01 2.837762356127285202e+01
1.839846394719025113e+02 2.504019972918077319e-01 2.805065165876777300e+01
1.833998603588354683e+02 2.273612051455653482e-01 2.810178994583615264e+01
1.834671208530805586e+02 1.197528774542992586e-01 2.930930517941773772e+01
1.840863236289776523e+02 1.011975287745429941e-01 2.995643618821936371e+01
1.852639218009478554e+02 1.036729857819905232e-01 3.069852318889641296e+01
1.863122672647257900e+02 1.123476641841570783e-01 3.084711408259986598e+01
1.864358920108327595e+02 1.034402505077860468e-01 3.138035291130670146e+01
1.864550186188219243e+02 1.026574136763710177e-01 3.186922393364928752e+01
1.863560426540284425e+02 2.028605280974949132e-01 3.249532413676371334e+01
1.865006558903181997e+02 4.186696005416384314e-01 3.387389979688558128e+01
1.872603461408259875e+02 6.894676709546377902e-01 3.456626607989166899e+01
1.880072994245091422e+02 9.107566012186865123e-01 3.597564742721733211e+01
1.880791299932295146e+02 8.767560934326337208e-01 3.532652758970886708e+01
1.876349864590386005e+02 7.870683818551117428e-01 3.493273950575490971e+01
1.872048493568043455e+02 7.615732904536222092e-01 3.501241960054164082e+01
1.871714412660798814e+02 8.186992213947190677e-01 3.502682802979011711e+01
1.869979476980365689e+02 9.543627285037237229e-01 3.534977995937711626e+01
1.875621191604603837e+02 1.416701929587000697e+00 3.705653351387948646e+01
1.883886255924170712e+02 1.769147765741367673e+00 3.845434157075152370e+01
1.892307676032498307e+02 2.107756431956668841e+00 3.916949475287745486e+01
1.906041384563303893e+02 2.284169769803656269e+00 3.972609174001354404e+01
1.918507320582261286e+02 2.294050440081245590e+00 4.001525473933649124e+01
1.923104688557887698e+02 2.166003723764387434e+00 4.006969363574813769e+01
1.923521496276235609e+02 2.041596140825998607e+00 3.941137017603249859e+01
1.922225795531482788e+02 1.900220040622884188e+00 3.911355365605957957e+01
1.922464454976303330e+02 1.916744245091401400e+00 3.887620599187542325e+01
1.913559157075152370e+02 1.750634732566012097e+00 3.809732566012186794e+01
1.911477657413676354e+02 1.852318889641164423e+00 3.858346733243060100e+01
1.902941773865944413e+02 2.100732058226133958e+00 3.875960561949898420e+01
1.885918458023019753e+02 1.988109343263371631e+00 3.803766079891672547e+01
1.872131431956669019e+02 1.820624576844956044e+00 3.663564234935680730e+01
1.868603588354773137e+02 1.700892857142857206e+00 3.631742975626269754e+01
1.870373645903859199e+02 1.693233750846310004e+00 3.618252792823290775e+01
1.881937838524035271e+02 1.738934495599187446e+00 3.648385663507109200e+01
1.891552344278943849e+02 1.773569735951252557e+00 3.681178063642518339e+01
1.905868525727826750e+02 1.840745599187542325e+00 3.721352403520649688e+01
1.912628427555856376e+02 2.042569397427217215e+00 3.772389133378469950e+01
1.909087042992552483e+02 2.057316350710900466e+00 3.756129400812457675e+01
1.906264175693974323e+02 1.995747291807718371e+00 3.751265233581584368e+01
1.899120049085985045e+02 1.929756262694651392e+00 3.697913845633039642e+01
1.893885409614082675e+02 1.887631178063642556e+00 3.648552809749492098e+01
1.881181660460392777e+02 1.813155890318212560e+00 3.564141841570751268e+01
1.872514387271496332e+02 1.702098849018280236e+00 3.554189234935680730e+01
1.871481888964116536e+02 1.774648781313473256e+00 3.554527758970886708e+01
1.876478926878808409e+02 1.823777081922816512e+00 3.556833953960731520e+01
1.887833869329722347e+02 1.785841232227488140e+00 3.591877538930263825e+01
1.900782202098849041e+02 1.738849864590385819e+00 3.612047224102911258e+01
1.887566435341909141e+02 1.426053656059580232e+00 3.507297308733920005e+01
1.871582176709546275e+02 1.224631855111713019e+00 3.371208530805687076e+01
1.860044008124576749e+02 1.196153520649966051e+00 3.352873222748814896e+01
1.871226726472579571e+02 1.467417061611374418e+00 3.436588100880162244e+01
1.888143195666892211e+02 1.483814319566689299e+00 3.496982904536221781e+01
1.907628215978334367e+02 1.755204807041299997e+00 3.648171970209885018e+01
1.913970886932972348e+02 1.850435849695328372e+00 3.707202098849018057e+01
1.909588270142180022e+02 2.197655721056194889e+00 3.789493060257278501e+01
1.899234935680433409e+02 2.293077183480026981e+00 3.770872122545700478e+01
1.902280594109681715e+02 2.707176709546377680e+00 3.900412576167907730e+01
1.913052217332430587e+02 3.287470379146919530e+00 4.020743060257278501e+01
1.918774754570074492e+02 3.239653859174001393e+00 4.069429163845632758e+01
1.933075279282329006e+02 3.933628131347325585e+00 4.145493398781313488e+01
1.920988067027759030e+02 3.181427725118483263e+00 3.998330653351388264e+01
1.927136932972240970e+02 3.923028097494922317e+00 4.134152843601895455e+01
1.939409275558564616e+02 4.320624576844956266e+00 4.204157498307380081e+01
1.940856254231550508e+02 4.055115944482058588e+00 4.150658006093432562e+01
1.937283344617467833e+02 3.970209884901827913e+00 4.140897935003385300e+01
