2.169834976988823030e+02 0.000000000000000000e+00 4.756585579662503172e+00
2.172233837387683479e+02 0.000000000000000000e+00 5.508831908831909097e+00
2.173794433486741298e+02 5.129300898531667929e-01 1.214525531448608398e+01
2.173893491124260322e+02 1.950997150997151097e+00 1.422621082621082600e+01
2.172596756519833434e+02 1.884111330265176409e+00 1.519316239316239248e+01
2.172556870479947406e+02 1.851983344291036504e+00 1.501709401709401703e+01
2.201190225728687153e+02 5.071597633136094352e+00 1.927541091387245231e+01
2.209703265395573055e+02 6.405719921104536141e+00 1.979601139601139437e+01
2.211847907078676201e+02 6.228248959018189979e+00 2.020692526846373127e+01
2.211376506684198944e+02 6.168134998904229782e+00 1.986923076923076792e+01
2.214800788954635209e+02 6.327043611658996092e+00 1.973339907955292460e+01
2.217813499890422975e+02 7.481262327416173363e+00 2.104753451676528542e+01
2.217305062458908651e+02 7.391562568485645635e+00 2.139826868288406914e+01
2.217571115494192497e+02 7.554941924172693390e+00 2.108075827306596395e+01
2.219163708086784936e+02 7.567521367521367281e+00 2.185945649791803547e+01
2.219975235590620173e+02 7.436379574841113005e+00 2.061569143107604773e+01
2.221478632478632562e+02 7.468178829717291300e+00 2.081187815033968747e+01
2.223706333552487422e+02 8.626101249178171670e+00 2.228010081087004224e+01
2.223934253780407744e+02 8.666381766381766383e+00 2.224744685513916309e+01
2.224441595441595325e+02 8.873285119438966362e+00 2.154492658338812205e+01
2.225727153188691716e+02 9.204733727810650024e+00 2.187600262984878441e+01
2.225309445540214881e+02 9.343896559281175129e+00 2.254562787639710564e+01
2.225401271093578828e+02 9.298685075608153383e+00 2.243887793118562257e+01
2.226280517203594229e+02 9.473701512163049898e+00 2.211623931623931583e+01
2.227629191321499036e+02 9.518189787420556769e+00 2.228540433925049413e+01
2.225649134341442164e+02 9.315450361604208140e+00 2.237017313171159216e+01
2.225824457593688237e+02 9.461122068814376007e+00 2.283622616699539876e+01
2.223821608590839389e+02 9.243304843304843033e+00 2.240019723865877666e+01
2.223994740302432547e+02 9.290138067061144866e+00 2.280674994521148236e+01
2.224194170501862686e+02 9.189239535393381786e+00 2.327876397107166184e+01
2.222542187157571902e+02 8.970567609029147960e+00 2.240887573964496937e+01
2.222764847687924714e+02 8.886149463072539945e+00 2.323541529695375729e+01
2.222076046460661871e+02 8.982248520710058415e+00 2.302947622178391285e+01
2.223186500109576968e+02 8.919066403681787492e+00 2.230784571553802209e+01
2.224549638395792215e+02 9.054437869822484330e+00 2.214955073416611953e+01
2.225346482577251948e+02 9.084330484330484623e+00 2.268444006136313718e+01
2.224489371027832476e+02 9.066820074512381922e+00 2.314352399737015276e+01
2.226246110015340776e+02 8.877580539119000136e+00 2.309774271312732807e+01
2.224088976550515042e+02 8.656607495069033931e+00 2.294367740521586541e+01
2.224586017970633236e+02 8.599846592154284153e+00 2.308785886478194271e+01
2.221233837387683536e+02 8.429826868288406772e+00 2.298444006136313789e+01
2.221944554021476961e+02 8.641222879684418601e+00 2.289498137190444993e+01
2.221163050624589061e+02 8.523011176857330895e+00 2.241236028928336665e+01
2.216780188472496036e+02 8.327722989261451048e+00 2.237534516765285986e+01
2.218839798378259900e+02 8.037716414639492157e+00 2.216445321060705709e+01
2.218698444006136299e+02 7.929804952881876368e+00 2.244589086127547617e+01
2.216747534516765370e+02 7.908897655051501552e+00 2.226215209292132258e+01
2.218275695814157302e+02 7.654941924172693035e+00 2.229767696690773704e+01
2.217507341661187752e+02 7.674315143545912932e+00 2.244630725399956006e+01
2.219384396230550180e+02 7.711658996274381117e+00 2.286885820731974661e+01
2.218376287530133766e+02 7.847381108919570636e+00 2.269322813938198635e+01
2.218920666228358414e+02 8.005325443786981410e+00 2.272531229454306256e+01
2.221432610124917915e+02 8.295178610563226584e+00 2.295601577909270219e+01
2.223276572430418696e+02 8.377339469647161252e+00 2.316734604426912014e+01
2.224212360289283481e+02 8.481481481481480955e+00 2.299644970414201239e+01
2.224010519395134793e+02 8.439776462853386008e+00 2.342838045145737524e+01
2.223195485426254550e+02 8.450624589086126903e+00 2.345505150120534665e+01
2.220956826649134257e+02 8.371707210168748858e+00 2.319443348674117900e+01
2.221950252027175168e+02 8.306377383300461048e+00 2.327626561472715494e+01
2.222499452114836629e+02 8.293600701293009081e+00 2.273353057199210880e+01
2.221820951128643458e+02 8.422068814376507007e+00 2.432533420994959528e+01
2.222146175761560301e+02 8.330966469428007670e+00 2.352719701950471176e+01
2.222054569362261702e+02 8.397304404996711824e+00 2.420370370370370239e+01
2.222619548542625409e+02 8.511396011396010763e+00 2.344155161078237981e+01
2.220300460223537016e+02 8.390685952224414379e+00 2.389292132369055466e+01
2.222276791584483817e+02 8.601797063335524740e+00 2.390458031996493560e+01
2.222572868726715001e+02 8.506092483015560646e+00 2.435921542844619836e+01
2.223229015998246894e+02 8.533136094674556915e+00 2.440493096646942917e+01
2.222409818102125882e+02 8.536554898093360322e+00 2.450731974578128458e+01
2.220079333771641359e+02 8.477909270216962057e+00 2.429022572868726826e+01
2.220487398641244852e+02 8.539469647161954668e+00 2.470124917817225452e+01
2.220351523120753825e+02 8.621214113521805444e+00 2.498584264738110861e+01
2.220082621082621017e+02 8.624019285557746883e+00 2.516296296296296120e+01
2.222859522244137622e+02 8.621257944334868029e+00 2.586147271531886815e+01
2.222537146614069741e+02 8.732237563006794545e+00 2.492612316458470190e+01
2.222410475564321644e+02 8.733662064431294780e+00 2.497692307692307523e+01
2.222883410037256056e+02 8.704470742932281624e+00 2.518603988603988597e+01
2.222767915844839024e+02 8.699386368617137322e+00 2.551290817444663617e+01
2.225005917159763271e+02 8.802125794433486305e+00 2.518110891957045894e+01
2.223699320622397408e+02 8.865483234714004013e+00 2.482303309226386290e+01
2.224164365548980982e+02 8.705106289721674884e+00 2.456280955511724784e+01
2.224030681569143155e+02 8.876419022572868300e+00 2.415649791803637925e+01
2.222873767258382713e+02 8.859478413324566759e+00 2.448288406749945167e+01
2.223766162612316464e+02 8.924742493973262469e+00 2.466050843743151333e+01
2.224845277229892702e+02 9.016611878150339265e+00 2.495152312075389034e+01
2.224266929651545013e+02 8.973833004602235874e+00 2.410002191540652916e+01
2.223865439403900837e+02 8.910387902695594775e+00 2.367179487179487296e+01
2.221335086565855761e+02 8.849331580100811223e+00 2.411308349769888082e+01
2.221790707867631056e+02 8.880582949813719651e+00 2.458367302213456185e+01
2.221037694499233055e+02 8.926692965154503057e+00 2.412261669953977616e+01
2.222828840674994524e+02 8.836160420775804880e+00 2.471452991452991554e+01
2.219938856015779152e+02 8.758557966250274163e+00 2.374573745342976139e+01
2.220098838483453960e+02 8.771246986631602738e+00 2.339539776462853382e+01
2.221054569362261759e+02 8.833618233618233617e+00 2.304017094017094180e+01
2.220711154941924121e+02 8.729673460442691990e+00 2.324102564102564017e+01
2.221793776024545366e+02 8.656695156695157323e+00 2.304722770107385443e+01
2.220164365548980925e+02 8.705873328950252343e+00 2.343949156256848454e+01
2.219171597633136059e+02 8.697129081744465751e+00 2.286820074512382206e+01
2.222760026298487901e+02 8.770633355248738994e+00 2.284817006355467939e+01
2.221542187157571675e+02 8.661516546131931449e+00 2.272954196800350601e+01
2.221719263642340536e+02 8.495726495726495742e+00 2.235305719921104384e+01
2.221185623493315688e+02 8.382774490466797346e+00 2.195518299364453085e+01
2.221014464168310383e+02 8.163905325443787220e+00 2.231512163050624764e+01
2.219195266272189428e+02 8.046175761560377282e+00 2.166730221345606111e+01
2.219765066841989949e+02 7.958404558404558848e+00 2.162064431295200606e+01
2.219455402147709719e+02 7.654547446855139547e+00 2.145625684856453930e+01
2.217703265395573169e+02 7.589984659215428309e+00 2.168908612754766452e+01
2.218651325882095193e+02 7.592877492877493140e+00 2.142647381108919546e+01
2.218486302870918223e+02 7.440521586675433063e+00 2.101262327416173648e+01
2.217297611220688225e+02 7.416129739206661853e+00 2.071417926802542198e+01
2.216426473811089295e+02 7.372605741836511406e+00 2.051268902038132680e+01
2.214300021915406660e+02 7.282138943677405329e+00 2.135645408722331950e+01
2.214955292570677159e+02 7.439228577690116140e+00 2.063271970195047089e+01
2.216764628533859423e+02 7.484155161078238194e+00 2.011921981152750405e+01
2.217267367959675539e+02 7.617488494411571054e+00 2.064323909708524951e+01
2.216054350208196411e+02 7.732653955730878437e+00 2.077534516765285844e+01
2.216808678500986218e+02 7.662831470523777888e+00 2.088393600701293096e+01
2.217928555774709594e+02 7.721520929213236961e+00 2.090302432610124939e+01
2.216957922419460942e+02 7.706136313828621631e+00 1.991908831908832056e+01
2.215973701512162961e+02 7.633070348454963572e+00 2.013977646285338707e+01
2.217666228358536102e+02 7.608152531229454674e+00 2.038110891957045823e+01
2.216943239097085154e+02 7.417378917378917080e+00 1.994227481919789469e+01
2.215203594126671192e+02 7.418759587990357396e+00 1.939303090072320757e+01
2.217859083936006925e+02 7.443699320622397586e+00 1.988181021257944181e+01
2.213873548104317308e+02 7.297961867192636731e+00 1.935248739864124445e+01
2.217702388779311775e+02 7.118145956607494718e+00 1.921045364891518759e+01
2.215761341222879821e+02 7.053999561691869147e+00 1.904946307253999649e+01
2.212769449923296179e+02 6.844291036598728617e+00 1.909754547446855000e+01
2.210370589524435729e+02 6.795310103002410784e+00 1.893613850536927501e+01
2.211401709401709468e+02 6.787091825553363655e+00 1.875211483673022173e+01
2.212694280078895588e+02 6.784045584045584221e+00 1.873076923076922995e+01
2.213235371466140577e+02 6.857264957264956884e+00 1.871082621082621245e+01
2.213821389436774041e+02 6.796274380889765432e+00 1.856007012930090028e+01
2.216016436554898235e+02 6.974687705456935838e+00 1.879458689458689591e+01
2.215454306377383205e+02 7.129629629629629761e+00 1.925220249835634334e+01
2.217015121630506371e+02 7.161604207758053953e+00 1.948823142669296615e+01
2.215281612973920744e+02 7.175147928994082491e+00 1.926629410475564441e+01
2.215822704361166018e+02 7.357352618891080276e+00 1.936234933158010207e+01
2.217384396230550010e+02 7.329980276134122619e+00 1.963938198553583092e+01
2.218203374972605673e+02 7.382774490466798234e+00 1.943379355687048005e+01
2.217101468332237459e+02 7.436226166995397513e+00 1.937924611001534103e+01
2.216486960333114098e+02 7.318737672583826459e+00 1.891788297172912436e+01
2.214959237343852863e+02 7.210256410256410398e+00 1.884580319964935313e+01
2.216853385930309059e+02 7.096931843085688918e+00 1.967012930089853029e+01
2.215834100372561863e+02 7.025268463730002466e+00 1.938297172912557542e+01
2.215191759807144365e+02 7.112031558185404556e+00 1.892143326758711197e+01
2.215902476440938074e+02 6.977142230988384597e+00 1.925939075169844372e+01
2.216402366863905229e+02 7.041179048871356372e+00 1.895581854043392411e+01
2.216346701731317239e+02 7.089677843523997325e+00 1.864466359850975152e+01
2.215929432390970817e+02 7.107714223098838602e+00 1.945180802103879003e+01
2.215226605303528515e+02 7.158010081087003762e+00 1.909734823580977547e+01
2.214400832785448188e+02 7.109182555336401421e+00 1.871040981810212500e+01
2.216471400394477200e+02 7.068091168091168441e+00 1.938498794652640811e+01
2.216392066622835841e+02 6.952816129739206374e+00 1.872009642778873584e+01
2.214696033311417978e+02 7.025465702388779654e+00 1.888864781941704862e+01
2.214094893710278313e+02 7.106662283585360562e+00 1.910550076703922784e+01
2.214423843962305511e+02 7.123843962305500987e+00 1.922638614946307101e+01
2.214245233399079495e+02 7.168682884067499650e+00 1.892073197457812839e+01
2.217159325005478934e+02 7.215494192417269304e+00 1.874273504273504187e+01
2.213771641463949038e+02 7.345584045584045541e+00 1.907836949375410995e+01
2.215791146175761526e+02 7.367258382642997816e+00 1.892509314047775604e+01
2.216739864124479595e+02 7.244729344729345044e+00 2.013063773833004433e+01
2.214517861056322658e+02 7.140806486960332933e+00 1.951937321937321812e+01
2.215969975893052890e+02 7.095353933815472303e+00 1.914821389436773913e+01
2.215574402805171985e+02 7.236642559719483003e+00 1.892382204689896952e+01
2.213732412886259056e+02 7.251501205347358869e+00 1.842454525531448439e+01
2.214332456717071977e+02 7.287486302870918031e+00 1.883699320622397622e+01
2.216194170501862857e+02 7.480166557089633628e+00 1.888829717291255861e+01
2.217327197019504581e+02 7.534670173131711834e+00 1.965351742274819102e+01
2.216091825553363890e+02 7.560442691211921584e+00 1.902746000438308016e+01
2.218137847907078708e+02 7.774161735700197084e+00 1.923903133903133877e+01
2.219271312732851129e+02 7.679728248959018622e+00 1.985781284242822764e+01
2.216623274161735822e+02 7.669274600043831214e+00 1.958246767477536565e+01
2.217056760902914618e+02 7.708744247205785882e+00 1.946877054569362286e+01
2.216421871575717830e+02 7.798597413982029103e+00 1.883802323033092208e+01
2.217237124698663138e+02 7.959894806048652072e+00 1.936191102344948334e+01
2.215336182336182276e+02 7.996866096866097173e+00 1.932090729783037375e+01
2.218678062678062588e+02 8.213149243918474340e+00 1.924117904887135566e+01
2.217829717291255633e+02 8.317006355467894352e+00 1.961821170282708593e+01
2.215132807363576717e+02 8.302191540653078405e+00 1.939226386149463011e+01
2.219528818759588091e+02 8.531404777558623920e+00 1.988737672583826566e+01
2.218928994082840234e+02 8.398663160201621736e+00 1.893048433048432955e+01
2.217942581634889336e+02 8.414617576156038226e+00 1.971538461538461462e+01
2.217024983563445062e+02 8.460289283366206448e+00 1.963030900723208561e+01
2.218910585141354375e+02 8.298487836949375307e+00 1.963048433048432884e+01
2.216313609467455592e+02 8.402827087442471310e+00 2.022042515888669811e+01
2.217054350208196354e+02 8.322068814376507362e+00 1.993635765943458082e+01
2.215405873328950292e+02 8.294762217839140916e+00 1.861187815033968818e+01
2.217113740959894699e+02 8.325882095112865144e+00 1.860907297830374674e+01
2.215372342756958233e+02 8.301818978742055322e+00 1.889175980714442105e+01
2.218790927021696291e+02 8.225904010519395015e+00 1.943368397983782714e+01
2.218673460442691123e+02 8.302761341222879565e+00 1.937234275695814034e+01
2.216702169625246484e+02 8.163905325443787220e+00 1.939156256848564652e+01
2.218562349331580208e+02 8.207867630944553738e+00 1.929072978303747377e+01
2.217020819636204294e+02 8.377843523997370312e+00 1.913307034845496446e+01
2.217406092483015527e+02 8.365921542844619196e+00 1.865049309664694377e+01
2.220176857330703513e+02 8.347972824895901311e+00 1.846583388121849723e+01
2.216203813280736483e+02 8.506004821389437254e+00 1.856289721674336946e+01
2.217760683760683662e+02 8.636182336182336883e+00 1.826296296296296262e+01
2.218870041639272301e+02 8.464672364672365390e+00 1.899596756519833463e+01
2.220655270655270783e+02 8.468880122726275772e+00 1.951078238001315057e+01
2.218879246110015231e+02 8.489086127547665228e+00 1.884540872233180053e+01
2.221112864343633646e+02 8.623471400394477016e+00 1.923646723646723800e+01
2.219599386368617218e+02 8.612754766600920320e+00 1.958290598290598439e+01
2.219381985535831632e+02 8.665833881218496515e+00 1.952279202279202153e+01
2.220241069471838671e+02 8.487793118562349193e+00 1.885917159763313578e+01
2.220428884505807616e+02 8.421849660311199415e+00 1.919802761341222919e+01
2.219311417926802505e+02 8.401994301994301750e+00 1.897326320403243471e+01
2.217034407188253340e+02 8.427832566294105376e+00 1.906305062458908495e+01
2.218042296734604406e+02 8.512404120096427107e+00 1.838689458689458789e+01
2.217607495069033519e+02 8.356432171816786436e+00 1.942051282051281902e+01
2.218581634889327177e+02 8.470567609029147960e+00 1.942612316458470190e+01
2.218000657462195875e+02 8.442406311637080663e+00 1.859951786105632365e+01
2.219578128424282397e+02 8.549638395792241496e+00 1.856675432829279160e+01
2.218386806925268502e+02 8.456213017751478489e+00 1.829392943239097136e+01
2.220585141354372070e+02 8.577076484768792142e+00 1.838476879246109874e+01
2.220843743151435490e+02 8.566272189349112054e+00 1.872958579881656860e+01
2.219426035502958712e+02 8.588603988603988881e+00 1.815840455840455903e+01
2.220155599386368692e+02 8.671904448827525869e+00 1.865507341661187724e+01
2.219274600043830787e+02 8.713017751479290141e+00 1.881049747972824804e+01
2.219252903791365270e+02 8.688012272627657850e+00 1.855888669734823537e+01
2.219636642559719348e+02 8.658536050843743226e+00 1.821396011396011261e+01
2.220017094017094053e+02 8.763094455402148597e+00 1.865772518080210318e+01
2.219771203155818569e+02 8.753473591935129861e+00 1.847948717948717956e+01
2.219271531886916478e+02 8.800898531667762370e+00 1.862973920666228267e+01
2.221752136752136835e+02 8.869011615165462104e+00 1.816142888450580628e+01
2.219762656147271400e+02 8.710563225947840493e+00 1.882895025202717676e+01
2.218597413982029423e+02 8.752553144860836909e+00 1.854490466798159076e+01
2.219177733946964679e+02 8.687924611001534458e+00 1.869044488275257621e+01
2.218484330484330371e+02 8.540806486960333288e+00 1.911457374534297671e+01
2.218423843962305568e+02 8.566710497479729014e+00 1.868102125794433377e+01
2.221224413762875258e+02 8.570764847687923904e+00 1.847556432171816709e+01
2.218202717510409911e+02 8.720249835634451330e+00 1.874494849879465264e+01
2.217505807582730597e+02 8.593381547227700423e+00 1.898286215209292038e+01
2.219818759587990371e+02 8.752268244575937217e+00 1.880668419899189203e+01
2.220667981591058435e+02 8.670195047118124165e+00 1.870412009642778983e+01
2.219920666228358641e+02 8.799057637519176467e+00 1.868010081087004082e+01
2.218559062020600550e+02 8.745058075827307320e+00 1.873453868069252692e+01
2.219303966688582079e+02 8.666272189349111699e+00 1.854034626342318504e+01
2.218517203594126670e+02 8.612206881437650452e+00 1.890065746219592313e+01
2.218817225509533273e+02 8.737080867850098187e+00 1.905323252246329346e+01
2.219736576813499767e+02 8.757221126451895543e+00 1.902132369055446048e+01
2.219399079552925684e+02 8.759697567389874706e+00 1.906901161516546139e+01
2.217203594126671078e+02 8.840872233179926099e+00 1.869969318430856831e+01
2.219865220249835716e+02 8.742998027613412049e+00 1.851367521367521363e+01
2.220363576594345716e+02 8.813543721236028361e+00 1.872607933377164002e+01
2.219902695595003195e+02 8.671641463949155693e+00 1.873716852947622158e+01
2.218180363795748349e+02 8.730024106947183782e+00 1.886138505369274654e+01
2.216751040981810092e+02 8.689020381328074194e+00 1.849340346263423029e+01
2.215953539338154599e+02 8.643195266272188704e+00 1.913673022134560497e+01
2.216563445101906780e+02 8.674117904887134856e+00 1.899425816348893292e+01
2.216967565198334569e+02 8.636949375410914342e+00 1.938709182555336241e+01
2.215379793995178659e+02 8.688056103440718658e+00 1.922081963620425071e+01
2.217973701512163132e+02 8.548564540872233053e+00 1.874821389436774055e+01
2.216516326977865390e+02 8.450668419899189487e+00 1.844961648038571056e+01
2.218503177733946927e+02 8.421016874863028079e+00 1.814830155599386430e+01
2.218067280298049582e+02 8.377712031558186112e+00 1.812603550295857957e+01
2.219307911461757499e+02 8.503550295857987606e+00 1.835842647381108961e+01
2.219100591715976236e+02 8.544181459566074111e+00 1.873526188910804180e+01
2.217463072539995608e+02 8.502125794433487371e+00 1.842406311637081018e+01
2.217587990357221202e+02 8.509511286434364052e+00 1.865189568266491449e+01
2.215757834757834814e+02 8.458601797063336036e+00 1.816719263642340465e+01
2.215243041858426523e+02 8.357440280517202780e+00 1.840929213236905682e+01
2.214320403243480087e+02 8.218124041200963958e+00 1.840365987289064265e+01
2.216770326539557345e+02 8.136839798378259658e+00 1.831867192636423525e+01
2.216763313609467332e+02 8.211396011396011829e+00 1.910311198772737384e+01
2.216085689239535270e+02 8.386237124698663337e+00 1.831937321937321883e+01
2.215549857549857506e+02 8.529804952881875124e+00 1.875382423843962343e+01
2.217568923953539297e+02 8.501380670611439427e+00 1.911170282708744139e+01
2.217767039228577630e+02 8.436007012930089033e+00 1.871525312294543042e+01
2.216456497918036348e+02 8.387376725838263880e+00 1.864144203374972619e+01
2.213494411571334695e+02 8.428950252027174628e+00 1.876088099934253606e+01
2.216706333552487536e+02 8.497896120973043921e+00 1.857587113740959950e+01
2.215133464825772478e+02 8.534122287968441967e+00 1.900841551610782432e+01
2.217840674994521066e+02 8.579399517861055813e+00 1.886320403243480115e+01
2.218610782380013120e+02 8.614946307253999791e+00 1.925524873986412544e+01
2.215050186280955415e+02 8.565680473372781378e+00 1.885831689677843670e+01
2.216407626561472739e+02 8.355906202060047860e+00 1.867867630944553881e+01
2.214492658338812134e+02 8.328511943896559799e+00 1.880309007232084184e+01
2.216504492658338847e+02 8.242033749726058289e+00 1.852005259697567396e+01
2.215275038351961427e+02 8.333859303090072501e+00 1.917900504054350108e+01
2.214692526846372971e+02 8.367652859960552192e+00 1.921698444006136341e+01
2.216676090291474850e+02 8.345014245014244381e+00 1.867047994740302386e+01
2.217370370370370267e+02 8.236795967565198495e+00 1.901317115932500457e+01
2.216216743370589484e+02 8.367017313171158932e+00 1.849138724523339761e+01
2.217082401928555839e+02 8.342121411352181326e+00 1.856936226166995496e+01
2.215799254876177997e+02 8.454043392504930310e+00 1.844884944115713310e+01
2.215357659434582445e+02 8.540674994521149088e+00 1.817475345167652989e+01
2.215359412667104948e+02 8.446022353714662145e+00 1.848518518518518405e+01
2.216465044926583516e+02 8.502279202279202863e+00 1.861385053692745828e+01
2.214831032215647610e+02 8.634560596099056795e+00 1.828614946307254030e+01
2.216055226824457520e+02 8.616063992987069042e+00 1.855496383957922291e+01
2.215117247424939819e+02 8.682073197457812697e+00 1.798562349331579924e+01
2.216066841989918998e+02 8.622507122507123256e+00 1.841878150339688958e+01
2.217761998685075469e+02 8.783716852947621945e+00 1.915873328950252130e+01
2.217715976331360821e+02 8.715801008108700287e+00 1.870512820512820440e+01
2.216790927021696120e+02 8.689940828402367146e+00 1.824385272846811290e+01
2.215844838921761948e+02 8.466798159105850985e+00 1.898895463510848103e+01
2.215121630506245936e+02 8.667872014025860494e+00 1.796749945211483634e+01
2.217295419680035025e+02 8.660048213894366853e+00 1.874841113302651863e+01
2.218275695814157302e+02 8.651917598071444004e+00 1.898680692526846414e+01
2.217861494630725474e+02 8.558053911900065813e+00 1.868851632697786513e+01
2.216465044926583516e+02 8.538702607933377209e+00 1.861424501424501443e+01
2.216207758053911903e+02 8.457681349989043085e+00 1.889129958360727457e+01
2.217011834319526713e+02 8.376879246110014776e+00 1.848323471400394524e+01
2.220096427788735411e+02 8.395069033530571545e+00 1.819533201840894066e+01
2.218902914749068600e+02 8.465965373657681425e+00 1.805250931404777504e+01
2.217009204470742816e+02 8.385711154941924761e+00 1.839734823580977263e+01
2.215192636423405759e+02 8.268485645408722107e+00 1.819596756519833392e+01
2.217614946307253945e+02 8.161845277229891948e+00 1.801928555774709650e+01
2.217393162393162527e+02 8.251435459127767658e+00 1.821781722550953475e+01
2.217162174008327895e+02 8.308831908831908919e+00 1.837547666009204406e+01
2.219154941924172704e+02 8.397545474468550708e+00 1.821810212579443444e+01
2.217461100153407756e+02 8.389787420556650943e+00 1.785715538023230309e+01
2.218462415077799790e+02 8.469997808459346800e+00 1.803824238439623073e+01
2.219241726934034489e+02 8.401271093578785099e+00 1.797964058733289505e+01
2.217923076923077019e+02 8.498597413982029281e+00 1.780565417488494262e+01
2.220550515012053552e+02 8.612228796844181744e+00 1.804600043830813050e+01
2.220017532325224749e+02 8.481459566074951439e+00 1.784310760464606460e+01
2.221182555336401379e+02 8.531865001095770396e+00 1.813651106728029916e+01
2.220001534078457155e+02 8.583278544817005695e+00 1.816898969975893152e+01
2.220140258601797143e+02 8.621564760026299012e+00 1.854966031119877101e+01
2.218401709401709354e+02 8.639031339031339130e+00 1.825730878807801716e+01
2.219575717729563848e+02 8.551676528599605476e+00 1.815237782160859226e+01
2.215795748411132990e+02 8.407144422529038152e+00 1.795459127766820018e+01
2.217133026517641952e+02 8.422068814376507007e+00 1.770381328073635885e+01
2.219182336182336144e+02 8.537672583826429573e+00 1.754034626342318504e+01
2.218264080648696108e+02 8.511111111111111072e+00 1.797885163269778630e+01
2.218145737453429831e+02 8.648542625465703182e+00 1.789859741398202786e+01
2.219192636423405531e+02 8.610848126232742317e+00 1.796011396011396144e+01
2.219602892833661940e+02 8.571663379355687340e+00 1.858792461100153304e+01
2.218127985974139733e+02 8.569208853824237693e+00 1.870010957703265220e+01
2.219719482796405998e+02 8.643129520052596604e+00 1.825798816568047300e+01
2.220499452114836743e+02 8.777186061801446115e+00 1.835176419022572958e+01
2.218913653298268684e+02 8.596997589305281906e+00 1.892708744247205743e+01
2.216595879903572097e+02 8.734209949594564648e+00 1.846208634670173154e+01
2.219675213675213570e+02 8.770940170940171754e+00 1.874906859522243963e+01
2.218188691650230169e+02 8.697304404996712535e+00 1.825439403900942281e+01
2.217203813280736426e+02 8.631974578128424724e+00 1.887861056322594777e+01
2.216857549857549827e+02 8.666074950690335399e+00 1.850118343195266135e+01
2.219661845277229872e+02 8.766600920447073619e+00 1.835601577909270077e+01
2.220307911461757726e+02 8.723537146614070537e+00 1.863015559938637011e+01
2.218899627438088942e+02 8.882073197457811986e+00 1.881080429541967902e+01
2.219538242384396369e+02 8.890116151654613219e+00 1.850159982467674880e+01
2.217460880999342407e+02 8.877492877492876744e+00 1.845566513258820862e+01
2.218758273065965341e+02 8.889634012710935451e+00 1.859778654394039066e+01
2.220553802323033210e+02 8.925158886697348137e+00 1.819110234494849720e+01
2.218541968003506497e+02 8.733859303090072856e+00 1.827617795310102977e+01
2.217146614069690997e+02 8.562984878369494623e+00 1.868360727591496939e+01
2.217379136532982784e+02 8.605193951347796855e+00 1.820074512382204546e+01
2.216473591935130401e+02 8.554700854700854507e+00 1.827832566294104666e+01
2.215971071663379348e+02 8.709511286434363342e+00 1.806671049747972901e+01
2.219579005040543507e+02 8.703528380451457380e+00 1.843065965373657633e+01
2.220435459127766933e+02 8.714990138067062020e+00 1.759513477975016471e+01
2.219570677186061687e+02 8.696449704142011683e+00 1.798174446635984935e+01
2.217795310103002464e+02 8.609774271312732097e+00 1.826530791146175758e+01
2.218460880999342635e+02 8.583782599167214755e+00 1.823570019723866054e+01
2.218506684198991934e+02 8.642800788954634328e+00 1.775708963401271134e+01
2.218678281832127936e+02 8.738812184966031182e+00 1.865833881218496515e+01
2.218509971509971592e+02 8.797063335524873295e+00 1.855441595441595481e+01
2.219976550515011979e+02 8.904273504273504614e+00 1.879864124479509258e+01
2.220397764628533821e+02 9.011856234933157239e+00 1.885288187595880061e+01
2.219669953977646344e+02 9.047578347578348001e+00 1.849048871356563595e+01
2.217860398860398732e+02 8.959346920885382204e+00 1.883004602235371294e+01
2.218881218496603083e+02 9.073219373219373551e+00 1.852559719482796297e+01
2.218774928774928696e+02 9.089853166776244109e+00 1.862634231865001055e+01
2.218829059829059815e+02 9.166425597194827191e+00 1.890699101468332088e+01
2.219662721893491266e+02 9.199693184308568306e+00 1.852796405873328922e+01
2.221840894148586472e+02 9.197983782599166602e+00 1.791488056103440840e+01
2.219927679158448370e+02 9.018759587990357929e+00 1.775864562787639755e+01
2.218322594784133344e+02 8.826539557308787920e+00 1.806811308349769973e+01
2.218698663160201647e+02 8.712097304404997189e+00 1.848417707648476949e+01
2.214893052816129853e+02 8.780867850098619698e+00 1.823727810650887449e+01
2.217607933377164215e+02 8.837278106508875908e+00 1.808457155380232351e+01
2.218413324567170832e+02 8.947161954854262689e+00 1.849899189129958188e+01
2.220224194608809967e+02 8.864321718167872177e+00 1.871985535831689518e+01
2.218947841332456790e+02 9.023646723646724155e+00 1.849325005478851480e+01
2.220520929213236911e+02 8.872342756958142118e+00 1.912770107385491869e+01
2.219128424282270373e+02 9.010453648915186520e+00 1.877392066622835998e+01
2.219981371904448793e+02 9.039513477975017253e+00 1.860512820512820653e+01
2.220641683103221453e+02 8.994192417269340822e+00 1.868240192855577320e+01
2.220005478851632574e+02 9.002235371466140279e+00 1.862382204689896881e+01
2.220939951786105553e+02 8.905215866754328857e+00 1.884757834757834871e+01
2.219042515888669698e+02 9.001205347359192643e+00 1.870859083936007039e+01
2.219487836949375321e+02 8.998005698005698605e+00 1.833197457812842401e+01
2.219738768354152967e+02 8.965132588209511866e+00 1.811632697786544099e+01
2.219683322375630041e+02 9.015494192417270014e+00 1.795544597852290281e+01
2.218345605960990667e+02 9.014529914529914478e+00 1.862693403462634123e+01
2.219334867411790526e+02 8.912294543063774555e+00 1.788547008547008588e+01
2.220053911900065771e+02 9.012404120096427107e+00 1.807444663598509749e+01
2.217888231426692869e+02 9.034231865001096651e+00 1.816708305939075174e+01
2.217420118343195270e+02 8.948345386806925816e+00 1.793114179268025410e+01
2.219052816129739085e+02 8.951676528599605831e+00 1.768897655051501161e+01
2.217100810870041698e+02 8.816918693841770960e+00 1.789620863467017386e+01
2.219173131711593214e+02 8.827525750602672971e+00 1.808812184966031111e+01
2.220177953101029971e+02 8.724545255314486880e+00 1.810425158886697261e+01
2.219122507122507102e+02 8.780100810870042238e+00 1.810046022353714790e+01
2.218444225290378995e+02 8.744488275257506160e+00 1.806988823142669176e+01
2.217655051501205321e+02 8.778676309445540227e+00 1.799173789173789118e+01
2.219520929213236968e+02 8.763050624589086013e+00 1.792752575060267262e+01
2.217831251369712788e+02 8.875739644970414233e+00 1.798768354152969451e+01
2.218632040324347940e+02 8.880166557089633983e+00 1.802829278983125150e+01
2.217323033092263813e+02 9.034012710935787283e+00 1.783471400394477158e+01
2.219367521367521476e+02 9.013609467455621527e+00 1.786022353714661293e+01
2.219743589743589780e+02 9.061363138286214536e+00 1.745980714442253046e+01
2.219037037037037123e+02 9.191343414420337865e+00 1.818617137847907017e+01
2.219774928774928640e+02 9.089524435678281833e+00 1.785356125356125290e+01
2.218755204909051031e+02 9.166644751260136559e+00 1.829798378259916802e+01
2.218960113960114029e+02 9.143392504930966780e+00 1.815388998465921588e+01
2.221821389436774155e+02 9.109927679158447589e+00 1.804115713346482508e+01
2.218771422309883974e+02 9.059829059829059617e+00 1.828126232741617230e+01
2.215072539995616978e+02 8.999956169186939192e+00 1.832388779311856197e+01
2.218265614727153263e+02 8.956147271531886389e+00 1.876563664255971986e+01
2.218460223537146589e+02 8.861319307473154439e+00 1.866859522244137537e+01
2.218708305939075274e+02 8.891913214990138314e+00 1.786357659434582601e+01
2.219110453648915211e+02 8.817619986850756320e+00 1.784593469208853733e+01
2.218873328950251960e+02 8.691058514135436397e+00 1.784319526627218977e+01
2.216841332456717168e+02 8.864102564102564585e+00 1.763252246329169282e+01
2.219102564102564088e+02 8.691913214990137249e+00 1.836752136752136622e+01
2.217922419460880974e+02 8.680648696033310685e+00 1.760924830155599352e+01
2.219163488932719588e+02 8.827372342756957480e+00 1.852369055445978674e+01
2.220264518956826691e+02 8.815603769449923632e+00 1.837933377164146265e+01
2.218791146175761639e+02 8.887201402586017096e+00 1.789969318430856760e+01
2.218020819636204237e+02 8.951369712908174847e+00 1.796416831032215811e+01
2.218942143326758583e+02 8.934363357440281206e+00 1.832038132807363695e+01
2.219401490247644233e+02 9.016918693841770249e+00 1.814407188253342085e+01
2.220051282051282158e+02 8.946241507779969737e+00 1.807069910146833180e+01
2.219481481481481353e+02 8.996427788735481101e+00 1.772469866316020060e+01
2.219186719263642260e+02 9.022901599824676211e+00 1.860221345605960863e+01
2.220317115932500656e+02 9.054021477098400439e+00 1.862373438527284719e+01
2.217522901599824650e+02 9.169449923296077998e+00 1.835919351303966707e+01
2.217811965811965820e+02 9.088603988603988881e+00 1.818483453868069333e+01
2.218397107166337889e+02 9.131821170282709232e+00 1.814930966469427887e+01
2.218604646066184500e+02 8.975147928994083202e+00 1.890061363138286055e+01
2.216311856234933089e+02 8.810979618671925806e+00 1.827988165680473287e+01
2.217570677186061801e+02 8.933399079552925670e+00 1.808270874424720631e+01
2.218480166557089603e+02 8.938965592811745964e+00 1.777490685952224325e+01
2.218644093797939831e+02 8.911154941924172235e+00 1.791049747972824946e+01
2.220084374315143521e+02 9.002213456059610763e+00 1.745939075169844301e+01
2.219090291474906849e+02 8.964957264957265082e+00 1.770392285776901176e+01
2.219037256191102472e+02 8.933399079552925670e+00 1.803747534516765327e+01
2.219753451676528471e+02 9.006728029804952129e+00 1.781446416831032309e+01
2.217289064212141056e+02 9.032303309226385579e+00 1.733863686171378404e+01
2.218591058514135455e+02 9.006026736795966769e+00 1.813425378040762581e+01
2.221336401490247567e+02 8.939491562568486316e+00 1.765193951347797352e+01
2.220085689239535327e+02 8.982796405873328283e+00 1.803734385272846907e+01
2.219415296953758627e+02 8.888757396449703307e+00 1.812195923734385161e+01
2.219134998904229690e+02 8.865483234714004013e+00 1.829850975235590482e+01
2.219429103659873022e+02 8.773416611878150917e+00 1.888064869603331175e+01
2.219290817444663730e+02 8.874687705456937081e+00 1.897091825553363975e+01
2.220251369712908058e+02 8.999495945649790940e+00 1.872320841551610826e+01
2.218310103002410756e+02 8.963708086785009854e+00 1.908726714880561204e+01
2.219168310322156401e+02 9.143852728468113256e+00 1.862331799254876330e+01
2.220664694280078777e+02 9.095573087880779894e+00 1.878367302213456114e+01
2.218528380451457451e+02 8.957681349989043085e+00 1.857937760245452452e+01
2.219927240850317673e+02 8.870107385492000063e+00 1.823024326101249315e+01
2.218948279640587202e+02 8.865680473372780313e+00 1.823537146614069826e+01
2.219955292570677159e+02 8.922572868726714290e+00 1.834266929651544942e+01
2.217910585141354431e+02 9.007144422529037797e+00 1.850162174008328009e+01
2.221954854262546633e+02 8.937124698663160061e+00 1.883499890422967482e+01
2.221983125136971182e+02 9.089787420556652009e+00 1.900802103879026816e+01
2.220278983125136847e+02 9.073657681349988735e+00 1.919660311198772717e+01
2.218190225728687324e+02 8.888691650230111208e+00 1.892962962962963047e+01
2.220898969975893067e+02 8.827766820074511855e+00 1.872993644532106217e+01
2.221114179268025453e+02 8.921871575717728930e+00 1.844507999123383613e+01
2.217921323690554516e+02 8.889743589743590135e+00 1.864411571334648343e+01
2.220247205785667290e+02 8.968507560815252688e+00 1.869752355906202013e+01
2.221723646723646652e+02 8.954065307911461602e+00 1.930056980056980009e+01
2.219449265833881100e+02 9.024895901818979382e+00 1.871411352180582810e+01
2.219152531229454439e+02 8.968091168091168797e+00 1.885435020819636165e+01
2.222225947841332356e+02 9.013105413105412467e+00 1.898864781941705004e+01
2.220795748411132990e+02 9.064891518737672627e+00 1.860813061582292249e+01
2.221403681788297035e+02 9.082160859083936444e+00 1.852432610124917645e+01
2.221380232303309299e+02 8.988297172912558253e+00 1.856629410475564157e+01
2.217979180363795706e+02 9.013346482577251351e+00 1.828472496164803829e+01
2.220331360946745463e+02 8.832763532763532766e+00 1.865971948279640458e+01
2.220577251808020947e+02 8.779246110015341387e+00 1.830582949813718940e+01
2.217264518956826578e+02 8.769669077361385234e+00 1.833359631821170410e+01
2.218421652421652368e+02 8.851654613193074894e+00 1.806861713784790879e+01
2.219901818978742085e+02 8.910081087004163791e+00 1.810738549200087633e+01
2.221245233399079666e+02 9.010300241069471028e+00 1.841503396888012389e+01
2.222143326758711339e+02 8.941924172693402895e+00 1.811755424063116493e+01
2.222149682226605307e+02 8.962174008327854935e+00 1.837981591058514041e+01
2.216452114836730232e+02 8.895704580319964805e+00 1.804955073416611810e+01
2.216901161516546210e+02 8.849090510628972339e+00 1.807330703484549517e+01
2.216691211921981051e+02 8.923011176857331250e+00 1.798200745123822131e+01
2.217595222441376279e+02 8.835108481262327729e+00 1.764968222660530373e+01
2.219011396011395902e+02 8.836138505369275364e+00 1.793092263861494473e+01
2.218873767258382657e+02 8.905413105413105157e+00 1.805836072759149857e+01
2.215748191978961188e+02 8.897085250931404232e+00 1.841111111111111143e+01
2.215793995178610487e+02 8.837124698663160416e+00 1.852704361165899627e+01
2.217512820512820610e+02 8.908393600701293380e+00 1.816822266053035406e+01
2.217897435897435798e+02 8.870523778216085731e+00 1.856892395353933978e+01
2.219608152531229450e+02 8.854306377383300841e+00 1.863907516984439994e+01
2.218774709620863348e+02 8.745825115055884780e+00 1.871713784790707891e+01
2.217624369932062223e+02 8.806202060048214264e+00 1.838886697348235799e+01
2.218694718387025944e+02 8.940477755862371367e+00 1.899388560157790806e+01
2.219631821170282819e+02 8.847600262984878228e+00 1.886686390532544522e+01
2.219256629410475625e+02 8.562195923734385872e+00 1.916695156695156754e+01
2.217264738110891926e+02 8.714245014245014076e+00 1.886760902914749138e+01
2.218266491343414373e+02 8.601753232522463932e+00 1.810885382423844092e+01
2.216594345825114942e+02 8.731317115932499817e+00 1.867573964497041317e+01
2.216205128205128290e+02 8.651391628314705429e+00 1.924304185842647286e+01
2.217687486302870923e+02 8.735042735042734208e+00 1.851119877273723446e+01
2.220148586456278679e+02 8.885886478194169769e+00 1.870396668858207434e+01
2.218789392943239136e+02 8.791014683322375234e+00 1.888487836949375520e+01
2.218343633574402816e+02 8.933859303090072146e+00 1.908253342099495953e+01
2.218734823580977320e+02 8.948213894367739840e+00 1.914146394915625748e+01
2.218772518080210432e+02 8.982796405873328283e+00 1.899408284023668614e+01
2.218236248082401971e+02 9.078369493754109953e+00 1.829945211483672907e+01
2.219639710716633658e+02 9.171290817444663901e+00 1.826329169406092490e+01
2.220131711593249975e+02 9.071312732851193772e+00 1.861744466359850847e+01
2.220792241946087984e+02 9.280078895463510946e+00 1.891413543721235868e+01
2.220263861494630646e+02 9.221674337058951565e+00 1.871310541310541353e+01
2.220091606399298598e+02 9.188582073197457234e+00 1.867065527065527064e+01
2.218772298926145083e+02 9.162524654832347792e+00 1.885112864343633632e+01
2.220641902257286802e+02 9.060727591496823052e+00 1.856785009861932778e+01
2.219127547666009264e+02 9.072781065088756591e+00 1.837216743370589356e+01
2.218575717729563905e+02 8.940039447731756184e+00 1.873543721236028858e+01
2.220672583826429900e+02 8.824326101249178933e+00 1.901494630725400015e+01
2.219050624589086169e+02 8.912710935787858446e+00 1.820771422309884002e+01
2.218021038790269586e+02 8.854876177953100225e+00 1.821658996274380726e+01
2.218321279859741537e+02 8.875805391190006333e+00 1.848601797063335539e+01
2.217020819636204294e+02 8.840872233179926099e+00 1.831950471181240303e+01
2.217031339031339030e+02 8.822879684418145629e+00 1.841380670611439996e+01
2.218176638176638278e+02 8.766710497479728303e+00 1.827571772956388330e+01
2.217380013149243894e+02 8.824282270436116349e+00 1.802575060267367846e+01
2.218044926583388019e+02 8.854240631163708741e+00 1.833591935130396777e+01
2.219527065527065588e+02 8.963204032434800794e+00 1.873859303090072359e+01
2.218722550953320081e+02 8.917225509533201588e+00 1.825112864343633490e+01
2.216456278763971000e+02 9.019044488275257621e+00 1.865890861275476809e+01
2.218464825772518054e+02 9.147271531886916662e+00 1.875603769449923419e+01
2.218535612535612529e+02 8.992987069910146403e+00 1.860028490028490111e+01
2.217771641463949095e+02 9.051019066403680924e+00 1.819202279202279371e+01
2.218371904448827650e+02 9.111746657900503976e+00 1.798465921542844725e+01
2.218583826429980377e+02 8.896318211702826773e+00 1.819890422967345955e+01
2.219853166776243825e+02 8.923076923076923350e+00 1.845641025641025479e+01
2.217417707648477005e+02 8.862678062678062574e+00 1.897950909489371085e+01
2.218392943239097121e+02 8.829015998246767083e+00 1.845765943458251002e+01
2.219170501862809601e+02 8.828796844181459491e+00 1.836925268463729921e+01
2.219044269121192201e+02 8.914486083716852249e+00 1.886793776024545366e+01
2.219067718606180222e+02 8.859697567389874351e+00 1.840021915406530795e+01
2.219388121849660251e+02 8.895134779750163645e+00 1.837598071444225312e+01
2.218299364453210671e+02 8.829278983125137259e+00 1.818273065965373547e+01
2.219017094017094109e+02 8.934779750164365097e+00 1.782117028270874570e+01
2.219061801446416951e+02 8.902125794433485950e+00 1.784573745342976281e+01
2.218845934692088520e+02 8.830199430199430211e+00 1.809296515450361653e+01
2.219227262765724333e+02 8.909248301555994232e+00 1.796248082401928414e+01
2.218195704580319898e+02 8.941442033749726903e+00 1.734475126013587598e+01
2.220545255314486042e+02 8.942822704361166331e+00 1.806114398422090872e+01
2.217703484549638517e+02 8.958426473811089252e+00 1.798391409160639753e+01
2.218619767696690701e+02 9.061669953977645520e+00 1.758663160201621878e+01
2.219195047118124080e+02 9.183957922419461184e+00 1.796241507779969382e+01
2.218615165461319236e+02 9.130725399956169497e+00 1.840013149243918633e+01
2.218016655708963469e+02 9.230352838045146058e+00 1.830260793337716407e+01
2.218992767915844979e+02 9.220775805391189905e+00 1.784157352618890968e+01
2.218744028051720250e+02 9.248761779531010419e+00 1.825253122945430562e+01
2.218550734166118730e+02 9.137913653298268102e+00 1.796357659434582388e+01
2.218945649791803589e+02 8.971466140696909619e+00 1.811260135875520660e+01
2.221922200306815682e+02 9.041989918912996416e+00 1.817931185623493207e+01
2.221028490028490125e+02 9.047950909489371085e+00 1.761595441595441613e+01
2.219483673022134553e+02 9.074227481919789895e+00 1.766734604426912014e+01
2.220598071444225354e+02 9.153144860837167940e+00 1.804992329607714296e+01
2.221108919570457942e+02 9.114968222660531083e+00 1.827313171159325123e+01
2.219000000000000057e+02 9.238899846592154574e+00 1.785095332018408953e+01
2.221317992548761708e+02 9.054306377383300131e+00 1.784966031119877172e+01
2.220267806267806350e+02 9.039031339031339485e+00 1.756934034626342367e+01
2.218856234933157907e+02 9.040017532325224536e+00 1.803344291036598790e+01
2.221394039009423693e+02 9.107012930089853242e+00 1.850955511724742664e+01
2.219045364891518659e+02 9.301665570896339830e+00 1.765156695156695221e+01
2.218327416173570157e+02 9.314091606399298229e+00 1.812215647600262969e+01
2.221198991891299670e+02 9.356454087223317728e+00 1.788213894367740409e+01
2.221302651764190159e+02 9.383716852947621589e+00 1.799616480385711270e+01
2.220036598728906370e+02 9.316129739206662208e+00 1.840710059171597734e+01
2.220728906421214219e+02 9.381963620425159078e+00 1.836039886039885971e+01
2.221170721016874836e+02 9.432741617357001118e+00 1.792364672364672273e+01
2.219404339250493194e+02 9.354876177953100225e+00 1.819533201840894066e+01
2.220058952443567932e+02 9.504558404558403950e+00 1.845408722331799112e+01
2.221410694718387049e+02 9.443589743589743790e+00 1.820870041639272330e+01
2.220660968660968706e+02 9.386434363357439636e+00 1.776548323471400437e+01
2.219806267806267783e+02 9.251545036160420565e+00 1.749993425378040612e+01
2.218822485207100499e+02 9.238198553583169215e+00 1.785719921104536567e+01
2.219271751040981826e+02 9.299649353495507142e+00 1.819055445978522911e+01
2.219517422748191962e+02 9.328292789831252207e+00 1.783559062020600550e+01
2.220635327635327769e+02 9.281788297172912650e+00 1.829020381328073697e+01
2.220622616699539833e+02 9.325991672145518052e+00 1.814137628753013232e+01
2.218325443786982305e+02 9.363423186500108741e+00 1.854181459566074963e+01
2.219095551172474359e+02 9.364168310322156685e+00 1.851196581196581192e+01
2.220740740740740762e+02 9.433333333333333570e+00 1.808104317335086719e+01
2.220508218277448975e+02 9.358514135437213000e+00 1.833011176857330682e+01
2.222158448389217540e+02 9.282599167214552693e+00 1.810103002410694728e+01
2.221040762656147365e+02 9.318978742055664455e+00 1.834742493973263322e+01
2.220421871575717603e+02 9.422485207100590898e+00 1.797037037037037166e+01
2.220804514573745223e+02 9.565417488494411202e+00 1.835513916283147040e+01
2.221998027613412319e+02 9.503287310979619207e+00 1.833925049309664601e+01
2.220587771203155683e+02 9.501030024106947636e+00 1.866112206881437530e+01
2.220306596537365635e+02 9.596581196581196238e+00 1.936947183870260858e+01
2.220778216085908525e+02 9.527832566294105021e+00 1.823131711593250159e+01
2.222528818759587921e+02 9.676813499890423387e+00 1.865461319307473076e+01
2.223363138286215133e+02 9.633179925487617368e+00 1.816971290817444640e+01
2.221735700197238543e+02 9.709072978303748158e+00 1.875728687267148942e+01
2.221022353714661506e+02 9.649200087661625957e+00 1.868650010957703245e+01
2.220792022792022919e+02 9.573986412447951011e+00 1.873420994959456465e+01
2.222204689896997536e+02 9.484133245671706902e+00 1.829669077361385021e+01
2.219190444882752615e+02 9.404054350208197022e+00 1.822719701950471105e+01
2.219617795310103077e+02 9.458996274380890412e+00 1.807926802542187161e+01
2.219078895463510719e+02 9.444970414201183218e+00 1.772735042735042654e+01
2.219371027832566199e+02 9.382862152092920738e+00 1.841168091168091081e+01
2.217806706114398310e+02 9.459609905763752380e+00 1.813570019723865911e+01
2.219680692526846428e+02 9.412776682007450546e+00 1.909292132369055395e+01
2.221937541091387232e+02 9.418233618233617932e+00 1.875005478851632645e+01
2.220117685733070232e+02 9.476199868507560353e+00 1.893445101906640460e+01
2.219425378040762666e+02 9.464431295200526506e+00 1.875075608152531359e+01
2.219202060048213809e+02 9.344619767696690005e+00 1.900637738330046034e+01
2.219798816568047357e+02 9.348542625465702471e+00 1.878150339688801296e+01
2.221030243261012629e+02 9.332040324348016114e+00 1.902160859083936018e+01
2.218431076046460646e+02 9.286543940390094676e+00 1.914431295200525796e+01
2.219429980276134131e+02 9.357330703484549872e+00 1.936758711374096009e+01
2.218866754328292927e+02 9.392307692307692690e+00 1.920850317773394522e+01
2.218179048871356542e+02 9.345123822046899065e+00 1.930447074293228127e+01
2.218947183870260744e+02 9.392110453648914614e+00 1.935375849222003097e+01
2.220073635765943436e+02 9.480802103879026888e+00 1.907538899846592173e+01
2.222195047118123910e+02 9.445014245014245802e+00 1.960887573964496866e+01
2.220331580100810811e+02 9.490905106289721616e+00 1.983758492220030689e+01
2.221940390094236193e+02 9.366885820731974732e+00 1.929399517861056168e+01
2.220063116370808700e+02 9.290554459785228758e+00 1.886635985097523616e+01
2.217720797720797634e+02 8.960289283366206448e+00 1.880878807801884633e+01
2.216775367083059507e+02 9.042778873548105167e+00 1.894536489151873937e+01
2.218268902038132921e+02 9.047841332456716401e+00 1.835945649791803547e+01
2.216679377602454508e+02 8.739447731755424442e+00 1.832360289283366228e+01
2.213127328511943972e+02 8.724479509094893004e+00 1.886390532544378829e+01
2.214466359850975152e+02 8.730221345605961858e+00 1.936585579662502710e+01
2.213542844619767607e+02 8.868178829717290768e+00 1.870103002410694870e+01
2.216280955511724642e+02 9.201972386587771169e+00 1.948007889546351024e+01
2.216451238220469122e+02 9.293797939951785381e+00 1.904968222660530230e+01
2.217573526188910762e+02 9.080714442252903140e+00 1.884411571334648272e+01
2.220886478194170479e+02 9.089480604865221025e+00 1.923616042077580701e+01
2.219983782599167341e+02 9.198991891299582946e+00 1.906732412886259098e+01
2.217418584264738115e+02 9.128533859303090026e+00 1.957709840017532343e+01
2.217561691869384219e+02 9.278172255095331167e+00 1.910591715976331528e+01
2.217094017094017033e+02 9.396055226824458373e+00 1.842445759368836278e+01
2.217341661187815021e+02 9.105259697567390731e+00 1.894878369493754278e+01
2.214705456936226255e+02 8.937365768134998945e+00 1.841683103221564721e+01
2.213375191759807024e+02 8.861253561253560562e+00 1.893486741179048849e+01
2.214875301336839755e+02 8.871312732851194482e+00 1.903999561691869502e+01
2.215914310760464616e+02 8.940302432610124583e+00 1.843670830593907439e+01
2.215877492877492898e+02 9.034626342318649250e+00 1.861952662721893503e+01
2.215023230330922672e+02 8.970611439842208767e+00 1.844117904887135495e+01
2.215933158010081172e+02 8.852202498356344762e+00 1.837799693184308580e+01
2.216492220030681608e+02 8.629739206662284445e+00 1.888389217619986837e+01
2.215113083497698767e+02 8.617335086565855562e+00 1.811174665790050398e+01
2.214666228358535989e+02 8.559850975235590909e+00 1.786145079991233686e+01
2.212273285119439095e+02 8.404777558623711897e+00 1.791119877273723304e+01
2.213326977865439460e+02 8.470195047118124876e+00 1.840096427788735411e+01
2.212634889327196959e+02 8.365702388779311605e+00 1.844348016655709088e+01
2.215243699320622284e+02 8.433705895244356654e+00 1.836206443129519883e+01
2.214923076923076906e+02 8.490510628972167240e+00 1.860558842866535301e+01
2.215204032434801604e+02 8.430287091825553247e+00 1.813357440280517352e+01
2.213921981152750504e+02 8.277032653955730623e+00 1.830311198772737313e+01
2.213583388121849680e+02 8.304624150777996761e+00 1.809292132369055395e+01
2.214399079552925684e+02 8.236072759149681843e+00 1.873778216085908355e+01
2.213397545474468586e+02 8.228577690116152255e+00 1.834041200964277962e+01
2.212730440499671261e+02 8.304361165899626585e+00 1.869936445321060603e+01
2.215363138286215303e+02 8.349747972824895115e+00 1.856478194170501794e+01
2.216284242822704300e+02 8.198027613412229186e+00 1.817731755424063067e+01
2.212086785009861956e+02 8.255621301775148524e+00 1.846925268463730063e+01
2.212804733727810742e+02 8.286828840674994368e+00 1.827407407407407547e+01
2.214356125356125347e+02 8.361669953977646230e+00 1.795012053473591962e+01
2.210812842428227043e+02 8.292636423405653545e+00 1.778209511286434363e+01
2.212385930309007165e+02 8.113324567170721480e+00 1.806169186938417681e+01
2.211722550953320194e+02 8.213565636642560008e+00 1.776193293885601676e+01
2.212140696909927726e+02 7.890181897874205319e+00 1.791943896559281058e+01
2.212310979618671922e+02 7.812601358755205005e+00 1.777961867192636447e+01
2.212451895682664826e+02 7.784242822704361409e+00 1.800731974578128458e+01
2.211882752575060351e+02 7.930988384834538607e+00 1.796841989918912930e+01
2.211959018189787400e+02 7.921564760026298835e+00 1.799531010300241007e+01
2.211917159763313521e+02 7.901139601139600899e+00 1.775733070348454845e+01
2.213310541310541169e+02 7.810804295419679910e+00 1.773850536927459842e+01
2.211391409160639796e+02 7.875213675213675657e+00 1.776565855796625115e+01
2.214205128205128119e+02 8.002849002849002247e+00 1.849647161954854369e+01
2.213250931404777475e+02 8.024961648038571482e+00 1.865500767039228691e+01
2.211092263861494587e+02 7.998356344510190397e+00 1.852870918255533539e+01
2.215119877273723432e+02 8.034319526627218266e+00 1.870414201183432112e+01
2.216311198772737328e+02 8.142143326758711552e+00 1.901573526188910890e+01
2.215175542406311706e+02 8.345321060705675364e+00 1.864992329607714083e+01
2.216832785448170000e+02 8.332500547885162590e+00 1.910208196362042443e+01
2.213841551610782403e+02 8.356870479947403396e+00 1.885145737453429859e+01
2.215624150777996988e+02 8.300854700854701562e+00 1.868036379574841277e+01
2.215497479728248891e+02 8.448170063554679032e+00 1.858625904010519392e+01
2.215781941705018596e+02 8.580276134122287957e+00 1.859561691869384248e+01
2.216463291694061013e+02 8.600767039228577104e+00 1.846134122287968538e+01
2.217604865220249906e+02 8.779728248959017378e+00 1.900979618671926374e+01
2.218105632259478455e+02 8.905873328950251633e+00 1.875759368836292040e+01
2.217441814595660787e+02 8.835020819636204337e+00 1.859423624808240305e+01
2.217645408722331695e+02 8.785338593030900256e+00 1.814779750164365524e+01
2.219581634889327120e+02 8.954415954415955170e+00 1.817449046679815794e+01
2.216889765505150081e+02 9.042450142450142891e+00 1.887129081744466319e+01
2.217907078676309425e+02 9.209160639929871550e+00 1.930909489371027732e+01
2.219181897874205447e+02 9.282971729125575777e+00 1.850427350427350603e+01
2.218120753889984655e+02 9.078917378917378045e+00 1.883133903133903075e+01
2.217359193513039770e+02 8.696099057637519891e+00 1.858343195266272119e+01
2.213386587771203153e+02 8.689590181897873578e+00 1.813936007012929963e+01
2.214885382423844078e+02 8.567367959675651790e+00 1.832224413762875415e+01
2.213980495288187456e+02 8.421477098400174555e+00 1.846079333771641373e+01
2.213147709840017399e+02 8.407341661187814452e+00 1.777705456936226014e+01
2.215991452991453059e+02 8.607429322813938910e+00 1.807506026736795945e+01
2.213412447950909439e+02 8.626101249178171670e+00 1.855987289064212220e+01
2.215163708086784879e+02 8.493491124260355463e+00 1.865774709620863447e+01
2.217953977646285466e+02 8.713784790707867600e+00 1.837799693184308580e+01
2.217052816129739199e+02 8.741968003506464413e+00 1.881786105632259520e+01
2.217553364014902400e+02 9.095200525969756811e+00 1.834823580977426971e+01
2.217738768354153081e+02 9.102038132807363624e+00 1.894600043830812908e+01
2.218421871575717716e+02 9.043458251150559235e+00 1.888170063554678890e+01
2.218964058733289448e+02 9.374315143545912221e+00 1.845018628095551350e+01
2.219289502520271640e+02 9.354481700635547625e+00 1.858685075608152459e+01
2.219280955511724756e+02 9.173175542406312388e+00 1.899579224194608784e+01
2.217854920008766157e+02 9.000920447074292952e+00 1.866859522244137537e+01
2.217802980495288239e+02 9.078895463510848529e+00 1.858781503396888013e+01
2.215966469428007883e+02 8.789568266491343707e+00 1.818731097961867249e+01
2.214292570677185950e+02 8.734757834757834516e+00 1.855310103002410571e+01
2.215415954415954332e+02 8.629432390970851685e+00 1.824564979180363622e+01
2.216361604207758091e+02 8.512623274161736475e+00 1.809943019943019848e+01
2.214860837168529599e+02 8.437234275695814745e+00 1.787525750602673824e+01
2.211933596318211812e+02 8.317028270874423868e+00 1.771735700197238828e+01
2.212796625027394271e+02 8.188406749945212226e+00 1.811849660311198917e+01
2.212566074950690336e+02 8.059193513039666357e+00 1.785069033530572113e+01
2.215854262546570226e+02 8.029892614507998516e+00 1.832958579881656647e+01
2.213473591935130287e+02 7.988143765066841873e+00 1.811154941924172590e+01
2.212664694280078947e+02 7.861911023449485114e+00 1.788128424282270501e+01
2.210808240192855578e+02 7.869559500328731083e+00 1.802822704361165762e+01
2.210119877273723432e+02 7.756914310760464559e+00 1.788542625465702329e+01
2.212754985754985739e+02 7.896822266053034944e+00 1.787357001972386428e+01
2.213087004163927247e+02 7.720162174008327938e+00 1.751089195704580348e+01
2.214922638614946209e+02 7.650515012053473285e+00 1.820591715976331315e+01
2.214177514792899331e+02 7.759368836291913318e+00 1.809778654394039066e+01
2.211524435678281861e+02 7.583147052377821495e+00 1.767367959675652145e+01
2.212703046241507820e+02 7.580232303309226261e+00 1.745573087880780250e+01
2.211206004821389399e+02 7.143502081963620576e+00 1.791093578785886464e+01
2.209917159763313634e+02 7.076769669077361158e+00 1.754657023887792988e+01
2.211683541529695276e+02 7.112491781722551032e+00 1.766833223756300697e+01
2.210781722550953248e+02 7.049550734166118993e+00 1.742312075388998593e+01
2.211959237343852749e+02 7.148148148148147918e+00 1.725218058294981205e+01
2.209285119438965523e+02 7.086127547666008830e+00 1.717047994740302386e+01
2.209562130177514803e+02 7.949769888231426940e+00 1.727637519175980785e+01
2.213922638614946266e+02 8.274709620863466952e+00 1.816061801446416979e+01
2.216616261231645808e+02 9.195616918693842123e+00 1.896263423186499963e+01
2.221444663598509806e+02 9.701753232522463577e+00 1.902233179925487505e+01
2.223561472715318814e+02 9.783716852947621945e+00 1.966611878150339621e+01
2.224463072539995494e+02 9.767762436993205455e+00 1.992678062678062645e+01
2.222733289502520222e+02 9.785623493315801724e+00 1.986800350646504398e+01
2.224336401490247681e+02 9.678413324567170406e+00 1.956427788735480888e+01
2.222692088538242388e+02 9.505281612973920602e+00 1.980365987289064122e+01
2.221893710278325784e+02 9.514968222660529662e+00 1.935877712031558318e+01
2.221921104536489224e+02 9.489327197019504112e+00 1.932226605303528544e+01
2.221342756958141536e+02 9.306070567609028288e+00 2.005483234714003871e+01
2.220378040762656155e+02 9.197830374753451110e+00 1.931349989042296755e+01
2.221912338373876707e+02 9.102498356344510100e+00 1.963892176199868445e+01
2.221973920666228253e+02 9.099758930528160761e+00 1.969524435678281904e+01
2.221482796405873330e+02 9.130747315362700789e+00 2.004214332675871191e+01
2.223069033530572085e+02 9.070458031996492920e+00 1.972410694718386992e+01
2.221392724085031887e+02 9.093140477755861539e+00 1.975233399079552754e+01
2.222399956169186908e+02 9.164014902476440128e+00 2.007181678720140283e+01
2.220725399956169213e+02 8.973000219154064538e+00 1.906416831032215597e+01
2.216931185623493263e+02 8.899079552925707404e+00 1.947926802542187019e+01
2.219311637080867854e+02 8.905654174884944041e+00 1.910046022353714790e+01
2.220317992548761765e+02 8.676177953101030127e+00 1.952038132807363624e+01
2.219175542406311763e+02 8.774117904887136277e+00 1.967197019504711974e+01
2.220072101687486281e+02 8.862524654832347082e+00 1.954501424501424367e+01
2.222166118781503314e+02 8.988888888888888928e+00 1.887777777777777644e+01
2.221143107604646048e+02 8.997107166337935169e+00 1.974597852290159850e+01
2.221763094455402268e+02 8.994192417269340822e+00 1.921981152750383615e+01
2.221028490028490125e+02 8.844334867411790313e+00 1.962610124917817345e+01
2.218962305500766945e+02 8.921477098400174555e+00 1.940951128643436263e+01
2.222348454963839686e+02 8.925904010519394305e+00 1.910094236248082566e+01
2.219616261231645922e+02 8.833179925487618434e+00 1.949649353495507498e+01
2.220418365110672880e+02 8.627350427350426898e+00 1.924280078895463575e+01
2.219832785448170114e+02 8.600328731097961921e+00 1.911194389655928205e+01
2.220629191321499150e+02 8.455402147709840222e+00 1.941194389655928276e+01
2.219131273285119335e+02 8.474753451676528826e+00 1.973442910365987402e+01
2.217554459785229142e+02 8.415713346482577961e+00 1.921667762436993243e+01
2.217403462634231914e+02 8.162984878369494268e+00 1.948650010957703316e+01
2.216862371246986640e+02 7.954985754985754554e+00 1.870543502081963538e+01
2.216012930089853228e+02 7.957593688362918805e+00 1.967144422529037939e+01
2.219375849222003012e+02 7.982796405873329171e+00 1.975623493315800872e+01
2.216797501643655437e+02 7.860157790927021715e+00 1.955796625027394242e+01
2.213283366206443077e+02 7.699539776462853702e+00 1.874714003944773211e+01
2.211726276572430550e+02 7.665548980933595935e+00 1.868485645408722462e+01
2.213141354372123715e+02 7.648564540872233586e+00 1.893298268682884000e+01
2.210968880122726148e+02 7.498663160201621380e+00 1.883109796186719365e+01
2.209356125356125347e+02 7.418803418803419092e+00 1.884192417269340325e+01
2.213349989042296784e+02 7.292285776901161753e+00 1.893837387683541706e+01
2.211799693184308637e+02 7.507078676309445697e+00 1.929539776462853240e+01
2.214081525312294616e+02 7.691935130396668541e+00 1.915597194827963889e+01
2.213749945211483805e+02 7.727218934911242343e+00 1.979340346263423100e+01
2.212772956388340901e+02 7.714880561034407336e+00 1.963745342976112340e+01
2.213224632916940493e+02 7.727109357878588547e+00 1.917499452114836700e+01
2.212434363357440361e+02 7.471816787201402299e+00 1.973749726057418385e+01
2.213245452553144901e+02 7.614091606399298939e+00 1.959121192198115224e+01
2.214738110891956921e+02 7.616787201402585694e+00 1.971911023449484901e+01
2.213372342756958062e+02 7.524676747753670902e+00 1.959787420556651227e+01
2.212637300021915507e+02 7.676769669077361691e+00 1.985415296953758357e+01
2.214310322156476047e+02 7.852136752136751774e+00 1.970284900284900331e+01
2.213299145299145323e+02 7.971488056103440911e+00 2.002934472934472865e+01
2.215067937760245513e+02 8.086127547666009718e+00 1.999316239316239319e+01
2.213926802542187033e+02 8.190050405435020053e+00 1.988663160201621594e+01
2.216285338593031042e+02 8.311812404120097142e+00 2.029119000657462024e+01
2.216680692526846315e+02 8.402344948498795318e+00 2.023204032434801647e+01
2.214450142450142494e+02 8.413017751479289430e+00 1.951244795090948969e+01
2.217024106947183952e+02 8.470918255533639751e+00 2.006471619548542762e+01
2.217455402147709833e+02 8.505763751917598370e+00 2.061251369712908144e+01
2.216934034626342225e+02 8.522222222222222143e+00 2.040602673679596890e+01
2.218593030900723306e+02 8.559807144422528324e+00 2.073431952662721756e+01
2.213490905106289688e+02 8.472824895901819531e+00 1.968538242384396142e+01
2.212021038790269643e+02 7.915516107823799885e+00 1.995886478194170621e+01
2.213141792680254127e+02 8.054657023887793699e+00 2.038341003725619061e+01
2.211637957484111325e+02 7.892789831251369570e+00 1.967609029147490673e+01
2.211306158229235166e+02 8.110081087004163081e+00 2.016252465483234602e+01
2.212156256848564624e+02 8.031119877273724228e+00 1.989914529914529950e+01
2.212441157133464742e+02 8.042647381108919191e+00 2.011838702607933271e+01
2.211633136094674512e+02 8.085119438965593375e+00 2.032884067499452030e+01
2.214954415954416049e+02 7.970129300898531888e+00 1.942759149682226649e+01
2.212176857330703399e+02 7.817159763313609844e+00 1.951884724961648132e+01
2.210776243699320673e+02 7.864387464387464277e+00 1.949423624808240163e+01
2.210261889108043079e+02 7.798202936664474727e+00 1.919844400613631308e+01
2.211254876177953008e+02 7.763510848126232489e+00 1.890506245890861337e+01
2.214252684637299922e+02 7.773372781065088333e+00 1.875599386368617161e+01
2.209858645627876399e+02 7.652355906202060076e+00 1.921639272408503274e+01
2.210319307473153572e+02 7.610585141354372141e+00 1.944236248082401985e+01
2.210886259040105131e+02 7.532412886259040263e+00 1.870170940170940099e+01
2.209418584264738001e+02 7.488231426692965265e+00 1.949916721455182866e+01
2.210318430856892462e+02 7.474161735700197262e+00 1.915597194827963889e+01
2.209767258382642865e+02 7.551238220468989404e+00 1.879167214551829801e+01
2.211606399298707117e+02 7.615121630506245687e+00 1.863111987727372210e+01
2.211441376287530147e+02 7.661538461538461853e+00 1.918485645408722462e+01
2.207888012272627520e+02 7.650010957703265113e+00 1.878222660530352783e+01
2.209270216962524671e+02 7.757593688362919515e+00 1.898862590401051875e+01
2.210310103002410642e+02 7.785097523559062260e+00 1.874014902476440980e+01
2.211144422529037854e+02 7.896340127109358065e+00 1.904768792461100091e+01
2.214461538461538339e+02 8.231974578128424369e+00 1.931087004163927290e+01
2.212630287091825494e+02 8.214179268025421976e+00 1.894817006355467726e+01
2.215713784790707734e+02 8.546942800788954742e+00 1.904356782818321392e+01
2.213926802542187033e+02 8.226123164584702607e+00 1.884142011834319419e+01
2.213093578785886564e+02 8.586259040105193918e+00 1.922279202279202437e+01
2.213211702827087493e+02 8.453758492220030618e+00 1.936125356125356234e+01
2.213769669077361470e+02 8.457286872671488709e+00 1.906581196581196735e+01
2.212916502301117703e+02 8.366228358536050180e+00 1.878842866535174139e+01
2.212700854700854620e+02 8.341880341880342442e+00 1.945115055884286548e+01
2.215063773833004461e+02 8.280232303309226438e+00 1.810098619329388470e+01
2.215482138943677342e+02 8.244093797939951784e+00 1.886966907736138666e+01
2.214930089853166635e+02 8.239316239316238466e+00 1.833201840894148660e+01
2.212313828621520884e+02 8.161341222879684665e+00 1.929855358316896741e+01
2.212180802103879103e+02 8.224808240192855280e+00 1.918441814595660588e+01
2.212772737234275837e+02 7.950515012053473995e+00 1.902594784133245653e+01
2.213440718825334272e+02 7.950339688801227211e+00 1.892410694718386921e+01
2.213390751698443921e+02 7.917663817663817660e+00 1.859636204251588865e+01
2.212767915844839024e+02 7.682621082621082564e+00 1.877144422529038081e+01
2.212817882971729091e+02 7.801336839798378442e+00 1.821133026517641795e+01
2.211688143765066741e+02 7.642713127328511824e+00 1.828417707648477020e+01
2.210519614288845105e+02 7.648980933596318366e+00 1.786401490247644119e+01
2.210629629629629562e+02 7.604996712689020555e+00 1.857801884724961639e+01
2.210964497041420032e+02 7.676857330703484195e+00 1.827584922200306750e+01
2.211929651545036108e+02 7.917729563883409760e+00 1.891926364234056379e+01
2.213273065965373689e+02 7.784659215428446188e+00 1.876362042515888717e+01
2.212925049309664587e+02 7.828994082840236679e+00 1.836024545255314422e+01
2.210826210826210740e+02 7.881875958799035686e+00 1.892434801665570987e+01
2.213412447950909439e+02 7.903353057199210774e+00 1.880127109357878723e+01
2.212327416173569929e+02 7.803813280736357605e+00 1.866966907736138381e+01
2.213266491343414373e+02 7.844751260135875093e+00 1.867510409818101991e+01
2.213086785009861899e+02 7.956870479947403041e+00 1.851431076046460689e+01
2.212909708525093038e+02 7.884527722989261633e+00 1.861983344291036602e+01
2.213089853166776209e+02 7.930856892395353519e+00 1.856666666666666643e+01
2.211561034407188231e+02 7.885689239535393469e+00 1.917714223098838389e+01
2.214010519395134793e+02 7.890357221126452103e+00 1.923420994959456465e+01
2.213605522682445894e+02 7.739776462853385830e+00 1.848772737234275709e+01
2.213329388560157724e+02 7.911505588428664915e+00 1.862789831251369677e+01
2.209364014902476470e+02 7.894214332675870693e+00 1.893033092263861406e+01
2.212082840236686252e+02 7.835700197238658404e+00 1.884348016655708946e+01
2.212518080210387836e+02 7.957286872671487821e+00 1.905426254657023932e+01
2.210239973701512213e+02 7.903769449923296442e+00 1.889618671926364257e+01
2.211806706114398366e+02 7.963247863247863378e+00 1.879033530571992117e+01
2.214081963620425029e+02 7.959346920885382204e+00 1.955279421433267473e+01
2.211612754766600801e+02 7.878303747534516788e+00 1.922301117685733018e+01
2.211254218715757247e+02 8.115121630506246575e+00 1.953416611878150277e+01
2.215058075827306538e+02 8.167455621301774826e+00 1.937247424939732809e+01
2.214343633574402759e+02 8.164234056541749496e+00 1.970758273065965227e+01
2.215601139601139664e+02 8.232916940609248613e+00 2.011549419241726966e+01
2.212680911680911606e+02 8.130396668858207221e+00 1.976438746438746463e+01
2.214920885382423705e+02 8.213499890422967908e+00 1.940585141354372212e+01
2.215866754328292814e+02 8.222813938198553885e+00 2.020716633793556838e+01
2.216142669296515351e+02 8.172824895901818820e+00 1.987470962086346660e+01
2.214019285557747025e+02 8.212382204689896881e+00 2.045399956169186950e+01
2.212843962305500725e+02 8.206289721674336235e+00 2.042982686828840500e+01
2.214542625465702486e+02 8.203922857769011756e+00 1.995259697567389878e+01
