1.912673850971723368e+02 6.420005526388504746e-01 2.098585244542691441e+01
1.920788063000829027e+02 6.310214608086948118e-01 2.080180528691166941e+01
1.923593442018973860e+02 6.489638021552914804e-01 2.107095882840563661e+01
1.931134383347149424e+02 6.417794970986460124e-01 2.167733259648153421e+01
1.938218292345951852e+02 6.337478124712166982e-01 2.252880169475914229e+01
1.944693561757391649e+02 6.452242792668324567e-01 2.295293359123146359e+01
1.957458229713548974e+02 6.442847932209634365e-01 2.379950262503453828e+01
1.961774154923091089e+02 6.430321451598047799e-01 2.404673482545823049e+01
1.958485585336649137e+02 6.471953578336556712e-01 2.409426176660219099e+01
1.954731878051026968e+02 6.401215805471124343e-01 2.417382333978078535e+01
1.953560652113843616e+02 6.254766510085658648e-01 2.374269135120199081e+01
1.954744588744588611e+02 6.338583402413189294e-01 2.393104909275121983e+01
1.952845353228331930e+02 6.304504006631665991e-01 2.385049276964170417e+01
1.946279266832458461e+02 6.291240674219397144e-01 2.272515427834576940e+01
1.933753523072672067e+02 6.136686009026434130e-01 2.229446440084737802e+01
1.927818550244082019e+02 6.128028000368426209e-01 2.256264161370544485e+01
1.926321820023947566e+02 5.978262871879893581e-01 2.264767431150409749e+01
1.934860827116146140e+02 6.051026987197200002e-01 2.316739430781984055e+01
1.945572810168554838e+02 6.150501980289214687e-01 2.380792115685732568e+01
1.955602284240582094e+02 6.273740443953209622e-01 2.447405360596849988e+01
1.961043566362715183e+02 6.366399557888919869e-01 2.499180252371741773e+01
1.963089988026158323e+02 6.321451598047342912e-01 2.491356728378005059e+01
1.963079487887998482e+02 6.438979460256055720e-01 2.467563783733996630e+01
1.959597863129777977e+02 6.536059684995855212e-01 2.409079856313898915e+01
1.959960210002763290e+02 6.694482822142396872e-01 2.428446163765312704e+01
1.958689140646587532e+02 6.666666666666666297e-01 2.423943999263148186e+01
1.960010315925209454e+02 6.733351754628350561e-01 2.434934143870314216e+01
1.954518006815879119e+02 6.557059961315280239e-01 2.378432347794050017e+01
1.942987749838813727e+02 6.531822787141936537e-01 2.328188265635074217e+01
1.936115133093856571e+02 6.551717785760339252e-01 2.298924196371005024e+01
1.932645666390347117e+02 6.406742193976237010e-01 2.297008381689232692e+01
1.935727917472598278e+02 6.410610665929814544e-01 2.311994105185594606e+01
1.942854195449939994e+02 6.357004697430229667e-01 2.328296951275674687e+01
1.951247121672653577e+02 6.339504467164042145e-01 2.413497282858984860e+01
1.957820392373583900e+02 6.509164594270977489e-01 2.389558809984341892e+01
1.963977157594178777e+02 6.508427742470295208e-01 2.443389518283135331e+01
1.964098553928341175e+02 6.553559915262042734e-01 2.400687114304135505e+01
1.961285437966288896e+02 6.462190291977526480e-01 2.383619784470848302e+01
1.958803536888643180e+02 6.297319701575020412e-01 2.398476558902090972e+01
1.956596665745601911e+02 6.140001842129502174e-01 2.416901538178133890e+01
1.955445334807037057e+02 6.102238187344570797e-01 2.394980197107856768e+01
1.953120751588836583e+02 6.179423413465966464e-01 2.384128212213318676e+01
1.945501519756838888e+02 6.186791931472782613e-01 2.314009394860458713e+01
1.938352030947775688e+02 6.299346044026895575e-01 2.257102330293819747e+01
1.934893801234226771e+02 6.189739338675508407e-01 2.257949709864603349e+01
1.939503546099290645e+02 6.297319701575020412e-01 2.268971170673298232e+01
1.946846458506032889e+02 6.202265819287096082e-01 2.284609008013263320e+01
1.956345399281569541e+02 6.389057750759878918e-01 2.367830892511743457e+01
1.964665561388965784e+02 5.974947038776825536e-01 2.451483835313622706e+01
1.967171962788983990e+02 6.091185410334346573e-01 2.517734180712904291e+01
1.969397439439992752e+02 6.363820576586534106e-01 2.571837524177949774e+01
1.970015658100764426e+02 6.251819102882932855e-01 2.501162383715575288e+01
1.968350925670074503e+02 6.468637745233489778e-01 2.498719719996315902e+01
1.967708390899880158e+02 6.634429400386847586e-01 2.511483835313622492e+01
1.967933683337938646e+02 6.534033342543981160e-01 2.476728378004973763e+01
1.968658192870958885e+02 6.819563415308096399e-01 2.504410058027079344e+01
1.965929446440084689e+02 6.893248595376254562e-01 2.435567836418900356e+01
1.955310122501611829e+02 6.820116054158607000e-01 2.356264161370544485e+01
1.944973933867550784e+02 6.607165883761628722e-01 2.267342728193791856e+01
1.939044487427466095e+02 6.220687114304135346e-01 2.277098646034816198e+01
1.940274108869853649e+02 5.933130699088146054e-01 2.260292898590770960e+01
1.946460532375425885e+02 5.827945104540849242e-01 2.341976604955328511e+01
1.954401584231371487e+02 5.780786589297227662e-01 2.373535967578520811e+01
1.964425900340793874e+02 6.274108869853550763e-01 2.465874550980933932e+01
1.969012065948236057e+02 6.325504282951091017e-01 2.470968039053145304e+01
1.969201621073961519e+02 6.257161278437873841e-01 2.477365754812563381e+01
1.968981855024408105e+02 6.302293451229621368e-01 2.475068619323938535e+01
1.966175923367412679e+02 6.173712812010684337e-01 2.452681219489729969e+01
1.964503638205765981e+02 6.104264529796444849e-01 2.433128856958644093e+01
1.962564796905222408e+02 6.206686930091185328e-01 2.450844616376531349e+01
1.962361057382333911e+02 6.243161094224923824e-01 2.456492585428755504e+01
1.957519756838905778e+02 6.416137054434927212e-01 2.396162844247950474e+01
1.947490835405729115e+02 6.436032053053329927e-01 2.342735562310030417e+01
1.940494795984157577e+02 6.389426176660218948e-01 2.308696693377544307e+01
1.937591968315372526e+02 6.489085382702404203e-01 2.283870314083080189e+01
1.940137422860827030e+02 6.504190844616376532e-01 2.295958367873261352e+01
1.946766141659758773e+02 6.690245924288477086e-01 2.290745141383439432e+01
1.956308004052685021e+02 6.693561757391545131e-01 2.398607350096711954e+01
1.963832182002394688e+02 6.705719812102790556e-01 2.406263240305793616e+01
1.966530164870590340e+02 6.811458045500599079e-01 2.499941051855945418e+01
1.966939854471769422e+02 6.695588099843419183e-01 2.458211292253845315e+01
1.963391913051487450e+02 6.595928893801233928e-01 2.405056645482177302e+01
1.961529520125264696e+02 6.523533204384268647e-01 2.444236897853919288e+01
1.961134935985999732e+02 6.441374228608270913e-01 2.421862392926222540e+01
1.962529059592889382e+02 6.490559086303767655e-01 2.439876577323385831e+01
1.960667035092567119e+02 6.427189831445150325e-01 2.410848300635534613e+01
1.951490835405728888e+02 6.357373123330569697e-01 2.345080593165699412e+01
1.942909643547941414e+02 6.280740536059684631e-01 2.266620613429124020e+01
1.938375241779497173e+02 6.110527770102238687e-01 2.237518651561204663e+01
1.939867550888827452e+02 6.171870682508980854e-01 2.242387399834208495e+01
1.945502256608639584e+02 6.216450216450216670e-01 2.312561481072119207e+01
1.953806023763470705e+02 6.129685916919959121e-01 2.369267753523072528e+01
1.960239476835221524e+02 6.135396518375241248e-01 2.437822602928985916e+01
1.966790641982131262e+02 6.170949617758128003e-01 2.459968683798470934e+01
1.968128212213318591e+02 6.072395689416966169e-01 2.462155291516993572e+01
1.967119830524085842e+02 6.231187252463847859e-01 2.501895551257253558e+01
1.966338767615363281e+02 6.406373768075895869e-01 2.479174725983236627e+01
1.963025145067698247e+02 6.227134567560099754e-01 2.456700746062448104e+01
1.960680482637929458e+02 6.263056092843326539e-01 2.445940867642995187e+01
1.960115869945657039e+02 5.935341254490190677e-01 2.454396242055816657e+01
1.951000644745325587e+02 5.754628350373031109e-01 2.348589849866445434e+01
1.941144146633508285e+02 5.684627429308279911e-01 2.267611679101040778e+01
1.935925762181081211e+02 5.625679285253752937e-01 2.263651100672377225e+01
1.935133278069448295e+02 5.560467900893433235e-01 2.252080685272174776e+01
1.939456940222897572e+02 5.629363544257161012e-01 2.287359307359307437e+01
1.947296122317398783e+02 5.666574560191581789e-01 2.361059224463479822e+01
1.954480980012894804e+02 5.798839458413926895e-01 2.423043197936814863e+01
1.961172699640784742e+02 6.123975315464676994e-01 2.435214147554573216e+01
1.964088974854932417e+02 6.161738970249608371e-01 2.497386018237082084e+01
1.962238371557520509e+02 6.224555586257713991e-01 2.463564520585797268e+01
1.959542046605876351e+02 6.174265450861196047e-01 2.466338767615363281e+01
1.957410334346504612e+02 6.178686561665285293e-01 2.434422031868840364e+01
1.956672193055171647e+02 6.030579349728285576e-01 2.401387123514783184e+01
1.957071566731141274e+02 6.073869393018329621e-01 2.381552915169936568e+01
1.953652758588928862e+02 5.989131435939946124e-01 2.348606429031961085e+01
1.942369715390991871e+02 6.084737957078382165e-01 2.301090540665008888e+01
1.932837247858524563e+02 6.019710785668231923e-01 2.263175831260937798e+01
1.928931749101961941e+02 5.967946946670350528e-01 2.269684074790457728e+01
1.933865708759325912e+02 5.935157041540020106e-01 2.292699640784747217e+01
1.946784562954775595e+02 6.698903932946486117e-01 2.349348807221147695e+01
1.959239200515796142e+02 7.720364741641337902e-01 2.454792299898682728e+01
1.963123146357188773e+02 8.186239292622271568e-01 2.576862853458598224e+01
1.967221884498480335e+02 8.563691627521414773e-01 2.585983236621534331e+01
1.972205950078290471e+02 9.677443124251634554e-01 2.612279635258358823e+01
1.974902090816984526e+02 1.172220687114304161e+00 2.616925485861656142e+01
1.971912867274569408e+02 1.143207147462466544e+00 2.577467071935156895e+01
1.962914064658745588e+02 1.018808142212397572e+00 2.546742193976236379e+01
1.960282766878511609e+02 1.012526480611587010e+00 2.513163857419176495e+01
1.965541309754075598e+02 1.197236805747444066e+00 2.533278069448282110e+01
1.962686745878235115e+02 1.298738141291332804e+00 2.519690522243713815e+01
1.951653127014829181e+02 1.376494427558257350e+00 2.437673390439347898e+01
1.937341807129041058e+02 1.370102238187344668e+00 2.375037303122409682e+01
1.932812379110251584e+02 1.435755733628073960e+00 2.382225292438058517e+01
1.941158331030671320e+02 1.590568296951275773e+00 2.431964631113567421e+01
1.952651561204752682e+02 1.681256332320162139e+00 2.556956802063185208e+01
1.963246753246753258e+02 1.644119001565810034e+00 2.675906788247213797e+01
1.966598876301003997e+02 1.508004052684903673e+00 2.703030303030303116e+01
1.971339780786589415e+02 1.410794878879985337e+00 2.740027631942525588e+01
1.975661048171686502e+02 1.428239845261121799e+00 2.731988578797089318e+01
1.974059316569954774e+02 1.378207607994841988e+00 2.668783273464124406e+01
1.967135304411900165e+02 1.204568481164225879e+00 2.631196463111356820e+01
1.965395965736391304e+02 1.064308740904485573e+00 2.576225476651008606e+01
1.968090080132633375e+02 1.077958920512112062e+00 2.616032053053329776e+01
1.969188541954499385e+02 1.146265082435295124e+00 2.550076448374320748e+01
1.958152528322740977e+02 1.182628718798931500e+00 2.472299898682877384e+01
1.944280740536059682e+02 1.118651561204752731e+00 2.424511375149673142e+01
1.939233121488440759e+02 1.112093580178686647e+00 2.385084277424703103e+01
1.941402965828497713e+02 1.126480611586994529e+00 2.395781523441097960e+01
1.944133370175923403e+02 1.072837800497374872e+00 2.426397715759418006e+01
1.951895919683153693e+02 1.013558073132541315e+00 2.497759970525927997e+01
1.960085843234779475e+02 1.006465874550980910e+00 2.554055448098001335e+01
1.964281477387860377e+02 9.814865985078751187e-01 2.582298977618126656e+01
1.966410979091830029e+02 9.918946301925025688e-01 2.574003868471953638e+01
1.964430874090448640e+02 1.006060606060606100e+00 2.552570691719627760e+01
1.963029381965552318e+02 1.007423781891866987e+00 2.556584691903840678e+01
1.961420834484664226e+02 1.012342267661416662e+00 2.534333609652758668e+01
1.961315280464216642e+02 1.034060974486506357e+00 2.530157502072395559e+01
1.961566362715298908e+02 1.084498480243161200e+00 2.519469466703509397e+01
1.955559915262042807e+02 1.186902459242884733e+00 2.452830431979367987e+01
1.947154278345767580e+02 1.321101593442018940e+00 2.374823616100211865e+01
1.942080869485124879e+02 1.343759786312977766e+00 2.337986552454637490e+01
1.941837708390899877e+02 1.341272911485677399e+00 2.372804642166344280e+01
1.947921525283227311e+02 1.350373031224095133e+00 2.445826655613889500e+01
1.956137791286727463e+02 1.313106751404623740e+00 2.496765220595007762e+01
1.961984526112185563e+02 1.266703509256700722e+00 2.547873261490282815e+01
1.967154830984618172e+02 1.217702864511375216e+00 2.576962328451689999e+01
1.967157225752970362e+02 1.145067698259187638e+00 2.579174725983236627e+01
1.965145988763009939e+02 1.084332688588007798e+00 2.583848208529059676e+01
1.961107488256424460e+02 1.052298056553375716e+00 2.532983328728009553e+01
1.957509993552546632e+02 9.743575573362807107e-01 2.545931656995486847e+01
1.956660035000460596e+02 9.603205305332964681e-01 2.566515612047527028e+01
1.954777378649719140e+02 9.044671640416320768e-01 2.563973473335175512e+01
1.945696785484019529e+02 8.957723127935893759e-01 2.492957538914985705e+01
1.934359767891682793e+02 9.226305609284333187e-01 2.364529796444690035e+01
1.929740628166159979e+02 9.516072579902367101e-01 2.361626600350004779e+01
1.928511190936722812e+02 9.751680943170304428e-01 2.314600718430505566e+01
1.933191120935801735e+02 1.004623745049276984e+00 2.356894169660127147e+01
1.941760891590678852e+02 1.014571244358478452e+00 2.471496730220134452e+01
1.949713364649534810e+02 1.009081698443400565e+00 2.491994105185594677e+01
1.956323293727548958e+02 1.006134291240674328e+00 2.529754075711522532e+01
1.962356083632679429e+02 1.031334622823984581e+00 2.577958920512111973e+01
1.958471216726535999e+02 1.002652666482453769e+00 2.565286911669890557e+01
1.956532375425992427e+02 9.708390899880261493e-01 2.545915077829971551e+01
1.954254398084185311e+02 9.415123883208990074e-01 2.550872248319056723e+01
1.952618587086672335e+02 9.008013263332412812e-01 2.545754812563323100e+01
1.950672929906972399e+02 8.369715390991986359e-01 2.506581928709588425e+01
1.950476927327991064e+02 8.212950170396978722e-01 2.506362715298885391e+01
1.939335543888735458e+02 8.479874735193884128e-01 2.433092014368610023e+01
1.925669153541493870e+02 8.442847932209633921e-01 2.348107211936999050e+01
1.921475177304964461e+02 8.361057382333978438e-01 2.365189278806300166e+01
1.921005986920880559e+02 8.214608086948512744e-01 2.360723956894169717e+01
1.924055448098001193e+02 8.110159344201897103e-01 2.365209542230818940e+01
1.934905959288938107e+02 8.755825734549138595e-01 2.479902367136409680e+01
1.948636639955788894e+02 9.540572902275029632e-01 2.533071750944091249e+01
1.953470387768259968e+02 1.011181726075343068e+00 2.553314912038316464e+01
1.955303859261306059e+02 1.023800313162015252e+00 2.560114212029105474e+01
1.953786865616652904e+02 1.033324122685824742e+00 2.560455005986920796e+01
1.951120935801786800e+02 1.019913419913419883e+00 2.523472414110711881e+01
1.950088053790181561e+02 1.005950078290503757e+00 2.500458690245924132e+01
1.948125264806115808e+02 9.869393018329188916e-01 2.513626231924104104e+01
1.948797089435387306e+02 9.806207976420742156e-01 2.489122225292437918e+01
1.947111356728377984e+02 9.686101132909643585e-01 2.492430689877498295e+01
1.936708114580455060e+02 9.822418716035736796e-01 2.391150409873814198e+01
1.926799668416689713e+02 9.758681035276779436e-01 2.310406189555125778e+01
1.918403242147923038e+02 9.328728009579073666e-01 2.329656442847932141e+01
1.921876761536335891e+02 9.102514506769825431e-01 2.311428571428571388e+01
1.928638666298240878e+02 9.305517177857602906e-01 2.404653219121304275e+01
1.935565441650548166e+02 9.254121764760062652e-01 2.500407110619876505e+01
1.940059869208805310e+02 9.210647508519849147e-01 2.529208805379018088e+01
1.943881551073040441e+02 9.448650640140001666e-01 2.622063185041908540e+01
1.941915814681772190e+02 9.920420005526388030e-01 2.599681311596205191e+01
1.941415123883209048e+02 9.680022105554020317e-01 2.555274937828129467e+01
1.941143409781707589e+02 9.747812471216726893e-01 2.563295569678548347e+01
1.941762181081330141e+02 9.923367412729114934e-01 2.551146725614810862e+01
1.940868932485953735e+02 9.698259187620890120e-01 2.543855577047066419e+01
1.943078382610297581e+02 9.339780786589296779e-01 2.551303306622455480e+01
1.935375333885972111e+02 9.321727917472598657e-01 2.499126830616192407e+01
1.923976420742378082e+02 9.607994842037395067e-01 2.436617850234871341e+01
1.917044671640416311e+02 9.689785391913051660e-01 2.369846182186607564e+01
1.917366675877314037e+02 1.001197384176107485e+00 2.363636363636363669e+01
1.922705719812102814e+02 1.005342175554941431e+00 2.377794970986460399e+01
1.931919683153725771e+02 1.003628995118356793e+00 2.402116606797457976e+01
1.943372202265819340e+02 9.964078474716772105e-01 2.501416597586810298e+01
1.948141107119830622e+02 9.389518283135304122e-01 2.523126093764391698e+01
1.949684259003408044e+02 8.726167449571704537e-01 2.595223358202081698e+01
1.949289859077093183e+02 8.126922722667403454e-01 2.599738417610758034e+01
1.947127383255042901e+02 7.714101501335544064e-01 2.550069079856313792e+01
1.945423597678916963e+02 7.624389794602560722e-01 2.550774615455466687e+01
1.946745509809339580e+02 8.318319977894446104e-01 2.576525743759786380e+01
1.947721101593442086e+02 8.256240213687021656e-01 2.594318872616744898e+01
1.947273464124527891e+02 8.299898682877405731e-01 2.573688864327162307e+01
1.933859077093119652e+02 8.515427834576770882e-01 2.428133001750023112e+01
1.923043750575665456e+02 8.561665285069540721e-01 2.347414571244358328e+01
1.919407386939301716e+02 8.721746338767615292e-01 2.361829234595192162e+01
1.920818458137607081e+02 9.162015289674864116e-01 2.354862300819747745e+01
1.926813115962052052e+02 9.216910748825642985e-01 2.399804734272819218e+01
1.935813760707377753e+02 9.300359215252832490e-01 2.489606705351386040e+01
1.949085935341254583e+02 1.015381781339228073e+00 2.584879801050013981e+01
1.955903656627060911e+02 1.082619508151422938e+00 2.627703785576126094e+01
1.957735285990605121e+02 1.100819747628258183e+00 2.626491664364004919e+01
1.954025421387123629e+02 1.044376899696048522e+00 2.586454821773970636e+01
1.948420558165238958e+02 9.917656811273832806e-01 2.583358202081606336e+01
1.947164410058027215e+02 1.051174357557336236e+00 2.543256884959012609e+01
1.948885327438518971e+02 1.085732707009302800e+00 2.531225937183383934e+01
1.947839366307451314e+02 1.084037947867735108e+00 2.553642811089619613e+01
1.943135304411900108e+02 1.072027263516625251e+00 2.499714469927235783e+01
1.931528046421663305e+02 1.096232845169015313e+00 2.427022197660495451e+01
1.922859906051395456e+02 1.119756838905775043e+00 2.405262963986368163e+01
1.919842682140554473e+02 1.086782720825274051e+00 2.397246016394952406e+01
1.922108685640600640e+02 1.052684903748733580e+00 2.430553559915261985e+01
1.931176199686838117e+02 1.045482177397071055e+00 2.496422584507691056e+01
1.940950538822879139e+02 1.079119462098185434e+00 2.505894814405452564e+01
1.949568389057750721e+02 1.101280280003684275e+00 2.578148659850787539e+01
1.954360873169383694e+02 1.102219766049553185e+00 2.630446716404163254e+01
1.953973473335175584e+02 1.112259371833839827e+00 2.643507414571244496e+01
1.952711798839458481e+02 1.080280003684259027e+00 2.584730588560375963e+01
1.949850603297411737e+02 1.047490098553928384e+00 2.549346965091645956e+01
1.948461637653126957e+02 1.043216358109975150e+00 2.537929446440084646e+01
1.947997973657548130e+02 1.025881919498940809e+00 2.535694943354517861e+01
1.948345215068619325e+02 1.028497743391360464e+00 2.551931472782536758e+01
1.944590402505296254e+02 1.059592889380123415e+00 2.518964723220042501e+01
1.931478124712167244e+02 1.078990513033066145e+00 2.462774247029566155e+01
1.921763286359031042e+02 1.058800773694390740e+00 2.369039329464861510e+01
1.919502440821589744e+02 1.031942525559546908e+00 2.339342359767891821e+01
1.922195081514230424e+02 9.946025605600073982e-01 2.384249792760430964e+01
1.930360136317583226e+02 9.609100119738417378e-01 2.377476282582665590e+01
1.938108317214700094e+02 9.517177857603389413e-01 2.463330570139080677e+01
1.948143501888182811e+02 9.707838261029750893e-01 2.555938104448742720e+01
1.952876853642811170e+02 9.679285253753339147e-01 2.568643271621995083e+01
1.952300451321727905e+02 9.932209634337293425e-01 2.548674587823524007e+01
1.951461361333701632e+02 1.021626600350004521e+00 2.556546007184305225e+01
1.946497743391360302e+02 1.006944828221423949e+00 2.560151054619139899e+01
1.945265174541770250e+02 9.863313990973565648e-01 2.531511467256148151e+01
1.944510269871971957e+02 9.570968039053145970e-01 2.540898959196831441e+01
1.945703601363175892e+02 9.355438887353780819e-01 2.525555862577139266e+01
1.943781339228147829e+02 9.392649903288201596e-01 2.452802800036842612e+01
1.931200147370360014e+02 9.267937736022842099e-01 2.414777562862669313e+01
1.918242792668324626e+02 8.935249148015105281e-01 2.361188173528599066e+01
1.915958183660311249e+02 8.638666298240765817e-01 2.336306530349083488e+01
1.919195357833655748e+02 8.695035460992908138e-01 2.353845445334806996e+01
1.927564889011697460e+02 8.633692548586165971e-01 2.419836050474348355e+01
1.937845997973657575e+02 8.771852261213963775e-01 2.461777654969144180e+01
1.945564336372846981e+02 8.848669061435019412e-01 2.530385926130606933e+01
1.951102698719720081e+02 9.019434466242977066e-01 2.564653219121304062e+01
1.951712812010684388e+02 8.912959381044487372e-01 2.525417702864511327e+01
1.950376899696048554e+02 8.794878879985262854e-01 2.520983697153910086e+01
1.950094685456387538e+02 8.977802339504467044e-01 2.473506493506493342e+01
1.947584784010315957e+02 8.912590955144146232e-01 2.452099106567191811e+01
1.947687759049461249e+02 8.762273187805103003e-01 2.460351846734825543e+01
1.950342267661416713e+02 8.804273740443953056e-01 2.462555033618863476e+01
1.947516256792852403e+02 9.099198673666758497e-01 2.438561296859169047e+01
1.933414018605508033e+02 9.481808971170673228e-01 2.336678640508427662e+01
1.924111633047803309e+02 9.477019434466242842e-01 2.303348991434097925e+01
1.922022842405821166e+02 9.306990881458966358e-01 2.279259463940314845e+01
1.927197752602008052e+02 9.546651929630652900e-01 2.305854287556415372e+01
1.933751496730220083e+02 9.430045132172791833e-01 2.346265082435295213e+01
1.945513862024500327e+02 9.505572441742654588e-01 2.411515151515151345e+01
1.953759417887077348e+02 9.594731509625126220e-01 2.441326333241226720e+01
1.958820852905959384e+02 9.591599889472229856e-01 2.478259187620889747e+01
1.962045500598692058e+02 1.009468545638758430e+00 2.488088790641982229e+01
1.960208160633692671e+02 1.058377083908998761e+00 2.460661324491111657e+01
1.957377360228423981e+02 1.040471585152436207e+00 2.438824721377912752e+01
1.954873906235608274e+02 9.850787510361977972e-01 2.422181081330017349e+01
1.951769918025237303e+02 9.751312517269964397e-01 2.403164778483927577e+01
1.952308740904485660e+02 9.708575112830432063e-01 2.419802892143317763e+01
1.945887814313346098e+02 9.992263056092843820e-01 2.369100119738417476e+01
1.934429953025697841e+02 1.117509440913696306e+00 2.287817997605231568e+01
1.928655245463756103e+02 1.280795799944736135e+00 2.264500322372662922e+01
1.927519019987105082e+02 1.414479137883393189e+00 2.260747904577691969e+01
1.927135304411900165e+02 1.396739430781984037e+00 2.326911669890393242e+01
1.930371925946394072e+02 1.360117896288109085e+00 2.382345030855669066e+01
1.943318412084369413e+02 1.392999907893524902e+00 2.457413650179607600e+01
1.959621258174449565e+02 1.624021368702219803e+00 2.539550520401584066e+01
1.968781799760523086e+02 1.775315464677166721e+00 2.533344386110343649e+01
1.971991894630192519e+02 1.830376715483098549e+00 2.522496085474809036e+01
1.970055816523901626e+02 1.820134475453624390e+00 2.498754720456848233e+01
1.970890485401123726e+02 1.930993828866169215e+00 2.539780786589297179e+01
1.971184857695496078e+02 2.029253016487059025e+00 2.514484664271898140e+01
1.967208621166068099e+02 1.924527954315188305e+00 2.526154554665193075e+01
1.962580086580086629e+02 1.704559270516717406e+00 2.504117159436308526e+01
1.956198949986184061e+02 1.637782076079948412e+00 2.476973381228700433e+01
1.943726259556046898e+02 1.694703877682601112e+00 2.348987749838813599e+01
1.936995855208621151e+02 1.626139817629179252e+00 2.325051119093672369e+01
1.937781891866998194e+02 1.547241411071198280e+00 2.328064842958459835e+01
1.942295477572073423e+02 1.550133554388873458e+00 2.363822418716035756e+01
1.953363175831260889e+02 1.718577876024684592e+00 2.453547020355530961e+01
1.964982776089159131e+02 1.845832182002394850e+00 2.491771207515888520e+01
1.971085566915354264e+02 1.815565994289398466e+00 2.523971631205673916e+01
1.974130975407571214e+02 1.785005065856129614e+00 2.530050658561296828e+01
1.970740167633784665e+02 1.683043197936815005e+00 2.494959933683337994e+01
1.965656074422031736e+02 1.567044303214516043e+00 2.473337017592336906e+01
1.960807957999447240e+02 1.492861748180897008e+00 2.455214147554573145e+01
1.957019987105093435e+02 1.394620981855024366e+00 2.451150409873813985e+01
1.952530717509440876e+02 1.459611310675140494e+00 2.427138251819102877e+01
1.955376439163673297e+02 1.559583678732614942e+00 2.431349359859998316e+01
1.953400755273095797e+02 1.758496822326609532e+00 2.404397163120567527e+01
1.943218752878327393e+02 1.887574836511006771e+00 2.381335543888735273e+01
1.935719075250990215e+02 1.898498664456111262e+00 2.340197107856682379e+01
1.934722851616468517e+02 1.818089711706732947e+00 2.309820392373583786e+01
1.938134659666574464e+02 1.760652113843603095e+00 2.364102422400294756e+01
1.947098461821865953e+02 1.792649903288201063e+00 2.430577507598784237e+01
1.955718154186239417e+02 1.735507046145344123e+00 2.520611586994565556e+01
1.962070185134014935e+02 1.653219121304227768e+00 2.571550151975683818e+01
1.965131620152896801e+02 1.568168002210555301e+00 2.574963617942341187e+01
1.964393110435663630e+02 1.520641061066593025e+00 2.573558073132541324e+01
1.962827668785115520e+02 1.484848484848484862e+00 2.519045776918117241e+01
1.960616192318319975e+02 1.447453255963894181e+00 2.500410794878879983e+01
1.957475914156765100e+02 1.435682048448005954e+00 2.495087040618955498e+01
1.958235055724417464e+02 1.423505572441742695e+00 2.478095238095238173e+01
1.956548770378557549e+02 1.368628534585981438e+00 2.470209081698443399e+01
1.949844708483006457e+02 1.295090724877958843e+00 2.383297411808050015e+01
1.936161002118448948e+02 1.292345951920419900e+00 2.342468453532283235e+01
1.927389334070185214e+02 1.283816892327530601e+00 2.274604402689509186e+01
1.926660403426360801e+02 1.197642074237818877e+00 2.290848300635534684e+01
1.928923275306254084e+02 1.141107119830524042e+00 2.309334070185133925e+01
1.938932117527862147e+02 1.128635903103988314e+00 2.379613152804642340e+01
1.948975960210002825e+02 1.154315188357741606e+00 2.468914064658745389e+01
1.956945565073224600e+02 1.167928525375333981e+00 2.486786405084277263e+01
1.959448282214239612e+02 1.141180805010592270e+00 2.503395044671640335e+01
1.958700746062448275e+02 1.139025513493598707e+00 2.490531454361241614e+01
1.959997789444597913e+02 1.180049737496545958e+00 2.531034355715206630e+01
1.957677074698351305e+02 1.178133922814773804e+00 2.453828866169291700e+01
1.956863958736299196e+02 1.166362715298885577e+00 2.430630929354333603e+01
1.954941512388321030e+02 1.135138620245003116e+00 2.406493506493506374e+01
1.955908630376715394e+02 1.115004144791378771e+00 2.418325504282951144e+01
1.945849313806760676e+02 1.138086027447729576e+00 2.365506125080593236e+01
1.934554296767062738e+02 1.131012250161186339e+00 2.262243713733075268e+01
1.928509901446071524e+02 1.135378097080224746e+00 2.242674772036474096e+01
1.927963157409965902e+02 1.129464861379755103e+00 2.252312793589389273e+01
1.930879801050013782e+02 1.101556599428939798e+00 2.240928433268858910e+01
1.936958275766786528e+02 1.055042829510914659e+00 2.274193607810629203e+01
1.945000644745325644e+02 1.058211292253845359e+00 2.309033803076356151e+01
1.954516533112277727e+02 1.068969328543796671e+00 2.406600350004605460e+01
1.956707193515704262e+02 1.026747720364741712e+00 2.420681587915630573e+01
1.957422860827116153e+02 9.982683982683983048e-01 2.416394952565165255e+01
1.952585797181541807e+02 9.848024316109422749e-01 2.372876485216910680e+01
1.953155383623468708e+02 9.939209726443769544e-01 2.383072672008842119e+01
1.951079487887998596e+02 9.786312977802339441e-01 2.396730220134475431e+01
1.951148015105461866e+02 9.491940683430044601e-01 2.361147646679561518e+01
1.947908998802615770e+02 9.379754996776273890e-01 2.329061435018881809e+01
1.937966104817168684e+02 9.534309661969236904e-01 2.278507875103619895e+01
1.930751773049645408e+02 9.673943078198397050e-01 2.174821773970710126e+01
1.922702035553099336e+02 9.605968499585521014e-01 2.168149580915538266e+01
1.923553652021737150e+02 9.415676522059500675e-01 2.179423413465966775e+01
1.929058856037579517e+02 9.051303306622455747e-01 2.227088514322556989e+01
1.936727825366123170e+02 9.078382610297504041e-01 2.277513125172699660e+01
1.948895459150778322e+02 9.705996131528046300e-01 2.373353596757852202e+01
1.957833839918946239e+02 1.086359031039882073e+00 2.412038316293635276e+01
1.959560836326793662e+02 1.109993552546744144e+00 2.433617021276595693e+01
1.956769825918761967e+02 1.107211936999171087e+00 2.432607534309661901e+01
1.956178133922814766e+02 1.141936078106290831e+00 2.393355438887353870e+01
1.953200884222160880e+02 1.114138343925577868e+00 2.373335175462835167e+01
1.953452334899143352e+02 1.023210831721470093e+00 2.372296214423873906e+01
1.952135580731325319e+02 9.175462835037303533e-01 2.357061803444782200e+01
1.949414202818458079e+02 8.635718891038040024e-01 2.329055908630376592e+01
1.939205673758865203e+02 8.682324767431149892e-01 2.294267292990697271e+01
1.930526480611586919e+02 8.983697153909919741e-01 2.222195818366031261e+01
1.928818826563507400e+02 1.014073869393018246e+00 2.227836418900248816e+01
1.930676429953025774e+02 1.097632863590310315e+00 2.258844984802431455e+01
1.937860550796721100e+02 1.128322741088698455e+00 2.312272266740351867e+01
1.946005894814405508e+02 1.113290964354794133e+00 2.395004144791378664e+01
1.953900340793957753e+02 1.061785023487151092e+00 2.449713548862484913e+01
1.958616929170120784e+02 1.034060974486506357e+00 2.472447269043013662e+01
1.961978631297780282e+02 1.017150225660863994e+00 2.477164962696877737e+01
1.961803260569218139e+02 1.019121304227687208e+00 2.470746983512940886e+01
1.958475269411439683e+02 9.852445426913511994e-01 2.470903564520585860e+01
1.955081698443400455e+02 9.421939762365294513e-01 2.436743115040987462e+01
1.955735654416505440e+02 9.170304872432532006e-01 2.450921985815602966e+01
1.956226029289859127e+02 8.996960486322188588e-01 2.432018052869116786e+01
1.954088606429031927e+02 8.891959104725062346e-01 2.410822510822510978e+01
1.942437874182554935e+02 8.811826471400939775e-01 2.321617389702496226e+01
1.931853366491664303e+02 9.225568757483650906e-01 2.252438058395505038e+01
1.930330478032605583e+02 9.840103159252094889e-01 2.251150409873813985e+01
1.932763194252555934e+02 9.744496638113658848e-01 2.226861932393847354e+01
1.937754812563323128e+02 9.772128580639218853e-01 2.226587455098093571e+01
1.949077829971446931e+02 9.957078382610297096e-01 2.367001934235976890e+01
1.956906143501888096e+02 1.006336925485861622e+00 2.381637653127014786e+01
1.961754996776273288e+02 9.642442663719259510e-01 2.444168739062356011e+01
1.962803168462743031e+02 9.337938657087593297e-01 2.469619600257898284e+01
1.961648705904025007e+02 9.567283780049737896e-01 2.460981855024408205e+01
1.959574468085106389e+02 9.854103343465046017e-01 2.441786865616652946e+01
1.957727733259648062e+02 9.758128396426268836e-01 2.451139357096803906e+01
1.959015934420189637e+02 9.702864511375149936e-01 2.429144330846458644e+01
1.959304227687206321e+02 9.987289306438242864e-01 2.408715114672561342e+01
1.958086211660679794e+02 1.069485124804273823e+00 2.358100764483743106e+01
1.947723127935893785e+02 1.112130422768720539e+00 2.333510177765496962e+01
1.937774339136041135e+02 1.109754075711522514e+00 2.248495901261858876e+01
1.936233029381965594e+02 1.104448742746615197e+00 2.273464124527954411e+01
1.938911669890393341e+02 1.079377360228424010e+00 2.284872432532007025e+01
1.946276135212305292e+02 1.078364189002486873e+00 2.323873998342083524e+01
1.955524546375610271e+02 1.065598231555678455e+00 2.382798194713088336e+01
1.963930367504835601e+02 1.034742562402136912e+00 2.419294464400847389e+01
1.967820945012434493e+02 1.041134751773049594e+00 2.480261582389242037e+01
1.968281477387860434e+02 1.002265819287095905e+00 2.473351754628350463e+01
1.965796997328912141e+02 9.540572902275029632e-01 2.432084369531177970e+01
1.961982315556783760e+02 9.386018237082066618e-01 2.374576770746983456e+01
1.959322464769273324e+02 1.044745325596389440e+00 2.339443676890485335e+01
1.960077369439071617e+02 1.073666758773141661e+00 2.396837063645574162e+01
1.958845905867182466e+02 1.043842682140554423e+00 2.391994105185594677e+01
1.947115409413281668e+02 1.040029474072027282e+00 2.295523625310859472e+01
1.937384912959381040e+02 1.037376807589573513e+00 2.255295201252647885e+01
1.929514598876301079e+02 1.014350188818273990e+00 2.203490835405728987e+01
1.929799392097264388e+02 1.002450032237266253e+00 2.204074790457769240e+01
1.932900432900432861e+02 9.759233674127291147e-01 2.213558073132541182e+01
1.942576770746983641e+02 1.009394860458690202e+00 2.321427650363820661e+01
1.951297596021000231e+02 1.029750391452519009e+00 2.324297688127475325e+01
1.960241687390623611e+02 1.034871511467256200e+00 2.383997421018697693e+01
1.963787786681403702e+02 1.007773786497190738e+00 2.405520862116606651e+01
1.963448834853090261e+02 9.989315648890116917e-01 2.397389702496085562e+01
1.960852537533388613e+02 1.021405544809800059e+00 2.406720088422216008e+01
1.956695956525743725e+02 9.896656534954407780e-01 2.348309846182186433e+01
1.955222437137330758e+02 9.290411715943630577e-01 2.400101317122593869e+01
1.955971262779773383e+02 8.921433176752325833e-01 2.369516441005802676e+01
1.952219581836603197e+02 8.674956249424334853e-01 2.376275214147554493e+01
1.941016487059040116e+02 8.421295017039698294e-01 2.280090264345583506e+01
1.931332228055632356e+02 7.949341438703141360e-01 2.229229068803536862e+01
1.925460992907801483e+02 7.677258911301464428e-01 2.159336833379386533e+01
1.926566454821773959e+02 7.449387491940683281e-01 2.159500782905038108e+01
1.932349083540572963e+02 7.064382426084553357e-01 2.207677995763102174e+01
1.941117067329833219e+02 7.001565810076448848e-01 2.260600534217555335e+01
1.949062356083632608e+02 7.052961223173989103e-01 2.291133830708298902e+01
1.953836603113198862e+02 6.936722851616469177e-01 2.336785484019526749e+01
1.954274108869853421e+02 7.180068158791562682e-01 2.329551441466335149e+01
1.952938933407018567e+02 7.483835313622547725e-01 2.365981394492032663e+01
1.951575204936906971e+02 7.812287003776365868e-01 2.321232384636639878e+01
1.949021460808694712e+02 8.005157962604770860e-01 2.278751036197844826e+01
1.945423597678916963e+02 7.988578797089435080e-01 2.291189094593350006e+01
1.947244911117251434e+02 8.193792023579257178e-01 2.301346596665745636e+01
1.942487059040250585e+02 8.177949709864603678e-01 2.256488901169752381e+01
1.929114488348531040e+02 8.244082158975776231e-01 2.215709680390531489e+01
1.917904761904761983e+02 7.729943815050197564e-01 2.130089343280832637e+01
1.913574468085106446e+02 7.461913972552270957e-01 2.132323846366399422e+01
1.917359307359307365e+02 7.348623008197476825e-01 2.148733535967578590e+01
1.925686285345859687e+02 7.299438150501980083e-01 2.162678456295477503e+01
1.934802984249792814e+02 7.448282214239660970e-01 2.196966012710693406e+01
1.945023671364097027e+02 7.607626416137054370e-01 2.271900156581007479e+01
1.949471308833010994e+02 7.739707101409228907e-01 2.299802892143317834e+01
1.948993460440268848e+02 7.367044303214516088e-01 2.326657456019158232e+01
1.947566178502348748e+02 7.535783365570599690e-01 2.297877866814037162e+01
1.945222068711430552e+02 7.504835589941972751e-01 2.289249332228055778e+01
1.941748365110067311e+02 7.298332872800957771e-01 2.264404531638574269e+01
1.940271898314451562e+02 6.872432532007000106e-01 2.257853919130515052e+01
1.942834484664271884e+02 7.002855300727640619e-01 2.267392465690338099e+01
1.940538086027447662e+02 7.171594363083725332e-01 2.253156488901169752e+01
1.928000736851800809e+02 7.077645758496822204e-01 2.148086948512480276e+01
1.919220963433729423e+02 6.842774247029566048e-01 2.097284701114488215e+01
1.917191120935801791e+02 6.616376531270148353e-01 2.076857327070093007e+01
1.920616744957170567e+02 6.418163396886801264e-01 2.117152067790365777e+01
1.927973104909275150e+02 6.191213042276871859e-01 2.165075066777194479e+01
1.937853734917564736e+02 6.032605692180160739e-01 2.238874458874458995e+01
1.944976328635902973e+02 5.822971354886248285e-01 2.274514138343925751e+01
1.949005065856129590e+02 5.748365110067237271e-01 2.285942709772497139e+01
1.948298424979276149e+02 5.555862577139173419e-01 2.288928801694759230e+01
1.944599428939854420e+02 5.305148751957262654e-01 2.269790918301556459e+01
1.940159528414847614e+02 5.179331306990881956e-01 2.191647784839274138e+01
1.940146817721285686e+02 5.028092474900985875e-01 2.217037855761260090e+01
1.940576954959933573e+02 4.947959841576862750e-01 2.203205305332964770e+01
1.942598139449203245e+02 4.953670443032145432e-01 2.210916459427097891e+01
1.936316109422492389e+02 5.052777010223818976e-01 2.149870129870129887e+01
1.923689416966012686e+02 5.213226489822234688e-01 2.079585520862116610e+01
1.917083356359952120e+02 5.356728378004973479e-01 2.020241318964723121e+01
1.916116791010408065e+02 5.331122777931288637e-01 2.021812655429676653e+01
1.920358294188081345e+02 5.283043197936815316e-01 2.080595007829050402e+01
1.929318043658469151e+02 5.244542691351201658e-01 2.134024131896472198e+01
1.937750207239568851e+02 5.215068619323938170e-01 2.208083264253476941e+01
1.945391544625587130e+02 5.095882840563691341e-01 2.262225292438058233e+01
1.946328267477203724e+02 5.067514046237450165e-01 2.249323017408123704e+01
1.945559178410242112e+02 4.972644376899695851e-01 2.233666758773141581e+01
1.942055079672100817e+02 4.936538638666298495e-01 2.208241687390623653e+01
1.940063185041908582e+02 4.969881182647140072e-01 2.170735930735930808e+01
1.937908630376715564e+02 4.882011605415860767e-01 2.161685548494059006e+01
1.939363912683061528e+02 4.822879248411163222e-01 2.123671364096896141e+01
1.937762733720180393e+02 4.839458413926499003e-01 2.134119922630560851e+01
1.928570323293727427e+02 4.740720272635166044e-01 2.112025421387123458e+01
1.917302385557704838e+02 4.613613337017592464e-01 2.007703785576126165e+01
1.914374504927696421e+02 4.955144146633508329e-01 2.025673758865248075e+01
1.915597678916827817e+02 5.159804734272819271e-01 2.009787234042553195e+01
1.919445150594086726e+02 4.930091185410334087e-01 2.058342083448466298e+01
1.927407018513401624e+02 4.912590955144146565e-01 2.117958920512111831e+01
1.937151330938565081e+02 5.053329649074329577e-01 2.143767154830984722e+01
1.943399097356544303e+02 5.193884130054342574e-01 2.187832734641245125e+01
1.944230818826563620e+02 5.162015289674863894e-01 2.207134567560099470e+01
1.941359307359307422e+02 5.106382978723403854e-01 2.180930275398360507e+01
1.938097080224739841e+02 5.224463479782628372e-01 2.139311043566362613e+01
1.939650548033526718e+02 5.517546283503730331e-01 2.134276503638205824e+01
1.939680943170304772e+02 5.583862945565073455e-01 2.129319333149120297e+01
1.939589573547020223e+02 5.287280095790733991e-01 2.151901998710509289e+01
1.939523625310859245e+02 5.161278437874182723e-01 2.133865708759325841e+01
1.929114856774431246e+02 5.144699272358846942e-01 2.054258082343188718e+01
1.916536612323846498e+02 5.096067053513861911e-01 1.996700746062448317e+01
1.911793128856958504e+02 4.921433176752325611e-01 1.954335451782260336e+01
1.911926867458782340e+02 4.880906327714838455e-01 1.995892051211200169e+01
1.915180252371741858e+02 4.845905867182462856e-01 2.027038776826010746e+01
1.925505388228792469e+02 4.964170581191857945e-01 2.069884866906143372e+01
1.933680758957354726e+02 4.952012526480611410e-01 2.089593810444874222e+01
1.938140370268029926e+02 4.997697338122870092e-01 2.149275122041079555e+01
1.937873445703232846e+02 4.909827760891590787e-01 2.153384912959381126e+01
1.935722022658192998e+02 4.953302017131804291e-01 2.143780049737496540e+01
1.934121212121212068e+02 4.934328083264253317e-01 2.125870866721930597e+01
1.932173160173160227e+02 5.034171502256609143e-01 2.100379478677351131e+01
1.932879064198213257e+02 5.248226950354609732e-01 2.084625587178778616e+01
1.933190199871050936e+02 5.270700930275398211e-01 2.085023487151146782e+01
1.932031316201529023e+02 5.340517638389978838e-01 2.088063000828958238e+01
1.922551349359860069e+02 5.329280648429585154e-01 1.993605968499585401e+01
1.907722759509993580e+02 5.435018881827392567e-01 1.967217463387676091e+01
1.901629363544257103e+02 5.493782812931748971e-01 1.941460808694851181e+01
1.902223450308556778e+02 5.588652482269503841e-01 1.949853550704614591e+01
1.908511927788523508e+02 5.460808694851247980e-01 1.968061158699456570e+01
1.923425992447268982e+02 5.137330754352030793e-01 2.068899327622731832e+01
1.937837708390899820e+02 4.874458874458874602e-01 2.167224831905683047e+01
1.948341530809615847e+02 5.061250805931657437e-01 2.237855761260016507e+01
1.950081237911025198e+02 5.030671456203371639e-01 2.265590863037671454e+01
1.950722298977618152e+02 4.945012434374136401e-01 2.262669245647969163e+01
1.946323477940499345e+02 4.729667495624942375e-01 2.204113475177305048e+01
1.942184212950170377e+02 4.804826379294464545e-01 2.175499677627337292e+01
1.940154738878143235e+02 4.820484480058948029e-01 2.089785391913051527e+01
1.940476190476190368e+02 4.848669061435018635e-01 2.114285714285714235e+01
1.943642626876669510e+02 4.884959012618587115e-01 2.128602744772957678e+01
1.939068619323938378e+02 4.714562033710970046e-01 2.146522980565533700e+01
1.930742562402136855e+02 4.511375149673022000e-01 2.101867919314727828e+01
1.923508888274845674e+02 4.391636732062264015e-01 2.069792760431058198e+01
1.925351386202449930e+02 4.378741825550336308e-01 2.053898867090356362e+01
1.929574099659206183e+02 4.418163396886801153e-01 2.104082158975775840e+01
1.938386662982407529e+02 4.515427834576770660e-01 2.159462098185502299e+01
1.948272450953301984e+02 4.676245740075527513e-01 2.199592889380123495e+01
1.952875011513309289e+02 4.632587270885143438e-01 2.245426913512019951e+01
1.952505480335267691e+02 4.508796168370636237e-01 2.223481624758220576e+01
1.948434742562402278e+02 4.340793957815234361e-01 2.198447084830063503e+01
1.947648337478124745e+02 4.374689140646587648e-01 2.210536980749746760e+01
1.942869669337754317e+02 4.435110988302477519e-01 2.131894630192502404e+01
1.941936630745141485e+02 4.343925577968131280e-01 2.128788799852629765e+01
1.942909275122041208e+02 4.365294280187897447e-01 2.161020539743944013e+01
1.942930091185410220e+02 4.461453440176844643e-01 2.136433637284700993e+01
1.933012802800036809e+02 4.508243529520125081e-01 2.093045961131067401e+01
1.919522151607257854e+02 4.485769549599336603e-01 1.998769457492861790e+01
1.914175739154462690e+02 4.414847563783734219e-01 1.973736759694206455e+01
1.915152988855116405e+02 4.377268121948972857e-01 1.995630468821958203e+01
1.919458782352399453e+02 4.273924656903380082e-01 2.001094224924012011e+01
1.928826563507414562e+02 4.366031131988578617e-01 2.039467624574007587e+01
1.938051395413097566e+02 4.454084922170028493e-01 2.074195449940130942e+01
1.945339964999539575e+02 4.573823339780786479e-01 2.118517085751128448e+01
1.945539283411623899e+02 4.522059500782905084e-01 2.125577968131159778e+01
1.944681772128580519e+02 4.425531914893616747e-01 2.148602744772957607e+01
1.941982315556783760e+02 4.521875287832734513e-01 2.141761075803628955e+01
1.939558809984341963e+02 4.464032421479229851e-01 2.122158975775997192e+01
1.939178226029289931e+02 4.438795247305885594e-01 2.126493506493506658e+01
1.940185870866721984e+02 4.513217279174726038e-01 2.121403702680298409e+01
1.940383715575204917e+02 4.528322741088698367e-01 2.092672008842221487e+01
1.928963617942341386e+02 4.426637192594639614e-01 2.023225568757483828e+01
1.917038592613060644e+02 4.391820945012434585e-01 1.975941788707746127e+01
1.914009394860458713e+02 4.402136870221976528e-01 1.968040895274937796e+01
1.914108501427650424e+02 4.373399649995394767e-01 1.965601915814681888e+01
1.919653127014829010e+02 4.271714101501335459e-01 1.999469466703509113e+01
1.930179054987565621e+02 4.270608823800313147e-01 2.077529704338214955e+01
1.937646311135672761e+02 4.352583586626139756e-01 2.081901077645758491e+01
1.941719443676890364e+02 4.382426084553744383e-01 2.145948236161002143e+01
1.941652205950078383e+02 4.393663074514138067e-01 2.132990697246016509e+01
1.940830984618218622e+02 4.392373583862945741e-01 2.140300267108777632e+01
1.938801510546191480e+02 4.354609929078014363e-01 2.109219858156028238e+01
1.935198305240858474e+02 4.336741272911485701e-01 2.134410979091830285e+01
1.936805379018144890e+02 4.275582573454914104e-01 2.151889103803997472e+01
1.937767523256885056e+02 4.226766141659758502e-01 2.126745878235239928e+01
1.937264069264069235e+02 4.188081422123975384e-01 2.090557244174265605e+01
1.928607350096711741e+02 4.204107948788800009e-01 2.028125633232016156e+01
1.920003868471953581e+02 4.267845629547757369e-01 1.921851340149212461e+01
1.914103896103896147e+02 4.972644376899695851e-01 1.890341715022566049e+01
1.909964446900617077e+02 5.382702403978999461e-01 1.849958552086211583e+01
1.911836787326149079e+02 5.338122870037763645e-01 1.914142028184581434e+01
1.922014000184212819e+02 5.739891314359399921e-01 1.958951828313530541e+01
1.930602007921156940e+02 6.041632126738509800e-01 2.000495532835958201e+01
1.939278253661232441e+02 5.903472414110711997e-01 2.065961131067513890e+01
1.940349083540572792e+02 5.915077829971446821e-01 2.066121396334162341e+01
1.940464585060329625e+02 5.687206410610665674e-01 2.052775168094316882e+01
1.940809431703048631e+02 5.774523348991433824e-01 2.016068895643363845e+01
1.940104632955696786e+02 5.866629824076632360e-01 2.001053698074974818e+01
1.940548401952657400e+02 5.784839274200976877e-01 2.004277424702956623e+01
1.940274661508703957e+02 5.670811458045500464e-01 2.050726720088422184e+01
1.941095330201713125e+02 5.582757667864051143e-01 2.029212489638021566e+01
1.934012342267661495e+02 5.775997052592797276e-01 1.976503638205765867e+01
1.919477019434466172e+02 5.645942709772496793e-01 1.963109514598876260e+01
1.914782352399373622e+02 5.381228700377636009e-01 1.923897946025605776e+01
1.917218568665377063e+02 5.387860366583770988e-01 1.948411163304780302e+01
1.922893801234226885e+02 5.250621718706824925e-01 1.978824721377912965e+01
1.928907248779589167e+02 5.016118633139909910e-01 2.001514230450400689e+01
1.937676890485401202e+02 4.738509717233121421e-01 2.041169752233582102e+01
1.944485769549599468e+02 4.716404163212674083e-01 2.070776457584968355e+01
1.946729667495625051e+02 4.715851524362162928e-01 2.070054342820300164e+01
1.948558902090817071e+02 4.861379754996776326e-01 2.064511375149673000e+01
1.947547204568481050e+02 5.278069448282214360e-01 2.050245924288477539e+01
1.945081145804550147e+02 6.043105830339873252e-01 2.037026802984249940e+01
1.943951736207055490e+02 6.551165146909827541e-01 2.035022566086395912e+01
1.945438703140830796e+02 6.446532191213042440e-01 2.061346596665745778e+01
1.944223634521506767e+02 6.365662706088237588e-01 2.060812379110251413e+01
1.935405544809800062e+02 6.339688680114211605e-01 2.025887445887445892e+01
1.924263424518743761e+02 6.472322004236897852e-01 1.969079856313898702e+01
1.920407110619876505e+02 6.422584507690890510e-01 1.968184581376070597e+01
1.920114027816155442e+02 6.300451321727917886e-01 1.959756838905775211e+01
1.925772128580639162e+02 6.420373952288845887e-01 1.961075803628995118e+01
1.935024592428847825e+02 6.532928064842958849e-01 1.980858432347794107e+01
1.942107580362899455e+02 6.459795523625311287e-01 2.028630376715483052e+01
1.951402781615547610e+02 6.740351846734825569e-01 2.108214055448097923e+01
1.953368149580915656e+02 6.783089251174357903e-01 2.090021184489269501e+01
1.951605047434834717e+02 6.606797457861287581e-01 2.084585060329741069e+01
1.949656258634982180e+02 6.681956341530809196e-01 2.075197568389057778e+01
1.946602744772957578e+02 6.683614258082343218e-01 2.071817260753431000e+01
1.946064106106659324e+02 6.673850971723311876e-01 2.091625679285253625e+01
1.945615915998894820e+02 6.413373860182370878e-01 2.076137054434926910e+01
1.943179147094040786e+02 6.400478953670443172e-01 2.064817168646955992e+01
1.933466703509256774e+02 6.498480243161094405e-01 2.030846458506032803e+01
1.920498480243161055e+02 6.607534309661968752e-01 1.982109238279451091e+01
1.916882195818365915e+02 6.645850603297411840e-01 1.960906327714838326e+01
1.917982315556783703e+02 6.553559915262042734e-01 2.008153265174541602e+01
1.923311964631113540e+02 6.185870866721930872e-01 2.033559915262042850e+01
1.932586902459242992e+02 6.146265082435294902e-01 2.038802615823892594e+01
1.942585428755641601e+02 6.260108685640600745e-01 2.095519941051855994e+01
1.947045408492217007e+02 6.106290872248318902e-01 2.111960946854564014e+01
1.949310859353412582e+02 6.212581744496638025e-01 2.129693285437966210e+01
1.946503453992815764e+02 6.163212673850971823e-01 2.078568665377175861e+01
1.944741457124435726e+02 6.051948051948051743e-01 2.094213871235147906e+01
1.942114948880906411e+02 6.302293451229621368e-01 2.060736851800681535e+01
1.943001565810076556e+02 6.310583033987289259e-01 2.060709219858156160e+01
1.943419544994013108e+02 6.126185870866721617e-01 2.066360873169383794e+01
1.939567467992999923e+02 6.503453992815695361e-01 2.065485861656074462e+01
1.929311411992263174e+02 6.655982315556783213e-01 1.984892695956525799e+01
1.917781339228147601e+02 6.811826471400939109e-01 1.957997605231647853e+01
1.914870221976605080e+02 7.116883116883117033e-01 1.962750299346043903e+01
1.916291056461269307e+02 7.117251542783458174e-01 1.949256700746062521e+01
1.921290595928893765e+02 7.017592336741272918e-01 2.000712904117159496e+01
1.930812931749102006e+02 6.773878603665837161e-01 2.003829787234042570e+01
1.938509164594271112e+02 6.640140001842129713e-01 2.092194897301280321e+01
1.944674035184673357e+02 6.613981762917933160e-01 2.102149765128488568e+01
1.945953025697706664e+02 6.604034263608731248e-01 2.109894077553651925e+01
1.944861748180897223e+02 6.564428479322096388e-01 2.087849313806760776e+01
1.942906511927788529e+02 6.462558717877866510e-01 2.054403610573823258e+01
1.940788984065579825e+02 6.295293359123146359e-01 2.042017131804365704e+01
1.940554665192963171e+02 5.995578889195910532e-01 2.040436584691903832e+01
1.941271437782075964e+02 5.853734917564704654e-01 2.028634060974486530e+01
1.936465874550980857e+02 5.787786681403702671e-01 2.018741825550336344e+01
1.921185410334346386e+02 5.643916367320622740e-01 1.952885695864419091e+01
1.911169199594731651e+02 5.541125541125541121e-01 1.888646955880998490e+01
1.909400939486045843e+02 5.334438611034355571e-01 1.855256516533112432e+01
1.911980473427281879e+02 5.185226121396334653e-01 1.901733443861103368e+01
1.918107948788799888e+02 5.066777194436768994e-01 2.027355623100303816e+01
1.925026250345399319e+02 4.922354241503177907e-01 2.029208805379018088e+01
1.933975315464677180e+02 5.076540480795800336e-01 2.063393202542138738e+01
1.937411071198305308e+02 5.120935801786865582e-01 2.094200976328635733e+01
1.933866814037026813e+02 4.843879524730588804e-01 2.091800681587915633e+01
1.931639863682416944e+02 4.836326793773602084e-01 2.058636824168739210e+01
1.930751588836695305e+02 5.026066132449110713e-01 2.047742470295661832e+01
1.927163304780326030e+02 4.857695495993368251e-01 2.056905222437137226e+01
1.925719812102790911e+02 4.865248226950354415e-01 2.051909367228516246e+01
1.929546651929630627e+02 4.910933038592613098e-01 2.041685548494059077e+01
1.925820576586534116e+02 5.032697798655245691e-01 2.045542967670627377e+01
1.914333609652758525e+02 5.021276595744680327e-01 1.988179054987565664e+01
1.904908169844340193e+02 4.960302109238279300e-01 1.925016118633140039e+01
1.903218937091277496e+02 4.932301740812379265e-01 1.929057750759878331e+01
1.907945472966749492e+02 5.007092198581559739e-01 1.901037118909459167e+01
1.914087685364281128e+02 4.997881551073040662e-01 1.944721377912867410e+01
1.924176660219213488e+02 5.080224739799208411e-01 1.999329464861379790e+01
1.931970710140923018e+02 5.012618587086672406e-01 2.024761904761904674e+01
1.935358386294556396e+02 5.010960670535138384e-01 2.048322741088698606e+01
1.933897946025605563e+02 4.983328728009578934e-01 2.048750115133093885e+01
1.932034447821681908e+02 5.018144975591783963e-01 2.040821589757759824e+01
1.927282674772036444e+02 4.947959841576862750e-01 2.008440637376807558e+01
1.927961683706364511e+02 4.932854379662890421e-01 2.003175831260937656e+01
1.928122501611863413e+02 5.000460532375425871e-01 1.994934143870314003e+01
1.930183660311319898e+02 5.168094317030487161e-01 2.010627245095330196e+01
1.927775260200792218e+02 5.428203002671088129e-01 1.989181173436492500e+01
1.915559362623192499e+02 5.588652482269503841e-01 1.918703140830800535e+01
1.905509993552546746e+02 5.536520217371281305e-01 1.897118909459334901e+01
1.904639955788891825e+02 5.440361057382333554e-01 1.915855208621166028e+01
1.908503085566915445e+02 5.510361978447084752e-01 1.904737957078382493e+01
1.916289951183568121e+02 5.423966104817168343e-01 1.919358938933407188e+01
1.925553836234687424e+02 5.184673482545822942e-01 1.971668048263792983e+01
1.930114948880906240e+02 4.990697246016395083e-01 2.030599613152804750e+01
1.932478585244542728e+02 4.942986091922262348e-01 2.010748825642442839e+01
1.932165607442203168e+02 5.021645021645021467e-01 2.030437505756654559e+01
1.928409505388228808e+02 4.982407663258727193e-01 1.996236529428018613e+01
1.928389241963710106e+02 4.952196739430781980e-01 1.961492124896380318e+01
1.925926867458782397e+02 5.007644837432071450e-01 1.983030303030303187e+01
1.928560375794418462e+02 5.003776365478492805e-01 2.007388781431334479e+01
1.929106751404623878e+02 4.843695311780418233e-01 1.988851432255687612e+01
1.922586718246292605e+02 4.723956894169660248e-01 1.951091461729759757e+01
1.909406097448650712e+02 4.546191397255227029e-01 1.882811089619600153e+01
1.901753523072671896e+02 4.493138067606152752e-01 1.896918117343649257e+01
1.901651100672377197e+02 4.630745141383439401e-01 1.921512388320898879e+01
1.905878051026987237e+02 4.743115040987381237e-01 1.936131528046421835e+01
1.914731325412176375e+02 4.755457308648797787e-01 1.971802523717417444e+01
1.923608179054987488e+02 4.913696232845168876e-01 2.032338583402413335e+01
1.930407294832826608e+02 5.194252555954683714e-01 2.025887445887445892e+01
1.934311319885787839e+02 5.146725614810720995e-01 2.043348991434097783e+01
1.930654140186055088e+02 5.019802892143317985e-01 2.036221792392005270e+01
1.928786773510177852e+02 5.049092751220410902e-01 1.990238555770470796e+01
1.926302661877130049e+02 4.993460440268950862e-01 1.977505756654692703e+01
1.924882564244266234e+02 4.759141567652205862e-01 2.007051671732522635e+01
1.926591876208897531e+02 4.889564336372846931e-01 1.989356175739154509e+01
1.926092474900985678e+02 4.895827576678640769e-01 2.003032145159804855e+01
1.915413097540757121e+02 4.937275490466979666e-01 1.948728009579073372e+01
1.903753891498572273e+02 4.832458321820023994e-01 1.901359491572257454e+01
1.902394031500414542e+02 4.788984065579810490e-01 1.902623192410426611e+01
1.905418992355162686e+02 4.795799944736114928e-01 1.879292622271345792e+01
1.911687022197660610e+02 4.665561388965644429e-01 1.892016210739614834e+01
1.919510914617297601e+02 4.655061250805931916e-01 1.957927604310583192e+01
1.927067329833287204e+02 4.607718522612139767e-01 2.005541125541125425e+01
1.932995118356820399e+02 4.579349728285898591e-01 2.040070000921064874e+01
1.931908261950815131e+02 4.530901722391084130e-01 1.983024776641797970e+01
1.931019066040342693e+02 4.577691811734365124e-01 1.993769918025237331e+01
1.929710601455282415e+02 4.574191765681127619e-01 1.931124620060790420e+01
1.928106475085198497e+02 4.638113659390254995e-01 1.936969696969697097e+01
1.927696969696969802e+02 4.564612692272266847e-01 1.964785852445426784e+01
1.930165607442203282e+02 4.689509072487795804e-01 2.001073961499493592e+01
1.927557888919590994e+02 4.728378004973749493e-01 1.985537441282122018e+01
1.914116791010407894e+02 4.552086211660679727e-01 1.888309846182186647e+01
1.903292253845445430e+02 4.413005434282030182e-01 1.859760523164778334e+01
1.902808142212397513e+02 4.470479874735193704e-01 1.847075619416045100e+01
1.907246937459703418e+02 4.483558994197291980e-01 1.870159344201897511e+01
1.912925117435755737e+02 4.358846826931933038e-01 1.934781247121672720e+01
1.921169015381781264e+02 4.345583494519664747e-01 1.934950723035829512e+01
1.930161738970249701e+02 4.427189831445150769e-01 1.996415215989684100e+01
1.933407571152251876e+02 4.397531546467716712e-01 1.996713640968960135e+01
1.932594270977249664e+02 4.414294924933223063e-01 1.999318412084369356e+01
1.929214515980473550e+02 4.440268950907249046e-01 1.954278345767707492e+01
1.925678732614902913e+02 4.473611494888090623e-01 1.940571060145528293e+01
1.925627521414755563e+02 4.474164133738601778e-01 1.956682324767431069e+01
1.925930735930735977e+02 4.456663903472414257e-01 1.946123238463664151e+01
1.927681127383254989e+02 4.475637837339965230e-01 1.942731878051026939e+01
1.923034724141107006e+02 4.471216726535875430e-01 1.868674587823523936e+01
1.910865432439900644e+02 4.324951644100580306e-01 1.812182002394768432e+01
1.902840195265727061e+02 4.239292622271345623e-01 1.843422676614165923e+01
1.901077461545546612e+02 4.203371096988118283e-01 1.858948144054527063e+01
1.906356636271529794e+02 4.188449848024315969e-01 1.861573178594455058e+01
1.914176476006263101e+02 4.261766602192134101e-01 1.913939393939394051e+01
1.923425808234318879e+02 4.330109606705351277e-01 1.957218384452427173e+01
1.929681311596205262e+02 4.502901353965183540e-01 1.978076816800221138e+01
1.933222068711430381e+02 4.529428018789720678e-01 1.987292990697245898e+01
1.931656995486782762e+02 4.579349728285898591e-01 1.974921248963802256e+01
1.928525559546836234e+02 4.539559731049092606e-01 1.941936078106290964e+01
1.928444505848761139e+02 4.611586994565717856e-01 1.901602652666482385e+01
1.924992170949617787e+02 4.453900709219857923e-01 1.900653955973104914e+01
1.926598139449203302e+02 4.467532467532467355e-01 1.907276411531730531e+01
1.928419268674587954e+02 4.411163304780326144e-01 1.902228976697061924e+01
1.921390439347886172e+02 4.353688864327162067e-01 1.882335820208160726e+01
1.910603113198857841e+02 4.309477756286266836e-01 1.826609560652113728e+01
1.903640047895366934e+02 4.291793313069908744e-01 1.786845353228331845e+01
1.902829879340517607e+02 4.247029566178502358e-01 1.801703969789076254e+01
1.908471585152436205e+02 4.245371649626968891e-01 1.854038868932486039e+01
1.916126001657916618e+02 4.285530072764115461e-01 1.842448190107764461e+01
1.924174818089711607e+02 4.295109146172976233e-01 1.901516072579902428e+01
1.931560836326793833e+02 4.321451598047342801e-01 1.965968499585520846e+01
1.935371465414018530e+02 4.356267845629547830e-01 1.990531454361241614e+01
1.932647508519848998e+02 4.354794142028184378e-01 1.998098922354241580e+01
1.930696324951643987e+02 4.284424795063093150e-01 1.967928525375333848e+01
1.926646219029197766e+02 4.311504098738141444e-01 1.948825642442663764e+01
1.924515243621626723e+02 4.312240950538822615e-01 1.910196186791931439e+01
1.925167357465229827e+02 4.343741365017960709e-01 1.942433453071750904e+01
1.925503546099290872e+02 4.330478032605692418e-01 1.904881643179515649e+01
1.919494335451782376e+02 4.304688219581836450e-01 1.855796260477111659e+01
1.908493874919406892e+02 4.295293359123146248e-01 1.854899143409781814e+01
1.900584507690890632e+02 4.312609376439163755e-01 1.814928617481809070e+01
1.899014644929538633e+02 4.218844984802431752e-01 1.792977802339504478e+01
1.903463571889103889e+02 4.194713088330109807e-01 1.806429031960946929e+01
1.913102698719719967e+02 4.254213871235147937e-01 1.862302661877129850e+01
1.921904393478861550e+02 4.315556783641890104e-01 1.943971631205673845e+01
1.927701759233674181e+02 4.316662061342912415e-01 1.944925854287556533e+01
1.929746707193515647e+02 4.324583218200239720e-01 1.989980657640231954e+01
1.929388781431334507e+02 4.264898222345031020e-01 1.955343096619692389e+01
1.926716219950262428e+02 4.200976328635903090e-01 1.943207147462466722e+01
1.923649442755825874e+02 4.226397715759417917e-01 1.928681956341530679e+01
1.921805471124619942e+02 4.191028829326701732e-01 1.930157502072395559e+01
1.923052592797273519e+02 4.187528783273464228e-01 1.962088974854932388e+01
1.923374044395320936e+02 4.193792023579257511e-01 1.941129225384544554e+01
1.918536059684995791e+02 4.165975868103527491e-01 1.887477203647416246e+01
1.905420281845813690e+02 4.207607994842037513e-01 1.836385741917656844e+01
1.897175462835037365e+02 4.067790365662706242e-01 1.783783733996499876e+01
1.897591231463571830e+02 4.119738417610758208e-01 1.795518098922354255e+01
1.901766970618034520e+02 4.119185778760247052e-01 1.838091553836234837e+01
1.909670627245095318e+02 4.256792852537533145e-01 1.871155936262319130e+01
1.917142857142857224e+02 4.256792852537533145e-01 1.890625402965828528e+01
1.926939486045868932e+02 4.271898314451506029e-01 1.959430781983973446e+01
1.929226305609284395e+02 4.296030210923827974e-01 1.987302201344754593e+01
1.926851432255687655e+02 4.352215160725799170e-01 1.923630837247858594e+01
1.922121396334162284e+02 4.278898406557981038e-01 1.938651561204752838e+01
1.920287740628166091e+02 4.261213963341622946e-01 1.901650548033526889e+01
1.919773602284240610e+02 4.270977249700653733e-01 1.911071198305240770e+01
1.921905682969512839e+02 4.283135304411900268e-01 1.901637653127014715e+01
1.923558625771391632e+02 4.250898038132080448e-01 1.897334438611034457e+01
1.913823708206686831e+02 4.186423505572441917e-01 1.868411163304780231e+01
1.902455927051671836e+02 4.098922354241503196e-01 1.812454637561020476e+01
1.896162475822050340e+02 4.096527585889288003e-01 1.789800128949065083e+01
1.895273279911577902e+02 4.170581191857787862e-01 1.778428663535046539e+01
1.898120843695311919e+02 4.028921433176752553e-01 1.788074053605968672e+01
1.907267200884222120e+02 4.049184857695495854e-01 1.841038961038961119e+01
1.918426452979644523e+02 4.166528506954038646e-01 1.882956617850235048e+01
1.926654508611955521e+02 4.366215344938749188e-01 1.921055540204476486e+01
1.926918301556599431e+02 4.340609744865063790e-01 1.939616837063645605e+01
1.925487887998526162e+02 4.428847747996684237e-01 1.934620981855024269e+01
1.921986920880538037e+02 4.233029381965552340e-01 1.907609836971539252e+01
1.918819010776457503e+02 4.295477572073316819e-01 1.902997144699272525e+01
1.916161186331399051e+02 4.265082435295201035e-01 1.882901353965183588e+01
1.917597863129778091e+02 4.241871603573731386e-01 1.857920235792576236e+01
1.914622639771575905e+02 4.219397623652942908e-01 1.848140370268029997e+01
1.903344386110343578e+02 4.154186239292622096e-01 1.833263332412268554e+01
1.894201713180436570e+02 4.170581191857787862e-01 1.783881366860090267e+01
1.891641890024868644e+02 4.178870774615455197e-01 1.747250621718706753e+01
1.893181726075343079e+02 4.156396794694667274e-01 1.779487887998526219e+01
1.901266464032421482e+02 4.260108685640600634e-01 1.827703785576126094e+01
1.909170857511282975e+02 4.358478401031592453e-01 1.883991894630192476e+01
1.917391544625587301e+02 4.425531914893616747e-01 1.941440545270332407e+01
1.923002855300727560e+02 4.415215989684074804e-01 1.981528967486414317e+01
1.921127935893893266e+02 4.409689601178962692e-01 1.981543704522427873e+01
1.918425716127843828e+02 4.415584415584415390e-01 1.970185134014921147e+01
1.916277056277056374e+02 4.450400663166620419e-01 1.937761812655429594e+01
1.912861563967946950e+02 4.461453440176844643e-01 1.946541401860550735e+01
1.913788155107303908e+02 4.432347794049921741e-01 1.941737128120106703e+01
1.914140186055079766e+02 4.410979091830155574e-01 1.920547112462006112e+01
1.906407479045776938e+02 4.396242055816523830e-01 1.911684627429308136e+01
1.889923367412729078e+02 4.256240213687021989e-01 1.829494335451782305e+01
1.885306069816708145e+02 4.228424058211292524e-01 1.827269043013723859e+01
1.885490651192778842e+02 4.196186791931472704e-01 1.825290595928893822e+01
1.893054987565625993e+02 4.288109054066500669e-01 1.851795155199410559e+01
1.903407939578152366e+02 4.328635903103988380e-01 1.904529796444689893e+01
1.913618494980197227e+02 4.286819563415308343e-01 1.932242792668324682e+01
1.922273740443953329e+02 4.312056737588652600e-01 1.982208713272543221e+01
1.921886709035645140e+02 4.319609468545638764e-01 1.917432071474624777e+01
1.918456479690522372e+02 4.335451782260292819e-01 1.932410426452979735e+01
1.915893340701851457e+02 4.376347057198121115e-01 1.921473703601363070e+01
1.913263148199318380e+02 4.428295109146173081e-01 1.909066961407387097e+01
1.913016487059040287e+02 4.498664456111264864e-01 1.922337662337662323e+01
1.915910288293266888e+02 4.505848761167909888e-01 1.898832089895919850e+01
1.916309661969236515e+02 4.524085843234779136e-01 1.926946670350925572e+01
1.905789997236805675e+02 4.460900801326333487e-01 1.913992815694943417e+01
1.893126462190292045e+02 4.390163028460900563e-01 1.804130054342820344e+01
1.887455650732246397e+02 4.319425255595468194e-01 1.767766417979184013e+01
1.890898406557980991e+02 4.305793497282858762e-01 1.825961131067514032e+01
1.897299622363452158e+02 4.408215897577599796e-01 1.864306898774983878e+01
1.907548678272082441e+02 4.447453255963894070e-01 1.881993184120843665e+01
1.914463848208528987e+02 4.472690430137238882e-01 1.925080593165699483e+01
1.919819655521783091e+02 4.327714838353136084e-01 1.948096159159988972e+01
1.924079395781523374e+02 4.131896472322004188e-01 1.981473703601363212e+01
1.922192318319978028e+02 4.339872893064382620e-01 1.926513769918025076e+01
1.921734733351754585e+02 4.379847103251358620e-01 1.954928617481808928e+01
1.918572165423229308e+02 4.326793773602284343e-01 1.909348807221147482e+01
1.918196739430781861e+02 4.248687482730035825e-01 1.910982776089159074e+01
1.920976512848853304e+02 4.139080777378649767e-01 1.899941051855945418e+01
1.919131251726996368e+02 4.124896380215529179e-01 1.923406097448650698e+01
1.909864050842774361e+02 4.010131712259371595e-01 1.842394768352215095e+01
1.901605415860734922e+02 4.042737404439532001e-01 1.794125449019066210e+01
1.896758404715851611e+02 4.055448098001289692e-01 1.819714469927235712e+01
1.899031224095053858e+02 4.036842590034079303e-01 1.823903472414110638e+01
1.906492585428755717e+02 4.008658008658008698e-01 1.855578889195910364e+01
1.915500782905038193e+02 4.131343833471493032e-01 1.942155291516993643e+01
1.926497559178410199e+02 4.240950538822879090e-01 1.977627337201805346e+01
1.928263424518743534e+02 4.199502625034540193e-01 1.975799944736115066e+01
