1.791322235164692813e+02 1.386575422248107259e+00 2.514450268556267432e+01
1.798326700317090570e+02 9.832556785090273976e-01 2.474210509286222859e+01
1.808276386462175651e+02 8.305426130848378108e+00 3.114403352099915878e+01
1.817676502944412107e+02 1.130390539053905385e+01 3.344536659548307966e+01
1.808267650294441182e+02 1.310297353264738263e+01 3.447558726460881218e+01
1.801195398951659854e+02 1.292630880735132415e+01 3.390862615673331959e+01
1.822537856726849270e+02 1.623731637869669342e+01 3.637876140555231785e+01
1.825550378567268410e+02 1.694785802109622708e+01 3.682040704070406889e+01
1.830674302724389975e+02 1.762513751375137616e+01 3.794007636057723687e+01
1.833960396039603893e+02 1.835408982074677908e+01 3.885802109622726874e+01
1.843007506633016135e+02 1.937093121076813418e+01 3.944379732090855839e+01
1.844948068336245512e+02 2.024089173623244520e+01 4.041862421536271199e+01
1.847588817705299959e+02 2.130822494014107349e+01 4.112673914450268597e+01
1.843343040186371695e+02 2.080000647123535984e+01 4.075208697340322317e+01
1.832389180094480139e+02 1.850223257619879647e+01 3.928036627192130936e+01
1.819841292952824574e+02 1.731099139325697323e+01 3.817664854720766243e+01
1.815597780366271934e+02 1.811484824953083717e+01 3.849283310684009507e+01
1.820216948165404744e+02 1.896945576910632170e+01 3.937704652818222684e+01
1.835070051122759196e+02 2.006658901184236043e+01 4.115757458098750732e+01
1.845309325050152154e+02 2.129987704652818081e+01 4.256954960201902338e+01
1.850618164757652266e+02 2.274765417718242588e+01 4.346306542418948027e+01
1.856721025043680697e+02 2.383671455380832072e+01 4.431709053258266806e+01
1.858324920727366987e+02 2.324244483271856510e+01 4.414665437131948522e+01
1.856805151103345679e+02 2.317852520546172101e+01 4.396512004141590779e+01
1.857948294829483018e+02 2.337110916974050312e+01 4.405196401993140398e+01
1.860449750857438573e+02 2.430092862227399308e+01 4.477675855820876194e+01
1.862660810198667036e+02 2.450960978450786243e+01 4.509765094156474419e+01
1.864722707564874042e+02 2.458543648482495314e+01 4.514254513686663017e+01
1.863824500097068437e+02 2.419509156798032734e+01 4.487796867922086363e+01
1.853841487089885334e+02 2.245838995664272275e+01 4.320709570957095735e+01
1.839295282469423398e+02 2.070437779072024753e+01 4.212607584287840723e+01
1.835891089108910990e+02 2.001735908885006054e+01 4.176831359606548943e+01
1.833776612955413157e+02 2.022228693457580917e+01 4.178411958842943363e+01
1.839218436549537330e+02 2.154410146897042821e+01 4.292897819193684228e+01
1.846071151232770262e+02 2.223327185659742611e+01 4.392367177894259811e+01
1.855216301041868974e+02 2.388406781854656202e+01 4.486751763411635352e+01
1.858929981233417550e+02 2.458527470394098202e+01 4.567648676632369131e+01
1.863284960849026106e+02 2.482671649517892831e+01 4.583448197760952780e+01
1.864416941694169338e+02 2.526567656765676517e+01 4.624360965508315502e+01
1.864228790526111368e+02 2.523121723937099503e+01 4.601756940399922513e+01
1.864758137578463675e+02 2.544795508962661046e+01 4.639539248042451192e+01
1.866822947000582360e+02 2.584375202226105017e+01 4.679665760693716692e+01
1.870052255225522515e+02 2.644522099268750281e+01 4.717106710671067304e+01
1.872631689639552235e+02 2.674149032550313976e+01 4.735436484824953141e+01
1.870000970685303798e+02 2.536090079596194968e+01 4.704639875752280886e+01
1.858920759723031040e+02 2.339052287581699474e+01 4.579570309972173447e+01
1.850962272697857998e+02 2.251250566233093764e+01 4.505316119847278600e+01
1.849778845531612035e+02 2.242187601113052509e+01 4.492588817705299675e+01
1.851524784831424313e+02 2.281366077784248958e+01 4.508305830583058338e+01
1.853828221057399901e+02 2.344551219827865296e+01 4.552198602213162815e+01
1.859905196401993237e+02 2.417980327444509214e+01 4.624820423218792342e+01
1.866319808451433460e+02 2.488689898401604950e+01 4.678816411052869739e+01
1.870432602083737663e+02 2.588604154533100399e+01 4.804704588105869334e+01
1.870000647123535771e+02 2.588940658771759473e+01 4.801460881382256218e+01
1.870971170646476480e+02 2.587652882935352494e+01 4.789482624733061300e+01
1.869437487866433685e+02 2.544842425419012599e+01 4.759611402316702566e+01
1.868915906296512048e+02 2.436962078560797096e+01 4.692423801203649703e+01
1.869537144890959723e+02 2.308126253801850680e+01 4.594895813110722571e+01
1.870829127030350207e+02 2.184651847537694991e+01 4.510900795961948972e+01
1.866380314502038402e+02 2.015888500614767409e+01 4.373763994046463210e+01
1.852068692163333878e+02 1.810277939558661586e+01 4.260868439785154749e+01
1.847330130071830752e+02 1.780526434996440699e+01 4.259187536400698804e+01
1.844392674561573813e+02 1.698354688410017488e+01 4.210146897042645264e+01
1.842843137254901933e+02 1.742054940788196404e+01 4.216543713194848664e+01
1.843977706594188817e+02 1.907812398886947491e+01 4.269122500485342897e+01
1.850759884812010512e+02 2.011732349705558676e+01 4.363395457192778082e+01
1.860181032809163355e+02 2.113322655794991434e+01 4.482251019219569343e+01
1.867904128648158917e+02 2.267126124377143626e+01 4.573317478806703917e+01
1.870556849802627255e+02 2.328449168446256223e+01 4.587274315666860502e+01
1.871888791820358620e+02 2.376981815828641587e+01 4.632294700058240977e+01
1.872962531547272249e+02 2.423773700899501549e+01 4.673311007571345499e+01
1.873256649194331089e+02 2.496057399857632930e+01 4.705871028279298685e+01
1.876199119911991318e+02 2.571981168705105958e+01 4.803123988869474914e+01
1.879018475376949482e+02 2.653750080890441865e+01 4.838908302594965249e+01
1.876366401346016914e+02 2.635988157639293306e+01 4.834009577428331283e+01
1.865128130460104785e+02 2.458205526434996457e+01 4.670858409370348596e+01
1.854199346405228823e+02 2.331869216333398143e+01 4.553240471105934262e+01
1.852252475247524615e+02 2.319153238853296983e+01 4.524179770918268417e+01
1.852172231929075394e+02 2.445398951659871756e+01 4.587754804892254157e+01
1.857175467546754817e+02 2.538314566750792878e+01 4.691601954313078693e+01
1.863472464893548306e+02 2.641436937811428365e+01 4.802823076425289628e+01
1.871741085873293287e+02 2.835339416294570469e+01 4.923084514333786643e+01
1.877338704458681207e+02 2.917611467029055916e+01 4.995777518928363747e+01
1.880211932958001739e+02 2.952601436614249764e+01 5.017355853232382401e+01
1.882191969196919672e+02 2.967870316443408996e+01 5.087853491231476255e+01
1.884109234452857038e+02 2.987552578787290614e+01 5.107128065747751577e+01
1.885835760046592782e+02 3.008791173234970628e+01 5.088355011971785302e+01
1.886366239565132901e+02 3.032935352358765257e+01 5.080660713130136230e+01
1.889788067041998261e+02 3.064599106969520648e+01 5.117567786190383572e+01
1.890960654889018429e+02 3.063007183071248463e+01 5.119319873163787094e+01
1.883670161133760530e+02 2.884499773506762565e+01 4.988494143532000180e+01
1.870507991975668176e+02 2.687968355659095465e+01 4.828083543648482845e+01
1.860646476412346999e+02 2.609460946094609568e+01 4.737861580275674811e+01
1.860797417977091754e+02 2.619290752604672079e+01 4.811368342716624369e+01
1.864580987510515797e+02 2.694745356888629928e+01 4.843630686598071833e+01
1.871683168316831711e+02 2.810119394292370387e+01 4.901813563709312405e+01
1.877865786578657890e+02 3.014296576716495224e+01 5.043284475506374065e+01
1.884928816411052992e+02 3.112743480230376036e+01 5.115107098945188824e+01
1.890884941435319888e+02 3.182009965702452448e+01 5.180820876205267922e+01
1.891735423542354226e+02 3.194305312884229764e+01 5.200761987963502264e+01
1.894104057464570019e+02 3.202981621691581182e+01 5.266084255484371823e+01
1.896448100692422258e+02 3.232445156280333975e+01 5.293146961754999325e+01
1.897391606807739493e+02 3.260603119135443251e+01 5.275854203067365233e+01
1.900137513751375025e+02 3.387133566297806198e+01 5.356302983239500293e+01
1.903093088720636672e+02 3.334755387303436436e+01 5.321735261761470070e+01
1.901927133889859647e+02 3.226862097974503030e+01 5.240319031903189995e+01
1.888863327509221506e+02 2.969439591017925295e+01 5.055429366466058383e+01
1.879961819711382986e+02 2.832242930175370432e+01 4.943609655083155729e+01
1.878189186565715261e+02 2.783237882611790681e+01 4.932932116741086048e+01
1.876306218857179715e+02 2.800580793373454824e+01 4.963120429690027891e+01
1.879643111369960593e+02 2.858998252766453163e+01 5.008341422377532126e+01
1.884685012618909070e+02 3.032930498932246266e+01 5.120657801074224835e+01
1.888781628162816162e+02 3.097387238723872471e+01 5.170250113246618895e+01
1.892071604219245557e+02 3.128365042386591455e+01 5.218145343946159187e+01
1.891536433055070177e+02 3.032860933152138827e+01 5.150585646799974171e+01
1.890921827476865360e+02 3.006440496990875388e+01 5.129576781207532576e+01
1.891080858085808529e+02 3.011769559308871891e+01 5.135619297223840363e+01
1.891089917815311026e+02 3.012206367695593201e+01 5.139178476671196449e+01
1.891725231346664202e+02 3.028619038374425543e+01 5.144030285381479217e+01
1.892653691839772137e+02 3.025710218080631719e+01 5.144073966220151561e+01
1.891711641752410458e+02 2.978420047887141564e+01 5.122982592376884980e+01
1.879541027632174917e+02 2.771342134213421460e+01 4.936594835954183935e+01
1.867728272827282865e+02 2.612599495243642167e+01 4.799017990034297299e+01
1.864731443732608511e+02 2.569036756616837991e+01 4.787458745874587152e+01
1.864581634634051568e+02 2.599242865463016727e+01 4.809279751504562483e+01
1.866919044845660949e+02 2.654334109881576254e+01 4.845449103733902518e+01
1.872380443926745670e+02 2.743755257878729026e+01 4.901168057982268778e+01
1.877058338186759840e+02 2.805529670614120263e+01 4.963880799844690017e+01
1.881682844755063684e+02 2.953355335533553472e+01 5.100996570245259676e+01
1.884113117194072231e+02 2.957629586488060625e+01 5.095237170775901347e+01
1.884158415841584144e+02 2.926477059470652975e+01 5.099330227140361416e+01
1.881614411441144057e+02 2.817360706658901037e+01 4.997523134666408140e+01
1.882751569274574592e+02 2.818590241377079053e+01 5.038091309130913231e+01
1.882938426195560737e+02 2.831272244871545851e+01 5.047594318255355006e+01
1.883876431760823209e+02 2.844515628033391508e+01 5.079558985310296038e+01
1.883635216462822655e+02 2.821885717983563069e+01 5.079078496084902383e+01
1.875848702517310471e+02 2.615437131948489125e+01 4.944447680062123851e+01
1.862774380379214278e+02 2.442260402510839157e+01 4.833344657995210980e+01
1.857701578981427417e+02 2.391902866757263979e+01 4.781128259884812337e+01
1.855384391380314639e+02 2.404249983821911485e+01 4.754550896266097482e+01
1.857467967384973804e+02 2.461496149614961482e+01 4.805165663625186312e+01
1.865016501650165139e+02 2.636153174140943634e+01 4.961038309713324423e+01
1.870064550572704434e+02 2.708716754028343843e+01 5.066514592635734004e+01
1.873553355335533581e+02 2.766021160939623513e+01 5.123708988545913456e+01
1.877274153885976773e+02 2.800758752345822700e+01 5.118396104316313711e+01
1.878352261696757921e+02 2.784674496861450876e+01 5.115763929334109861e+01
1.878251148644276327e+02 2.781961431437261467e+01 5.112759658318773148e+01
1.878563062188571848e+02 2.790495373066718443e+01 5.111421730408334696e+01
1.877628615802756826e+02 2.814123471170646340e+01 5.112711124053581813e+01
1.877606128259884883e+02 2.859912314760887853e+01 5.136255096097845296e+01
1.879717692357471037e+02 2.900779783860739158e+01 5.157081149291399669e+01
1.879000517698828787e+02 2.843090338445609433e+01 5.096180353329450696e+01
1.869812172393710057e+02 2.637230634828188869e+01 4.958943247265903409e+01
1.859619814922668866e+02 2.506770529994176044e+01 4.862944088526499797e+01
1.857834401087167464e+02 2.495858409370348951e+01 4.848340128130460158e+01
1.859520643240794584e+02 2.527594965378890990e+01 4.887165922474600421e+01
1.864379570309972109e+02 2.586170970038180172e+01 4.964495567203778847e+01
1.872341940076360629e+02 2.755011971785413749e+01 5.092920468517439758e+01
1.877494499449944954e+02 2.823346599365818932e+01 5.170191872128389576e+01
1.879337021937487862e+02 2.876740762311525401e+01 5.202533488642981752e+01
1.879734517569403920e+02 2.892268491555037713e+01 5.181506827153303618e+01
1.880508639099203947e+02 2.895300265320649657e+01 5.192792661619103001e+01
1.881101727819840903e+02 2.899348023037597954e+01 5.199690998511616158e+01
1.880088979486183973e+02 2.894478418430078293e+01 5.209711706464764092e+01
1.882947162363295206e+02 2.890856144437973185e+01 5.197086326279686830e+01
1.883374749239629864e+02 2.848505144632110131e+01 5.178025302530252816e+01
1.882998608684397936e+02 2.826760176017601722e+01 5.152316702258460879e+01
1.879527761599689484e+02 2.685938005565262543e+01 5.055068595094803641e+01
1.867366045428072141e+02 2.493077395974891530e+01 4.904008930304794944e+01
1.857063353394162846e+02 2.394471947194719519e+01 4.820308354364848213e+01
1.857350029120559043e+02 2.400687568756875834e+01 4.848315860997864490e+01
1.860735941241183014e+02 2.538560473694428410e+01 4.919111175823464777e+01
1.865008736167734469e+02 2.604730473047304784e+01 4.994853750080890364e+01
1.870748074807480634e+02 2.678701546625250884e+01 5.059339610431631229e+01
1.876995890765547017e+02 2.741959490066653871e+01 5.141770206432408230e+01
1.879563515175046859e+02 2.865532582670031658e+01 5.216614896783796240e+01
1.877064485860350658e+02 2.862581699346405273e+01 5.221568627450980671e+01
1.876861127289199374e+02 2.856940399922345009e+01 5.182019672555490786e+01
1.877013201320131941e+02 2.861426583834854043e+01 5.186873099074613691e+01
1.878204717530576602e+02 2.882380443926745528e+01 5.199771888953601007e+01
1.885308677926616099e+02 2.942147155892059729e+01 5.285413835501196900e+01
1.888800880088008682e+02 2.965056946871157706e+01 5.311035074095644859e+01
1.890787387562285744e+02 2.962931146055781895e+01 5.325965831877305590e+01
1.885755840289911305e+02 2.776190707306024663e+01 5.239139649259043807e+01
1.874617711771177255e+02 2.598671778942600241e+01 5.072413123665307921e+01
1.867671973079660859e+02 2.551279686792208778e+01 4.956723613537824491e+01
1.864396071960137249e+02 2.578227528635216359e+01 4.992137449039021391e+01
1.865081214003753303e+02 2.663366336633663423e+01 5.069505921180353170e+01
1.868539765741280121e+02 2.752048145991069816e+01 5.115953212968355501e+01
1.875000323561768028e+02 2.859753769494596654e+01 5.215420953860091657e+01
1.878069468711576917e+02 2.942936646605837225e+01 5.281550507991975962e+01
1.881788649453180540e+02 2.971258008153756691e+01 5.291383550119717682e+01
1.882695269526952586e+02 2.964335404128648221e+01 5.299991910955801444e+01
1.882559373584417131e+02 2.958063159257102015e+01 5.294845661036691808e+01
1.882651588688280526e+02 2.952999417588817721e+01 5.336522034556396932e+01
1.882435287646411837e+02 2.956665372419594817e+01 5.318231087814663738e+01
1.883424901313660769e+02 2.971280657477512577e+01 5.344107940205785212e+01
1.882411991199119825e+02 2.996735261761470426e+01 5.291582540607002016e+01
1.882025173105545832e+02 2.933391574451562889e+01 5.232830194784184386e+01
1.873277195366595436e+02 2.731798032744450921e+01 5.081688021743350703e+01
1.863454345434543313e+02 2.614977674238011929e+01 4.973317478806703917e+01
1.859855853232382117e+02 2.594539895165987176e+01 4.940391833300976998e+01
1.862033262149744246e+02 2.643632304406911260e+01 4.980739985763282363e+01
1.865824597165598959e+02 2.724215362712741850e+01 5.067001553096486077e+01
1.871078269591665162e+02 2.821492590435514103e+01 5.140812463599301196e+01
1.877535753575357660e+02 2.989778683750727950e+01 5.250627709829806378e+01
1.880317414094350568e+02 3.020628680515110176e+01 5.282100562997476345e+01
1.880832200867145616e+02 3.006963049246101249e+01 5.262623762376237835e+01
1.879472756099139303e+02 2.962717595288940586e+01 5.221102698505144701e+01
1.878510968743933347e+02 2.914366142496602663e+01 5.184185918591859377e+01
1.877259108263767473e+02 2.882327056235035201e+01 5.173233352747039504e+01
1.875654565456545697e+02 2.884059729502362046e+01 5.153784054876075515e+01
1.875375008089044115e+02 2.904987704652818081e+01 5.161589982527664233e+01
1.877527826312042976e+02 2.924456416229858391e+01 5.151234388144696652e+01
1.875981848184818546e+02 2.748105545848702391e+01 5.056291658577622172e+01
1.864875914061994422e+02 2.550092215103863325e+01 4.882581052222869289e+01
1.854752475247524615e+02 2.445795314825600286e+01 4.819015725101922243e+01
1.850832200867145616e+02 2.441223387044586701e+01 4.761436290687892381e+01
1.849302077266550270e+02 2.398975927004465092e+01 4.727028732284993140e+01
1.851153174140943634e+02 2.444062641558273441e+01 4.773505144632110131e+01
1.856120170840613355e+02 2.515919238982721851e+01 4.823222028085161384e+01
1.861242315408011336e+02 2.658957807545460383e+01 4.950145602795574007e+01
1.865576101727819776e+02 2.681754351905778933e+01 4.960572380767488454e+01
1.865580146249918982e+02 2.578861709700381866e+01 4.894148385426777992e+01
1.862965605384067942e+02 2.526024072995534908e+01 4.831256066783149095e+01
1.862154274250954415e+02 2.488267650294441324e+01 4.780840289911343888e+01
1.863537339028020483e+02 2.450957742833106678e+01 4.752153303565650333e+01
1.862830356565068257e+02 2.426710023943570960e+01 4.691445026855626566e+01
1.861737203132077809e+02 2.425106775383420654e+01 4.738086455704394240e+01
1.861982462952177571e+02 2.434826570892383302e+01 4.738544295606030943e+01
1.861195560732543868e+02 2.370178929657671674e+01 4.688542677797191516e+01
1.850520287322849811e+02 2.107280139778683647e+01 4.495178929657671318e+01
1.840333430401863666e+02 2.014552190513169094e+01 4.423906361224357653e+01
1.836069048081278652e+02 2.010381479324403031e+01 4.415723484113117081e+01
1.838764155827347508e+02 2.051925192519252050e+01 4.410933152138743196e+01
1.841322073383809084e+02 2.107642528958778172e+01 4.450820229081731583e+01
1.845845952242283090e+02 2.173095838995664408e+01 4.529489419530188599e+01
1.851368666278392539e+02 2.238762699799391598e+01 4.566914191419142099e+01
1.855242833106840123e+02 2.360873293211674095e+01 4.632961237300200708e+01
1.857126447938911440e+02 2.366613278974956458e+01 4.661208179641493388e+01
1.855891898013330774e+02 2.277654824305960091e+01 4.636179059082378728e+01
1.856003365042386690e+02 2.289922668737461819e+01 4.624186242153626836e+01
1.857664045816346459e+02 2.309643758493496435e+01 4.654738562091502985e+01
1.857949265514786816e+02 2.323982398239823866e+01 4.699844690351388010e+01
1.859450592118035388e+02 2.345324532453245325e+01 4.712073707370736741e+01
1.860590338445609291e+02 2.381456675079272500e+01 4.694268103280916193e+01
1.858143402575551590e+02 2.333700575939947086e+01 4.608629392350999865e+01
1.850364006988934307e+02 2.159818481848184746e+01 4.476192325114864445e+01
1.843623730020060805e+02 2.057877111240535939e+01 4.383878534912314962e+01
1.838341745939299869e+02 2.045858409370348951e+01 4.383275092215103541e+01
1.838470361742056696e+02 2.089599106969520648e+01 4.406493884682586071e+01
1.843567915615090840e+02 2.161795444250307341e+01 4.456605513492525716e+01
1.850459295929592827e+02 2.230974568045039774e+01 4.515398304536336127e+01
1.856641914191419005e+02 2.385140425807286491e+01 4.636227593347570064e+01
1.857981459910697026e+02 2.427222869345758127e+01 4.677544813304859872e+01
1.858482009965702559e+02 2.431895101274833237e+01 4.655385685627386039e+01
1.857723257619879575e+02 2.419844043227852026e+01 4.653753316508121429e+01
1.855010515757458052e+02 2.406058694104704543e+01 4.624836601307189454e+01
1.853646702905584789e+02 2.403295476606484016e+01 4.631967902672619886e+01
1.853895198343363688e+02 2.422916262214456751e+01 4.646515239759270344e+01
1.855013427813369447e+02 2.466728143402575668e+01 4.654013783731314646e+01
1.856260434867016045e+02 2.498901507797838661e+01 4.689581311072283398e+01
1.855158545266291412e+02 2.409905843525529079e+01 4.633616449880282318e+01
1.847871448909596950e+02 2.244308548501908973e+01 4.515951595159516074e+01
1.841036530123600699e+02 2.169421795120688401e+01 4.464552190513168739e+01
1.841189574839837064e+02 2.169908755581440474e+01 4.488780495696628492e+01
1.841893483465993597e+02 2.210598265708923904e+01 4.543375072801397607e+01
1.845362712741862481e+02 2.293305507021290524e+01 4.601206885394422130e+01
1.850054520157898139e+02 2.378455639681615352e+01 4.654825923768847673e+01
1.855451206885394413e+02 2.447455186695140128e+01 4.675690804374555398e+01
1.858315537436096463e+02 2.493061217886494418e+01 4.681230181841713289e+01
1.859550572704329170e+02 2.511358635863586386e+01 4.670337474923962873e+01
1.858262473306154163e+02 2.511709700381802790e+01 4.666742703682132998e+01
1.859423898272180224e+02 2.504385879764447154e+01 4.667158480553937494e+01
1.859944670937682076e+02 2.514686468646864625e+01 4.672891995081861438e+01
1.861842037144890867e+02 2.555730278910244024e+01 4.761586746909985379e+01
1.865958551737526818e+02 2.684524040639357878e+01 4.837406975991716962e+01
1.869698763994046544e+02 2.707445156280333975e+01 4.866237947324144386e+01
1.866704038050863801e+02 2.589997087944088605e+01 4.732713712547725038e+01
1.858006859509480364e+02 2.405529670614120263e+01 4.644611078754934397e+01
1.853407267197308101e+02 2.314204361612631899e+01 4.563575033973985740e+01
1.852322202808516067e+02 2.323196143143726289e+01 4.550566233093897495e+01
1.855779136737203032e+02 2.384174593929981256e+01 4.607598848120105828e+01
1.858546884100174736e+02 2.463477965443603068e+01 4.693595094803598045e+01
1.865917297612114112e+02 2.581341810651653290e+01 4.797612114152591545e+01
1.871864201125995066e+02 2.676439849867339760e+01 4.857820487931146403e+01
1.874919109558014725e+02 2.725152074030932425e+01 4.917344528570504281e+01
1.876226946224034293e+02 2.751346016954636653e+01 4.911201708406134969e+01
1.876907073060247342e+02 2.762193425224875298e+01 4.868441402963825482e+01
1.877551608101986744e+02 2.751344399145796871e+01 4.876067753834207252e+01
1.878162816281628125e+02 2.777826312042968837e+01 4.871934252248754404e+01
1.878402090209020798e+02 2.800847731832006815e+01 4.940391833300976998e+01
1.880052255225522515e+02 2.836313337216074615e+01 4.953873034362259631e+01
1.882013524881899968e+02 2.835949330227140308e+01 4.957725037209603158e+01
1.878156183265385266e+02 2.684522422830518451e+01 4.865362712741862339e+01
1.864713971397139574e+02 2.406446968226234517e+01 4.623115252701740729e+01
1.858984501391315689e+02 2.343823205849996683e+01 4.554136737203132412e+01
1.859075422248107259e+02 2.353568886300394780e+01 4.555869410470458547e+01
1.860011486442761850e+02 2.396112405358183040e+01 4.610850643887918210e+01
1.863128680515110318e+02 2.455439073319096721e+01 4.643396104316313711e+01
1.870594059405940470e+02 2.632864168769818036e+01 4.778805086390992329e+01
1.874285575616385131e+02 2.691058370542936728e+01 4.801575745809875428e+01
1.875211447615349698e+02 2.730304795185400835e+01 4.851370284087231965e+01
1.875322267520869843e+02 2.737738626803856690e+01 4.851587070471752838e+01
1.876906911279363328e+02 2.746215945123924129e+01 4.844120882676502760e+01
1.877877758364071781e+02 2.756231799650553427e+01 4.861039927522163850e+01
1.878644599754093178e+02 2.776258655277292320e+01 4.861699993528764452e+01
1.879522261049634437e+02 2.808013007183071252e+01 4.879780625121335902e+01
1.881573480877499378e+02 2.834467417329968342e+01 4.909926875040445537e+01
1.883068498026273119e+02 2.849485536788973050e+01 4.933156992169805477e+01
1.879190933799262382e+02 2.746327573933864130e+01 4.836331133113311154e+01
1.868940658771759615e+02 2.543632304406911260e+01 4.672039409823334921e+01
1.863214747945382896e+02 2.443211674108587417e+01 4.655751310425160483e+01
1.862047822429301789e+02 2.431835242347764137e+01 4.606501973726784627e+01
1.862366368989840169e+02 2.467601760176017578e+01 4.633213615479194658e+01
1.867239856338574953e+02 2.543250501520740414e+01 4.686693522293406033e+01
1.870404937552578701e+02 2.613199702323173668e+01 4.688474729825923504e+01
1.877228046334045075e+02 2.677928233999870500e+01 4.759972173687957309e+01
1.879494920080243219e+02 2.713982721801592035e+01 4.821512004141590779e+01
1.880801462499190961e+02 2.729706205914709116e+01 4.808572769041609973e+01
1.880270497637999085e+02 2.721701287775836420e+01 4.797227075648741135e+01
1.881399889988998950e+02 2.729863133372160888e+01 4.797913026596777541e+01
1.880162589788390619e+02 2.734095321296835479e+01 4.773678250177958660e+01
1.882395489548954970e+02 2.748662072089561903e+01 4.777717918850708401e+01
1.883110075713453568e+02 2.777065941888306355e+01 4.810279557367501724e+01
1.884285090273733374e+02 2.806260920209668086e+01 4.825477253607713379e+01
1.883878373131430806e+02 2.784227981621691583e+01 4.778696693198731538e+01
1.875710379861515662e+02 2.601816799326991614e+01 4.620688539442179632e+01
1.862963016889924290e+02 2.432026143790849559e+01 4.461399081084579166e+01
1.856603086779266221e+02 2.373189671908367160e+01 4.445297029702970093e+01
1.855631430790137699e+02 2.388157639293341106e+01 4.429049375525787724e+01
1.857889406587717644e+02 2.439765741280010403e+01 4.509402704976380249e+01
1.861158512910114666e+02 2.510480165663625129e+01 4.525255613796673515e+01
1.869357406328868194e+02 2.595665890118423746e+01 4.605130071830712524e+01
1.874645699864103960e+02 2.739362906878923098e+01 4.703300330033003007e+01
1.877331586099786591e+02 2.765687892318643648e+01 4.723778554326020895e+01
1.878188539442179490e+02 2.756529476477059504e+01 4.736069048081278510e+01
1.877498543972044160e+02 2.754699734679350343e+01 4.724886753381220217e+01
1.877157671649517852e+02 2.772455186695140128e+01 4.726658254060700415e+01
1.877789102439655835e+02 2.771235358830000806e+01 4.748141137643175824e+01
1.879365818934834635e+02 2.795502491425613201e+01 4.772714036109493208e+01
1.881959975409305628e+02 2.830189930757781624e+01 4.794936258331715351e+01
1.884440238141461066e+02 2.867389827218016052e+01 4.838071895424836555e+01
1.883961852067559732e+02 2.829560603119135465e+01 4.763298388662395411e+01
1.876121626868569194e+02 2.626663107487219406e+01 4.629369701676049687e+01
1.865648094221186852e+02 2.472183394810069146e+01 4.514482624733061300e+01
1.858733417459393138e+02 2.439191419141914352e+01 4.498333656895101029e+01
1.859241247654177300e+02 2.470973273797968162e+01 4.501291011454086544e+01
1.864199022843460796e+02 2.567150391509739293e+01 4.576566038956836735e+01
1.872064000517698901e+02 2.688012036497767454e+01 4.717472335468841038e+01
1.880424513039539249e+02 2.805612178864945250e+01 4.799608490260790461e+01
1.885451206885394413e+02 2.875564615285058068e+01 4.886389374231540472e+01
1.889997411505856348e+02 2.995222610496343663e+01 4.952046528182229679e+01
1.890027340969390934e+02 2.912620526758558270e+01 4.906341810651653645e+01
1.889631786708082473e+02 2.908839707500161609e+01 4.917931793179317879e+01
1.889828350482107169e+02 2.913854914903254922e+01 4.893739079790331914e+01
1.890706011777648428e+02 2.939697793308742746e+01 4.884446385815051883e+01
1.893184656700964297e+02 2.962516986992816825e+01 4.956810975215168469e+01
1.894672393709959124e+02 2.994691969196919601e+01 4.981696110787549259e+01
1.894855529670614089e+02 3.011104639875752298e+01 5.012358441726525626e+01
1.895089303047951717e+02 2.990969391056752613e+01 4.964764123471170620e+01
1.887642043616126273e+02 2.783014624991911035e+01 4.838888888888888573e+01
1.875755840289911305e+02 2.609150326797385588e+01 4.696866304277486392e+01
1.868770788843590367e+02 2.542936646605837225e+01 4.605557173364395140e+01
1.867058661748527868e+02 2.559016048663690057e+01 4.619345758105222188e+01
1.870908885006147671e+02 2.624381997023231605e+01 4.681116935222934217e+01
1.876246845272762585e+02 2.743797320908561588e+01 4.754426324985439578e+01
1.883290137837313125e+02 2.846135054681938925e+01 4.843831294894195594e+01
1.891092344528570379e+02 2.929639875752281242e+01 4.954827541577687100e+01
1.895092053322979382e+02 3.060062770982980496e+01 5.019315019737268102e+01
1.895407849608490380e+02 2.963786966931987266e+01 5.002438037921439218e+01
1.895230537759658205e+02 2.960950948035980090e+01 4.972544166181324243e+01
1.895429204685174511e+02 2.974451562803339044e+01 4.962777454216009687e+01
1.895568336245389105e+02 2.977095062447421370e+01 4.969856985698569929e+01
1.897198602213162530e+02 3.011583511292305815e+01 5.034240924092409131e+01
1.898507733126253925e+02 3.041530770724131116e+01 5.041221769235747274e+01
1.900092215103863396e+02 3.080573351452792252e+01 5.076790914385556164e+01
1.900165340063418000e+02 3.061738820940917449e+01 5.099728208114929373e+01
1.890700187665825354e+02 2.845570439396880857e+01 4.939778683750728305e+01
1.878166860803727332e+02 2.651434996440820413e+01 4.765399922345175554e+01
1.874615608619685361e+02 2.594316637546107529e+01 4.770656183265385408e+01
1.873205041092344629e+02 2.615857762246812968e+01 4.770672361353782520e+01
1.874742930175370361e+02 2.677543195496020090e+01 4.818302271403610604e+01
1.878922377531870893e+02 2.746968226234388055e+01 4.895531611984728215e+01
1.885974082702387875e+02 2.821916456351517510e+01 4.947246489354817811e+01
1.889945318061217847e+02 2.873474406264155689e+01 5.021044457386915383e+01
1.890617841195884239e+02 2.895766194266485627e+01 5.051656636251860277e+01
1.891045589853102911e+02 2.884328285769753464e+01 5.028167669708147258e+01
1.890296059017666437e+02 2.885119394292370387e+01 5.019837571992493253e+01
1.889748268944541394e+02 2.878119135442955923e+01 5.017525723160551365e+01
1.890060829612372970e+02 2.897620203196790101e+01 5.041364136413641717e+01
1.892125477253607642e+02 2.940362712741862339e+01 5.067669708147285235e+01
1.893749757328673979e+02 2.988164110528699879e+01 5.095068918656571810e+01
1.895576910632239560e+02 3.034444768006212456e+01 5.150228111046398993e+01
1.897539798097456867e+02 3.017037144890959510e+01 5.139312754804892336e+01
1.888198246295217757e+02 2.792622791690933681e+01 4.991254125412541498e+01
1.876349252572316004e+02 2.612364912961884400e+01 4.845565585970361866e+01
1.872789587782307592e+02 2.562834077525399579e+01 4.809580663948747770e+01
1.871495826053193525e+02 2.590001941370607597e+01 4.836547919497832027e+01
1.875012457128065648e+02 2.646756293276386529e+01 4.914751181000453073e+01
1.880736750145602798e+02 2.733737785543260301e+01 4.983064777065941797e+01
1.888028376367048509e+02 2.930170517051705303e+01 5.096736879570310208e+01
1.892236458940011516e+02 2.983381867598524551e+01 5.154848573092603203e+01
1.894810231023102176e+02 3.010070860027179052e+01 5.156448586035074300e+01
1.893831942017731080e+02 2.997870963566944980e+01 5.126172911408787769e+01
1.893972853167669825e+02 2.986243771435967176e+01 5.134648611920015782e+01
1.894781434025755402e+02 2.990268879829159232e+01 5.130841907720184025e+01
1.894280075066330085e+02 3.001150262085031883e+01 5.133059923639422806e+01
1.895511551155115626e+02 3.018865268879829244e+01 5.158210379861515804e+01
1.896627515692745760e+02 3.062319614314372629e+01 5.178593153432990448e+01
1.898749433766906236e+02 3.096806445350417292e+01 5.186085226169675622e+01
1.898691839772212404e+02 3.047494014107293125e+01 5.167797515045621992e+01
1.890816831683168289e+02 2.851616191030867853e+01 5.025462693328156405e+01
1.878988060570762855e+02 2.690021355076684273e+01 4.942427036821329267e+01
1.874317122888759570e+02 2.665694363554002422e+01 4.891302659677732834e+01
1.875422733449815667e+02 2.693722901701934802e+01 4.907822105739985830e+01
1.879516436937811363e+02 2.760399275221639925e+01 4.960540024590694230e+01
1.885260790784960818e+02 2.850655212580081610e+01 5.016975668155050982e+01
1.891479647964796413e+02 2.931725231346663918e+01 5.114809422118682392e+01
1.895136543066071226e+02 3.084436678962013900e+01 5.262250048534265545e+01
1.899398336892512873e+02 3.117524105351711583e+01 5.307132919174270569e+01
1.897664692939882229e+02 3.009279751504562128e+01 5.227452598200996903e+01
1.897036335986539939e+02 2.998937099592312094e+01 5.217462628615803055e+01
1.896771338898595616e+02 3.016828447550637549e+01 5.232990357859315367e+01
1.897160098362777489e+02 3.041092344528570379e+01 5.252724390086067530e+01
1.897445641622985875e+02 3.061122435772989192e+01 5.248783407752539887e+01
1.899349964408205551e+02 3.093743933216851261e+01 5.253827735714747860e+01
1.900709732737979607e+02 3.106461528505791847e+01 5.282142626027308552e+01
1.897623762376237551e+02 2.989066847861256804e+01 5.198574710412217570e+01
1.886247977738950397e+02 2.758519381349899646e+01 5.052499514657348101e+01
1.877566168381544003e+02 2.664026402640264024e+01 4.955752928233999910e+01
1.874572413123665342e+02 2.642899437002523655e+01 4.902408917362324559e+01
1.876047854785478535e+02 2.689874134472270839e+01 4.967716624603637143e+01
1.878770141720054312e+02 2.759355788520028341e+01 5.025653594771242183e+01
1.884727722772277332e+02 2.851561185530317744e+01 5.101603248560149950e+01
1.892359897754481324e+02 2.926434996440820413e+01 5.142061412023555533e+01
1.894757328674043890e+02 2.973435578852002692e+01 5.153801850773312765e+01
1.895908076101727886e+02 2.997392092150391463e+01 5.146699669966996993e+01
1.896317219957289808e+02 2.991152203455639835e+01 5.189477771306542309e+01
1.896067753834206826e+02 2.982797838607390162e+01 5.193020772665501994e+01
1.895321296835566045e+02 2.993028861709700550e+01 5.180010353976574322e+01
1.895505888824176566e+02 3.015419336051252230e+01 5.164605578204879066e+01
1.898032582670031729e+02 3.041029249983822069e+01 5.219258396427878210e+01
1.899608813822558773e+02 3.074186242153627191e+01 5.253276062900407339e+01
1.897944412088267541e+02 2.995562350352682301e+01 5.216807416035721445e+01
1.887772762570374709e+02 2.795282469423412763e+01 5.048645894001165146e+01
1.877007700770076895e+02 2.667108328479906731e+01 4.988335598265708626e+01
1.872094738885653271e+02 2.636767941500032464e+01 4.923105545848702747e+01
1.872138096162557304e+02 2.665781725231346755e+01 4.951999611725878481e+01
1.876306542418947743e+02 2.728161198472788485e+01 5.012562285640328952e+01
1.883055070212903672e+02 2.814785154986086724e+01 5.075325179576780954e+01
1.889910211609396242e+02 2.892897819193684228e+01 5.162245195107745843e+01
1.895325179576781238e+02 2.939482624733061655e+01 5.196469941111758573e+01
1.895532259108263702e+02 2.961492913997281917e+01 5.220102892642205461e+01
1.895884132530900104e+02 2.951776354105998834e+01 5.191525917297612125e+01
1.896587879376172907e+02 2.952777777777777857e+01 5.200794344140296488e+01
1.895084126059664698e+02 2.945806639487478051e+01 5.189840160486637188e+01
1.894295282469423398e+02 2.954508833236264920e+01 5.200469164563514823e+01
1.894739209215039182e+02 3.001821652753510605e+01 5.198099074613343618e+01
1.896642237753187032e+02 3.043972044263249899e+01 5.232498543972044303e+01
1.897099754093056276e+02 3.006171940723483971e+01 5.215734808774995201e+01
1.888758008153756691e+02 2.782988740050475585e+01 5.070552643499644319e+01
1.880270821199767113e+02 2.638706076490002062e+01 4.915231670225846017e+01
1.874485051446321222e+02 2.595269526952695216e+01 4.894984792596906686e+01
1.874674658642334748e+02 2.632872257814016592e+01 4.909503009124441775e+01
1.875926357341616608e+02 2.698801203649776781e+01 4.969988028214586251e+01
1.880740309325050248e+02 2.791153821264479262e+01 5.047896848508380430e+01
1.884894842425418915e+02 2.870308354364848213e+01 5.108985310295735616e+01
1.889194816540477575e+02 2.941173234970555939e+01 5.141150585646799698e+01
1.892278683750728021e+02 2.962724066524299360e+01 5.167305701158350928e+01
1.892680223904743286e+02 2.964422765805992199e+01 5.177428331068401235e+01
1.893071733643952541e+02 2.957005112275933456e+01 5.146329191742703557e+01
1.894682424124765419e+02 2.960012618908949733e+01 5.155668802174334786e+01
1.894940788196466599e+02 2.977156539183330253e+01 5.132718565974244740e+01
1.896076004659289538e+02 3.011678962013848349e+01 5.159637287258137661e+01
1.896784119588429292e+02 3.042368795703099593e+01 5.155346858215233397e+01
1.895675273409693773e+02 2.943697016760499707e+01 5.081969520481460023e+01
1.886276612955413157e+02 2.673700899501714900e+01 4.888882417653530155e+01
1.873099559955995517e+02 2.492516016307513027e+01 4.757255872646088335e+01
1.864489743091956200e+02 2.426782825341357608e+01 4.647780366271921082e+01
1.860391509739209255e+02 2.447448715459781354e+01 4.640576263508703647e+01
1.863545589853102911e+02 2.409061347311201828e+01 4.644374878664336848e+01
1.868078043098427372e+02 2.557890053711253486e+01 4.747671973079661001e+01
1.871616352811751653e+02 2.637751569274574592e+01 4.818244030285381285e+01
1.876019543130783802e+02 2.608923833559826733e+01 4.801172911408787769e+01
1.877726493237558998e+02 2.630838672102504461e+01 4.803274445091567912e+01
1.876053355335533581e+02 2.604691645635151787e+01 4.762538018507733284e+01
1.875400245906943724e+02 2.588861386138613696e+01 4.713827412152979690e+01
1.872906717142302568e+02 2.498974309195625310e+01 4.649627903966867137e+01
1.871771015336827872e+02 2.508762052675855969e+01 4.670728984663172412e+01
1.871331294894195310e+02 2.441592247460039999e+01 4.622396945576910809e+01
1.870632077913673754e+02 2.472328997605642797e+01 4.665231670225846017e+01
1.869063126900925340e+02 2.393949394939494013e+01 4.588236911926486528e+01
1.863607228369895950e+02 2.231616838154403837e+01 4.460669449297871125e+01
1.848250501520740272e+02 2.035017472335468725e+01 4.248252766453116180e+01
1.839736620720895530e+02 1.889498802821458767e+01 4.102954118941305950e+01
1.835907752539959858e+02 1.896089756034426799e+01 4.130704393968808574e+01
1.835994628874652221e+02 1.928102957354558811e+01 4.143177700122953411e+01
1.839535041739468113e+02 2.007985504432796375e+01 4.214129942406005114e+01
1.844461916779913224e+02 2.081595806639487378e+01 4.248262473306154163e+01
1.848851193942923601e+02 2.143405811169352404e+01 4.261907073060247342e+01
1.851923089367760440e+02 2.198265708923833728e+01 4.306937164304665799e+01
1.853819484889665432e+02 2.204940788196466528e+01 4.341114993852326620e+01
1.853201967255549221e+02 2.197099268750404377e+01 4.329474859250630914e+01
1.853027891024396467e+02 2.197663884035462445e+01 4.346795120688539527e+01
1.855004691645635262e+02 2.216236329515304604e+01 4.347113829029962062e+01
1.854973306154144836e+02 2.244135442956060444e+01 4.376328221057399759e+01
1.858283666601954280e+02 2.286570568821587912e+01 4.362843784378437562e+01
1.858271533035656375e+02 2.280367889730149500e+01 4.378386073901507558e+01
1.851136672490778494e+02 2.125428719342522399e+01 4.287193425224875654e+01
1.841432731508444931e+02 1.959627580405099323e+01 4.146054164239953366e+01
1.835924092409240984e+02 1.904782242930175329e+01 4.135260143661425047e+01
1.835514948553678778e+02 1.919706529476476931e+01 4.134771565391833548e+01
1.838155374360965482e+02 1.966864039345110982e+01 4.157236458940011659e+01
1.842504691645635262e+02 2.040298000388274247e+01 4.222283698958131026e+01
1.846617647058823479e+02 2.100795961949135915e+01 4.281113699605254652e+01
1.850370640005176881e+02 2.162060764900019549e+01 4.372270756487413479e+01
1.854243189024784897e+02 2.175988481201061120e+01 4.370531611984728215e+01
1.853925289587782288e+02 2.172087944088526612e+01 4.383925451368666160e+01
1.854138031450203812e+02 2.163655924415970944e+01 4.314751181000453073e+01
1.853828221057399901e+02 2.166246036368342587e+01 4.285946094609460744e+01
1.853996473176729296e+02 2.177355529670614231e+01 4.295593088720637098e+01
1.855242024202420339e+02 2.203322979356759248e+01 4.357532517957677953e+01
1.856974697469746900e+02 2.234027373325567822e+01 4.368863651070989107e+01
1.857301818417135735e+02 2.220408658512910094e+01 4.326501326603248287e+01
1.850158545266291412e+02 2.057513104251601632e+01 4.207917556461528363e+01
1.841496311395845566e+02 1.903308419077201918e+01 4.134918785996246982e+01
1.834933831618455997e+02 1.854356759205332139e+01 4.090671714230246891e+01
1.835838995664272204e+02 1.864891930369507378e+01 4.136096550831553742e+01
1.838765288293535320e+02 1.922888759464181874e+01 4.165794667702064658e+01
1.843897301494855299e+02 2.000223257619879647e+01 4.236428201643693825e+01
1.850769268103281036e+02 2.068745551025690688e+01 4.322705947065294652e+01
1.853642173040833541e+02 2.205602472011906912e+01 4.402556137966737992e+01
1.854878502556138073e+02 2.236609396233740910e+01 4.431183265385362091e+01
1.853806704199831756e+02 2.158297741538859782e+01 4.381103992752216669e+01
1.854282339998705709e+02 2.141711965314178556e+01 4.376790914385556164e+01
1.852504691645635262e+02 2.154550896266097126e+01 4.374323755905002287e+01
1.851478191936840858e+02 2.189872516663431057e+01 4.382886818093574277e+01
1.852179350287970010e+02 2.241299424060052914e+01 4.414536012424771627e+01
1.852667119653141867e+02 2.279667378502556119e+01 4.437837313143079143e+01
1.858387206367695512e+02 2.311847214133177886e+01 4.441857568109752208e+01
1.854115705688215883e+02 2.168161522034556299e+01 4.289568368601565851e+01
1.842184041933604988e+02 1.993240794667702076e+01 4.165558467611467108e+01
1.839166343104898829e+02 1.922443862033262008e+01 4.118315213874328862e+01
1.838785672684915653e+02 1.932357794602989642e+01 4.146262861580275683e+01
1.840808257296317834e+02 2.064184947906555223e+01 4.258949718501261827e+01
1.844375364006988889e+02 2.151590306089432403e+01 4.311669255160810366e+01
1.850174561573804510e+02 2.229880929269397427e+01 4.352077266550184476e+01
1.856071636575422303e+02 2.288898595741927267e+01 4.432474276839448635e+01
1.859116191030867924e+02 2.316529152915291689e+01 4.453379602666149140e+01
1.860936549537306632e+02 2.312699799391704047e+01 4.471317867080825437e+01
1.859333139196272668e+02 2.306385491490325634e+01 4.448236588364719069e+01
1.859470814728531707e+02 2.314916197502103046e+01 4.450008089044198556e+01
1.859690674949847846e+02 2.330461722642852607e+01 4.471667313790202769e+01
1.861384520805021623e+02 2.359425354300135780e+01 4.489912961884423481e+01
1.862355691451498103e+02 2.397186630427748710e+01 4.518015919238983003e+01
1.864120559114734874e+02 2.428044716236329492e+01 4.572725360771371328e+01
1.861206076490001919e+02 2.329513686662783911e+01 4.516136025367242723e+01
1.849527276257037443e+02 2.145518669514010313e+01 4.341242800750663378e+01
1.842247298259237596e+02 2.054986086843978654e+01 4.298521322720507243e+01
1.839014269073966261e+02 2.053373131430790011e+01 4.297351646929399038e+01
1.842787646411699995e+02 2.091668284475506212e+01 4.334305636445997578e+01
1.847751731055458606e+02 2.164134795832524460e+01 4.421240212256519442e+01
1.855099980586293782e+02 2.259074289781919376e+01 4.480513492525723507e+01
1.858318611272891872e+02 2.430430984274898165e+01 4.575842878405487824e+01
1.860019251925192521e+02 2.488884035462369937e+01 4.627975150456222053e+01
1.859823497055587893e+02 2.403326214974438457e+01 4.585111305248172187e+01
1.858129651200414116e+02 2.386761470264673690e+01 4.561450850967449355e+01
1.858787614055523250e+02 2.382428978191936864e+01 4.570657801074224835e+01
1.860430822494014080e+02 2.380537759658318819e+01 4.600119717854138202e+01
1.862476541771824259e+02 2.404952112858344648e+01 4.629130265967773283e+01
1.865465120041415901e+02 2.518541707111887717e+01 4.697956707435449175e+01
1.866474309195625381e+02 2.450461075519316623e+01 4.689579693263443971e+01
1.862933410988157732e+02 2.311158027567462625e+01 4.564065230052416666e+01
1.851786060959037172e+02 2.102374943376690553e+01 4.407608554973144521e+01
1.846333721607454947e+02 2.023197760952565716e+01 4.348524558338186807e+01
1.842954118941305808e+02 2.019052934705235103e+01 4.377253607713712569e+01
1.843627289199508255e+02 2.071423024655406664e+01 4.410497961560862024e+01
1.847063676955930873e+02 2.150300912444185641e+01 4.455670419983174924e+01
1.855115835112923151e+02 2.318290946741732839e+01 4.608893095191871936e+01
1.857556299747621722e+02 2.380084773183200753e+01 4.629277486572186717e+01
1.858915259172975993e+02 2.405000647123535984e+01 4.644910373390280256e+01
1.855880411570568924e+02 2.390935417071118962e+01 4.634331521387432673e+01
1.855113246618779499e+02 2.372723742962531546e+01 4.625490196078431637e+01
1.853592182747686650e+02 2.349558338186759698e+01 4.605513492525723507e+01
1.853999547013524989e+02 2.353085161457322272e+01 4.626161586746909649e+01
1.855229081731702649e+02 2.384130913091309267e+01 4.656325632563256534e+01
1.858124635993011111e+02 2.432160421924545446e+01 4.678719342522487779e+01
1.858556590953213004e+02 2.427163010418689026e+01 4.679759593606419799e+01
1.855877499514657245e+02 2.253255031385491591e+01 4.587075325179576879e+01
1.845246554067171303e+02 2.107330291852714765e+01 4.464828835824759068e+01
1.842616482236458921e+02 2.058917362324467604e+01 4.432566491943312315e+01
1.843872063676955975e+02 2.076624280075066409e+01 4.452075648741345049e+01
1.847715168575681162e+02 2.209624344787419759e+01 4.544691969196919956e+01
1.851782987122241764e+02 2.277769688733579301e+01 4.608760434867016187e+01
1.857826312042969050e+02 2.368455963243383167e+01 4.694913609007959820e+01
1.861904808127871718e+02 2.435420306736556029e+01 4.736740438749757232e+01
1.865182327056234897e+02 2.478902154921374645e+01 4.786769559308871891e+01
1.866295379537953920e+02 2.486172587847019955e+01 4.780418041804180262e+01
1.864844690351388010e+02 2.474752475247524686e+01 4.757783278327832477e+01
1.865816669902284275e+02 2.496945576910632170e+01 4.787151362195042736e+01
1.866370122306348378e+02 2.513164110528699879e+01 4.783097133242736021e+01
1.866790914385556164e+02 2.533826765029444061e+01 4.785166310748721941e+01
1.868273636187147986e+02 2.566512974826894578e+01 4.817517634116352809e+01
1.867983077719536595e+02 2.521406846567009552e+01 4.754816216915808980e+01
1.861612308289652447e+02 2.316446644664466348e+01 4.659782890053710958e+01
1.850690157251019343e+02 2.191796091373843325e+01 4.531110463987575088e+01
1.845351873422636402e+02 2.155351711641752388e+01 4.491865657153950764e+01
1.844375525787872903e+02 2.178505791755646115e+01 4.501051575745810140e+01
1.846984242541901153e+02 2.270250113246618895e+01 4.571128583446579796e+01
1.852556785090273763e+02 2.435138807998447064e+01 4.686585129101145242e+01
1.864507215427425137e+02 2.502814987381091072e+01 4.766407817252313350e+01
1.873231087814663738e+02 2.540116805798226807e+01 4.774844690351388010e+01
1.873227043292564531e+02 2.544332815634504641e+01 4.825635798874004934e+01
1.871974859250630914e+02 2.650029120559114659e+01 4.867664854720766243e+01
1.868281725231346684e+02 2.581116935222934217e+01 4.807826959166504821e+01
1.864541674755710972e+02 2.581542418947777051e+01 4.756993787614055691e+01
1.863870284087232392e+02 2.618944541512974666e+01 4.766079402057852832e+01
1.864057949912638321e+02 2.669533423930628402e+01 4.796956901572509935e+01
1.866431275480489091e+02 2.713854914903254922e+01 4.840640975862292095e+01
1.867644793891153938e+02 2.700454604283957849e+01 4.828564032873875789e+01
1.862428492849284964e+02 2.536570568821587912e+01 4.706736556008542038e+01
1.852603539765741232e+02 2.394051316896395676e+01 4.538063806380637999e+01
1.846757102180806385e+02 2.345275998188053990e+01 4.501884747298259271e+01
1.847958487025173042e+02 2.361724260661360120e+01 4.556610366919044708e+01
1.850552805280528048e+02 2.423634569339287026e+01 4.588321037986151651e+01
1.856360900795961868e+02 2.477552902349058428e+01 4.628261502620850365e+01
1.859120397333851145e+02 2.583611596453762971e+01 4.760619297223840363e+01
1.861588041157056921e+02 2.622081472853167838e+01 4.774912638322656022e+01
1.862907040704070312e+02 2.634695528376366980e+01 4.781011777648352989e+01
1.863067365560085307e+02 2.648145991069695171e+01 4.787659354170710913e+01
1.862414417912379463e+02 2.657454863133372314e+01 4.802732479130266086e+01
1.862777939558661728e+02 2.666184559632433704e+01 4.761374813951983498e+01
1.864426001423671835e+02 2.689696175499902964e+01 4.782904613990810816e+01
1.865968096809681072e+02 2.720167604995793553e+01 4.801892836342457827e+01
1.872226590306089520e+02 2.724791302659677683e+01 4.825541965961301827e+01
1.871902381414612080e+02 2.648267326732673155e+01 4.783114929139972560e+01
1.862400828318126003e+02 2.444446062253284069e+01 4.621992493366983723e+01
1.850735455898530972e+02 2.314028020449103806e+01 4.488854914903254922e+01
1.844276192325114891e+02 2.266242800750663378e+01 4.443824823658836465e+01
1.841113699605254510e+02 2.289704264544101520e+01 4.435892706917750417e+01
1.844482786513945598e+02 2.349475829935934712e+01 4.491815505079920001e+01
1.850571248301300784e+02 2.428399016372225461e+01 4.603790526111434644e+01
1.858347731832006673e+02 2.509858927069177525e+01 4.664459975409305770e+01
1.862623277033585794e+02 2.562796867922086363e+01 4.737492719860221513e+01
1.864052611143467288e+02 2.590922474600401060e+01 4.728664337021937314e+01
1.864645052740568190e+02 2.598880476282922558e+01 4.736201708406134969e+01
1.865843201967255425e+02 2.616876981815828529e+01 4.759774801009512402e+01
1.866642075972303019e+02 2.626803856856273711e+01 4.794654759593606741e+01
1.866623471170646553e+02 2.666491943311978119e+01 4.746484501391315547e+01
1.868220248495437659e+02 2.685588558855885566e+01 4.789885459134148959e+01
1.869674335080567005e+02 2.717540283440108695e+01 4.800606678314890274e+01
1.868694428266356056e+02 2.638277357147479307e+01 4.742507927263314826e+01
1.859256293276386600e+02 2.433323626480295232e+01 4.599071377726007626e+01
1.850264997087944039e+02 2.318216527535106408e+01 4.495502491425612845e+01
1.847026305571733644e+02 2.310192195690157391e+01 4.507352941176470296e+01
1.849121691580922686e+02 2.346735261761470426e+01 4.557794602989710597e+01
1.852544004400440087e+02 2.413186759852455765e+01 4.599902931469617329e+01
1.860198990487284050e+02 2.497282081149291244e+01 4.648843266679609343e+01
1.865626415582734694e+02 2.563220733838089771e+01 4.708580858085808529e+01
1.872157024525982081e+02 2.621092991652106363e+01 4.754096291982139633e+01
1.872114314372613819e+02 2.627420242024202324e+01 4.766517828253413569e+01
1.870608457904613999e+02 2.620695010677538406e+01 4.736745292176276223e+01
1.869708794408852555e+02 2.612042969002782655e+01 4.755215815699217075e+01
1.868918009448003659e+02 2.629457063353394020e+01 4.773624862486248333e+01
1.868470199961172682e+02 2.654390733190966145e+01 4.782563256325632750e+01
1.870027988092926989e+02 2.699678056040898255e+01 4.793331391962725974e+01
1.870827185659742327e+02 2.699647317672943814e+01 4.802258461140231560e+01
1.866179220863262742e+02 2.530812787161069011e+01 4.674849543777907002e+01
1.855330680126836285e+02 2.354846955283763776e+01 4.541577687180483025e+01
1.848636510709894480e+02 2.213134989969585220e+01 4.434570957095709787e+01
1.847528796997346774e+02 2.216270303500938255e+01 4.451046722319290438e+01
1.848303080308030815e+02 2.267580728661101475e+01 4.492051705170516840e+01
1.851405390539053997e+02 2.428557561638516660e+01 4.583245971655988882e+01
1.854992558079337357e+02 2.521892189218921843e+01 4.689979292046852066e+01
1.859082702387885888e+02 2.589083025949653916e+01 4.759761858538794854e+01
1.861230667184365473e+02 2.626700317090532621e+01 4.779780625121335902e+01
1.863541059988351662e+02 2.634739209215039324e+01 4.802798809292693960e+01
1.863633436873099072e+02 2.626184236070665889e+01 4.787466834918785707e+01
1.865754546042839479e+02 2.638018507733126228e+01 4.809242541901249268e+01
1.865786578657865675e+02 2.674126383226558090e+01 4.793184171358312540e+01
1.868389309519187123e+02 2.720010677538342136e+01 4.803610949330226987e+01
1.870877984857309286e+02 2.765184753769494463e+01 4.840335209991587107e+01
1.871163042774865630e+02 2.752648353070601317e+01 4.847151038633275277e+01
1.863301624280074975e+02 2.573061865010030402e+01 4.742425419012489129e+01
1.851490649064906506e+02 2.404248366013072058e+01 4.609312107681356707e+01
1.845207079531482464e+02 2.358011389374231470e+01 4.525406070018766513e+01
1.846250080890442007e+02 2.381226946224034080e+01 4.560952565844819873e+01
1.850703908626156817e+02 2.456307836666019639e+01 4.587243577298906416e+01
1.855321943959101816e+02 2.551860480165663603e+01 4.705210962272698083e+01
1.859921050928622321e+02 2.744696822623438948e+01 4.859721413317802075e+01
1.865378081925839524e+02 2.809579046139907987e+01 4.895957095709570694e+01
1.868823044069112882e+02 2.840365948359541903e+01 4.923531029573545936e+01
1.867897980974568100e+02 2.839557043939688086e+01 4.882043939688086454e+01
1.868762052675855898e+02 2.833965896589658939e+01 4.902074030932504911e+01
1.869150488578269460e+02 2.853957160421924399e+01 4.907922409888047355e+01
1.869474859250630914e+02 2.889016695787225686e+01 4.916456351517504686e+01
1.870541157056882184e+02 2.918719666084255593e+01 4.953907008347893282e+01
1.872512295347181919e+02 2.968407428978191831e+01 4.944533423930628402e+01
1.873787614055523250e+02 2.960221316249272050e+01 4.971741732996829199e+01
1.866744806833624466e+02 2.799598783407752478e+01 4.846452145214521323e+01
1.857556623309389749e+02 2.636130524817187748e+01 4.703452404063936143e+01
1.848836795444250356e+02 2.494706529476476931e+01 4.608009771565392043e+01
1.850012942470717690e+02 2.523577946029897134e+01 4.652373325567850770e+01
1.853863651070989533e+02 2.671913220733837946e+01 4.751214974438620686e+01
1.859678379602666212e+02 2.765323885329709341e+01 4.798233352747039504e+01
1.865705202873228359e+02 2.841121465087685394e+01 4.908768523911214743e+01
1.870338283828382941e+02 2.909577428331068560e+01 4.929445738691516254e+01
1.872774703940982306e+02 2.941367372031320926e+01 4.989472917880023317e+01
1.873479745033326935e+02 2.939785154986086724e+01 4.985797256196207883e+01
1.872750113246618753e+02 2.940998511615867628e+01 4.979628551090403477e+01
1.872876625897883969e+02 2.955147867727949418e+01 4.972605642917233126e+01
1.873206820682068212e+02 2.906673461463793373e+01 4.980277292435125958e+01
1.874428266356047459e+02 2.928266356047369356e+01 4.994989646023425678e+01
1.876544522099268875e+02 2.968818352423477691e+01 5.005314502038439173e+01
1.877216236329515198e+02 2.939798097456804626e+01 4.980173752669384868e+01
1.865645182165275457e+02 2.728507409564485897e+01 4.800630945447485942e+01
1.855389730149485672e+02 2.552902349058435405e+01 4.671057399857632930e+01
1.851094933022714031e+02 2.501494855367889869e+01 4.622115446838801489e+01
1.852902834401087091e+02 2.519625639034491726e+01 4.650836407170128695e+01
1.856167734420500892e+02 2.593709959231217255e+01 4.700833171552449130e+01
1.860573351452792394e+02 2.670673979162622302e+01 4.762246812916585981e+01
1.865423542354235451e+02 2.744151621044457556e+01 4.841199119911991033e+01
1.868297256196207741e+02 2.798726784443150351e+01 4.902308613214262323e+01
1.870872322526370226e+02 2.808749110205138066e+01 4.907218663042775120e+01
1.872044101468970325e+02 2.789170387626997893e+01 4.884708470847084527e+01
1.872798809292694102e+02 2.771277421859833012e+01 4.884889665437131612e+01
1.872251342781337087e+02 2.784436678962013900e+01 4.860876528829353305e+01
1.871743189024784897e+02 2.806209150326797541e+01 4.881594188830647596e+01
1.871775221639811093e+02 2.760840937034879872e+01 4.855749692616320345e+01
1.872592053322979382e+02 2.794188830647770772e+01 4.889537630233611765e+01
1.871018248883711976e+02 2.726376755322591094e+01 4.830798226881511681e+01
1.860549893224616653e+02 2.510654889018313440e+01 4.664322461657930319e+01
1.848231896719083807e+02 2.372932440302853863e+01 4.509598459845984308e+01
1.844847278845531662e+02 2.346542742509545221e+01 4.530989128324597459e+01
1.845898692810457646e+02 2.387542871934252275e+01 4.550388274121529975e+01
1.848517925321943949e+02 2.451661489678379624e+01 4.606422701093638494e+01
1.856230505403481459e+02 2.625931857891671584e+01 4.735957419271338864e+01
1.862127256843331509e+02 2.697961560861968522e+01 4.822070148191289718e+01
1.866867274962790475e+02 2.741263832265579481e+01 4.872050734485213042e+01
1.867469423412929643e+02 2.748390280204490921e+01 4.853290623179965024e+01
1.868500291205591282e+02 2.731269009253866642e+01 4.866982139390409401e+01
1.867308774995146621e+02 2.721555684980262768e+01 4.851900925386656382e+01
1.867268976897689754e+02 2.714065230052417022e+01 4.866411052869992915e+01
1.866583673073189686e+02 2.714120235552967131e+01 4.839828835824759068e+01
1.867088752992946468e+02 2.707469423412929643e+01 4.885742250695658129e+01
1.866958357600466059e+02 2.594025431954960226e+01 4.814781919368407159e+01
1.861431437261373105e+02 2.433643952630557195e+01 4.715456545654565446e+01
1.847427683944865180e+02 2.221389050669773013e+01 4.514736620720895388e+01
1.837506633016242859e+02 2.125959360641946461e+01 4.441009836277745393e+01
1.834787581699346504e+02 2.110732543842619435e+01 4.422828900537112418e+01
1.836833624538924425e+02 2.148222028085161384e+01 4.481236653077072418e+01
1.839852294052934667e+02 2.232124830130071658e+01 4.537921439202743557e+01
1.845630945447485942e+02 2.384879958584093629e+01 4.679562220927974892e+01
1.852479777389503681e+02 2.458245971655989237e+01 4.742260402510839157e+01
1.857681518151815112e+02 2.497958325244288957e+01 4.779817834724649117e+01
1.858359380055652537e+02 2.488346922927586746e+01 4.762017084061347560e+01
1.857441758881770397e+02 2.469059405940594232e+01 4.761931340192843010e+01
1.856370931210768163e+02 2.460261761470264830e+01 4.759132530900149050e+01
1.855705688215880400e+02 2.473857826959166673e+01 4.717765158868827768e+01
1.855672523134666392e+02 2.419085290882029327e+01 4.729322785219698488e+01
1.856260596647900059e+02 2.438531353135313395e+01 4.737151362195042736e+01
1.858859930110658070e+02 2.463340451692227973e+01 4.772246489354817811e+01
1.854845175694040051e+02 2.367878405487607552e+01 4.721995728984663288e+01
1.843194039992234536e+02 2.189084643758493343e+01 4.530642917232899691e+01
1.833954571927781103e+02 2.095376302336115870e+01 4.444933022714035786e+01
1.833462434478742011e+02 2.098427489807804136e+01 4.456862745098039369e+01
1.834676923574710372e+02 2.133808969132207167e+01 4.488291917427036992e+01
1.838304859897754397e+02 2.202632174982204205e+01 4.518032097327380114e+01
1.843055717336439443e+02 2.282678120753251960e+01 4.552119329580016682e+01
1.848537986151556254e+02 2.432870640005177165e+01 4.711083608360836195e+01
1.850629974762182144e+02 2.456807739597489260e+01 4.751711641752410742e+01
1.850668316831683171e+02 2.368142108328479978e+01 4.685739015077978564e+01
1.850199314049052077e+02 2.369761534977027040e+01 4.628562415065035651e+01
1.850468679220863351e+02 2.372257814016695932e+01 4.648057011583511411e+01
1.852050896266097197e+02 2.470814728531676607e+01 4.693423607066588943e+01
1.851677020643240894e+02 2.423372484307254382e+01 4.657993593476994931e+01
1.853002006082961373e+02 2.456997023231734900e+01 4.695633533941629167e+01
1.854823011712936136e+02 2.477028732284993140e+01 4.711636898984016142e+01
1.855181679932699126e+02 2.380083155374360970e+01 4.646927781013395276e+01
1.844488772406652402e+02 2.194468711577039954e+01 4.493404193360512267e+01
1.837518928363424493e+02 2.113524881899954622e+01 4.432755775577557955e+01
1.834111984727884419e+02 2.123314243189024708e+01 4.415197696240212366e+01
1.834698116870510489e+02 2.155791755646152907e+01 4.476635604736944174e+01
1.837358279945641755e+02 2.246078431372549034e+01 4.546335662978062686e+01
1.842458260531935537e+02 2.331377402446127078e+01 4.628555943829677233e+01
1.846515725101921817e+02 2.406314307901378413e+01 4.678861709700381510e+01
1.849831100757134550e+02 2.445204814599107124e+01 4.649441855950301061e+01
1.850906943635540074e+02 2.431196207856079639e+01 4.649147414741474194e+01
1.851212709506244778e+02 2.428576975344593336e+01 4.612471688345305409e+01
1.850684009577428242e+02 2.416584158415841443e+01 4.585904031579628537e+01
1.851892350999805785e+02 2.422696240212256669e+01 4.640534200478871441e+01
1.853328479906814152e+02 2.442438361483207032e+01 4.635451045104510115e+01
1.855699055199637542e+02 2.438126900925386664e+01 4.652167863845208018e+01
1.856933119782566450e+02 2.423922539312754765e+01 4.622689768976897540e+01
1.851256552125800852e+02 2.287436096550831621e+01 4.512117388209409086e+01
1.840976832977415256e+02 2.097720507344851981e+01 4.384849220216139543e+01
1.832357471041221686e+02 2.025135895942535313e+01 4.300627709829806378e+01
1.829616417524105429e+02 2.022660648417782880e+01 4.263358247589464867e+01
1.831335177635410503e+02 2.057851226299100489e+01 4.309865398304536654e+01
1.836035559438296900e+02 2.118730990746133358e+01 4.369789037727301917e+01
1.840526758558208655e+02 2.182809163269267927e+01 4.421790267262020535e+01
1.846313660777842358e+02 2.241152203455639835e+01 4.461591600336504371e+01
1.847346308160227863e+02 2.234591988610625890e+01 4.481721995728984353e+01
1.848274445091568055e+02 2.234456092668090221e+01 4.472788455316119638e+01
1.849667216721672105e+02 2.219497832136154969e+01 4.455168899242865166e+01
1.851055782048793219e+02 2.193244030285381641e+01 4.470442632498544100e+01
1.850408334951142137e+02 2.190131366077784136e+01 4.454424707176600151e+01
1.847415226816799247e+02 2.209583899566427334e+01 4.470640005176988296e+01
1.848811395845467018e+02 2.233563062188571635e+01 4.482922409888047355e+01
1.847915776871804781e+02 2.144075584028990988e+01 4.453907008347893282e+01
1.841590144308548531e+02 1.976134083996635127e+01 4.349197566815504956e+01
1.834394454151297396e+02 1.847566815505079774e+01 4.252455833818675757e+01
1.830623179965055272e+02 1.805537759658318819e+01 4.223016566362518631e+01
1.830466576069371740e+02 1.809980262732155509e+01 4.226595159515951394e+01
1.832748495437779184e+02 1.853947453568886417e+01 4.298424254190124572e+01
1.835068109752151599e+02 1.901852391121465047e+01 4.327114476153497691e+01
1.836458616449880310e+02 1.957327056235035201e+01 4.371827476865333750e+01
1.837908658512910165e+02 1.991936840742897985e+01 4.431743027243901167e+01
1.837987769365171857e+02 1.993326538536206627e+01 4.372663884035462445e+01
1.837803986280981121e+02 1.961837507280139903e+01 4.308482171746586431e+01
1.835461075519316694e+02 1.863767553225910945e+01 4.267292758687633381e+01
1.833967514398498793e+02 1.825689186565715261e+01 4.206785090273733374e+01
1.833805409952759931e+02 1.830537759658318819e+01 4.210570762958649027e+01
1.834344140296382477e+02 1.853976574128001076e+01 4.236256713906684723e+01
1.833935805345240340e+02 1.878326214974438457e+01 4.261766323691192326e+01
1.833188215880411462e+02 1.839204361612631899e+01 4.231463146314631274e+01
1.826235035268232707e+02 1.692614702646735125e+01 4.110135572380767144e+01
1.815825406070018744e+02 1.597605642917232949e+01 4.022531223710606696e+01
1.810979906814210949e+02 1.576303953924804269e+01 4.012122241635928077e+01
1.809987866433702095e+02 1.610209991587393930e+01 3.993242412476541858e+01
1.810836407170128837e+02 1.656406523005241738e+01 4.060510904031579571e+01
1.814124118294182324e+02 1.719528570504109410e+01 4.133393192260402316e+01
1.819326506180029810e+02 1.744910373390280256e+01 4.174757328674044032e+01
1.825062123859444796e+02 1.825341357665178421e+01 4.254335727690416036e+01
1.824327315084449594e+02 1.804871222416359444e+01 4.196118876593541813e+01
1.823389147738303109e+02 1.770661036691904400e+01 4.182728272827282723e+01
1.823001682521193345e+02 1.744293988222351643e+01 4.150647123535883054e+01
1.823131269009253970e+02 1.733427166246036322e+01 4.146500679479712659e+01
1.824111337604348648e+02 1.735146897042645264e+01 4.169900666537242273e+01
1.824782404711059201e+02 1.757503397398563294e+01 4.187117388209409086e+01
1.826851420436161391e+02 1.779889018313595983e+01 4.168496408464375946e+01
1.826834918785996251e+02 1.749479065553614276e+01 4.155358182877111517e+01
1.821352164628227399e+02 1.612533165081213937e+01 4.064908108457904490e+01
1.812628454021872813e+02 1.515081214003753374e+01 3.977410535171163986e+01
1.810604898725166549e+02 1.487059147091179767e+01 3.980880735132336667e+01
1.811029411764705799e+02 1.502806898336892516e+01 3.986018896007247747e+01
1.811040898207467933e+02 1.572087944088526434e+01 4.030929269397528003e+01
1.816835889471300050e+02 1.686117582346469845e+01 4.087672296641429170e+01
1.820508153756552190e+02 1.759244159710088695e+01 4.148149226687374380e+01
1.824278780819258259e+02 1.779926227916909198e+01 4.226625897883906191e+01
1.825166148967838069e+02 1.754992558079337428e+01 4.213848443667896504e+01
1.824824629521775705e+02 1.730972950236199992e+01 4.191946547595936323e+01
1.824970394098233442e+02 1.700177958972367875e+01 4.192452921762764362e+01
1.824078657865786681e+02 1.682086002717919015e+01 4.173385426777971929e+01
1.823291593865268965e+02 1.609867016113376081e+01 4.082734744062641852e+01
1.824100821846890597e+02 1.610316766970814584e+01 4.084816864039345319e+01
1.824337183718371875e+02 1.620486313337216089e+01 4.033765288293535178e+01
1.823750404452210034e+02 1.573333656895101207e+01 3.999187859962466973e+01
1.814496537889083072e+02 1.400491813887271064e+01 3.866530770724131116e+01
1.807439817511162801e+02 1.227701740762311466e+01 3.719046463469876329e+01
1.805305604089820690e+02 1.201745615738044393e+01 3.702255225522551996e+01
1.805549569662848626e+02 1.217579110852261692e+01 3.710858732932116766e+01
1.807283051834595256e+02 1.253756552125800816e+01 3.748409693910567597e+01
1.810979906814210949e+02 1.291851096874393257e+01 3.772880670419983318e+01
1.813970588235294201e+02 1.337709506244742208e+01 3.786712935999481999e+01
1.815986539830453523e+02 1.352310231023102283e+01 3.796782178217821979e+01
1.816193942923704014e+02 1.346583187730537823e+01 3.807050410923445583e+01
1.814905358182877251e+02 1.331801268362130308e+01 3.803141784766712163e+01
1.813306639487478265e+02 1.327900731249595623e+01 3.772379149679673560e+01
1.812917556461528648e+02 1.329225716689315995e+01 3.813427813369572306e+01
1.812127903966867279e+02 1.345208050216786333e+01 3.805987510515757322e+01
1.813437196660842687e+02 1.380045945771047755e+01 3.823906361224357653e+01
1.815528052805280481e+02 1.398018184171358236e+01 3.875946418171228913e+01
1.814581472853167554e+02 1.340320649712029955e+01 3.833747492396298640e+01
1.808655600854202987e+02 1.219196919691969150e+01 3.718698634569339134e+01
1.802172717271727151e+02 1.158459522422830545e+01 3.668865268879829244e+01
1.801040574645699905e+02 1.151391315602148424e+01 3.701093638775642347e+01
1.801273862680385776e+02 1.186960460751957491e+01 3.687225781401669877e+01
1.802953633598654051e+02 1.226887982915938657e+01 3.716993464052287521e+01
1.806420274380379283e+02 1.285735779460299000e+01 3.781757587523458142e+01
1.809312916585776350e+02 1.332820487931146047e+01 3.814519834336374515e+01
1.812795897236782423e+02 1.347149420824435317e+01 3.867528958778230930e+01
1.813608037274315734e+02 1.331844949200802475e+01 3.859795832524429215e+01
1.813840192842813792e+02 1.321537889083025874e+01 3.819193684074289763e+01
1.812022584611402181e+02 1.306720377920144927e+01 3.820324532453245325e+01
1.810527891024396467e+02 1.307990357859315367e+01 3.795680450397981076e+01
1.811826506180029810e+02 1.333771759528894130e+01 3.834561250242671093e+01
1.809975894648288488e+02 1.348354688410017488e+01 3.815933799262278825e+01
1.809664951789296481e+02 1.372199572898466258e+01 3.815158868828059013e+01
1.807333042127742146e+02 1.296350223257619838e+01 3.774584223128195504e+01
1.797094253543001230e+02 1.191305895295411865e+01 3.674967643823205776e+01
1.793172199572898364e+02 1.153153109428589929e+01 3.657810781078107709e+01
