5.606319327731092272e+01 0.000000000000000000e+00 2.376950780312124881e-02
5.917280512204882115e+01 0.000000000000000000e+00 4.923569427771108675e-02
5.915106842737095150e+01 0.000000000000000000e+00 4.832332933173269507e-02
5.924099239695878083e+01 0.000000000000000000e+00 5.037214885954381660e-02
5.971916766706682722e+01 0.000000000000000000e+00 2.525810324129651799e-02
5.976805122048819641e+01 0.000000000000000000e+00 2.477791116446578790e-02
6.244136054421768733e+01 0.000000000000000000e+00 3.812725090036014203e-02
6.244268907563025550e+01 0.000000000000000000e+00 5.120448179271708949e-02
6.295609443777510705e+01 0.000000000000000000e+00 5.547819127651060223e-02
6.339830332132853385e+01 0.000000000000000000e+00 8.209683873549419864e-02
6.336427370948379689e+01 0.000000000000000000e+00 5.358943577430972521e-02
6.407875150060023373e+01 0.000000000000000000e+00 8.468987595038014737e-02
6.446933973589435141e+01 0.000000000000000000e+00 8.889955982392956646e-02
6.441538215286114166e+01 0.000000000000000000e+00 1.048899559823929517e-01
6.451030012004801506e+01 0.000000000000000000e+00 1.042817126850740239e-01
6.426439375750300087e+01 0.000000000000000000e+00 9.805522208883553359e-02
6.435723089235693806e+01 0.000000000000000000e+00 8.603441376550620412e-02
6.490789915966387014e+01 0.000000000000000000e+00 1.024249699879952041e-01
6.496726690676270266e+01 0.000000000000000000e+00 9.584633853541416060e-02
6.552326530612245392e+01 0.000000000000000000e+00 9.155662264905962966e-02
6.637634253701480702e+01 0.000000000000000000e+00 7.796718687474990528e-02
6.665544617847139364e+01 0.000000000000000000e+00 8.392156862745098200e-02
6.692893157262905390e+01 0.000000000000000000e+00 1.218887555022008795e-01
6.704323329331732850e+01 0.000000000000000000e+00 1.427931172468987486e-01
6.675039615846338847e+01 0.000000000000000000e+00 1.305322128851540697e-01
6.682146458583433457e+01 0.000000000000000000e+00 1.087314925970388202e-01
6.604454581832733595e+01 0.000000000000000000e+00 7.409363745498198650e-02
6.742293717486994353e+01 0.000000000000000000e+00 1.230252100840336094e-01
6.784044817927170357e+01 0.000000000000000000e+00 1.367266906762704959e-01
6.730567426970787892e+01 0.000000000000000000e+00 9.230892356942776988e-02
6.817834333733493679e+01 0.000000000000000000e+00 1.274429771908763553e-01
6.685776710684274349e+01 0.000000000000000000e+00 8.509003601440576214e-02
6.675295718287314628e+01 0.000000000000000000e+00 9.221288515406161901e-02
6.758063225290115383e+01 0.000000000000000000e+00 1.105082032813125281e-01
6.653931972789115434e+01 0.000000000000000000e+00 1.280192076830732328e-01
6.639628651460584763e+01 0.000000000000000000e+00 1.040736294517807109e-01
6.562053621448579577e+01 4.481792717086834858e-04 1.465066026410564159e-01
6.468230492196879311e+01 1.008403361344537789e-03 1.274909963985594308e-01
6.472200080032013148e+01 6.242496998799519593e-04 1.159183673469387776e-01
6.487660664265706600e+01 6.082432973189275723e-04 1.318767507002800987e-01
6.549330132052821796e+01 4.801920768307322868e-05 1.220168067226890807e-01
6.561150860344137925e+01 0.000000000000000000e+00 1.084753901560624317e-01
6.548787515006002025e+01 0.000000000000000000e+00 8.076830732292916704e-02
6.595750300120047882e+01 0.000000000000000000e+00 7.724689875950380147e-02
6.641267707082833738e+01 0.000000000000000000e+00 7.913565426170468542e-02
6.725147659063625838e+01 0.000000000000000000e+00 1.028571428571428553e-01
6.738085634253701528e+01 0.000000000000000000e+00 9.739895958383353036e-02
6.728501000400160592e+01 0.000000000000000000e+00 8.472188875550219767e-02
6.686300120048019835e+01 0.000000000000000000e+00 7.250900360144058032e-02
6.691686274509804377e+01 0.000000000000000000e+00 6.929171668667466477e-02
6.637478991596638878e+01 0.000000000000000000e+00 5.080432172869147472e-02
6.584702681072428732e+01 0.000000000000000000e+00 6.665066026410564060e-02
6.539556622649060103e+01 0.000000000000000000e+00 7.651060424169667251e-02
6.524180872348939886e+01 0.000000000000000000e+00 8.310524209683874119e-02
6.530695478191276493e+01 0.000000000000000000e+00 8.715486194477790882e-02
6.580616246498598798e+01 0.000000000000000000e+00 1.032733093237294952e-01
6.650400960384153848e+01 0.000000000000000000e+00 1.409043617446978924e-01
6.681827931172469448e+01 0.000000000000000000e+00 1.047619047619047644e-01
6.671466986794717968e+01 0.000000000000000000e+00 1.501080432172869072e-01
6.653059623849539150e+01 0.000000000000000000e+00 1.185754301720688270e-01
6.629890356142456653e+01 0.000000000000000000e+00 1.351740696278511400e-01
6.568953981592636637e+01 0.000000000000000000e+00 1.120608243297318979e-01
6.576392156862745253e+01 0.000000000000000000e+00 9.349339735894357517e-02
6.557354141656662705e+01 0.000000000000000000e+00 8.491396558623449942e-02
6.561624649859943759e+01 0.000000000000000000e+00 8.861144457783112771e-02
6.504068827531011721e+01 0.000000000000000000e+00 8.561824729891956420e-02
6.568172869147659299e+01 0.000000000000000000e+00 9.560624249699879729e-02
6.573405362144858088e+01 0.000000000000000000e+00 9.616646658663464964e-02
6.554591436574629881e+01 0.000000000000000000e+00 1.010164065626250468e-01
6.545211684673869001e+01 0.000000000000000000e+00 1.195998399359743947e-01
6.580187274909964401e+01 0.000000000000000000e+00 1.136934773909563795e-01
6.572409763905562841e+01 0.000000000000000000e+00 1.033053221288515455e-01
6.568565026010404040e+01 0.000000000000000000e+00 1.171668667466986835e-01
6.581074029611845333e+01 0.000000000000000000e+00 1.207362945178071245e-01
6.600120048019208241e+01 0.000000000000000000e+00 1.252020808323329459e-01
6.609775110044017765e+01 0.000000000000000000e+00 1.181592637054821870e-01
6.598629851940776803e+01 0.000000000000000000e+00 1.043137254901960742e-01
6.623273309323730018e+01 0.000000000000000000e+00 1.330132052821128563e-01
6.614695478191276834e+01 0.000000000000000000e+00 1.237134853941576629e-01
6.595385354141656364e+01 0.000000000000000000e+00 1.274749899959984056e-01
6.505563825530211375e+01 0.000000000000000000e+00 1.505402160864345862e-01
6.503014005602240388e+01 0.000000000000000000e+00 1.602240896358543554e-01
6.494092036814726043e+01 0.000000000000000000e+00 1.345818327330932374e-01
6.535742296918768091e+01 0.000000000000000000e+00 1.355742296918767409e-01
6.501203681472588869e+01 0.000000000000000000e+00 1.095798319327731113e-01
6.508726690676270721e+01 0.000000000000000000e+00 1.210884353741496638e-01
6.538458583433373406e+01 0.000000000000000000e+00 1.149259703881552602e-01
6.628337735094036987e+01 0.000000000000000000e+00 1.288515406162464849e-01
6.640257703081232421e+01 0.000000000000000000e+00 1.357182873149259672e-01
6.631939175670268583e+01 0.000000000000000000e+00 1.347739095638255391e-01
6.694724289715885845e+01 0.000000000000000000e+00 1.589435774309723992e-01
6.708323329331732054e+01 0.000000000000000000e+00 1.779111644657863089e-01
6.689733493397359609e+01 0.000000000000000000e+00 1.413365346138455436e-01
6.727002801120448794e+01 0.000000000000000000e+00 1.281472589035614340e-01
6.762031212484994569e+01 0.000000000000000000e+00 1.490996398559423786e-01
6.751434973989596244e+01 0.000000000000000000e+00 1.242096838735494146e-01
6.732757102841136998e+01 0.000000000000000000e+00 1.361024409763905429e-01
6.746002400960384193e+01 0.000000000000000000e+00 1.681312525010003889e-01
6.700270508203281850e+01 0.000000000000000000e+00 1.401680672268907635e-01
6.644355342136854858e+01 0.000000000000000000e+00 1.758463385354141761e-01
6.682999599839935456e+01 0.000000000000000000e+00 1.803601440576230452e-01
6.729699879951981245e+01 0.000000000000000000e+00 1.621128451380552116e-01
6.684430572228892231e+01 0.000000000000000000e+00 1.617607042817126861e-01
6.698657062825130026e+01 0.000000000000000000e+00 1.311084433773509472e-01
6.625365346138455891e+01 0.000000000000000000e+00 1.021048419367747151e-01
6.578274509803921433e+01 0.000000000000000000e+00 9.424569827931172927e-02
6.537224489795917748e+01 0.000000000000000000e+00 8.721888755502200941e-02
6.545005202080832873e+01 0.000000000000000000e+00 1.146218487394957963e-01
6.521783113245298580e+01 0.000000000000000000e+00 1.154541816726690623e-01
6.588051220488195270e+01 0.000000000000000000e+00 1.342456982793117370e-01
6.647727891156462476e+01 0.000000000000000000e+00 1.668667466986794856e-01
6.613496598639456181e+01 0.000000000000000000e+00 1.469227691076430697e-01
6.608219287715085954e+01 0.000000000000000000e+00 1.560464185674269588e-01
6.648757102841136657e+01 0.000000000000000000e+00 1.418007202881152451e-01
6.601917567026811184e+01 0.000000000000000000e+00 1.305322128851540697e-01
6.559955182072829416e+01 0.000000000000000000e+00 1.358943577430972438e-01
6.555172468987595380e+01 1.280512204881952855e-04 1.580632252901160439e-01
6.551588635454181997e+01 0.000000000000000000e+00 1.277150860344137551e-01
6.548419367747098363e+01 0.000000000000000000e+00 1.052581032412965162e-01
6.545947979191676325e+01 0.000000000000000000e+00 9.149259703881552908e-02
6.548409763905561931e+01 0.000000000000000000e+00 1.062825130052020839e-01
6.552208083233293223e+01 0.000000000000000000e+00 1.031132452981192438e-01
6.510727490996399069e+01 0.000000000000000000e+00 9.808723489395758388e-02
6.460232092837135554e+01 0.000000000000000000e+00 9.600640256102441206e-02
6.492877150860344670e+01 0.000000000000000000e+00 1.077230892356942776e-01
6.498328931572629585e+01 0.000000000000000000e+00 9.578231292517007389e-02
6.476637054821928530e+01 0.000000000000000000e+00 8.950780312124849425e-02
6.476192076830731992e+01 0.000000000000000000e+00 9.647058823529411353e-02
6.498445778311324261e+01 0.000000000000000000e+00 9.787915166066427086e-02
6.452917166866747323e+01 0.000000000000000000e+00 8.000000000000000167e-02
6.451270108043217988e+01 0.000000000000000000e+00 1.022809123649459778e-01
6.450180072028811651e+01 0.000000000000000000e+00 9.685474189675870316e-02
6.459870348139256180e+01 0.000000000000000000e+00 8.765106042416967447e-02
6.446141656662665298e+01 0.000000000000000000e+00 8.436974789915965833e-02
6.450383353341337056e+01 0.000000000000000000e+00 7.220488195278111643e-02
6.386248899559824110e+01 0.000000000000000000e+00 1.156782713085234143e-01
6.404446578631453235e+01 0.000000000000000000e+00 1.151500600240095984e-01
6.412929971988795330e+01 0.000000000000000000e+00 1.116286514605842328e-01
6.427238095238095639e+01 0.000000000000000000e+00 1.083953581432573060e-01
6.466849139655862189e+01 0.000000000000000000e+00 9.691876750700280374e-02
6.489080432172869450e+01 0.000000000000000000e+00 1.091796718687474965e-01
6.483550220088035587e+01 0.000000000000000000e+00 1.190396158463385423e-01
6.450016806722689466e+01 0.000000000000000000e+00 1.269627851140456287e-01
6.453947979191676154e+01 0.000000000000000000e+00 1.177110844337735107e-01
6.441227691076430517e+01 0.000000000000000000e+00 1.189755902360944417e-01
6.442548219287715483e+01 0.000000000000000000e+00 9.823129251700679632e-02
6.466264905962384546e+01 0.000000000000000000e+00 1.017366946778711506e-01
6.460792316926770695e+01 0.000000000000000000e+00 1.120928371348539482e-01
6.453919167667066858e+01 0.000000000000000000e+00 1.023449379751900784e-01
6.477178071228490808e+01 0.000000000000000000e+00 1.157262905162064759e-01
6.494018407362945311e+01 0.000000000000000000e+00 1.212004801920768260e-01
6.506996398559424222e+01 0.000000000000000000e+00 1.132452981192477032e-01
6.538240896358543353e+01 0.000000000000000000e+00 1.265466186474589749e-01
6.538221688675470489e+01 0.000000000000000000e+00 1.213765506202481026e-01
6.538258503401360144e+01 0.000000000000000000e+00 1.395918367346938860e-01
6.548705882352940932e+01 0.000000000000000000e+00 1.121408563425370097e-01
6.520646658663464734e+01 0.000000000000000000e+00 1.126690676270508257e-01
6.541685474189675631e+01 0.000000000000000000e+00 1.330452180872349066e-01
6.580976390556222100e+01 0.000000000000000000e+00 1.249299719887955185e-01
6.592830732292917162e+01 0.000000000000000000e+00 1.060904361744697821e-01
6.598372148859543529e+01 0.000000000000000000e+00 9.791116446578632115e-02
6.609722288915565969e+01 0.000000000000000000e+00 1.236334533813525371e-01
6.591724689875950105e+01 0.000000000000000000e+00 1.182713085234093631e-01
6.573454981992797741e+01 0.000000000000000000e+00 1.165426170468187306e-01
6.521917567026810048e+01 0.000000000000000000e+00 1.546698679471788795e-01
6.501887154861944396e+01 2.240896358543417429e-04 1.306762705082032683e-01
6.507399759903961467e+01 2.881152460984393992e-04 1.245618247298919540e-01
6.508278511404562039e+01 0.000000000000000000e+00 9.903161264505802586e-02
6.481543017206882951e+01 0.000000000000000000e+00 1.101720688275310139e-01
6.505949579831933249e+01 0.000000000000000000e+00 9.807122849139655874e-02
6.522849139655862416e+01 0.000000000000000000e+00 1.007442977190876332e-01
6.498802721088435419e+01 0.000000000000000000e+00 9.535014005602240883e-02
6.444897959183673208e+01 0.000000000000000000e+00 7.839935974389755646e-02
6.482972388955582232e+01 0.000000000000000000e+00 6.488995598239295781e-02
6.498516206482592850e+01 0.000000000000000000e+00 8.456182472989196008e-02
6.471942376950779874e+01 0.000000000000000000e+00 7.106842737094837270e-02
6.448419367747098363e+01 0.000000000000000000e+00 1.039775910364145600e-01
6.399145258103241218e+01 0.000000000000000000e+00 1.131972789115646277e-01
6.392856342537015024e+01 0.000000000000000000e+00 8.014405762304921410e-02
6.378655462184873670e+01 0.000000000000000000e+00 8.404961984793916929e-02
6.379569427771108536e+01 0.000000000000000000e+00 1.103641456582633018e-01
6.391529411764705770e+01 0.000000000000000000e+00 9.219687875150059386e-02
6.394733893557422988e+01 0.000000000000000000e+00 9.987995198079231696e-02
6.406799519807923105e+01 0.000000000000000000e+00 1.169747899159663818e-01
6.422328931572629074e+01 0.000000000000000000e+00 1.154541816726690623e-01
6.428774709883953165e+01 0.000000000000000000e+00 1.075630252100840401e-01
6.459417366946779282e+01 0.000000000000000000e+00 8.557022809123648877e-02
6.439356542617046841e+01 0.000000000000000000e+00 9.157262905162065481e-02
6.435923169267707067e+01 0.000000000000000000e+00 9.762304921968786853e-02
6.406312925170068695e+01 0.000000000000000000e+00 9.800720288115245815e-02
6.399561424569827750e+01 0.000000000000000000e+00 9.509403761504602037e-02
6.381381352541016128e+01 0.000000000000000000e+00 9.310924369747898555e-02
6.409981592637055314e+01 0.000000000000000000e+00 9.077230892356942527e-02
6.422828331332533480e+01 0.000000000000000000e+00 1.129251700680272141e-01
6.403558223289316231e+01 0.000000000000000000e+00 9.133253301320527762e-02
6.437411764705882433e+01 0.000000000000000000e+00 1.174069627851140468e-01
6.416329731892757593e+01 0.000000000000000000e+00 9.403761504601840238e-02
6.401717486994797923e+01 0.000000000000000000e+00 8.292917166866746459e-02
6.404166466586634954e+01 0.000000000000000000e+00 7.670268107242897426e-02
6.393863145258103486e+01 0.000000000000000000e+00 1.045858343337334878e-01
6.356444977991196765e+01 0.000000000000000000e+00 8.452981192476990979e-02
6.381946378551420906e+01 0.000000000000000000e+00 9.706282513005201618e-02
6.366732292917166802e+01 0.000000000000000000e+00 1.214725890356142396e-01
6.395354941976790997e+01 0.000000000000000000e+00 1.323569427771108531e-01
6.396849939975990651e+01 0.000000000000000000e+00 8.060824329731892945e-02
6.400289715886354713e+01 0.000000000000000000e+00 8.270508203281312642e-02
6.413406962785114729e+01 0.000000000000000000e+00 1.100760304121648631e-01
6.391124449779911743e+01 0.000000000000000000e+00 1.011284513805522228e-01
6.414626650660264318e+01 0.000000000000000000e+00 8.689875950380152037e-02
6.370236094437775165e+01 0.000000000000000000e+00 9.629451780712285081e-02
6.408140856342537006e+01 0.000000000000000000e+00 1.070988395358143247e-01
6.389474189675870264e+01 0.000000000000000000e+00 9.218087234893958259e-02
6.364841936774709552e+01 0.000000000000000000e+00 1.116126450580232077e-01
6.372907563025209754e+01 0.000000000000000000e+00 9.333333333333333759e-02
6.356662665066026108e+01 0.000000000000000000e+00 1.002320928371348563e-01
6.362660264105642227e+01 0.000000000000000000e+00 1.010164065626250468e-01
6.363679871948779265e+01 0.000000000000000000e+00 1.034813925570228083e-01
6.388841936774709751e+01 0.000000000000000000e+00 9.503001200480191979e-02
6.411503801520608192e+01 0.000000000000000000e+00 9.991196478591436725e-02
6.440080032012805589e+01 0.000000000000000000e+00 9.005202080832333533e-02
6.510533813525410096e+01 0.000000000000000000e+00 1.011604641856742731e-01
6.477421368547419434e+01 0.000000000000000000e+00 8.947579031612644396e-02
6.381813525410164090e+01 0.000000000000000000e+00 6.284113645458183628e-02
6.346727490996398302e+01 0.000000000000000000e+00 8.966786714685874571e-02
6.339753501400560509e+01 0.000000000000000000e+00 8.320128051220487819e-02
6.326887555022008769e+01 0.000000000000000000e+00 7.932773109243697329e-02
6.336273709483793226e+01 0.000000000000000000e+00 1.010004001600640217e-01
6.353539815926370693e+01 0.000000000000000000e+00 1.102521008403361397e-01
6.331801520608243550e+01 0.000000000000000000e+00 7.670268107242897426e-02
6.339971188475389852e+01 0.000000000000000000e+00 7.777511004401760353e-02
6.340115246098439172e+01 0.000000000000000000e+00 1.114525810324129701e-01
6.309205282112845481e+01 0.000000000000000000e+00 1.119647859143657470e-01
6.342034413765506429e+01 0.000000000000000000e+00 9.227691076430571959e-02
6.307108443377350682e+01 0.000000000000000000e+00 8.875550220088035402e-02
6.312387354941976980e+01 0.000000000000000000e+00 9.723889555822329278e-02
6.317014805922369192e+01 0.000000000000000000e+00 9.382953181272508936e-02
6.333650260104041507e+01 0.000000000000000000e+00 1.049059623849539769e-01
6.339204481792717161e+01 0.000000000000000000e+00 8.459383753501401038e-02
6.340787515006002195e+01 0.000000000000000000e+00 9.861544617847138594e-02
6.363030012004801961e+01 0.000000000000000000e+00 1.142376950780312067e-01
6.376278511404562011e+01 0.000000000000000000e+00 1.277951180472188808e-01
6.387947178871548459e+01 0.000000000000000000e+00 1.140296118447378937e-01
6.349454981992796831e+01 0.000000000000000000e+00 1.061704681872749079e-01
6.350570628251300320e+01 0.000000000000000000e+00 1.037535014005602219e-01
6.342751500600240178e+01 0.000000000000000000e+00 7.367747098839536046e-02
6.353003601440575920e+01 0.000000000000000000e+00 8.489795918367347427e-02
6.370581832733093108e+01 0.000000000000000000e+00 6.007202881152461094e-02
6.356417767106842831e+01 0.000000000000000000e+00 6.890756302521008902e-02
6.334410564225690621e+01 0.000000000000000000e+00 8.800320128051219992e-02
6.319897559023609546e+01 0.000000000000000000e+00 7.566226490596238141e-02
6.317245298119247821e+01 0.000000000000000000e+00 8.432172869147659677e-02
6.318152861144457688e+01 0.000000000000000000e+00 8.632252901160464287e-02
6.293794317727090970e+01 0.000000000000000000e+00 8.928371348539415608e-02
6.290324129651860829e+01 0.000000000000000000e+00 9.987995198079231696e-02
6.244281712685074126e+01 0.000000000000000000e+00 6.485794317727090752e-02
6.282464985994397466e+01 0.000000000000000000e+00 8.661064425770308162e-02
6.271302120848339001e+01 0.000000000000000000e+00 8.758703481392557388e-02
6.286866746698679265e+01 0.000000000000000000e+00 7.854341736694678278e-02
6.293078831532613293e+01 0.000000000000000000e+00 9.070828331332532468e-02
6.314577030812324665e+01 0.000000000000000000e+00 8.233693477390956195e-02
6.307847939175670149e+01 0.000000000000000000e+00 1.005042016806722699e-01
6.332621048419368037e+01 0.000000000000000000e+00 8.307322929171669090e-02
6.327063625450180240e+01 0.000000000000000000e+00 8.749099639855942301e-02
6.305530212084833863e+01 0.000000000000000000e+00 9.629451780712285081e-02
6.344144057623049093e+01 0.000000000000000000e+00 9.179671868747499297e-02
6.358132052821128610e+01 0.000000000000000000e+00 8.923569427771108065e-02
6.356099239695878111e+01 0.000000000000000000e+00 7.643057222889156066e-02
6.361077230892357193e+01 0.000000000000000000e+00 8.488195278111244912e-02
6.364846738695478479e+01 0.000000000000000000e+00 9.130052020808322732e-02
6.401470988395358575e+01 0.000000000000000000e+00 7.593437374949979501e-02
6.410809123649460162e+01 0.000000000000000000e+00 6.500200080032013383e-02
6.444950780312125005e+01 0.000000000000000000e+00 7.350140056022408386e-02
6.438255302120848000e+01 0.000000000000000000e+00 8.597038815526210354e-02
6.436425770308123617e+01 0.000000000000000000e+00 8.148859543817527085e-02
6.426495398159264028e+01 0.000000000000000000e+00 8.241696678671468768e-02
6.405856742697078232e+01 0.000000000000000000e+00 8.965186074429772056e-02
6.350890756302521112e+01 0.000000000000000000e+00 8.509003601440576214e-02
6.356388955582232825e+01 0.000000000000000000e+00 7.675070028011204970e-02
6.371044417767107149e+01 0.000000000000000000e+00 5.130052020808323343e-02
6.334921168467386821e+01 0.000000000000000000e+00 8.088035214085634306e-02
6.331074829931972658e+01 0.000000000000000000e+00 6.580232092837134950e-02
6.302797919167667118e+01 0.000000000000000000e+00 6.964385754301720410e-02
6.308888355342136833e+01 0.000000000000000000e+00 1.164305722288915546e-01
6.321624649859943901e+01 0.000000000000000000e+00 1.192316926770708302e-01
6.323726290516206205e+01 0.000000000000000000e+00 1.043777511004401748e-01
6.349237294917967489e+01 0.000000000000000000e+00 8.531412565026010031e-02
6.376326530612244881e+01 0.000000000000000000e+00 1.121248499399759846e-01
6.389325330132052727e+01 0.000000000000000000e+00 9.494997999199679406e-02
6.387276510604241508e+01 0.000000000000000000e+00 9.445378151260504229e-02
6.389583033213285290e+01 0.000000000000000000e+00 1.075790316126450513e-01
6.394346538615446462e+01 0.000000000000000000e+00 1.204641856742697109e-01
6.398735494197678975e+01 0.000000000000000000e+00 1.061864745898359330e-01
6.411814325730291841e+01 2.448979591836734568e-03 1.467627050820328183e-01
6.438506602641056986e+01 4.209683873549419954e-03 1.400400160064025623e-01
6.472637054821929325e+01 9.347739095638255002e-03 1.903161264505802419e-01
6.506641056422569136e+01 7.987194877951180050e-03 1.496118447378951555e-01
6.535393357342937293e+01 9.619847939175670340e-03 1.504121648659463850e-01
6.547246098439376283e+01 8.515406162464985579e-03 1.517887154861944643e-01
6.546021608643457057e+01 2.496998799519807837e-03 1.499159663865546332e-01
6.524436974789915666e+01 2.240896358543417212e-03 1.345498199279711871e-01
6.517306122448979977e+01 3.409363745498199087e-03 1.501400560224089575e-01
6.506466586634654448e+01 5.890356142456983080e-03 1.646098439375750233e-01
6.519476590636254798e+01 1.179671868747498957e-02 1.846658663465386152e-01
6.510228091236494663e+01 7.266906762705082311e-03 1.870668267306922761e-01
6.528073629451780846e+01 3.041216486594637645e-03 1.436734693877551039e-01
6.530561024409763604e+01 1.584633853541416587e-03 1.458663465386154379e-01
6.517989595838335504e+01 2.320928371348539472e-03 1.657462985194077532e-01
6.532614645858343749e+01 3.777511004401760530e-03 1.721328531412565088e-01
6.561488595438174798e+01 2.785114045618247453e-03 1.572629051620648144e-01
6.566480992396958527e+01 3.105242096838735626e-03 1.533253301320528228e-01
6.513773509403760897e+01 2.464985994397759280e-03 1.731252501000400124e-01
6.514753101240496846e+01 3.537414965986394617e-03 1.539655862344938009e-01
6.502351340536213797e+01 6.274509803921568367e-03 1.818007202881152529e-01
6.515396558623449152e+01 2.977190876350540097e-03 1.521248499399759924e-01
6.510312925170067899e+01 2.336934773909563751e-03 1.429051620648259247e-01
6.507052420968386741e+01 2.448979591836734568e-03 1.389675870348139330e-01
6.516728291316526622e+01 3.185274109643857453e-03 1.443777511004401826e-01
6.505931972789115036e+01 2.320928371348539472e-03 1.358623449379751935e-01
6.510436174469788284e+01 2.609043617446978654e-03 1.479151660664265733e-01
6.447282913165265938e+01 2.256902761104441924e-03 1.469387755102040949e-01
6.470729091636654573e+01 1.072428971588635553e-03 1.268507402961184527e-01
6.443686274509803980e+01 6.722689075630252286e-04 1.381192476990796281e-01
6.438450580232093046e+01 0.000000000000000000e+00 1.053541416566626671e-01
6.418826730692276783e+01 3.201280512204882138e-05 1.261784713885554243e-01
6.438359343737495522e+01 0.000000000000000000e+00 1.510844337735094134e-01
6.460846738695478564e+01 0.000000000000000000e+00 1.246578631452581049e-01
6.456217687074830280e+01 0.000000000000000000e+00 1.153421368547419001e-01
6.453842336934773982e+01 0.000000000000000000e+00 1.257462985194077731e-01
6.450071228491395914e+01 0.000000000000000000e+00 1.123009203681472612e-01
6.442370548219287230e+01 0.000000000000000000e+00 9.637454981992797654e-02
6.439449379751900437e+01 0.000000000000000000e+00 1.139655862344937931e-01
6.437946378551420423e+01 0.000000000000000000e+00 1.034813925570228083e-01
6.433991196478591235e+01 0.000000000000000000e+00 1.199199679871948837e-01
6.404360144057622506e+01 0.000000000000000000e+00 9.603841536614646235e-02
6.391694277711084737e+01 0.000000000000000000e+00 1.016566626650660249e-01
6.401414965986394634e+01 0.000000000000000000e+00 1.018327330932373015e-01
6.384854741896758412e+01 0.000000000000000000e+00 9.792717086834733242e-02
6.383750300120048138e+01 0.000000000000000000e+00 1.215846338535414156e-01
6.393711084433773806e+01 0.000000000000000000e+00 1.188155262104841903e-01
6.397853541416566969e+01 0.000000000000000000e+00 1.166066426570628312e-01
6.359652661064425416e+01 0.000000000000000000e+00 1.081712685074029678e-01
6.373557422969187769e+01 0.000000000000000000e+00 1.163505402160864288e-01
6.384920368147258785e+01 0.000000000000000000e+00 1.219047619047619047e-01
6.391548619447779345e+01 2.080832332933173288e-04 1.071948779511804756e-01
6.369666266506602881e+01 4.801920768307322868e-05 9.531812725090035854e-02
6.371257302921168275e+01 5.122048819527811421e-04 1.236974789915966377e-01
6.363430172068827773e+01 1.632653061224489856e-03 1.494837935174069543e-01
6.372816326530612230e+01 3.089235694277710914e-03 1.469867947178871426e-01
6.399657462985194201e+01 1.280512204881952693e-03 1.196638655462184814e-01
6.404537815126050759e+01 4.001600640256102706e-04 1.028731492597038805e-01
6.394964385754301617e+01 0.000000000000000000e+00 1.051140456182473037e-01
6.419004401760703615e+01 1.440576230492196779e-03 1.377511004401760775e-01
6.420105642256902456e+01 1.776710684273709448e-03 1.326130452180872277e-01
6.409125250100039750e+01 7.523009203681472719e-04 1.272829131652661039e-01
6.423215686274510006e+01 0.000000000000000000e+00 1.099799919967987261e-01
6.423863945578231949e+01 0.000000000000000000e+00 1.015926370548219243e-01
6.425963985594238181e+01 0.000000000000000000e+00 1.399439775910364114e-01
6.407519807923169708e+01 4.801920768307322868e-05 1.173429371748699462e-01
6.385935174069627607e+01 9.603841536614645736e-05 1.209443777511004375e-01
6.355038015206082491e+01 1.600640256102441069e-05 1.183193277310924385e-01
6.362871548619447992e+01 1.760704281712685006e-04 1.486994797919167777e-01
6.358717887154861614e+01 3.041216486594637862e-04 1.186874749899960030e-01
6.395471788715486383e+01 7.683073229291716589e-04 1.227691076430572209e-01
6.396068827531012602e+01 1.152460984393757597e-03 1.131812725090036026e-01
6.404132853141256021e+01 5.762304921968787984e-04 1.243217286914765907e-01
6.417824729891957247e+01 2.272909163665466203e-03 1.297959183673469408e-01
6.419486194477791230e+01 2.913165266106442549e-03 1.501080432172869072e-01
6.411148459383753107e+01 8.435374149659863319e-03 1.419127651060424211e-01
6.401210084033613157e+01 2.332132853141256554e-02 1.845218087234893889e-01
6.401527010804321094e+01 4.654661864745898020e-02 1.961744697879151678e-01
6.431466986794717400e+01 6.466586634653861965e-02 2.345098039215686159e-01
6.405698279311724264e+01 6.373749499799920282e-02 2.104361744697879066e-01
6.450981992797119347e+01 3.961584633853541121e-02 2.166626650660264108e-01
6.480595438175269862e+01 2.986794717887154837e-02 2.047699079631852825e-01
6.515831932773109259e+01 2.913165266106442636e-02 1.987194877951180549e-01
6.531580632252901353e+01 1.898359343737494875e-02 1.557583033213285340e-01
6.558042416966786448e+01 1.282112845138055207e-02 1.668507402961184605e-01
6.557791116446578883e+01 3.025210084033613366e-03 1.748539415766306448e-01
6.565352541016406462e+01 1.856742697078831491e-03 1.710444177671068544e-01
6.569374949979992095e+01 2.865146058423369280e-03 1.615846338535414095e-01
6.537170068027211300e+01 3.025210084033613366e-03 1.574709883953581413e-01
6.549053221288515658e+01 4.641856742697078727e-04 1.336534613845538344e-01
6.548915566226490625e+01 4.801920768307323139e-04 1.125410164065626245e-01
6.533810324129652258e+01 7.362945178071228849e-04 1.162384953981592667e-01
6.530311324529812111e+01 9.603841536614645736e-05 1.202721088435374092e-01
6.543228491396558866e+01 6.402561024409764276e-05 1.220328131252501058e-01
6.530650660264105056e+01 0.000000000000000000e+00 1.274269707883153302e-01
6.531100440176069810e+01 0.000000000000000000e+00 1.159343737494998028e-01
6.491931172468987654e+01 0.000000000000000000e+00 1.113885554221688695e-01
6.458703481392556967e+01 0.000000000000000000e+00 1.046018407362945130e-01
6.447503801520608135e+01 0.000000000000000000e+00 1.137735094037615052e-01
6.437579831932772834e+01 0.000000000000000000e+00 1.218567426970788292e-01
6.449189275710284619e+01 9.603841536614645736e-05 1.375270108043217254e-01
6.433414965986393952e+01 0.000000000000000000e+00 1.217286914765906419e-01
6.452545818327331517e+01 0.000000000000000000e+00 1.294277711084433902e-01
6.443214085634254218e+01 0.000000000000000000e+00 1.152621048419367744e-01
6.459244497799119245e+01 6.402561024409764276e-05 1.257623049219687983e-01
6.448921968787514913e+01 4.481792717086834858e-04 1.178391356542616980e-01
6.433474189675870036e+01 2.561024409763905710e-04 1.352861144457783160e-01
6.432342537014805828e+01 1.440576230492196996e-04 1.207042817126850742e-01
6.418505002000800630e+01 1.936774709883953534e-03 1.091796718687474965e-01
6.422911564625850644e+01 7.202881152460984329e-03 1.512444977991196371e-01
6.400939575830332728e+01 1.362144857943177294e-02 1.655702280912365043e-01
6.409783113245298125e+01 1.112444977991196467e-02 1.803281312525009950e-01
6.440302521008403858e+01 9.347739095638255002e-03 1.332052821128451303e-01
6.479660664265706771e+01 3.889555822328931781e-03 1.496598639455782309e-01
6.499867146858743183e+01 2.529011604641856828e-03 1.364385754301720710e-01
6.487974389755902394e+01 4.577831132452980963e-03 1.394157663065226094e-01
6.474757903161264494e+01 8.707482993197278656e-03 1.878031212484994050e-01
6.488337735094037839e+01 1.210084033613445346e-02 1.826810724289715804e-01
6.486101640656262646e+01 7.955182072829131493e-03 1.527651060424169704e-01
6.458749899959984475e+01 4.353741496598639328e-03 1.670108043217286842e-01
6.439498999599840090e+01 1.365346138455382149e-02 1.761344537815126010e-01
6.446855542216886192e+01 2.468187274909964049e-02 1.860904361744697977e-01
6.458740296118448043e+01 8.947579031612645437e-03 1.624329731892757145e-01
6.443921568627450824e+01 4.145658263305321972e-03 1.633453381352540923e-01
6.462513005202080763e+01 7.747098839535814137e-03 1.600640256102441039e-01
6.484067226890756785e+01 9.171668667466987071e-03 1.805842336934773973e-01
6.487692677070828040e+01 2.529011604641856828e-03 1.300360144057623180e-01
6.461267707082832601e+01 2.881152460984393992e-04 1.269307723089235784e-01
6.448003201280512542e+01 0.000000000000000000e+00 1.521408563425370175e-01
6.442466586634654391e+01 0.000000000000000000e+00 1.068427370948379362e-01
6.439582232893157254e+01 0.000000000000000000e+00 1.288195278111244624e-01
6.423385354141656478e+01 8.003201280512205413e-04 1.457222889155662393e-01
6.404809923969587260e+01 1.632653061224489856e-03 1.428251300520207989e-01
6.396606642657062736e+01 2.561024409763905710e-04 1.205122048819527864e-01
6.425757503001200632e+01 4.321728691476590446e-04 1.338935574229691838e-01
6.411795118047218978e+01 9.603841536614646278e-04 1.450500200080032109e-01
6.419434973989595505e+01 2.865146058423369280e-03 1.519007603041216403e-01
6.419884753901560259e+01 2.689075630252100915e-03 1.200320128051220459e-01
6.431892757102841074e+01 1.312525010004001683e-03 1.426970788315326255e-01
6.437013205282113404e+01 2.096838735494197838e-03 1.538375350140055997e-01
6.448281712685073330e+01 1.024409763905562284e-03 1.479311724689875984e-01
6.427378951580632815e+01 0.000000000000000000e+00 1.264825930372148743e-01
6.427369347739094962e+01 3.201280512204882138e-05 1.290436174469787867e-01
6.427065226090435601e+01 3.841536614645858294e-04 1.578391356542616919e-01
6.409210084033612986e+01 1.248499399759903919e-03 1.392236894757903076e-01
6.407929571828731241e+01 5.602240896358543030e-04 1.332853141256502560e-01
6.406951580632252785e+01 1.264505802320928414e-03 1.561264505802320846e-01
6.417104441776710644e+01 8.963585434173669715e-04 1.531492597038815462e-01
6.410873149259704462e+01 5.922368947579031854e-04 1.466666666666666674e-01
6.391830332132852988e+01 1.088435374149659832e-03 1.583993597438975720e-01
6.384078431372549289e+01 1.584633853541416587e-03 1.531652661064425713e-01
6.357013205282112978e+01 1.440576230492196779e-03 1.658263305322128789e-01
6.319623849539816263e+01 1.600640256102440866e-04 1.415606242496998679e-01
6.303617446978791605e+01 1.440576230492196996e-04 1.348059223689475894e-01
6.274517807122849433e+01 1.440576230492196996e-04 1.346138455382152876e-01
6.298376950780312455e+01 8.643457382953180891e-04 1.455142056822729124e-01
6.293448579431773027e+01 3.201280512204882165e-03 1.342296918767507119e-01
6.307190076030412484e+01 1.504601840736294544e-03 1.712204881952781033e-01
6.311391756702681022e+01 1.152460984393757597e-03 1.451460584233693341e-01
6.322399359743897662e+01 8.003201280512205413e-04 1.300040016006402677e-01
6.333920768307322646e+01 1.024409763905562284e-03 1.297158863545418150e-01
6.330429771908763570e+01 1.728691476590636178e-03 1.236654661864745874e-01
6.332545818327331233e+01 4.177671068427370529e-03 1.490996398559423786e-01
6.350082432973189128e+01 7.507002801120448224e-03 1.797358943577430923e-01
6.338983593437374964e+01 4.833933573429372021e-03 1.824889955982393064e-01
6.339490996398559730e+01 5.218087234893957309e-03 1.619687875150060130e-01
6.347359743897558815e+01 6.114445778311324714e-03 1.601440576230492296e-01
6.357688675470188144e+01 5.170068027210884473e-03 1.736054421768707390e-01
6.363495798319327434e+01 2.625050020008003367e-03 1.541576630652261026e-01
6.370490596238495584e+01 1.072428971588635553e-03 1.383593437374950053e-01
6.386863545418167121e+01 1.680672268907563126e-03 1.496438575430172058e-01
6.390396158463385490e+01 3.457382953181272357e-03 1.565266106442577132e-01
6.353922368947579002e+01 1.032412965186074380e-02 1.691556622649059705e-01
6.320046418567427082e+01 1.397358943577431054e-02 1.816726690676270517e-01
6.336523409363745429e+01 3.633453381352541155e-03 1.378951580632253038e-01
6.345991196478591689e+01 1.104441776710684327e-03 1.424249699879951980e-01
6.331671868747498877e+01 1.440576230492196779e-03 1.470828331332532934e-01
6.326917967186874847e+01 1.744697879151660674e-03 1.430812324929972013e-01
6.314149659863945629e+01 1.696678671468587404e-03 1.484273709483793502e-01
6.323547018807523301e+01 1.056422569027611058e-03 1.427130852340936507e-01
6.330861944777910821e+01 1.232492997198879640e-03 1.652020808323329260e-01
6.332312124849939750e+01 2.160864345738295385e-03 1.518847539015606152e-01
6.366690676270508220e+01 2.929171668667466828e-03 1.416886754701880691e-01
6.350050420168066978e+01 5.330132052821128126e-03 1.536614645858343231e-01
6.359262104841936747e+01 7.971188475390156639e-03 1.739895958383353425e-01
6.352875550220088030e+01 6.674669867947178800e-03 1.446498599439775823e-01
6.320404961984793601e+01 6.930772308923569859e-03 1.487795118047218756e-01
6.310271308523409317e+01 9.219687875150060774e-03 1.457222889155662393e-01
6.311537414965986414e+01 2.128851540616246568e-02 1.859783913565426217e-01
6.309613445378150942e+01 1.829531812725089870e-02 1.696198479391756719e-01
6.336484993997598991e+01 1.218087234893957573e-02 1.591196478591436481e-01
6.334276110444177732e+01 1.267707082833133270e-02 1.620968387354941864e-01
6.347478191276510273e+01 1.352541016406562553e-02 1.426170468187274998e-01
6.372977991196478342e+01 6.562625050020007983e-03 1.735894357743097138e-01
6.402256902761104129e+01 5.122048819527810770e-03 1.621288515406162367e-01
6.431391756702680595e+01 1.122048819527811207e-02 1.708203281312525024e-01
6.438573829531813431e+01 9.155662264905961925e-03 1.784713885554221613e-01
6.468773109243697661e+01 4.321728691476590771e-03 1.699719887955181974e-01
6.476856342537014655e+01 3.377350940376150530e-03 1.715406162464986062e-01
6.474588235294118022e+01 6.978791516606642695e-03 1.564465786314525875e-01
6.481187675070027865e+01 1.194077631052420894e-02 1.622569027611044379e-01
6.471126050420167530e+01 1.128451380552220919e-02 1.812725090036014508e-01
6.487222088835534350e+01 9.395758303321328705e-03 1.724529811924769840e-01
6.494210484193676791e+01 9.571828731492596637e-03 1.822488995598239292e-01
6.508174469787914518e+01 1.418167266906762702e-02 1.424889955982392986e-01
6.504925170068027285e+01 1.424569827931172414e-02 1.555022008803521316e-01
6.515420568227290232e+01 1.446978791516606577e-02 1.609763905562224817e-01
6.522717887154861671e+01 1.723889555822328765e-02 1.418647458983593457e-01
6.518122448979592320e+01 1.254901960784313673e-02 1.646578631452580987e-01
6.507967987194878390e+01 6.914765906362544713e-03 1.531652661064425713e-01
6.514948379351740471e+01 3.761504601840736251e-03 1.296678671468587396e-01
6.490242496998799027e+01 3.089235694277710914e-03 1.169107643057222951e-01
6.491508603441376124e+01 3.665466186474589712e-03 1.404721888755502135e-01
6.486303321328531979e+01 3.889555822328931781e-03 1.622569027611044379e-01
6.451460584233693396e+01 3.329331732693077261e-03 1.371108443377350994e-01
6.452188875550220359e+01 3.857543017206882790e-03 1.361344537815125932e-01
6.459367747098839629e+01 5.842336934773909377e-03 1.601600640256102548e-01
6.470304921968786971e+01 1.032412965186074380e-02 1.849539815926370678e-01
6.470223289315725879e+01 2.545018007202881280e-02 2.013445378151260401e-01
6.491681472589036161e+01 2.287314925970388227e-02 1.834333733493397345e-01
6.475412565026010725e+01 9.235694277711084185e-03 1.514045618247298886e-01
6.469245298119247423e+01 3.473389355742297069e-03 1.628011204481792651e-01
6.452188875550220359e+01 5.666266506602641445e-03 1.835774309723889608e-01
6.459204481792717445e+01 1.571828731492597164e-02 1.797198879551820672e-01
6.449171668667466406e+01 1.901560624249699905e-02 2.096838735494197803e-01
6.446472989195677883e+01 2.424969987995198237e-02 2.020008003201280433e-01
6.437274109643857400e+01 1.851940776310524381e-02 1.538535414165666249e-01
6.432006402561025027e+01 1.784713885554221544e-02 1.783273309323729627e-01
6.468361744697878635e+01 2.240896358543417385e-02 1.831452581032413096e-01
6.479161264505802365e+01 2.794717887154862107e-02 2.025770308123249208e-01
6.501126850740295993e+01 2.092036814725890467e-02 1.565586234493797635e-01
6.508291316526610615e+01 1.291716686674669948e-02 1.745658263305322200e-01
6.487926370548218813e+01 9.235694277711084185e-03 1.650420168067227022e-01
6.486751500600240661e+01 1.523809523809523808e-02 1.813365346138455514e-01
6.479868747498998971e+01 2.657062825130052097e-02 2.056662665066026352e-01
6.487092436974789678e+01 2.346538615446178491e-02 1.714445778311324553e-01
6.509802320928370989e+01 1.735094037615046020e-02 2.029451780712284992e-01
6.511001200480191642e+01 2.288915566226490741e-02 2.186474589835934457e-01
6.505986394557822905e+01 2.916366546618647318e-02 1.929091636654661768e-01
6.518298519407763081e+01 3.543817527010804241e-02 2.028811524609843986e-01
6.522077631052421509e+01 3.010804321728691516e-02 2.038415366146458518e-01
6.517213285314124960e+01 4.068827531012404741e-02 2.150620248099239795e-01
6.535033213285313991e+01 4.011204481792716992e-02 2.121648659463785391e-01
6.530415366146458211e+01 2.472989195678271246e-02 1.923969587835133999e-01
6.509723889555822041e+01 1.807122849139655707e-02 1.900440176070428144e-01
6.514690676270508618e+01 2.841136454581832602e-02 1.887635054021608583e-01
6.486671468587435641e+01 4.518607442977191219e-02 2.033773509403761504e-01
6.502623449379751719e+01 2.885954381752700929e-02 1.841856742697078886e-01
6.488773109243697945e+01 1.214885954381752717e-02 1.964145658263305450e-01
6.511737494997998965e+01 1.819927971188475477e-02 1.676990796318527377e-01
6.514090436174470256e+01 2.618647458983593482e-02 2.082432973189275727e-01
6.472192076830732788e+01 2.362545018007202943e-02 2.141976790716286494e-01
6.470727490996398501e+01 2.815526210484193756e-02 2.127891156462584921e-01
6.525002000800320445e+01 4.593837535014005935e-02 2.100520208083233309e-01
6.518649059623849951e+01 7.598239295718287045e-02 2.686034413765506224e-01
6.536544217687074365e+01 1.083473389355742306e-01 3.037695078031212303e-01
6.531479791916767397e+01 9.498199279711884435e-02 2.994957983193277107e-01
6.518829931972788927e+01 9.299719887955182340e-02 3.043617446978791330e-01
6.528344137655062696e+01 7.699079631852741301e-02 2.771028411364545585e-01
6.546352941176471063e+01 4.646658663465386141e-02 2.459703881552620930e-01
6.521538215286113882e+01 2.946778711484593707e-02 2.056022408963585346e-01
6.521855142056823240e+01 1.368547418967587005e-02 1.817046818727491020e-01
6.490032813125250755e+01 4.481792717086834424e-03 1.438975590236094559e-01
6.465648659463785464e+01 2.432973189275710289e-03 1.458823529411764630e-01
6.449669467787114741e+01 1.008403361344537789e-03 1.287394957983193367e-01
6.439071628651460344e+01 3.841536614645858294e-04 1.242096838735494146e-01
6.423316526610643962e+01 7.843137254901960459e-04 1.061224489795918324e-01
6.380064025610244016e+01 1.616646658663465361e-03 9.909563825530212644e-02
6.354812324929972078e+01 1.664665866346538630e-03 1.571028411364545907e-01
6.344132853141256589e+01 7.362945178071228849e-04 1.060424169667867206e-01
6.329053221288515374e+01 0.000000000000000000e+00 8.925170068027210579e-02
6.312528211284514157e+01 0.000000000000000000e+00 9.179671868747499297e-02
6.323359743897559326e+01 2.561024409763905710e-04 1.188315326130452154e-01
6.308557022809123538e+01 0.000000000000000000e+00 8.531412565026010031e-02
6.271470188075230112e+01 0.000000000000000000e+00 9.991196478591436725e-02
6.281302921168467179e+01 8.803521408563425845e-04 1.237775110044017635e-01
6.272862745098039028e+01 4.545818327330932405e-03 1.438655462184874056e-01
6.333615046018407213e+01 4.192076830732292814e-02 1.957903161264505920e-01
6.431860744297719634e+01 2.104041616646658563e-01 3.992316926770708152e-01
6.546735494197679373e+01 5.341496598639455806e-01 7.089075630252100746e-01
6.680875550220088144e+01 9.012084833933573513e-01 1.076414565826330438e+00
6.767590236094437728e+01 1.202432973189275778e+00 1.389323729491796611e+00
6.796152060824329055e+01 1.380248099239695936e+00 1.568675470188075183e+00
6.776689875950380326e+01 1.459351740696278599e+00 1.636686674669868058e+00
6.742889155662264500e+01 1.516286514605842406e+00 1.624905962384953995e+00
6.662178471388556034e+01 1.458823529411764630e+00 1.597214885954381769e+00
6.571579031612644428e+01 1.232108843537415011e+00 1.403553421368547438e+00
6.456995598239295475e+01 9.637134853941576873e-01 1.120096038415366202e+00
6.331553421368547419e+01 6.670188075230092384e-01 7.840896358543417710e-01
6.218205682272909485e+01 4.701880752300920396e-01 6.064825930372148566e-01
6.142669867947179085e+01 3.111004401760704141e-01 4.382873149259703949e-01
6.078192877150860340e+01 2.042577030812325056e-01 3.633453381352541034e-01
6.031183673469387685e+01 1.525890356142456938e-01 2.959263705482192974e-01
6.029923969587834875e+01 1.397358943577430845e-01 2.602160864345738345e-01
6.014442577030812487e+01 1.002320928371348563e-01 2.185034013605442194e-01
6.003417366946779055e+01 7.201280512204881468e-02 1.892276910764305597e-01
6.031759903961584968e+01 5.422969187675070329e-02 1.624009603841536642e-01
6.047332533013205591e+01 4.731492597038815251e-02 1.659223689475790298e-01
6.069893557422969366e+01 7.063625450180072152e-02 2.060984393757502864e-01
6.065947979191676609e+01 6.716286514605841751e-02 1.674909963985594108e-01
6.101695078031212205e+01 4.403361344537815025e-02 1.515166066426570646e-01
6.105754301720688204e+01 1.568627450980392135e-02 1.246418567426970797e-01
6.126657062825130140e+01 6.994797919167666973e-03 1.360704281712685204e-01
6.135710284113645230e+01 8.803521408563426062e-03 1.460264105642256893e-01
6.142745098039215890e+01 1.090036014405762303e-02 1.312044817927170981e-01
6.151374149659864088e+01 1.258103241296518529e-02 1.469707883153261174e-01
6.144976390556222157e+01 1.392557022809123683e-02 1.604641856742697048e-01
6.134255302120848086e+01 1.408563425370148135e-02 1.543657462985194018e-01
6.158114445778311108e+01 1.920768307322929039e-02 1.613125250100040098e-01
6.163743897559023566e+01 3.356542617046819055e-02 1.823929571828731555e-01
6.160672268907563165e+01 4.568227290916366395e-02 1.873869547819127512e-01
6.170658663465385985e+01 3.382152861144457900e-02 1.945578231292517113e-01
6.161779911964785583e+01 2.375350140056022366e-02 1.580632252901160439e-01
6.146180072028811736e+01 3.004401760704281804e-02 1.541256502601040523e-01
6.145362144857943321e+01 4.257703081232493136e-02 1.616646658663465352e-01
6.152292917166866459e+01 4.075230092036814800e-02 1.811764705882352999e-01
6.151178871548619753e+01 2.583433373349339895e-02 1.726130452180872354e-01
6.163967987194877907e+01 2.964385754301720674e-02 1.837054821928771620e-01
6.198849139655862217e+01 4.339335734293717217e-02 2.034413765506202509e-01
6.212254501800720163e+01 5.338135254101640526e-02 2.170468187274909866e-01
6.208009603841536261e+01 5.330132052821128646e-02 2.156382553021208570e-01
6.206717887154862012e+01 6.100040016006402777e-02 2.163265306122449105e-01
6.220934773909564086e+01 6.615446178471388883e-02 2.432973189275710324e-01
6.217363745498199279e+01 6.820328131252501036e-02 2.354541816726690717e-01
6.227523009203681426e+01 7.142056822729091203e-02 2.509163665466186410e-01
6.243414165666266769e+01 8.950780312124849425e-02 2.425450180072028783e-01
6.260741096438575681e+01 7.863945578231291977e-02 2.517486994797918931e-01
6.259982392957182640e+01 6.887555022008803873e-02 2.378551420568227326e-01
6.260099239695878026e+01 6.204081632653061368e-02 2.336774709883953638e-01
6.268472188875550444e+01 5.285314125650260320e-02 2.390236094437775127e-01
6.280304121648659788e+01 4.326530612244897794e-02 2.308603441376550491e-01
6.275823929571829041e+01 3.367747098839535963e-02 1.936134453781512554e-01
6.281240496198479661e+01 4.091236494597839252e-02 1.896278511404561884e-01
6.280520208083233058e+01 6.028011204481792396e-02 2.148539415766306526e-01
6.281866346538615176e+01 6.866746698679471184e-02 2.252901160464185759e-01
6.263921568627451109e+01 5.695078031212485320e-02 2.116206482593037119e-01
6.198429771908763541e+01 5.437374949979992267e-02 2.123249299719887906e-01
6.210452180872349004e+01 6.005602240896358579e-02 2.083233293317326984e-01
6.222056822729091863e+01 4.813125250100040026e-02 1.956142456982793154e-01
6.248486594637854807e+01 2.234493797519007674e-02 1.726130452180872354e-01
6.261877551020408106e+01 1.325330132052821193e-02 1.886194477791116320e-01
6.266186474589835598e+01 9.507803121248499523e-03 1.619047619047619124e-01
6.279891156462584689e+01 1.184473789515806327e-02 1.576310524209683928e-01
6.279772709083633231e+01 1.341336534613845471e-02 1.578071228491396694e-01
6.273562224889955985e+01 1.895158063225290193e-02 1.675070028011204359e-01
6.283811124449779584e+01 1.624649859943977717e-02 1.545418167266906784e-01
6.269302921168467435e+01 1.117246898759503837e-02 1.436094437775110033e-01
6.282036014405762359e+01 1.216486594637855058e-02 1.494197679071628537e-01
6.266072829131652355e+01 1.584633853541416587e-02 1.341976790716286616e-01
6.256118447378951686e+01 1.122048819527811207e-02 1.426330532212885249e-01
6.261776710684273439e+01 8.563425370148059282e-03 1.341816726690676365e-01
6.271313325330132216e+01 6.002400960384153897e-03 1.381832733093237287e-01
6.264654661864745577e+01 8.371348539415766205e-03 1.575190076030412167e-01
6.279271708683473463e+01 9.187675070028010482e-03 1.556942777110844334e-01
6.285746298519407560e+01 8.099239695878350867e-03 1.400560224089635875e-01
6.275841536614645833e+01 4.881952781112444857e-03 1.312685074029611709e-01
6.282842737094838270e+01 7.122849139655862069e-03 1.348379351740696397e-01
6.265658263305321896e+01 1.051620648259303688e-02 1.526210484193677441e-01
6.243963185274109406e+01 1.054821928771508543e-02 1.370788315326130491e-01
6.223783913565426218e+01 5.010004001600639953e-03 1.239215686274509759e-01
6.229685474189675887e+01 5.746298519407762838e-03 1.336694677871148595e-01
6.226722689075630512e+01 6.818727490996398174e-03 1.519807923169267661e-01
6.244504201680672395e+01 9.283713485394157888e-03 1.708363345338135275e-01
6.230271308523409601e+01 5.746298519407762838e-03 1.413525410164065688e-01
6.254151260504201559e+01 4.929971988795518560e-03 1.611204481792717080e-01
6.275531012404962183e+01 9.059623849539816254e-03 1.158063225290116016e-01
6.269102841136454884e+01 8.499399759903962168e-03 1.428411364545818241e-01
6.260422569027610962e+01 1.082032813125250077e-02 1.748379351740696197e-01
6.272131252501000631e+01 1.527010804321728664e-02 1.802641056422568944e-01
6.262948379351740869e+01 9.283713485394157888e-03 1.605122048819527802e-01
6.242240896358543267e+01 9.923969587835134235e-03 1.549579831932773044e-01
6.204829131652660834e+01 1.645458183273309366e-02 1.793837535014005669e-01
6.211547018807522846e+01 3.466986794717887010e-02 1.989755902360944295e-01
6.231066826730692298e+01 4.929971988795518040e-02 2.092517006802721014e-01
6.229178071228491120e+01 5.400560224089635819e-02 2.354381752701080466e-01
6.241445378151260570e+01 4.712284913965586464e-02 2.313245298119247784e-01
6.273006802721088349e+01 2.919567827130852347e-02 1.832733093237294830e-01
6.282495398159263544e+01 3.585434173669467886e-03 1.242416966786714649e-01
6.297490196078431524e+01 2.513005202080832549e-03 1.465706282513005165e-01
6.294524209683873295e+01 4.881952781112444857e-03 1.559023609443777603e-01
6.319394957983192995e+01 4.353741496598639328e-03 1.378631452581032535e-01
6.269182873149259905e+01 2.673069227691076636e-03 1.066826730692276848e-01
6.242786714685874472e+01 4.737895158063225483e-03 1.257142857142857229e-01
6.200364945978391518e+01 1.557422969187675053e-02 1.600800320128051291e-01
6.188736294517806868e+01 2.316126450580232102e-02 1.548459383753501284e-01
6.208219287715085954e+01 2.136854741896758794e-02 1.773669467787114817e-01
6.193269307723089412e+01 1.803921568627451025e-02 1.947178871548619350e-01
6.214300120048019238e+01 2.351340536214485688e-02 1.930052020808323276e-01
6.234423369347739197e+01 2.215286114445778193e-02 1.958383353341336397e-01
6.245717486994797696e+01 1.666266506602641015e-02 1.815446178471388505e-01
6.259002801120448112e+01 2.151260504201680732e-02 1.846178471388555398e-01
6.277278911564626185e+01 2.151260504201680732e-02 1.500280112044817815e-01
6.266789915966386815e+01 1.743097238895558246e-02 1.876910764305722290e-01
6.244742697078831384e+01 2.487394957983193183e-02 1.990876350540216055e-01
6.235577430972389124e+01 2.641056422569027645e-02 1.880432172869147545e-01
6.226724289715886584e+01 2.575430172068827669e-02 1.761664665866346513e-01
6.231806322529011766e+01 3.057222889155662357e-02 1.813205282112845262e-01
6.229387755102040813e+01 3.145258103241296843e-02 1.890516206482593109e-01
6.234828331332533224e+01 4.172869147659063332e-02 2.024649859943977726e-01
6.241117246898759419e+01 4.584233693477390847e-02 2.113965586234493876e-01
6.259625450180072193e+01 4.441776710684273988e-02 2.059383753501400627e-01
6.253792717086835040e+01 4.709083633453381434e-02 2.121328531412564888e-01
6.258474589835934410e+01 5.755902360944377405e-02 2.196558623449379744e-01
6.280731492597038823e+01 5.350940376150459948e-02 2.188715486194477700e-01
6.277317326930772623e+01 4.310524209683873342e-02 2.321728691476590556e-01
6.271750300120047683e+01 4.443377350940375808e-02 1.896758703481392638e-01
6.264673869547819152e+01 5.074029611844738108e-02 2.168867547018807629e-01
6.258983593437375248e+01 3.961584633853541121e-02 1.954701880752300891e-01
6.217003601440575977e+01 2.684273709483793457e-02 1.690756302521008447e-01
6.219441376550620504e+01 2.649059623849539871e-02 1.690756302521008447e-01
6.233527010804321833e+01 3.343737494997998938e-02 1.908283313325330188e-01
6.232089635854341481e+01 2.753101240496198462e-02 1.746938775510204211e-01
6.223796718687474794e+01 1.461384553821528688e-02 1.765026010404161794e-01
6.234388155262104902e+01 1.635854341736694625e-02 1.542216886754701755e-01
6.247860744297719293e+01 2.196078431372549059e-02 1.838175270108043102e-01
6.245667867146858754e+01 9.651860744297718897e-03 1.518207282913165146e-01
6.232686674669867699e+01 5.410164065626250386e-03 1.331412565026010297e-01
6.233589435774310061e+01 4.865946378551420579e-03 1.271708683473389279e-01
6.210946778711484484e+01 5.010004001600639953e-03 1.248019207683073173e-01
6.233650260104041507e+01 4.129651860744297694e-03 1.217767106842737035e-01
6.211367747098839232e+01 4.977991196478591396e-03 1.244177671068427415e-01
6.236308923569427520e+01 4.081632653061224858e-03 1.452581032412965101e-01
6.228072028811524774e+01 1.712685074029611900e-03 1.178071228491396616e-01
6.220939575830332302e+01 1.664665866346538630e-03 1.143497398959583827e-01
6.215707082833133512e+01 2.336934773909563751e-03 1.181112444977991255e-01
6.197775110044017310e+01 7.923169267707082936e-03 1.472268907563025198e-01
6.194084033613445683e+01 9.971988795518207938e-03 1.656182472989195797e-01
6.162882753101240496e+01 8.547418967587034136e-03 1.319567827130852244e-01
6.136907563025209811e+01 1.133253301320528289e-02 1.527971188475390207e-01
6.150783513405362157e+01 1.386154461784713972e-02 1.363105242096838698e-01
6.145019607843137521e+01 1.842336934773909640e-02 1.715086034413765559e-01
6.185470988395358205e+01 2.232893157262905159e-02 1.604321728691476545e-01
6.209304521808723365e+01 2.828331332533013179e-02 1.705002000800319995e-01
6.251398159263705168e+01 4.982793117246898940e-02 2.000640256102440839e-01
6.319627050820328407e+01 7.579031612645058258e-02 2.408003201280512207e-01
6.359234893957582813e+01 1.006642657062825075e-01 2.650660264105642039e-01
6.329632653061224801e+01 1.251700680272108956e-01 3.089555822328931556e-01
6.346604241696678628e+01 1.568467386954781884e-01 3.531652661064425547e-01
6.333163665466186387e+01 1.057222889155662315e-01 2.939735894357742851e-01
6.302023209283713356e+01 6.753101240496198199e-02 2.466906762705081968e-01
6.301506202480992158e+01 5.951180472188875858e-02 2.258183273309323780e-01
6.285294917967186734e+01 4.520208083233293039e-02 1.956302521008403406e-01
6.301210084033613157e+01 4.462585034013605290e-02 1.968307322929171710e-01
6.312035214085634038e+01 4.404961984793917540e-02 1.930852340936374534e-01
6.318205682272909485e+01 4.108843537414966218e-02 2.238495398159263683e-01
6.345208483393357568e+01 2.671468587434974035e-02 1.714285714285714302e-01
6.329467787114845834e+01 1.269307723089235611e-02 1.641136454581832715e-01
6.324733093237294668e+01 1.899959983993597390e-02 1.619367747098839627e-01
6.313187675070027893e+01 2.967587034813925703e-02 1.888915566226490594e-01
6.304504201680672537e+01 3.766306522609043361e-02 1.854341736694677945e-01
6.290261704681872601e+01 1.896758703481392708e-02 1.668187274909964102e-01
6.265138055222088553e+01 1.648659463785514048e-02 1.826330532212885049e-01
6.244704281712684946e+01 4.353741496598639155e-02 2.057783113245298112e-01
6.260792316926770695e+01 5.586234493797519185e-02 2.155102040816326558e-01
6.260217687074830195e+01 3.758303321328531482e-02 1.751420568227290975e-01
6.273038815526210499e+01 3.492597038815526550e-02 2.092356942777110762e-01
6.309485394157663052e+01 5.619847939175670604e-02 1.991836734693877564e-01
6.362890756302520856e+01 6.496998799519808354e-02 2.480352140856342535e-01
6.407636654661864384e+01 6.218487394957983305e-02 2.457783113245298190e-01
6.425410164065625906e+01 9.960784313725490335e-02 2.957663065226090460e-01
6.447761504601841409e+01 1.767426970788315288e-01 3.665626250500200189e-01
6.461800720288115940e+01 1.518047218887554894e-01 3.367587034813925295e-01
6.440673869547819663e+01 9.482192877150860677e-02 2.667306922769107635e-01
6.435374149659864429e+01 9.043617446978791108e-02 2.772468987595038126e-01
6.420883553421369072e+01 1.204001600640256103e-01 3.170228091236494405e-01
6.431999999999999318e+01 1.240016006402561016e-01 2.921648659463785269e-01
6.399836734693877816e+01 1.150860344137655117e-01 3.021368547418967765e-01
6.447569427771108508e+01 1.238895558223289256e-01 3.079151660664265489e-01
6.466181672669067382e+01 1.229291716686674724e-01 3.160784313725490402e-01
6.481197278911564297e+01 1.112444977991196432e-01 3.081872749099640041e-01
6.483265306122449090e+01 9.379751900760303907e-02 2.780632252901160673e-01
6.447734293717486764e+01 9.483793517406963192e-02 2.684593837535014238e-01
6.468028811524609978e+01 9.907963185274110129e-02 2.866106442577031066e-01
6.443891156462585457e+01 8.081632653061224247e-02 2.582793117246898751e-01
6.440934773909563660e+01 5.390956382553021425e-02 2.340136054421768641e-01
6.423787114845939072e+01 3.659063625450179741e-02 1.882673069227691065e-01
6.430301720688275680e+01 3.532613045218087333e-02 2.074749899959983934e-01
6.443670268107243260e+01 4.171268507402961512e-02 2.283633453381352652e-01
6.452774709883954074e+01 3.689475790316126130e-02 2.403041216486594689e-01
6.464683473389355584e+01 3.324529811924770151e-02 2.187434973989595965e-01
6.481626250500200115e+01 2.788315326130452049e-02 2.240736294517807203e-01
6.467987194877950685e+01 2.338535414165666265e-02 2.185834333733493451e-01
6.460739495798318899e+01 3.079631852741096520e-02 2.327330932372949079e-01
6.515142056822729444e+01 4.040016006402560866e-02 2.353421368547418957e-01
6.522304921968787994e+01 5.304521808723489107e-02 2.660424169667867100e-01
6.521493397358943866e+01 5.458183273309323569e-02 2.403201280512204940e-01
6.498428171268507469e+01 3.950380152060824213e-02 2.524849939975990498e-01
6.476625850340136026e+01 4.688275310124049439e-02 2.417927170868347242e-01
6.465939975990396249e+01 5.547819127651060223e-02 2.624569827931172439e-01
6.460739495798318899e+01 7.539015606242496781e-02 2.574149659863945727e-01
6.462540216086433986e+01 6.903561424569827631e-02 2.600400160064025856e-01
6.488606642657062196e+01 3.308523409363745699e-02 2.226170468187274876e-01
6.468072028811523921e+01 2.012004801920768207e-02 2.131252501000400201e-01
6.531100440176069810e+01 2.785114045618247366e-02 2.862585034013605534e-01
6.543020408163265245e+01 3.322929171668667636e-02 2.701400560224089809e-01
6.535774309723889530e+01 3.366146458583433448e-02 2.361744697879151755e-01
6.523071628651460685e+01 3.463785514205681981e-02 2.058103241296518615e-01
6.504526610644258255e+01 4.259303721488595651e-02 2.431212484993997558e-01
6.459255702280911748e+01 5.013205282112845329e-02 2.705242096838735288e-01
6.462442577030812174e+01 6.156062424969988012e-02 2.812164865946378822e-01
6.486151260504202298e+01 6.144857943177271103e-02 2.962304921968787474e-01
6.484456182472989383e+01 6.780312124849939559e-02 2.815366146458583296e-01
6.494068027210884964e+01 6.280912364945978599e-02 2.826570628251300343e-01
6.518815526210484279e+01 4.934773909563825584e-02 2.691956782713085250e-01
6.507979191676670894e+01 4.312124849939975857e-02 2.540856342537014534e-01
6.533469387755101820e+01 4.019207683073229564e-02 2.544537815126050595e-01
6.525214885954382282e+01 3.908763505402160915e-02 2.355662264905962477e-01
6.542224889955981837e+01 3.827130852340936140e-02 2.522929171668667481e-01
6.502461784713885606e+01 3.977591036414565573e-02 2.522128851540616501e-01
6.508752300920367873e+01 3.886354541816726405e-02 2.582472989195678248e-01
6.469842336934773641e+01 4.974789915966386367e-02 2.554941976790716107e-01
6.469517406962785344e+01 4.452981192476990896e-02 2.413605442176870730e-01
6.456420968387354264e+01 3.470188075230092040e-02 2.153181272509003541e-01
6.459001200480192040e+01 3.574229691876750631e-02 2.188075230092036694e-01
6.459731092436975075e+01 3.498999599839935915e-02 2.281392557022809131e-01
6.468517006802720459e+01 3.995198079231692539e-02 2.472669067627050743e-01
6.466296918767507407e+01 3.095638255302120972e-02 2.154301720688275301e-01
6.474701880752300553e+01 2.226490596238495448e-02 2.216086434573829589e-01
6.478120848339335680e+01 2.154461784713885414e-02 2.143257302921168506e-01
6.479076430572229128e+01 3.162865146058423116e-02 2.269707883153261330e-01
6.495417366946779225e+01 4.075230092036814800e-02 2.299319727891156462e-01
6.446205682272909598e+01 5.631052420968387512e-02 2.529011604641856481e-01
6.453342937174869576e+01 5.754301720688275584e-02 2.406402561024409692e-01
6.446210484193677814e+01 5.507803121248499439e-02 2.643457382953181001e-01
6.423026810724289248e+01 6.535414165666265929e-02 2.928851540616246307e-01
6.434938775510204323e+01 4.113645458183273068e-02 2.397438975590236165e-01
6.434357743097238824e+01 3.017206882753101227e-02 2.401760704281712677e-01
6.419606242496999471e+01 2.080832332933173212e-02 1.757022809123649498e-01
6.422965986394558513e+01 1.419767907162865217e-02 2.040496198479391787e-01
6.448080032012805418e+01 1.171668667466986731e-02 1.561424569827931097e-01
6.487780712284913420e+01 1.301320528211284515e-02 1.494517807122849040e-01
6.489855142056822501e+01 8.723489395758303802e-03 1.638095238095238215e-01
6.467647859143657740e+01 4.161664665866346251e-03 1.685474189675870427e-01
6.444156862745097669e+01 2.304921968787515194e-03 1.467947178871548686e-01
6.429210084033613271e+01 4.193677470988395675e-03 1.510204081632653128e-01
6.392837134853941450e+01 6.962785114045618416e-03 1.654741896758703534e-01
6.368236894757902888e+01 4.753901560624249761e-03 1.637775110044017712e-01
6.368193677470988234e+01 3.793517406962785242e-03 1.412885154061624682e-01
6.381680672268907273e+01 2.496998799519807837e-03 1.512284913965586119e-01
6.377192476990796166e+01 6.162464985994397550e-03 1.416246498599439685e-01
6.386063225290116208e+01 1.552621048419367683e-02 1.760224089635854250e-01
6.417973589435774784e+01 1.627851140456182399e-02 1.693157262905161942e-01
6.418877951180472508e+01 2.309723889555822390e-02 2.004161664665866371e-01
6.422156062424970457e+01 3.702280912364946247e-02 2.131412565026010453e-01
6.438829931972789211e+01 2.701880752300920424e-02 1.976470588235293979e-01
6.421629451780712827e+01 3.571028411364545602e-02 2.226330532212885127e-01
6.430480992396958584e+01 5.398959583833533304e-02 2.362384953981592761e-01
6.411772709083633970e+01 6.388155262104841525e-02 2.328771508603441343e-01
6.411854341736695062e+01 4.790716286514605515e-02 2.541016406562625063e-01
6.419452581032412297e+01 3.263705482192877372e-02 2.023529411764705965e-01
6.367038015206082235e+01 3.681472589035614251e-02 2.067547018807522896e-01
6.411135654261704531e+01 2.231292517006802645e-02 1.951340536214485888e-01
6.411082833133252734e+01 5.442176870748298943e-03 1.457703081232492870e-01
6.383106842737095121e+01 2.513005202080832549e-03 1.277631052420968305e-01
6.401943177270908336e+01 2.448979591836734568e-03 1.398479391756702606e-01
6.407239695878351426e+01 4.081632653061224858e-03 1.470028011204481677e-01
6.346415366146458581e+01 1.904761904761904760e-03 1.336694677871148595e-01
6.290649059623849837e+01 1.424569827931172501e-03 1.280992396958783586e-01
6.299911964785914620e+01 7.731092436974789858e-03 1.570388155262104901e-01
6.280088035214085807e+01 2.354541816726690717e-02 1.731412565026010375e-01
6.362540216086434697e+01 2.252100840336134294e-02 1.789515806322528879e-01
6.479412565026009929e+01 1.637454981992797140e-02 1.836254501800720362e-01
6.498818727490996139e+01 4.449779911964785867e-03 1.532933173269307725e-01
6.481952781112444484e+01 9.443777511004402409e-03 1.802801120448179195e-01
6.477730292116847011e+01 2.407362945178071270e-02 1.997278911564625836e-01
6.447388555422169532e+01 1.421368547418967558e-02 1.703401360544217757e-01
6.404257703081232478e+01 1.174869947979191760e-02 1.855302120848339453e-01
6.398314525810324227e+01 2.690676270508203169e-02 2.330052020808323354e-01
6.366729091636654658e+01 2.276110444177670972e-02 1.924129651860744250e-01
6.280361744697879089e+01 4.801920768307322597e-03 1.485874349739896016e-01
6.260846738695477853e+01 4.961984793917567551e-04 1.449219687875150098e-01
6.259062024809924196e+01 0.000000000000000000e+00 1.034333733493397328e-01
6.322749899959983821e+01 0.000000000000000000e+00 6.613845538215286368e-02
6.416574629851940870e+01 0.000000000000000000e+00 7.833533413365345588e-02
6.460468987595038470e+01 0.000000000000000000e+00 8.619447779111644170e-02
6.466215286114446315e+01 0.000000000000000000e+00 1.020408163265306145e-01
6.436308923569427520e+01 0.000000000000000000e+00 1.025530212084833914e-01
6.357318927571028411e+01 0.000000000000000000e+00 9.440576230492196685e-02
6.294647458983593680e+01 0.000000000000000000e+00 9.330132052821128730e-02
6.285863145258102946e+01 3.521408563425370013e-04 1.248979591836734682e-01
6.323993597438975911e+01 5.282112845138055290e-04 1.163185274109643924e-01
6.275676670668267576e+01 0.000000000000000000e+00 8.536214485794317575e-02
6.285797519007603285e+01 0.000000000000000000e+00 1.100760304121648631e-01
6.256121648659463830e+01 0.000000000000000000e+00 1.171348539415766332e-01
6.263932773109243612e+01 2.320928371348539472e-03 1.398639455782312857e-01
6.211551820728291062e+01 6.882753101240496156e-03 1.337975190076030330e-01
6.172001600640255958e+01 4.833933573429372021e-03 1.450660264105642361e-01
6.188992396958783360e+01 2.032813125250099856e-03 1.063305322128851593e-01
6.212584233693477387e+01 8.803521408563425845e-04 1.290116046418567364e-01
6.184043217286914995e+01 7.939175670268108082e-03 1.537094837935173985e-01
6.190868347338935251e+01 3.284513805522208674e-02 1.761824729891956764e-01
6.191943977591036230e+01 1.006802721088435361e-02 1.468907563025210194e-01
6.143787114845938646e+01 0.000000000000000000e+00 9.299719887955182340e-02
6.195979191676670439e+01 2.080832332933173288e-04 1.167507002801120436e-01
6.228822729091636745e+01 1.760704281712685006e-04 1.174069627851140468e-01
6.212164865946378711e+01 0.000000000000000000e+00 7.110044017607042299e-02
6.158895558223289157e+01 0.000000000000000000e+00 4.515406162464986189e-02
6.139500600240096162e+01 0.000000000000000000e+00 5.824729891956782757e-02
6.176707482993197118e+01 0.000000000000000000e+00 6.120848339335734078e-02
6.175502200880352177e+01 0.000000000000000000e+00 3.959983993597439300e-02
6.075382152861144647e+01 0.000000000000000000e+00 2.957983193277310963e-02
