1.706179980731798480e+02 6.011560920941389163e+00 9.830715086215370796e-05
1.691245551601423358e+02 4.094925384872495577e+00 9.830715086215370796e-05
1.705830990346237854e+02 1.427993944279506877e+01 1.101040089656121681e-03
1.697177798313049379e+02 1.103580346434399573e+01 4.718743241383378090e-04
1.693297615068520088e+02 1.088242464756886463e+01 5.701814750004915305e-04
1.695943060498220518e+02 1.176563575234462533e+01 1.376300112070152101e-04
1.716789288452842186e+02 1.525500874933642592e+01 1.769528715518766716e-04
1.712952556968994031e+02 1.417262735691394226e+01 9.830715086215370796e-05
1.713529030101649653e+02 1.422455319399933238e+01 7.864572068972297721e-05
1.716658933170798775e+02 1.472283281885924389e+01 0.000000000000000000e+00
1.720063703033758600e+02 1.542761644482019534e+01 1.966143017243074159e-04
1.725019366508719827e+02 1.599793554983189559e+01 1.376300112070152101e-04
1.726699042488350528e+02 1.618092448044670917e+01 7.864572068972297721e-05
1.726609779595367797e+02 1.618173059908377809e+01 3.932286034486148860e-05
1.720907375002457798e+02 1.536440494681583147e+01 0.000000000000000000e+00
1.716274748825229608e+02 1.520147067497689797e+01 3.932286034486148860e-05
1.713067969564106079e+02 1.468948703328680061e+01 7.864572068972297721e-05
1.713983602367236188e+02 1.498505731306895328e+01 2.359371620691689045e-04
1.716123749041505278e+02 1.526658933170798882e+01 7.864572068972297721e-05
1.718436523072688260e+02 1.554055169973063855e+01 1.572914413794459544e-04
1.721546174868759920e+02 1.579748726922396251e+01 9.830715086215370796e-05
1.725102730972650988e+02 1.650132714653663868e+01 1.572914413794459544e-04
1.726107430054462100e+02 1.652971825170562781e+01 2.555985922415996759e-04
1.724643636578124699e+02 1.647517744440730780e+01 1.769528715518766716e-04
1.721347987652621896e+02 1.596103104539824180e+01 5.898429051729222613e-05
1.720931951790173287e+02 1.581205638898173405e+01 5.898429051729222613e-05
1.720594954877017813e+02 1.577283183578773595e+01 3.932286034486148860e-05
1.720984251194431920e+02 1.582375493993433047e+01 7.667957767247989736e-04
1.721416212815320250e+02 1.592048917638268968e+01 1.572914413794459544e-04
1.723255539607951050e+02 1.607638465621989354e+01 2.162757318967381602e-04
1.723157035842787081e+02 1.621537130610880695e+01 3.932286034486148860e-05
1.726682526887005622e+02 1.642708558620553916e+01 1.966143017243074430e-05
1.725194943080159646e+02 1.618424726214584908e+01 3.932286034486148860e-05
1.716844930300229919e+02 1.540270541279172711e+01 3.932286034486148860e-05
1.713110045024675117e+02 1.495340241049133923e+01 0.000000000000000000e+00
1.711221761270914783e+02 1.481357031910501121e+01 0.000000000000000000e+00
1.711661390849570523e+02 1.456766481193842111e+01 1.572914413794459544e-04
1.712530622677493568e+02 1.494431882975167625e+01 0.000000000000000000e+00
1.713368789445744369e+02 1.514787361632685148e+01 0.000000000000000000e+00
1.717588918817954777e+02 1.552466526415131476e+01 9.830715086215370796e-05
1.719476612728809926e+02 1.568864159178938600e+01 3.932286034486148860e-05
1.719760523780499852e+02 1.574794046518943702e+01 5.898429051729222613e-05
1.718633333988714469e+02 1.559076699239102659e+01 1.179685810345844523e-04
1.715992803916556966e+02 1.536538801832445245e+01 1.966143017243074159e-04
1.713715223845382525e+02 1.515206150095357884e+01 2.359371620691689045e-04
1.713362104559485601e+02 1.506720276832936811e+01 6.095043353453530191e-04
1.712891016692554160e+02 1.505233872711901100e+01 3.932286034486148318e-04
1.713553017046459956e+02 1.508415092113800426e+01 4.915357543107685533e-04
1.713372131888873469e+02 1.530901869802009330e+01 1.179685810345844523e-04
1.715517980377892684e+02 1.542045968423743219e+01 1.966143017243074159e-04
1.716334716187255367e+02 1.556017380704272490e+01 1.376300112070152101e-04
1.714827667564538558e+02 1.557415308389532171e+01 1.376300112070152101e-04
1.710955938734983590e+02 1.507608973476730618e+01 5.898429051729222613e-05
1.707079491162187139e+02 1.485576374825504864e+01 2.752600224140304202e-04
1.706104087611332716e+02 1.482420715282829704e+01 0.000000000000000000e+00
1.706358113289160769e+02 1.479076306010499131e+01 1.769528715518766716e-04
1.704637344920469388e+02 1.488617998073179827e+01 0.000000000000000000e+00
1.705049841725487170e+02 1.498497866734826367e+01 9.830715086215370796e-05
1.708217494740567304e+02 1.551046971156682019e+01 9.830715086215370796e-05
1.708761329899136854e+02 1.554171172411081159e+01 1.179685810345844523e-04
1.708297713375670810e+02 1.546721456518747218e+01 7.864572068972297721e-05
1.707406067517351289e+02 1.535398438882444339e+01 1.179685810345844523e-04
1.706391537720453755e+02 1.531019838383043918e+01 7.864572068972297721e-05
1.705920253239220585e+02 1.563748255048072267e+01 5.898429051729222613e-05
1.704100391262460334e+02 1.580747527575155864e+01 1.179685810345844523e-04
1.707551365486325494e+02 1.594591140559564302e+01 9.830715086215370796e-05
1.708763099427852410e+02 1.607583413617506451e+01 9.830715086215370796e-05
1.710499203712078042e+02 1.673287980967735677e+01 2.162757318967381602e-04
1.711205442283871605e+02 1.684046715558089602e+01 9.830715086215370796e-05
1.712658225359312496e+02 1.689023023534731749e+01 3.932286034486148860e-05
1.709882424647568939e+02 1.660732191659621293e+01 9.830715086215370796e-05
1.705505397062582347e+02 1.593332809028528807e+01 5.898429051729222613e-05
1.702887477635123048e+02 1.571158648080061404e+01 1.179685810345844523e-04
1.700358427872043308e+02 1.567558640215489341e+01 1.966143017243074430e-05
1.700218831717819228e+02 1.575995359902479365e+01 1.769528715518766716e-04
1.701103989304181994e+02 1.591474803877233946e+01 2.555985922415996759e-04
1.702839307131200712e+02 1.677611529462653195e+01 3.342443129313225989e-04
1.703554589960873784e+02 1.716246239751479408e+01 1.769528715518766716e-04
1.704829633707555843e+02 1.750978156151078480e+01 3.932286034486148860e-05
1.705098798686616419e+02 1.752116552958062101e+01 3.932286034486148860e-05
1.702660977959536694e+02 1.747616051591592878e+01 0.000000000000000000e+00
1.704491850337193455e+02 1.781154519179725071e+01 5.898429051729222613e-05
1.704612178289848714e+02 1.779534417333516672e+01 2.359371620691689045e-04
1.704825504807219545e+02 1.771300210377302875e+01 8.847643577593834394e-04
1.702965336898606097e+02 1.773673344999115287e+01 7.078114862075066864e-04
1.701996814848312169e+02 1.778456970960067807e+01 2.162757318967381602e-04
1.701697764495389436e+02 1.792070545211458565e+01 1.769528715518766716e-04
1.703716206916891167e+02 1.815652464560272250e+01 4.522128939659070647e-04
1.704037278071606920e+02 1.834067360059770735e+01 1.769528715518766716e-04
1.706162875287548388e+02 1.833723285031753036e+01 1.376300112070152101e-04
1.705266117457383928e+02 1.779320107744637269e+01 2.949214525864611645e-04
1.700488979768388447e+02 1.727014805056919755e+01 3.145828827588919088e-04
1.697933780303179390e+02 1.690059180904819058e+01 2.162757318967381602e-04
1.686197479404652029e+02 1.675134189260926831e+01 2.949214525864611645e-04
1.686445606653427944e+02 1.720178525785965817e+01 3.539057431037533432e-04
1.692151550303769056e+02 1.802872534948192040e+01 2.949214525864611645e-04
1.697783763590963702e+02 1.939140009044258051e+01 1.828513006036059166e-03
1.699419004738404624e+02 2.042682998761329927e+01 1.160024380173413751e-03
1.701246927901535457e+02 2.157177405084445709e+01 1.022394368966398704e-03
1.704144236251744928e+02 2.192111834214820831e+01 2.064450168105227881e-03
1.705252354456263220e+02 2.233216020133304625e+01 1.101040089656121681e-03
1.710373370558974386e+02 2.261298440848587177e+01 6.488271956902145077e-04
1.719698000432551339e+02 2.342498181317709083e+01 2.123434458622520168e-03
1.723783449008080879e+02 2.367334499911523693e+01 2.143095888794951075e-03
1.733528833487347924e+02 2.358003185151687831e+01 2.949214525864611645e-04
1.729876919447120542e+02 2.342665303474174721e+01 3.244135978451072322e-03
1.725295412988340900e+02 2.294801517862409312e+01 2.575647352588427124e-03
1.720707221643302205e+02 2.287047049802402654e+01 1.592575843966890234e-03
1.723621635437761768e+02 2.268089498830144990e+01 3.401427419830518276e-03
1.722608285326674604e+02 2.218564322368809272e+01 2.300387330174397029e-03
1.716596606437152275e+02 2.175261988557047488e+01 1.022394368966398704e-03
1.705619236743280567e+02 2.002074280883191548e+01 3.735671732761840875e-04
1.693900827746210211e+02 1.818782564243723243e+01 1.572914413794459544e-04
1.691691866066337582e+02 1.779801812783862047e+01 9.830715086215370796e-05
1.695339847820530395e+02 1.811818485676648294e+01 3.735671732761840875e-04
1.696451898311083255e+02 1.850612453549871361e+01 3.145828827588919088e-04
1.696130040699160588e+02 1.881885924382139663e+01 2.162757318967381602e-04
1.696804034525471252e+02 1.922742376280450571e+01 2.162757318967381602e-04
1.695935785769056849e+02 1.948632547531507342e+01 1.376300112070152101e-04
1.696232280136057113e+02 1.972780716069286910e+01 7.864572068972297721e-05
1.697303434851851023e+02 1.978165981793515726e+01 3.932286034486148318e-04
1.695993000530858694e+02 1.968321503706179598e+01 1.219008670690706038e-03
1.697673659581998038e+02 1.959279211969878531e+01 8.651029275869526408e-04
1.700891842472621533e+02 1.951043038870647450e+01 2.555985922415996651e-03
1.698824639704291997e+02 1.952932502310218155e+01 3.755333162934271999e-03
1.699741845421835933e+02 1.942234718153398632e+01 9.437486482766756181e-04
1.701911484241363723e+02 1.916763335365014598e+01 1.081378659483690774e-03
1.703036904504433551e+02 1.904421855645779615e+01 1.002732938793967797e-03
1.704874068539745622e+02 1.919010636833723282e+01 1.769528715518766716e-04
1.707630011207015173e+02 1.878042114783429284e+01 2.398694481036550696e-03
1.701961424274001615e+02 1.791748097756630642e+01 3.539057431037533432e-04
1.691478932777570208e+02 1.670761487190578265e+01 2.162757318967381602e-04
1.688643754546705793e+02 1.632757908810286906e+01 3.932286034486148318e-04
1.686916301291755929e+02 1.591321444721889122e+01 2.949214525864611645e-04
1.687145356953264752e+02 1.594549851556202213e+01 5.111971844831993518e-04
1.687599142761644373e+02 1.640101452979689611e+01 3.342443129313225989e-04
1.687192544385678730e+02 1.637480584337704670e+01 2.162757318967381602e-04
1.687649672637187734e+02 1.666390751263246983e+01 2.162757318967381602e-04
1.687972906549222500e+02 1.666278681111263893e+01 4.718743241383378090e-04
1.684771632488547084e+02 1.655551404809185811e+01 2.162757318967381602e-04
1.681719981911484183e+02 1.633145238984683800e+01 9.830715086215370796e-05
1.682993059515149241e+02 1.617390534987514883e+01 1.179685810345844523e-04
1.684819409763866247e+02 1.614256503018029676e+01 2.949214525864611645e-04
1.691988163819036117e+02 1.630805528794164516e+01 0.000000000000000000e+00
1.694968443404573293e+02 1.629401702679852804e+01 1.966143017243074430e-05
1.694087611332848269e+02 1.637211222744342365e+01 2.752600224140304202e-04
1.693283065610192466e+02 1.640944928334086939e+01 1.572914413794459544e-04
1.692143095888795017e+02 1.648888146123749010e+01 1.179685810345844523e-04
1.690481311810621037e+02 1.635131043432099318e+01 2.162757318967381602e-04
1.690893808615638818e+02 1.621763237057863449e+01 5.111971844831993518e-04
1.684319026365977834e+02 1.536100351939600017e+01 7.078114862075066864e-04
1.681778179744794670e+02 1.493020192288787129e+01 1.454945832759874970e-03
1.679539922533965068e+02 1.477011855842394006e+01 5.505200448280608404e-04
1.679427655767680676e+02 1.481414050058001131e+01 3.735671732761840875e-04
1.679954778710603307e+02 1.512457482157252109e+01 5.701814750004915305e-04
1.679284127327421743e+02 1.533090186980200897e+01 4.325514637934763204e-04
1.684954287174849128e+02 1.580794715007569629e+01 4.325514637934763204e-04
1.689970704469043028e+02 1.610043058532077609e+01 3.932286034486148318e-04
1.692425040797467659e+02 1.633400837576925468e+01 4.522128939659070647e-04
1.690545211458681365e+02 1.629281767955800930e+01 5.898429051729223290e-04
1.688856294606869710e+02 1.616204950748117497e+01 4.718743241383378090e-04
1.685367570437073539e+02 1.579003558718861200e+01 4.522128939659070647e-04
1.687253691433514859e+02 1.570140185997129478e+01 4.718743241383378090e-04
1.686905880733764604e+02 1.610524763571302032e+01 4.128900336210455761e-04
1.689381844635378798e+02 1.625406500068815063e+01 3.145828827588919088e-04
1.689535597019327327e+02 1.644653074064607523e+01 4.325514637934763204e-04
1.688373213267533117e+02 1.622803326713985328e+01 2.555985922415996759e-04
1.689954778710603307e+02 1.669231827923163181e+01 2.949214525864611645e-04
1.692041839523406850e+02 1.687137492381195969e+01 4.915357543107685533e-04
1.691079805745069962e+02 1.636302864670376067e+01 2.359371620691689045e-04
1.688404278327205645e+02 1.585067143784038812e+01 4.915357543107685533e-04
1.686784373095298974e+02 1.563368789445744333e+01 1.966143017243074159e-04
1.684821375906883532e+02 1.567778848233420419e+01 2.555985922415996759e-04
1.685369143351487367e+02 1.575944240184031031e+01 1.966143017243074159e-04
1.688252885314877858e+02 1.594624564990857429e+01 2.162757318967381602e-04
1.693504649928235892e+02 1.631938027172096639e+01 2.359371620691689045e-04
1.696723815890367746e+02 1.666027014805056794e+01 7.864572068972297721e-05
1.695367570437073539e+02 1.667769017518334351e+01 1.376300112070152101e-04
1.691421128172863177e+02 1.649863353060301563e+01 1.376300112070152101e-04
1.687343544169402776e+02 1.633691826743477193e+01 1.179685810345844523e-04
1.692023947621950128e+02 1.643752580562710008e+01 1.277992961207998325e-03
1.694487131593952256e+02 1.653325730913666547e+01 9.830715086215371067e-04
1.697020113643066281e+02 1.672273451170838143e+01 9.240872181042449280e-04
1.698778042114783489e+02 1.697052751617152566e+01 5.898429051729223290e-04
1.700313206582646899e+02 1.708733607282593780e+01 5.505200448280608404e-04
1.700430192092172774e+02 1.719047993551050979e+01 1.848174436208489856e-03
1.699326792630895966e+02 1.730770138219854104e+01 1.219008670690706038e-03
1.701045594856569778e+02 1.725559859224160064e+01 6.291657655177838177e-04
1.700305145396276032e+02 1.705595643027073649e+01 1.376300112070152101e-04
1.689208627435559720e+02 1.605790291185780916e+01 9.830715086215370796e-05
1.683572481862330790e+02 1.539816362242189562e+01 1.769528715518766716e-04
1.677700792355635997e+02 1.512760268181907541e+01 2.752600224140304202e-04
1.681702286624329190e+02 1.531766972729596432e+01 3.932286034486148860e-05
1.691969485460372482e+02 1.577198639429032134e+01 7.864572068972297721e-05
1.695669373390220471e+02 1.631497611136234127e+01 8.454414974145219508e-04
1.697327815025265068e+02 1.667519317355144537e+01 8.257800672420911522e-04
1.698558423939757347e+02 1.688018324452920638e+01 2.555985922415996759e-04
1.699103242169835539e+02 1.684304280293348555e+01 1.769528715518766716e-04
1.698213562454533019e+02 1.662753386681347223e+01 1.769528715518766716e-04
1.693786004994003349e+02 1.642826527201588505e+01 1.376300112070152101e-04
1.691335011108708102e+02 1.624110811820451872e+01 1.376300112070152101e-04
1.689641375513654964e+02 1.587605434419299577e+01 2.162757318967381602e-04
1.687255854190833873e+02 1.578278051945498461e+01 2.162757318967381602e-04
1.685929100882798082e+02 1.589325809559387359e+01 1.376300112070152101e-04
1.690980318908397351e+02 1.655482589803582272e+01 2.162757318967381602e-04
1.696236998879298596e+02 1.677914315487308627e+01 1.572914413794459544e-04
1.697365564971196079e+02 1.689892058748353421e+01 1.376300112070152101e-04
1.697691158254851587e+02 1.694410255401977849e+01 0.000000000000000000e+00
1.694207939285503528e+02 1.665336898606004468e+01 1.572914413794459544e-04
1.689069621124240541e+02 1.593553017046459885e+01 3.145828827588919088e-04
1.685792060714496472e+02 1.559548573563241014e+01 4.718743241383378090e-04
1.685623955486522050e+02 1.544831993079176513e+01 2.359371620691689045e-04
1.684727001042055861e+02 1.545270442972021741e+01 6.095043353453530191e-04
1.685485932246711513e+02 1.548736753111421294e+01 1.966143017243074159e-04
1.688385403354239997e+02 1.566894083875661181e+01 8.257800672420911522e-04
1.690891645858319805e+02 1.603122235111381855e+01 7.667957767247989736e-04
1.694517410196417586e+02 1.654226224415564062e+01 3.539057431037533432e-04
1.697100332278169788e+02 1.660647647509879832e+01 7.274729163799374849e-04
1.695022512337547482e+02 1.614950551503116216e+01 5.701814750004915305e-04
1.693632449224356549e+02 1.601388096970173436e+01 3.539057431037533432e-04
1.691340909537759671e+02 1.596500265429307319e+01 1.572914413794459544e-04
1.689473466899982270e+02 1.591050116985509533e+01 1.572914413794459544e-04
1.689695837675232610e+02 1.592096105070682910e+01 3.932286034486148860e-05
1.689851949430801596e+02 1.599339375946206410e+01 3.932286034486148318e-04
1.691768349029708531e+02 1.610503135998112612e+01 3.342443129313225989e-04
1.692929356481390357e+02 1.619506104874068697e+01 2.359371620691689045e-04
1.694621025933426495e+02 1.643947228721417275e+01 2.752600224140304202e-04
1.698400149426869348e+02 1.673230962820235490e+01 1.179685810345844523e-04
1.695227187825642545e+02 1.586146556300505317e+01 3.342443129313225989e-04
1.691291362733725236e+02 1.544352254182969197e+01 3.539057431037533432e-04
1.691060734157802585e+02 1.534704390397357443e+01 1.769528715518766716e-04
1.694629676962702263e+02 1.547739918601679143e+01 2.752600224140304202e-04
1.699501189516525415e+02 1.558799473073671393e+01 4.128900336210455761e-04
1.697546843357385740e+02 1.579668115058689359e+01 3.735671732761840875e-04
1.691781325573622325e+02 1.590348203928353676e+01 9.634100784491064166e-04
1.688305971176343405e+02 1.587257427105247665e+01 1.572914413794459544e-04
1.685197302451780388e+02 1.577908417058256774e+01 9.830715086215370796e-05
1.682927193724071628e+02 1.563390417018933931e+01 1.966143017243074430e-05
1.683101000766795892e+02 1.551760681071941228e+01 1.966143017243074430e-05
1.684756886415918018e+02 1.593708342344822171e+01 1.966143017243074430e-05
1.693529619944554838e+02 1.609345077760956499e+01 6.684886258626451978e-04
1.695358722793496042e+02 1.629041898507697539e+01 4.325514637934763204e-04
1.698296730304162452e+02 1.653105522895735291e+01 4.128900336210455761e-04
1.698554884882326235e+02 1.663512317886003089e+01 3.145828827588919088e-04
1.697755254517213643e+02 1.686390358034643455e+01 8.257800672420911522e-04
1.700231218418827837e+02 1.672230196024458948e+01 3.145828827588919088e-04
1.701753799571380910e+02 1.664554373685141897e+01 3.145828827588919088e-04
1.695690214506203120e+02 1.605658559603625690e+01 4.915357543107685533e-04
1.693292896325278605e+02 1.557421206818584025e+01 5.898429051729223290e-04
1.694250801203279480e+02 1.542506045889778044e+01 1.769528715518766716e-04
1.691368632154302816e+02 1.511525530367078929e+01 2.555985922415996759e-04
1.690535970586500412e+02 1.520133304496569160e+01 5.898429051729222613e-05
1.691550500383397946e+02 1.570952203063250785e+01 2.359371620691689045e-04
1.693486758026778887e+02 1.606759599693281615e+01 2.555985922415996759e-04
1.698165785179213856e+02 1.641694028823656737e+01 3.342443129313225989e-04
1.699591238866715059e+02 1.648292404789524213e+01 1.966143017243074159e-04
1.699039539136076655e+02 1.629757574565973854e+01 2.752600224140304202e-04
1.698054698098739834e+02 1.616295393326910457e+01 3.342443129313225989e-04
1.697246416704351191e+02 1.599062149780774966e+01 4.915357543107685533e-04
1.703829653368985930e+02 1.595464108059220187e+01 5.898429051729223290e-04
1.712338137276105385e+02 1.580088869664379381e+01 3.145828827588919088e-04
1.716457206897229639e+02 1.556153044572462285e+01 1.572914413794459544e-04
1.708360629952222780e+02 1.526655000884764313e+01 2.752600224140304202e-04
1.699809677355930830e+02 1.482338137276105527e+01 1.769528715518766716e-04
1.698435146772576161e+02 1.463474961168675392e+01 1.376300112070152101e-04
1.695654234088987664e+02 1.383478500226106434e+01 2.752600224140304202e-04
1.690867069070604316e+02 1.326112345412005311e+01 1.179685810345844523e-04
1.684206169756787972e+02 1.274147185466270749e+01 1.572914413794459544e-04
1.675808379701539366e+02 1.246416704351074500e+01 1.966143017243074430e-05
1.675600165156013475e+02 1.253113387467804429e+01 3.539057431037533432e-04
1.683318456184502736e+02 1.279990562513517283e+01 5.898429051729222613e-05
1.687423762804506282e+02 1.308584180413283349e+01 1.376300112070152101e-04
1.691164349894811210e+02 1.382870962033778284e+01 1.966143017243074159e-04
1.692206798922553617e+02 1.408210613240007092e+01 2.555985922415996759e-04
1.691140166335699178e+02 1.418092448044670739e+01 5.898429051729222613e-05
1.689072373724464740e+02 1.426723815890367852e+01 2.555985922415996759e-04
1.690568215331983311e+02 1.413110241638976738e+01 1.769528715518766716e-04
1.690363539843888248e+02 1.411039893041819937e+01 2.162757318967381602e-04
1.690534004443483127e+02 1.434562828100115972e+01 1.769528715518766716e-04
1.691284481233165025e+02 1.437567094630463416e+01 2.949214525864611645e-04
1.692037514008769108e+02 1.436587955407876294e+01 9.830715086215371067e-04
1.687961109691118793e+02 1.421605945616484057e+01 1.179685810345844523e-04
1.688471323804093629e+02 1.461025146969190480e+01 3.735671732761840875e-04
1.690811230608914570e+02 1.481518255637915082e+01 9.830715086215370796e-05
1.692217809323450126e+02 1.478173846365584687e+01 9.830715086215370796e-05
1.690101452979689611e+02 1.454534908869271170e+01 3.932286034486148860e-05
1.686486895656790068e+02 1.442181632291932836e+01 1.376300112070152101e-04
1.683061481292149324e+02 1.467253888047816623e+01 1.376300112070152101e-04
1.684442893376064205e+02 1.511682821808458321e+01 9.830715086215370796e-05
1.687401742002713263e+02 1.571030848783940570e+01 1.572914413794459544e-04
1.690160830498810469e+02 1.591734334755510183e+01 4.522128939659070647e-04
1.691960834431096430e+02 1.618971313973378301e+01 4.325514637934763204e-04
1.692272861327932958e+02 1.665761585497729058e+01 2.752600224140304202e-04
1.693532569159080765e+02 1.653412241206425293e+01 4.128900336210455761e-04
1.692366056506950258e+02 1.644987318377538799e+01 3.539057431037533432e-04
1.692639547000648861e+02 1.606460745954660752e+01 3.539057431037533432e-04
1.694903167456400865e+02 1.612164526847682922e+01 2.162757318967381602e-04
1.700303179253258747e+02 1.629484280686576980e+01 2.752600224140304202e-04
1.700267002221741564e+02 1.640231218418827908e+01 6.684886258626451978e-04
1.696758223393169658e+02 1.641674367393484246e+01 3.735671732761840875e-04
1.692575647352588533e+02 1.671811407561786211e+01 1.120701519828552371e-03
1.695079923713651056e+02 1.670486227168164106e+01 9.240872181042449280e-04
1.697039578458937115e+02 1.683502093942313493e+01 5.308586146556300419e-04
1.696957786909419781e+02 1.644765144216590258e+01 5.898429051729223290e-04
1.692530426063191840e+02 1.630323823754940094e+01 7.274729163799374849e-04
1.694119659464029439e+02 1.622980279585537033e+01 6.095043353453530191e-04
1.696544503647195370e+02 1.602184384892156999e+01 3.735671732761840875e-04
1.698477418847446927e+02 1.618245807200015562e+01 3.932286034486148860e-05
1.707573189673816785e+02 1.667916478244627498e+01 6.291657655177838177e-04
1.708493737834490105e+02 1.705471776016987562e+01 5.308586146556300419e-04
1.709136076758223339e+02 1.715619040128979123e+01 7.471343465523681750e-04
1.707375985529187403e+02 1.695005996736202647e+01 2.752600224140304202e-04
1.705311338746780336e+02 1.685275554943866538e+01 5.898429051729223290e-04
1.699469534613947701e+02 1.643453726824089145e+01 8.651029275869526408e-04
1.699124869743025101e+02 1.628253475157783114e+01 8.061186370696604622e-04
1.700330705255500163e+02 1.630150803169422602e+01 5.505200448280608404e-04
1.702048524409665617e+02 1.636920233577790285e+01 7.274729163799374849e-04
1.700659051139379869e+02 1.641670435107449677e+01 6.095043353453530191e-04
1.699598906824482469e+02 1.659373586834706416e+01 4.325514637934763204e-04
1.699066278681111157e+02 1.638265075401584880e+01 6.291657655177838177e-04
1.699935313894732758e+02 1.646255480623660716e+01 6.291657655177838177e-04
1.700630935294233268e+02 1.649124083285818188e+01 5.111971844831993518e-04
1.696174475531350083e+02 1.611132301763630181e+01 5.308586146556300419e-04
1.692969662413243839e+02 1.571288413519199345e+01 4.522128939659070647e-04
1.690720788030121184e+02 1.554924205186685349e+01 3.539057431037533432e-04
1.691208981341302717e+02 1.556752718192721296e+01 3.342443129313225989e-04
1.691860561137217189e+02 1.562177306777294916e+01 6.095043353453530191e-04
1.693887064745089504e+02 1.578167947936532833e+01 6.881500560350759963e-04
1.696209079648453724e+02 1.618422760071567623e+01 6.291657655177838177e-04
1.697198246200428571e+02 1.635115314287961397e+01 5.898429051729222613e-05
1.698568844497748671e+02 1.644564597628831493e+01 6.095043353453530191e-04
1.699673030416232393e+02 1.638809697017360989e+01 3.539057431037533432e-04
1.697492577810109822e+02 1.591209374569906210e+01 6.881500560350759963e-04
1.694718350012779808e+02 1.580045614518000008e+01 7.864572068972297721e-05
1.694682369595564353e+02 1.582151353689467399e+01 2.555985922415996759e-04
1.696986885826075024e+02 1.591710741039303123e+01 1.376300112070152101e-04
1.694871709168124880e+02 1.593096871866459630e+01 4.128900336210455761e-04
1.694881146654607562e+02 1.603218576119227023e+01 1.572914413794459544e-04
1.696592870765419434e+02 1.610280961837164071e+01 3.539057431037533432e-04
1.698283360531645201e+02 1.610119738109749932e+01 3.145828827588919088e-04
1.697572599830911599e+02 1.582367629421364086e+01 2.949214525864611645e-04
1.691461630719018387e+02 1.546707693517626403e+01 4.128900336210455761e-04
1.689813216413361943e+02 1.516100745168203545e+01 3.342443129313225989e-04
1.691486010892432432e+02 1.507888165785179169e+01 2.359371620691689045e-04
1.691914826684493107e+02 1.513224277933976936e+01 1.376300112070152101e-04
1.693332219185623444e+02 1.523884705373468940e+01 1.179685810345844523e-04
1.694980830105581902e+02 1.540864316470380047e+01 1.572914413794459544e-04
1.695520732978116882e+02 1.562977526985312871e+01 4.128900336210455761e-04
1.696849845657773130e+02 1.562114390200743230e+01 2.162757318967381602e-04
1.695627887772556619e+02 1.556003617703151676e+01 5.308586146556300419e-04
1.693203043589390688e+02 1.533339887143390889e+01 2.752600224140304202e-04
1.691882975167613665e+02 1.527274335935195992e+01 2.949214525864611645e-04
1.691984428147303561e+02 1.525766304240970506e+01 7.864572068972297721e-05
1.693676884056546328e+02 1.531385540984251215e+01 3.145828827588919088e-04
1.693214447218890655e+02 1.537337055897445914e+01 5.111971844831993518e-04
1.691985804447415376e+02 1.544257879318141669e+01 3.342443129313225989e-04
1.693930319891468912e+02 1.564037278071606885e+01 1.966143017243074159e-04
1.694419103045555630e+02 1.571339533237647679e+01 2.949214525864611645e-04
1.697766658146713610e+02 1.584019189555848328e+01 6.095043353453530191e-04
1.691814946619217039e+02 1.558895814081516207e+01 5.111971844831993518e-04
1.691824973948604907e+02 1.522887870863726612e+01 7.471343465523681750e-04
1.691115196319380232e+02 1.514834549065098912e+01 7.078114862075066864e-04
1.691853089793751508e+02 1.523894536088555007e+01 5.505200448280608404e-04
1.692868209433554227e+02 1.530341519042095122e+01 2.949214525864611645e-04
1.694593303316883350e+02 1.543544169402882282e+01 3.145828827588919088e-04
1.697430447690765050e+02 1.583097068480761216e+01 3.342443129313225989e-04
1.695772595898625639e+02 1.589441811997404663e+01 2.555985922415996759e-04
1.697781404219342960e+02 1.599960677139655196e+01 3.342443129313225989e-04
1.697707870470497937e+02 1.579310277029551202e+01 7.864572068972297721e-05
1.698556851025343519e+02 1.571492892392992680e+01 1.966143017243074159e-04
1.698570417412162499e+02 1.574212068185839897e+01 1.769528715518766716e-04
1.698478795147559026e+02 1.574369359627219289e+01 2.752600224140304202e-04
1.697953441733351667e+02 1.575790881028686030e+01 2.162757318967381602e-04
1.698289848803601956e+02 1.580670847997483364e+01 1.966143017243074159e-04
1.698185446609386418e+02 1.580757358290242109e+01 2.752600224140304202e-04
1.697607597176618697e+02 1.583275987495330384e+01 1.966143017243074159e-04
1.700056821533198388e+02 1.576311908928255434e+01 2.555985922415996759e-04
1.694711271897917868e+02 1.539092821611844109e+01 5.111971844831993518e-04
1.692741196594640201e+02 1.500692082342069611e+01 5.505200448280608404e-04
1.690691295884862768e+02 1.480965769450069836e+01 3.539057431037533432e-04
1.691599850573130652e+02 1.472823971215666283e+01 1.966143017243074159e-04
1.691936847486286126e+02 1.462666876388588477e+01 1.376300112070152101e-04
1.693633825524468648e+02 1.471402449814199542e+01 1.179685810345844523e-04
1.694448595190814046e+02 1.489642358585163429e+01 4.718743241383378090e-04
1.696439118381471189e+02 1.529722183991663620e+01 1.769528715518766716e-04
1.696610762666876440e+02 1.534075224631839696e+01 3.735671732761840875e-04
1.694779890289219679e+02 1.525046695896659443e+01 6.488271956902145077e-04
1.694473171978529820e+02 1.516840014942686921e+01 2.949214525864611645e-04
1.695204970409547514e+02 1.514535695326478049e+01 2.555985922415996759e-04
1.694732309628202245e+02 1.521195021725880281e+01 1.081378659483690774e-03
1.694411435087788220e+02 1.529610113839680707e+01 2.949214525864611645e-04
1.694948192131495546e+02 1.538310296690981360e+01 5.898429051729222613e-05
1.694715597412555894e+02 1.544279506891331266e+01 4.915357543107685533e-04
1.696740724720316109e+02 1.554538841155305562e+01 4.522128939659070647e-04
1.697129234580523303e+02 1.554739387743064505e+01 3.145828827588919088e-04
1.695601148227522117e+02 1.537917068087532613e+01 7.864572068972297721e-05
1.690765026248009235e+02 1.496346906273962318e+01 2.555985922415996759e-04
1.688333103949981364e+02 1.468209433554196686e+01 9.830715086215370796e-05
1.687847270010420573e+02 1.428629008474076478e+01 1.376300112070152101e-04
1.688444191030455670e+02 1.429908967578301571e+01 2.555985922415996759e-04
1.689910343878413812e+02 1.453288374196339028e+01 3.145828827588919088e-04
1.689646094256896163e+02 1.468061972827903539e+01 1.966143017243074159e-04
1.690585124161931674e+02 1.478712569552309297e+01 2.949214525864611645e-04
1.689950846424569022e+02 1.477059043274807770e+01 3.342443129313225989e-04
1.688062562670808688e+02 1.471447671103596022e+01 3.145828827588919088e-04
1.688467981360964245e+02 1.462071135054363857e+01 2.555985922415996759e-04
1.688130787833507043e+02 1.453840860384184275e+01 3.932286034486148860e-05
1.687719667328601361e+02 1.446845323528833482e+01 1.966143017243074430e-05
1.687245237018540820e+02 1.450954562434871598e+01 2.949214525864611645e-04
1.686027997876565507e+02 1.457232457088928612e+01 5.308586146556300419e-04
1.687100725506773244e+02 1.460234757476258771e+01 3.735671732761840875e-04
1.688466998289455603e+02 1.463663710898330805e+01 9.830715086215370796e-05
1.687119797094040621e+02 1.467391518059023525e+01 1.769528715518766716e-04
1.687048819331118068e+02 1.468524016436955648e+01 1.179685810345844523e-04
1.687956980790782779e+02 1.460946501248500873e+01 1.966143017243074159e-04
1.686675055543540225e+02 1.432832622244942122e+01 2.162757318967381602e-04
1.684028627042331152e+02 1.382344035705157204e+01 1.179685810345844523e-04
1.683664104126934262e+02 1.371752423271268739e+01 2.359371620691689045e-04
1.682627946756847166e+02 1.356208096576945010e+01 8.257800672420911522e-04
1.682299207644364003e+02 1.362061304339277612e+01 3.342443129313225989e-04
1.685465091130728865e+02 1.371797644560665397e+01 5.308586146556300419e-04
1.686110969111893212e+02 1.370912880202905981e+01 2.949214525864611645e-04
1.684687284953107564e+02 1.371241226086785581e+01 1.769528715518766716e-04
1.681199150626216579e+02 1.368002988537386244e+01 7.864572068972297721e-05
1.682363500521027788e+02 1.357710229842118643e+01 0.000000000000000000e+00
1.682161577633156924e+02 1.349139812429956109e+01 9.830715086215370796e-05
1.681542045968423622e+02 1.353677670513753206e+01 1.179685810345844523e-04
1.682902420322054127e+02 1.352637580857631505e+01 7.864572068972297721e-05
1.681422307858673548e+02 1.354906509899530143e+01 1.376300112070152101e-04
1.681505475708302981e+02 1.358728691925050569e+01 3.932286034486148860e-05
1.683110241638976845e+02 1.371420145101354748e+01 3.932286034486148860e-05
1.685792847171703386e+02 1.378476632390240120e+01 1.179685810345844523e-04
1.686432630109514150e+02 1.380942175733862953e+01 2.752600224140304202e-04
1.690193861701500282e+02 1.380480132124810844e+01 2.162757318967381602e-04
1.688133147205127784e+02 1.362324767503588241e+01 1.966143017243074159e-04
1.684263187904288088e+02 1.320154932069758758e+01 1.966143017243074159e-04
1.680304555553370847e+02 1.293708342344822171e+01 1.966143017243074159e-04
1.679457737755844278e+02 1.287375395686282253e+01 3.735671732761840875e-04
1.678496097206110846e+02 1.285334539234383833e+01 3.539057431037533432e-04
1.680022020801793019e+02 1.297243467489825264e+01 7.667957767247989736e-04
1.681988557047639574e+02 1.303973575037848320e+01 8.257800672420911522e-04
1.683995399225339611e+02 1.320447887379327945e+01 8.061186370696604622e-04
1.683955486522089586e+02 1.323817856510882685e+01 1.769528715518766716e-04
1.686104480839936173e+02 1.338626845716757430e+01 2.162757318967381602e-04
1.684580326772969556e+02 1.335250978156151014e+01 2.162757318967381602e-04
1.682374707536226310e+02 1.297504964511118608e+01 1.572914413794459544e-04
1.682081752226656874e+02 1.295973339100686239e+01 3.932286034486148860e-05
1.683874481429779166e+02 1.324401800987003774e+01 3.932286034486148318e-04
1.682598257997286737e+02 1.331493678850199558e+01 7.864572068972297721e-05
1.684169206268063874e+02 1.338736949725723058e+01 2.555985922415996759e-04
1.683027860246554326e+02 1.346127681327539705e+01 2.359371620691689045e-04
1.684157409409960451e+02 1.349375749592025286e+01 2.162757318967381602e-04
1.685735435795599813e+02 1.351536540767975403e+01 3.342443129313225989e-04
1.686170936473918971e+02 1.351851123650734365e+01 1.179685810345844523e-04
1.684956253317866413e+02 1.325434026071056337e+01 3.735671732761840875e-04
1.679990562513517318e+02 1.286152454729556993e+01 2.359371620691689045e-04
1.677621753406342862e+02 1.266504787558247003e+01 9.830715086215370796e-05
1.677845303867403288e+02 1.263909478775486050e+01 1.966143017243074430e-05
1.677379917815221972e+02 1.270362360158077841e+01 3.342443129313225989e-04
1.679871807475275887e+02 1.278747960126619532e+01 3.145828827588919088e-04
1.679727689192111768e+02 1.328589685613731497e+01 1.376300112070152101e-04
1.680706631800397020e+02 1.337164035311928600e+01 1.376300112070152101e-04
1.680911503902793811e+02 1.340300033424431270e+01 1.572914413794459544e-04
1.680369045044336644e+02 1.343691630129175607e+01 1.376300112070152101e-04
1.679765439138042780e+02 1.331100450246750988e+01 1.966143017243074159e-04
1.682554413008002143e+02 1.356166807573582922e+01 1.966143017243074430e-05
1.682503096675252152e+02 1.360350759914276253e+01 7.274729163799374849e-04
1.681748884213837698e+02 1.361917775899018856e+01 2.949214525864611645e-04
1.684497158923340123e+02 1.364029413499537924e+01 5.505200448280608404e-04
1.685137728318357802e+02 1.377017754271445682e+01 6.095043353453530191e-04
1.684633216020133375e+02 1.387880694441713736e+01 4.325514637934763204e-04
1.687455810935687452e+02 1.395477871060341002e+01 2.752600224140304202e-04
1.687520300426652966e+02 1.398407424156033052e+01 2.359371620691689045e-04
1.685269459900513027e+02 1.381032618312656091e+01 3.539057431037533432e-04
1.681090619531664743e+02 1.346562198934350540e+01 2.359371620691689045e-04
1.677992961207998235e+02 1.328780401486404195e+01 4.325514637934763204e-04
1.675349875149918546e+02 1.327299895794420159e+01 2.949214525864611645e-04
1.678053715027231192e+02 1.339861583531586042e+01 1.179685810345844523e-04
1.681222351113819968e+02 1.379445940897740819e+01 4.128900336210455761e-04
1.684899628398969753e+02 1.399815182556379156e+01 3.932286034486148318e-04
1.686414344979453688e+02 1.421845815064587804e+01 3.145828827588919088e-04
1.686303847741884852e+02 1.447692731169265201e+01 1.179685810345844523e-04
1.686215764534712207e+02 1.440885944043569644e+01 1.572914413794459544e-04
1.686035665834332917e+02 1.433914000904425734e+01 1.572914413794459544e-04
1.686670730028902199e+02 1.394125164664477623e+01 3.932286034486148318e-04
1.688045850455162054e+02 1.397587542517842785e+01 2.359371620691689045e-04
1.686380134090953788e+02 1.390061147047836343e+01 0.000000000000000000e+00
1.688963646015611175e+02 1.404697115668193774e+01 7.864572068972297721e-05
1.689299070014352822e+02 1.412093745699062097e+01 2.555985922415996759e-04
1.689063722695188972e+02 1.420054658775879375e+01 5.505200448280608404e-04
1.689425886238965120e+02 1.426226381707005331e+01 3.145828827588919088e-04
1.689939442795068771e+02 1.425192190479935483e+01 2.162757318967381602e-04
1.688787872829869627e+02 1.411531428796130605e+01 9.830715086215370796e-05
1.685176657950099184e+02 1.371884154853423965e+01 1.297654391380429015e-03
1.681727060026346408e+02 1.342726253907709300e+01 6.095043353453530191e-04
1.682829279801812845e+02 1.340622480879259193e+01 8.257800672420911522e-04
1.683182595702011497e+02 1.336440494681583147e+01 2.949214525864611645e-04
1.682960421541062885e+02 1.344916537228917974e+01 1.022394368966398704e-03
1.683843023141503181e+02 1.353634415367373833e+01 7.274729163799374849e-04
1.687148306167790679e+02 1.369841332258508437e+01 9.240872181042449280e-04
1.686634159768781558e+02 1.371892019425492926e+01 3.342443129313225989e-04
1.684429130374943497e+02 1.367615658362989350e+01 3.539057431037533432e-04
1.685087395057116453e+02 1.357303238237549436e+01 3.145828827588919088e-04
1.682929159867088629e+02 1.357387782387290898e+01 3.539057431037533432e-04
1.684501681052279878e+02 1.361101826546862981e+01 2.162757318967381602e-04
1.684491063879986541e+02 1.361115589547983795e+01 3.932286034486148860e-05
1.684041800200546675e+02 1.364257486089538141e+01 1.572914413794459544e-04
1.685988281787617211e+02 1.376363028646703768e+01 3.932286034486148318e-04
1.685509919191522101e+02 1.382589803582312626e+01 3.539057431037533432e-04
1.686177817974479467e+02 1.386480800613436593e+01 6.291657655177838177e-04
1.689566072236094385e+02 1.392937614282062952e+01 2.949214525864611645e-04
1.688182497394860491e+02 1.385493796818780510e+01 3.735671732761840875e-04
1.683176500658657915e+02 1.358620554059102226e+01 3.145828827588919088e-04
1.682043019209217221e+02 1.315847112718979162e+01 5.308586146556300419e-04
1.680798647293604233e+02 1.303090776823106189e+01 4.522128939659070647e-04
1.681673777550579132e+02 1.304199681484831252e+01 8.061186370696604622e-04
1.681824187491397993e+02 1.306189418218281162e+01 3.145828827588919088e-04
1.682134248245217236e+02 1.316458583197341703e+01 2.555985922415996759e-04
1.683747861819468881e+02 1.338479384990464283e+01 1.769528715518766716e-04
1.684933052830262739e+02 1.349110320284697551e+01 1.572914413794459544e-04
1.685068913312754262e+02 1.347671103596075604e+01 2.752600224140304202e-04
1.684294646192564073e+02 1.340396374432276261e+01 3.342443129313225989e-04
1.683941526906667150e+02 1.337370480328739042e+01 6.488271956902145077e-04
1.681895755097225731e+02 1.335738581624427290e+01 6.291657655177838177e-04
1.683539254045339248e+02 1.334749611686754101e+01 9.437486482766756181e-04
1.683339297300485669e+02 1.340748314032362742e+01 6.095043353453530191e-04
1.683859735357149816e+02 1.353013114173925047e+01 3.342443129313225989e-04
1.684941114016633605e+02 1.358848626649102442e+01 5.701814750004915305e-04
1.687257033876644243e+02 1.370376123159198656e+01 4.915357543107685533e-04
1.687474489294351372e+02 1.376439708224376268e+01 3.539057431037533432e-04
1.687369300642928636e+02 1.388728102082145455e+01 3.735671732761840875e-04
1.689126835886042386e+02 1.384471402449814192e+01 4.718743241383378090e-04
1.684512101610271202e+02 1.354053203830046570e+01 3.145828827588919088e-04
1.681138986649888807e+02 1.309103242169835468e+01 4.325514637934763204e-04
1.678937496313481859e+02 1.278592634828257424e+01 9.830715086215370796e-05
1.676434792866833163e+02 1.271522384538251238e+01 1.966143017243074430e-05
1.678997070446904445e+02 1.276471166512652111e+01 1.572914413794459544e-04
1.680920351546371592e+02 1.290035587188612176e+01 1.179685810345844523e-04
1.684397475472365784e+02 1.335304064017616632e+01 1.966143017243074430e-05
1.683625567723796337e+02 1.342333025304260552e+01 3.932286034486148318e-04
1.686864591730402481e+02 1.348292404789524390e+01 2.555985922415996759e-04
1.685267297143194298e+02 1.341694028823656559e+01 2.555985922415996759e-04
1.683584671949037670e+02 1.327584986531920386e+01 1.966143017243074159e-04
1.681291559348026965e+02 1.325534299364935720e+01 5.308586146556300419e-04
1.683232732348951117e+02 1.334098818348046578e+01 1.179685810345844523e-04
1.684139320894201717e+02 1.339379878492361620e+01 1.376300112070152101e-04
1.685404533925797637e+02 1.347519710583747887e+01 3.735671732761840875e-04
1.684518983110831414e+02 1.352961994455476713e+01 1.572914413794459544e-04
1.685716954051237622e+02 1.362423074654450339e+01 1.966143017243074159e-04
1.687599535990247830e+02 1.367678574939541036e+01 1.572914413794459544e-04
1.687731857415308525e+02 1.371642319262303111e+01 3.932286034486148860e-05
1.689233400837576937e+02 1.379400719608344339e+01 3.735671732761840875e-04
1.688011639566662154e+02 1.375934409468944786e+01 4.325514637934763204e-04
1.683665480427046361e+02 1.330968718664595585e+01 1.966143017243074159e-04
1.681452193232535706e+02 1.303507599142761642e+01 5.898429051729222613e-05
1.680408367904681484e+02 1.251640746347889355e+01 1.572914413794459544e-04
1.682634828257407378e+02 1.281217435756276934e+01 1.572914413794459544e-04
1.682905369536580054e+02 1.284518589882227957e+01 9.830715086215370796e-05
1.683854623385305160e+02 1.300173020585517314e+01 9.830715086215370796e-05
1.685256876585202690e+02 1.315510902263030601e+01 1.179685810345844523e-04
1.685026837852185508e+02 1.333676097599339450e+01 5.898429051729222613e-05
1.685850651776410132e+02 1.331936061029079177e+01 1.572914413794459544e-04
1.685075401584711301e+02 1.325756473525884260e+01 0.000000000000000000e+00
1.684494209708814196e+02 1.318509270364326369e+01 4.915357543107685533e-04
1.682256935569493237e+02 1.313098444780873386e+01 3.539057431037533432e-04
1.682392992666286489e+02 1.315400798254064973e+01 1.769528715518766716e-04
1.682822594915554077e+02 1.323172961601226838e+01 2.359371620691689045e-04
1.682452370185407347e+02 1.328918031497611096e+01 1.140362950000983061e-03
1.685437368514185721e+02 1.337224985745463179e+01 1.572914413794459544e-04
1.685407876368927020e+02 1.339692495232103120e+01 5.898429051729222613e-05
1.687852775210868970e+02 1.352458661843062515e+01 1.769528715518766716e-04
1.687562375887222004e+02 1.354125951121684679e+01 2.752600224140304202e-04
1.688118794361101891e+02 1.344885078940642131e+01 5.308586146556300419e-04
1.684228190558581275e+02 1.311521598081044360e+01 1.376300112070152101e-04
1.679466388785120330e+02 1.278067674642653451e+01 1.966143017243074159e-04
1.676886022689290314e+02 1.230640372780715985e+01 3.145828827588919088e-04
1.677839798666955176e+02 1.235972552643479361e+01 1.966143017243074159e-04
1.679621517469180674e+02 1.276469200369634827e+01 5.308586146556300419e-04
1.681831658834863674e+02 1.287719470714299774e+01 1.966143017243074159e-04
1.684361495055150328e+02 1.298303218576119278e+01 3.932286034486148318e-04
1.684754723658599005e+02 1.319887536619413737e+01 9.830715086215370796e-05
1.686111165726194940e+02 1.322769902282692023e+01 0.000000000000000000e+00
1.685410432354849490e+02 1.319964216197086238e+01 7.864572068972297721e-05
1.684434438961090166e+02 1.308078881657851866e+01 3.932286034486148860e-05
1.684441910304555563e+02 1.303896895460175820e+01 1.769528715518766716e-04
1.683687501228839380e+02 1.312799591042252345e+01 2.752600224140304202e-04
1.684332985981400270e+02 1.317872240026739483e+01 1.966143017243074430e-05
1.682353276577338193e+02 1.329907001435284464e+01 9.830715086215370796e-05
1.684356776311908845e+02 1.338990582174947441e+01 1.179685810345844523e-04
1.684169796110969060e+02 1.344975521519435269e+01 4.128900336210455761e-04
1.685926151668272439e+02 1.353398478205304656e+01 2.359371620691689045e-04
1.688502585478067601e+02 1.367049409174023289e+01 1.376300112070152101e-04
1.684445056133383218e+02 1.353888047816598217e+01 1.376300112070152101e-04
1.681459074733096202e+02 1.308780794715007545e+01 2.162757318967381602e-04
1.678764082499361052e+02 1.276648119384203994e+01 2.949214525864611645e-04
1.677984310178722467e+02 1.266133186527988030e+01 4.522128939659070647e-04
1.679872397318180788e+02 1.266091897524625942e+01 4.325514637934763204e-04
1.680878669314406011e+02 1.283612197951278944e+01 3.145828827588919088e-04
1.683479286683313205e+02 1.298193114567153650e+01 1.572914413794459544e-04
1.683708932187727214e+02 1.320463616523465866e+01 3.932286034486148318e-04
1.686697076345333244e+02 1.329059593794852567e+01 4.325514637934763204e-04
1.685017793594305999e+02 1.326006173689074075e+01 3.539057431037533432e-04
1.684028627042331152e+02 1.326802461611057637e+01 4.718743241383378090e-04
1.682399284323941799e+02 1.322005072648984481e+01 1.376300112070152101e-04
1.681266196103104562e+02 1.315792060714496436e+01 2.359371620691689045e-04
1.683377047246416680e+02 1.323294862468295996e+01 4.325514637934763204e-04
1.681765793043786061e+02 1.327160299640195795e+01 3.145828827588919088e-04
1.682121271701303442e+02 1.334918699986237023e+01 2.949214525864611645e-04
1.681270914846346045e+02 1.345325494976504643e+01 3.145828827588919088e-04
1.684316470380055364e+02 1.363870155915141247e+01 2.555985922415996759e-04
1.684940130945124963e+02 1.377125892137394025e+01 2.752600224140304202e-04
1.689278228898370173e+02 1.381984231533001761e+01 3.145828827588919088e-04
1.688277265488291619e+02 1.356131416999272510e+01 3.735671732761840875e-04
1.680961050706828530e+02 1.309917225378974059e+01 6.881500560350759963e-04
1.681559544641277171e+02 1.289223570122490692e+01 1.376300112070152101e-04
1.680080218635103506e+02 1.285800515129470512e+01 1.376300112070152101e-04
1.679291991899490881e+02 1.284654253750417752e+01 2.949214525864611645e-04
1.680124063624388100e+02 1.294308015965081360e+01 3.735671732761840875e-04
1.681760877686242850e+02 1.313124004640097553e+01 1.572914413794459544e-04
1.684887045083659416e+02 1.335608816185289349e+01 7.864572068972297721e-05
1.686701598474272998e+02 1.351998584377027512e+01 1.966143017243074159e-04
1.685839051532608437e+02 1.347030140972454326e+01 2.555985922415996759e-04
1.686262951967126185e+02 1.340443561864690025e+01 5.111971844831993518e-04
1.684153870352529339e+02 1.332714653663907534e+01 1.572914413794459544e-04
1.684275771219598425e+02 1.335543933465720379e+01 3.342443129313225989e-04
1.683292503096675148e+02 1.339338589488999354e+01 2.752600224140304202e-04
1.682394958809303773e+02 1.344468256620986679e+01 3.539057431037533432e-04
1.685740744381746197e+02 1.359464029413499553e+01 4.522128939659070647e-04
1.687986472936041480e+02 1.370513753170405558e+01 2.555985922415996759e-04
1.686222842649574432e+02 1.384595269459900457e+01 5.111971844831993518e-04
1.687750929002575617e+02 1.390334440927233040e+01 2.555985922415996759e-04
1.689488212972611620e+02 1.389565679007490928e+01 7.864572068972297721e-05
1.684630463419909177e+02 1.352562867422976289e+01 2.359371620691689045e-04
1.683206386032520072e+02 1.314494406323115960e+01 1.769528715518766716e-04
1.681299620534397548e+02 1.266642417569454082e+01 2.555985922415996759e-04
1.681618528931794572e+02 1.262423074654450339e+01 2.949214525864611645e-04
1.682925620809657801e+02 1.260492322211517724e+01 2.162757318967381602e-04
1.681844242150174011e+02 1.270757554904543696e+01 1.179685810345844523e-04
1.683801537523839613e+02 1.287119797094040585e+01 3.932286034486148860e-05
1.686228741078626001e+02 1.303668822870175603e+01 0.000000000000000000e+00
1.687303631466152751e+02 1.310963213464147437e+01 3.539057431037533432e-04
1.686201018462082857e+02 1.303601974007589348e+01 4.522128939659070647e-04
1.684205383299581342e+02 1.298849806334912849e+01 6.291657655177838177e-04
1.683194785788718377e+02 1.289705275161715292e+01 3.342443129313225989e-04
1.684221702286624236e+02 1.281935077957570712e+01 2.752600224140304202e-04
1.682531605749002210e+02 1.281532018639035719e+01 2.949214525864611645e-04
1.683260651579795990e+02 1.295035488881461205e+01 1.966143017243074159e-04
1.683922848548003515e+02 1.297677985096635922e+01 7.864572068972297721e-05
1.684661921708185162e+02 1.295112168459133706e+01 1.966143017243074430e-05
1.685398832111047795e+02 1.303228406834313091e+01 1.769528715518766716e-04
1.687031517272566532e+02 1.312089813413027706e+01 2.359371620691689045e-04
1.683952930536167116e+02 1.283112797624899315e+01 2.162757318967381602e-04
1.677808536992980919e+02 1.206167790645091564e+01 1.376300112070152101e-04
1.675415740940996159e+02 1.183179646487485570e+01 9.830715086215370796e-05
1.674058709030494754e+02 1.187141424667230361e+01 2.162757318967381602e-04
1.677451288806747698e+02 1.196034289534220640e+01 3.145828827588919088e-04
1.676160319301625918e+02 1.203401427419830583e+01 5.111971844831993518e-04
1.680765222862310964e+02 1.258142781305912195e+01 3.539057431037533432e-04
1.681670435107449748e+02 1.273368592831442569e+01 1.572914413794459544e-04
1.682324767503588134e+02 1.282420715282829704e+01 2.359371620691689045e-04
1.683323371542045948e+02 1.281948840958691349e+01 6.095043353453530191e-04
1.682139163602760448e+02 1.275749592025323942e+01 1.966143017243074159e-04
1.681238276872259689e+02 1.269255421639370063e+01 4.718743241383378090e-04
1.679635083855999653e+02 1.270012386701008644e+01 2.555985922415996759e-04
1.681194825111578552e+02 1.274998525392737037e+01 0.000000000000000000e+00
1.682106722242975820e+02 1.285108432787400901e+01 7.864572068972297721e-05
1.682482452173571232e+02 1.295985135958789591e+01 0.000000000000000000e+00
1.683193999331511463e+02 1.310147264111991561e+01 1.572914413794459544e-04
1.684796012661961129e+02 1.324531566426141893e+01 2.752600224140304202e-04
1.687443817463282301e+02 1.336236015807789812e+01 1.966143017243074159e-04
1.683025500874933584e+02 1.300953579363362955e+01 3.932286034486148860e-05
1.678577102298421266e+02 1.257340594954876956e+01 9.830715086215370796e-05
1.676965258252885178e+02 1.235713021765203123e+01 9.830715086215370796e-05
1.675287548416271761e+02 1.233711488173649684e+01 6.488271956902145077e-04
1.676373449204695021e+02 1.243147008513399321e+01 5.701814750004915305e-04
1.679595171152749629e+02 1.260051906175655212e+01 5.505200448280608404e-04
1.681486404121035889e+02 1.306159926073022604e+01 2.752600224140304202e-04
1.681812390633294569e+02 1.328300662590196879e+01 1.966143017243074159e-04
1.683555376418080698e+02 1.334560861957098687e+01 1.769528715518766716e-04
1.682941743182398966e+02 1.331135840821061400e+01 2.162757318967381602e-04
1.682518629205088416e+02 1.329246377381490696e+01 1.966143017243074159e-04
1.682116552958062243e+02 1.323876840801399979e+01 2.359371620691689045e-04
1.682536717720847150e+02 1.322535931263640130e+01 9.830715086215370796e-05
1.682721535164467923e+02 1.327931027702955191e+01 4.718743241383378090e-04
1.682492282888657371e+02 1.339460490356068512e+01 7.471343465523681750e-04
1.684876427911366363e+02 1.353618686223235912e+01 2.555985922415996759e-04
1.685226401368435631e+02 1.364585831973417740e+01 2.752600224140304202e-04
1.687187629028135518e+02 1.376233263207565649e+01 1.179685810345844523e-04
1.689050156308369992e+02 1.384813511334814429e+01 2.555985922415996759e-04
1.686974695739368144e+02 1.363378620160830579e+01 2.555985922415996759e-04
1.681714869939639527e+02 1.315927724582686231e+01 5.111971844831993518e-04
1.676926525235445524e+02 1.256548239318928140e+01 3.342443129313225989e-04
1.677191757928471816e+02 1.254098425119443228e+01 2.752600224140304202e-04
1.679215705550421660e+02 1.254983189477202643e+01 5.111971844831993518e-04
1.678830341519042122e+02 1.300644894909655669e+01 3.342443129313225989e-04
1.682217022866243212e+02 1.323385305047089133e+01 2.162757318967381602e-04
1.684045732486580960e+02 1.344755313501504013e+01 6.488271956902145077e-04
1.683485185112365059e+02 1.362171408348243240e+01 1.769528715518766716e-04
1.684889601069581886e+02 1.362879219834450772e+01 2.555985922415996759e-04
1.683983798981537916e+02 1.353457462495821950e+01 2.359371620691689045e-04
1.684422248874383001e+02 1.349554668606594454e+01 2.555985922415996759e-04
1.682080965769449961e+02 1.352798804585045467e+01 3.539057431037533432e-04
1.682899471107528484e+02 1.351573897485303100e+01 5.898429051729222613e-05
1.683219165962132138e+02 1.355411808654961625e+01 1.572914413794459544e-04
1.683198718074752662e+02 1.364326301095141680e+01 1.966143017243074430e-05
1.683991073710701585e+02 1.379443974754723712e+01 3.932286034486148860e-05
1.685232889640392386e+02 1.392695778690941921e+01 1.376300112070152101e-04
1.687420027132773725e+02 1.396578911149997104e+01 9.830715086215370796e-05
1.686632390240066002e+02 1.378067674642653451e+01 9.830715086215370796e-05
1.681173787381294176e+02 1.330229448890112209e+01 3.932286034486148860e-05
1.678667938105817825e+02 1.299972473997758549e+01 1.179685810345844523e-04
1.679365329034033891e+02 1.295519160063703090e+01 2.555985922415996759e-04
1.679404651894378731e+02 1.294628497276891999e+01 1.966143017243074159e-04
1.679575509722577351e+02 1.306431253809402016e+01 1.966143017243074159e-04
1.679865319203318847e+02 1.317986276321739680e+01 5.898429051729223290e-04
1.682870765419476697e+02 1.346737185662885139e+01 3.932286034486148318e-04
1.682804506399795628e+02 1.348823263404180040e+01 2.555985922415996759e-04
1.683829063526081029e+02 1.354416940288236582e+01 7.078114862075066864e-04
1.683825327854348188e+02 1.345349088692711526e+01 3.539057431037533432e-04
1.681510587680147921e+02 1.334273805076581354e+01 3.342443129313225989e-04
1.682622441556398769e+02 1.336867147716324844e+01 2.949214525864611645e-04
1.681627179961070340e+02 1.338835256876585156e+01 3.932286034486148860e-05
1.683244922435657998e+02 1.347110752836161218e+01 2.752600224140304202e-04
1.683426987279054572e+02 1.361611057588329032e+01 4.718743241383378090e-04
1.684346355753917521e+02 1.362814337114881802e+01 1.572914413794459544e-04
1.684653860521814295e+02 1.376233263207565649e+01 2.359371620691689045e-04
1.685287548416271761e+02 1.382383358565502007e+01 9.830715086215370796e-05
1.684191030455555449e+02 1.361272880989363188e+01 1.966143017243074159e-04
1.678383240596920984e+02 1.322653899844674719e+01 1.769528715518766716e-04
1.679251292739033943e+02 1.298425119443188258e+01 3.932286034486148860e-05
1.677402921688523634e+02 1.259200566249188924e+01 1.966143017243074159e-04
1.678535026837852229e+02 1.290650989953009109e+01 3.932286034486148860e-05
1.679126049428835472e+02 1.310432354849491787e+01 1.572914413794459544e-04
1.681328129608147606e+02 1.324281866262951901e+01 4.325514637934763204e-04
1.682901633864847213e+02 1.347800869035213545e+01 4.718743241383378090e-04
1.682545565364424647e+02 1.357448732820825299e+01 2.359371620691689045e-04
1.684150527909400239e+02 1.359658677572206642e+01 3.342443129313225989e-04
1.682947838225752548e+02 1.351556202198147894e+01 4.915357543107685533e-04
1.682492282888657371e+02 1.342942529639605986e+01 6.291657655177838177e-04
1.681568392284854667e+02 1.343868583000727490e+01 1.101040089656121681e-03
1.682954916340614488e+02 1.344067163445468971e+01 2.752600224140304202e-04
1.684127327421796565e+02 1.349440632311594257e+01 4.128900336210455761e-04
1.684270855862055498e+02 1.358653978490395353e+01 4.128900336210455761e-04
1.685399225339651252e+02 1.371829102848941240e+01 1.376300112070152101e-04
1.687402921688523634e+02 1.387078508090678497e+01 3.735671732761840875e-04
1.690365899215508989e+02 1.390971471264819748e+01 6.684886258626451978e-04
1.685673305676254756e+02 1.367741491516092900e+01 7.078114862075066864e-04
1.682134051630915508e+02 1.322880006291657651e+01 2.162757318967381602e-04
1.678956371286447506e+02 1.300975206936552553e+01 5.111971844831993518e-04
1.678688385993197016e+02 1.272466133186527948e+01 1.966143017243074159e-04
1.680441202493069284e+02 1.277904484772222382e+01 9.830715086215370796e-05
1.680847997483336940e+02 1.294211674957236369e+01 1.966143017243074159e-04
1.685741727453254839e+02 1.338778238729085146e+01 4.522128939659070647e-04
1.686986492597471567e+02 1.368724563024714413e+01 1.179685810345844523e-04
1.689363559505318335e+02 1.375330803562651205e+01 2.555985922415996759e-04
1.687709639999213493e+02 1.362202866636519083e+01 4.128900336210455761e-04
1.685350661607125176e+02 1.357295373665480476e+01 4.325514637934763204e-04
1.685276734629676980e+02 1.351780342502113541e+01 4.522128939659070647e-04
1.682730382808045420e+02 1.321283498161656311e+01 1.376300112070152101e-04
1.682391812980476118e+02 1.317832917166394679e+01 2.359371620691689045e-04
1.683037101118735279e+02 1.329851949430801561e+01 1.179685810345844523e-04
1.685045516210849144e+02 1.335929297497099988e+01 1.966143017243074159e-04
1.686828218084583568e+02 1.345105286958573387e+01 1.572914413794459544e-04
1.688694481036550599e+02 1.357515581683411732e+01 2.359371620691689045e-04
1.689096753897878500e+02 1.361774247458760101e+01 1.376300112070152101e-04
1.686006960146281131e+02 1.323943689663986234e+01 2.949214525864611645e-04
1.679925876408250076e+02 1.270452802736871156e+01 1.376300112070152101e-04
1.675070486227168089e+02 1.224883506026228375e+01 3.342443129313225989e-04
1.675612945085625540e+02 1.226977448339592236e+01 4.522128939659070647e-04
1.678365545309765707e+02 1.227492577810109964e+01 9.830715086215370796e-05
1.680094768093431128e+02 1.271886120996441250e+01 1.572914413794459544e-04
1.681018068854328362e+02 1.293222705019563179e+01 7.864572068972297721e-05
1.683763001120701404e+02 1.307848842924834365e+01 7.864572068972297721e-05
1.682334598218674557e+02 1.312762234324924826e+01 1.376300112070152101e-04
1.681122667662845913e+02 1.306903128133540370e+01 3.932286034486148860e-05
1.680520044828060691e+02 1.298434950158274503e+01 3.932286034486148860e-05
1.680453785808379621e+02 1.288812646231886916e+01 5.898429051729222613e-05
1.680175379957138091e+02 1.291012760268181836e+01 1.769528715518766716e-04
1.679425296396059935e+02 1.295444446629047874e+01 1.376300112070152101e-04
1.681371384754527014e+02 1.301156092094139005e+01 1.769528715518766716e-04
1.682785434812528251e+02 1.305868936906470523e+01 4.325514637934763204e-04
1.681541849354121894e+02 1.318346080493895123e+01 2.752600224140304202e-04
1.684326301095141787e+02 1.334083089203908656e+01 3.539057431037533432e-04
1.686555710662393608e+02 1.334283635791667422e+01 4.325514637934763204e-04
1.679384007392697811e+02 1.300473840467155640e+01 1.966143017243074159e-04
1.674983582705806100e+02 1.256304437584790001e+01 3.539057431037533432e-04
1.674210298657124270e+02 1.235058296140461209e+01 1.376300112070152101e-04
1.674800338176598871e+02 1.237694893926584250e+01 9.830715086215370796e-05
1.676777884823341935e+02 1.242911071351330143e+01 1.966143017243074159e-04
1.677808733607282647e+02 1.254945832759874946e+01 1.376300112070152101e-04
1.682435264741157255e+02 1.305882699907591338e+01 1.376300112070152101e-04
1.684240773873891612e+02 1.325953087827608634e+01 1.572914413794459544e-04
1.682476160515915922e+02 1.323625174495192702e+01 5.898429051729222613e-05
1.683024124574821485e+02 1.322498574546312433e+01 1.966143017243074430e-05
1.682644069129588615e+02 1.317862409311653416e+01 3.145828827588919088e-04
1.681744755313501400e+02 1.308000235937162081e+01 1.572914413794459544e-04
1.680096930850750141e+02 1.305904327480780935e+01 1.376300112070152101e-04
1.681131515306423410e+02 1.312648198029924629e+01 1.572914413794459544e-04
1.681714476711036070e+02 1.326548829161833254e+01 2.359371620691689045e-04
1.683089793751597369e+02 1.337956390947877594e+01 3.735671732761840875e-04
1.683753563634218722e+02 1.342016476278484483e+01 2.752600224140304202e-04
1.685049055268280256e+02 1.351037140441595774e+01 1.376300112070152101e-04
1.686294017026798429e+02 1.363219362576433724e+01 3.145828827588919088e-04
1.684656416507736765e+02 1.346149308900729480e+01 3.735671732761840875e-04
1.680429602249267589e+02 1.285975501858005110e+01 3.539057431037533432e-04
1.675193370165745819e+02 1.259884784019189574e+01 7.274729163799374849e-04
1.673941526906667150e+02 1.241098287489431939e+01 4.718743241383378090e-04
1.675816047659306776e+02 1.250586893690647017e+01 3.539057431037533432e-04
1.676999272527083633e+02 1.260946501248500873e+01 4.128900336210455761e-04
1.679584750594758304e+02 1.305922022767936141e+01 3.735671732761840875e-04
1.681203476140854605e+02 1.329448890112266746e+01 4.522128939659070647e-04
1.683096085409252680e+02 1.332775604097442113e+01 4.128900336210455761e-04
1.683025697489235313e+02 1.321458484890190910e+01 3.145828827588919088e-04
1.682369595564381370e+02 1.312821218615442120e+01 4.718743241383378090e-04
1.679415858909576968e+02 1.309718644934232579e+01 5.898429051729222613e-05
1.680148640412103589e+02 1.309453215626904665e+01 1.179685810345844523e-04
1.680259334263974438e+02 1.314006802854839684e+01 3.145828827588919088e-04
1.680762666876388494e+02 1.315208116238375169e+01 5.308586146556300419e-04
1.681931932128742915e+02 1.326240144708126145e+01 2.162757318967381602e-04
1.681915219913096564e+02 1.330870411513733487e+01 7.864572068972297721e-05
1.681480309077682307e+02 1.343453726824089145e+01 3.539057431037533432e-04
1.685608422956685786e+02 1.351103989304182029e+01 2.949214525864611645e-04
1.683860128585753273e+02 1.339138042901240588e+01 2.752600224140304202e-04
1.679326792630895966e+02 1.295664654646978953e+01 1.179685810345844523e-04
1.675352431135840732e+02 1.265448968757987380e+01 1.769528715518766716e-04
1.675739761310237839e+02 1.254580130158667828e+01 1.966143017243074430e-05
1.675780657084996221e+02 1.250748117418060978e+01 2.555985922415996759e-04
1.676017773932875912e+02 1.260163976327638125e+01 1.966143017243074159e-04
1.677017361042842367e+02 1.274941507245237027e+01 0.000000000000000000e+00
1.680870214899431687e+02 1.288389925483179610e+01 1.572914413794459544e-04
1.680669275083069465e+02 1.299803385698275626e+01 1.179685810345844523e-04
1.683508778828571906e+02 1.324250407974676058e+01 3.342443129313225989e-04
1.681709954582096316e+02 1.321139969721397556e+01 2.555985922415996759e-04
1.680734354416940164e+02 1.287477635123178921e+01 4.128900336210455761e-04
1.679777432610448216e+02 1.286990031654902644e+01 1.769528715518766716e-04
1.680001966143017285e+02 1.287530720984644361e+01 1.769528715518766716e-04
1.680105188651422452e+02 1.289115432256542348e+01 3.932286034486148860e-05
1.680008454414974040e+02 1.303851674170779162e+01 9.830715086215370796e-05
1.681988950276243031e+02 1.302388863765950333e+01 3.145828827588919088e-04
1.681467332533768513e+02 1.314903364070702452e+01 3.342443129313225989e-04
1.684572068972296961e+02 1.327756040974420415e+01 2.359371620691689045e-04
1.685537248579461789e+02 1.321792729203122185e+01 7.864572068972297721e-05
1.679992332042232874e+02 1.287829574723265402e+01 4.128900336210455761e-04
1.676121586284186264e+02 1.248245217357110626e+01 5.505200448280608404e-04
1.674052220758537999e+02 1.226273569139419273e+01 3.735671732761840875e-04
1.672664713631269535e+02 1.226517370873557411e+01 7.274729163799374849e-04
1.673789544051434177e+02 1.226106446982953457e+01 4.915357543107685533e-04
1.676680560743988622e+02 1.238579658284343665e+01 5.898429051729222613e-05
1.678318947720257199e+02 1.296980004325514635e+01 7.864572068972297721e-05
1.681602603173354851e+02 1.310440219421560748e+01 2.162757318967381602e-04
1.680557008316785073e+02 1.309966378954405108e+01 5.898429051729222613e-05
1.680264446235819094e+02 1.306270030081988232e+01 5.898429051729222613e-05
1.681381608698216610e+02 1.292703643263010882e+01 5.898429051729222613e-05
1.680126422996008841e+02 1.287279054678437262e+01 3.735671732761840875e-04
1.680148050569198404e+02 1.287904288157920618e+01 7.864572068972297721e-05
1.680185210672224230e+02 1.299075912781895781e+01 5.898429051729222613e-05
1.680599280391655554e+02 1.302414423625174500e+01 1.376300112070152101e-04
1.681064469829535426e+02 1.304469043078193558e+01 2.359371620691689045e-04
1.680404632232948643e+02 1.312699317748372962e+01 4.325514637934763204e-04
1.681252433101983854e+02 1.323644835925365193e+01 2.162757318967381602e-04
1.682342069562139955e+02 1.329230648237352774e+01 1.376300112070152101e-04
1.681040679499026851e+02 1.307766264918110188e+01 2.555985922415996759e-04
1.676278484496962449e+02 1.275212834981616616e+01 1.966143017243074159e-04
1.675168006920823416e+02 1.250628182694009105e+01 2.555985922415996759e-04
1.674978274119659432e+02 1.239198993334775167e+01 1.572914413794459544e-04
1.675451917972513343e+02 1.245543736851418615e+01 1.572914413794459544e-04
1.677582823774601479e+02 1.260724327087552332e+01 1.376300112070152101e-04
1.680581191875897105e+02 1.275153850691099322e+01 1.179685810345844523e-04
1.681027702955113057e+02 1.316305224041996880e+01 1.966143017243074430e-05
1.681831855449165403e+02 1.326019936690194889e+01 2.555985922415996759e-04
1.680419181691276265e+02 1.315235642240616620e+01 1.769528715518766716e-04
1.679176382690076821e+02 1.311287627061992467e+01 2.359371620691689045e-04
1.679488212972611620e+02 1.306680953972592008e+01 5.308586146556300419e-04
1.678770963999921264e+02 1.306867737559230136e+01 3.342443129313225989e-04
1.679190538919800986e+02 1.308403295255696897e+01 2.949214525864611645e-04
1.679988006527594848e+02 1.321558758184070292e+01 1.769528715518766716e-04
1.681586480800613401e+02 1.332048131181062089e+01 1.395961542242582683e-03
1.683104736438528448e+02 1.337036236015807766e+01 4.128900336210455761e-04
1.683145042370381930e+02 1.344169402882365638e+01 3.735671732761840875e-04
1.685354987121763202e+02 1.357560802972808212e+01 2.555985922415996759e-04
1.686445606653427944e+02 1.360311437053931272e+01 5.308586146556300419e-04
1.682819055858123249e+02 1.317650065865791120e+01 5.701814750004915305e-04
1.678627435559662615e+02 1.289050549536973378e+01 1.572914413794459544e-04
1.676026621576453408e+02 1.233160968128821722e+01 1.376300112070152101e-04
1.675002654293073192e+02 1.234092919918994902e+01 1.966143017243074430e-05
1.675100961443935432e+02 1.234889207840978287e+01 5.308586146556300419e-04
1.679649436700025547e+02 1.271831068991958524e+01 6.095043353453530191e-04
1.679641375513654964e+02 1.290481901653526364e+01 6.095043353453530191e-04
1.681036550598690553e+02 1.301616169560173830e+01 4.718743241383378090e-04
1.679165962132085497e+02 1.304162324767503556e+01 6.095043353453530191e-04
1.680601836377578024e+02 1.299184050647844124e+01 4.128900336210455761e-04
1.680336996913155474e+02 1.295114134602150990e+01 3.145828827588919088e-04
1.681002732938793827e+02 1.288887359666542132e+01 3.735671732761840875e-04
