1.823843270000728012e+02 5.750891752202082208e-02 1.827147484894809537e+01
1.832756606245905289e+02 6.380578001019145129e-02 1.875436776588774990e+01
1.835717587537307907e+02 5.800029118439251757e-02 1.878417776807163264e+01
1.844369221809710950e+02 8.340612943146247238e-02 1.987462691999708753e+01
1.847430661716531972e+02 8.728252165683919594e-02 2.020988934993084385e+01
1.852447950789837705e+02 9.039455485185994565e-02 2.031047535852078312e+01
1.843215403654364195e+02 7.962073232874718187e-02 1.946915265341777612e+01
1.856224794351022922e+02 7.832860158695494068e-02 2.062782994831476913e+01
1.853657093979762749e+02 7.481618985222392160e-02 2.041166193492028924e+01
1.852982274150105582e+02 6.691781320521220100e-02 2.037437213365363675e+01
1.853556089393608488e+02 6.591686685593652062e-02 2.066815898667831419e+01
1.855847164591977787e+02 7.137657421562204618e-02 2.080452427749872513e+01
1.859477324015432771e+02 6.597146392953337490e-02 2.082539855863725720e+01
1.850616400960908550e+02 6.251364926839921010e-02 2.030024750673364053e+01
1.838432154036543693e+02 5.543422872534032458e-02 2.025538691126155655e+01
1.834711181480672622e+02 5.426949115527407441e-02 2.000962728397757928e+01
1.835142862342578383e+02 5.694474776151998291e-02 1.984689160660988705e+01
1.840294824197422940e+02 6.085753803596127137e-02 2.036658295115381989e+01
1.848128958287835815e+02 6.049355754531557383e-02 2.066107956613525687e+01
1.858908968479289570e+02 6.291402780810947948e-02 2.113874936303414032e+01
1.866840103370459474e+02 6.813714784887529852e-02 2.167609376137438915e+01
1.869881160369804149e+02 6.921089029628012257e-02 2.196502147484894962e+01
1.867951881779136727e+02 6.598966295406566429e-02 2.162952245759627345e+01
1.864095872461236070e+02 6.100313023221955178e-02 2.194205430588920436e+01
1.857035014923200151e+02 5.869185411661934776e-02 2.184092232656329458e+01
1.855771820630414197e+02 5.891024241100677183e-02 2.122759700080075618e+01
1.857279245832423271e+02 5.958360631870131957e-02 2.148059983984858334e+01
1.860088629249472092e+02 6.040256242265414771e-02 2.175786197859794768e+01
1.863625609667321896e+02 6.320521220062604029e-02 2.206234985804760740e+01
1.854414901361286923e+02 6.029336827546043220e-02 2.161962218825070892e+01
1.840697022639586464e+02 5.514304433282376378e-02 2.035431680861905690e+01
1.831737096891606598e+02 5.288636529082041404e-02 2.031930188541894111e+01
1.828633071267379933e+02 5.714493703137511760e-02 2.026170197277425800e+01
1.835670998034505317e+02 5.661716531993885027e-02 2.057263230690834988e+01
1.844864963237970414e+02 5.745432044842396779e-02 2.114197059037635640e+01
1.854583606318701356e+02 5.816408240518308043e-02 2.168779573414865069e+01
1.863886037708378751e+02 6.329620732328747335e-02 2.214395428405037336e+01
1.868518235422581313e+02 7.106719079857319599e-02 2.240714857683628125e+01
1.867070685011283331e+02 7.092159860231492252e-02 2.209845672271966066e+01
1.862706194947950848e+02 7.390623862560966040e-02 2.188743903326781748e+01
1.859463674747033508e+02 7.587173327509645626e-02 2.161565480090267144e+01
1.858495850622406635e+02 7.252311276115600003e-02 2.175314843124408526e+01
1.856953483293295619e+02 6.961126883599039195e-02 2.170566717623935205e+01
1.857359503530610709e+02 6.930188541894154175e-02 2.151619713183373506e+01
1.857039564679333239e+02 7.001164737570066132e-02 2.156320521220062503e+01
1.849444201790784064e+02 7.061221518526607233e-02 2.126929096600422042e+01
1.838141333624517699e+02 7.838319866055179497e-02 2.042505641697605157e+01
1.832485622770619500e+02 8.939360850258426527e-02 2.006664482783722647e+01
1.835372716022421287e+02 9.641843197204630345e-02 2.018610322486714637e+01
1.838881305962000567e+02 9.454393244522094064e-02 2.063188833078546836e+01
1.850332678168450116e+02 9.305161243357355783e-02 2.083688214311712983e+01
1.859759954866419207e+02 8.959379777243939302e-02 2.156531629904637271e+01
1.868350986387129637e+02 8.582659969425639190e-02 2.201217514741209769e+01
1.869282958433427950e+02 7.816481036616437783e-02 2.214264395428405052e+01
1.866216604789983364e+02 7.301448642352770246e-02 2.156138530974739709e+01
1.863840722137293540e+02 7.980272257407003411e-02 2.144416539273494848e+01
1.860868639440925847e+02 7.632670888840357992e-02 2.138520055325034619e+01
1.860916502875445815e+02 7.021183664555580295e-02 2.117592997015360012e+01
1.861311603698041779e+02 7.070321030792749151e-02 2.097797918031593412e+01
1.863247069957050428e+02 7.032103079274951152e-02 2.135306107592633040e+01
1.860826781684501725e+02 7.534396156366018893e-02 2.060238771201863628e+01
1.847789910460799376e+02 7.672708742811384930e-02 2.039340831331440640e+01
1.836321977142025048e+02 9.070393826890878197e-02 1.980130305015651260e+01
1.829817463783941207e+02 1.200043677658877428e-01 1.945612215185266081e+01
1.832181881051175765e+02 1.302686176020965148e-01 1.965512848511319888e+01
1.841226432263230777e+02 1.653927349494067056e-01 2.036600058236878397e+01
1.853086918541166312e+02 1.804433282376064762e-01 2.095606755477906447e+01
1.866468297299264805e+02 1.888512775715221748e-01 2.206096673218315374e+01
1.875237497270146321e+02 1.891424619640387217e-01 2.290194365582004821e+01
1.876477214821285600e+02 1.764759408895683057e-01 2.263787580985659176e+01
1.876922362961345243e+02 2.243757734585426211e-01 2.269414719371041755e+01
1.876928732619931566e+02 3.443073451263012341e-01 2.269240008735531688e+01
1.877287435393462829e+02 3.846909805634418089e-01 2.205032030283176780e+01
1.875999126446822345e+02 4.193419232729125867e-01 2.233156802795370055e+01
1.878638530974739638e+02 4.698806143990681972e-01 2.258302394991628503e+01
1.881127793550265608e+02 4.452391351823542509e-01 2.250200189269855144e+01
1.876124699716095279e+02 4.822923491300866172e-01 2.162610104098420294e+01
1.862149486787508295e+02 6.102314915920507010e-01 2.124905365072432062e+01
1.852598274732474408e+02 6.591322705103006552e-01 2.075980927422290279e+01
1.850341231709980434e+02 6.059911188760281897e-01 2.066422799737934213e+01
1.859108429788163335e+02 7.123280192181699055e-01 2.103809055834607378e+01
1.873062895828783496e+02 8.975030938341704845e-01 2.199191963310766695e+01
1.875260428041057139e+02 7.620113561913081091e-01 2.271720535779282102e+01
1.874441107956613450e+02 5.450971827910023881e-01 2.278587027735313342e+01
1.885938523695130016e+02 5.911953119312804983e-01 2.353685302467787821e+01
1.897231928368639444e+02 9.887530028390478787e-01 2.423695129941035020e+01
1.891394591249909070e+02 8.563550993666739775e-01 2.350232947514013304e+01
1.874147739681152984e+02 5.414937759336099221e-01 2.278301303050156434e+01
1.865777098347528522e+02 3.675111014049646796e-01 2.271789692072504963e+01
1.868710235131397042e+02 3.538982310548154375e-01 2.292045206376938182e+01
1.873687668340976984e+02 3.352806289582878629e-01 2.305346873407585306e+01
1.868818701317609339e+02 2.956067554779063800e-01 2.259416175293004159e+01
1.855867365509208753e+02 2.886729271311057610e-01 2.228519691344543929e+01
1.844609084953046647e+02 2.938596491228070429e-01 2.159385236951299447e+01
1.842875991846836996e+02 2.680352333114944807e-01 2.166766761301594357e+01
1.850074434010336972e+02 3.368639440925966233e-01 2.222402999199242757e+01
1.858626337628303133e+02 3.793404673509500058e-01 2.219811458105845503e+01
1.873147703283104022e+02 4.536652835408022111e-01 2.353425056416975991e+01
1.884793259081313295e+02 5.523039965057873202e-01 2.398600495013467437e+01
1.891558564460944751e+02 5.796935284268762700e-01 2.463656548009026892e+01
1.892817936958579139e+02 5.845162699279318197e-01 2.488465458251437568e+01
1.888538436339812279e+02 5.367620295552157916e-01 2.462393535706486247e+01
1.881560930334134127e+02 4.585062240663900224e-01 2.407980272257406895e+01
1.875467532940234321e+02 3.967569338283468139e-01 2.407669068937904910e+01
1.873280192181699135e+02 3.355900123753366993e-01 2.393952464147921688e+01
1.875850258426148400e+02 2.754058382470699340e-01 2.386088665647521267e+01
1.875295916138894938e+02 2.503093834170488363e-01 2.364797626847201073e+01
1.861072286525442223e+02 2.253949188323505770e-01 2.300149232001164634e+01
1.846171289218897869e+02 1.904527917303632523e-01 2.228748999053650692e+01
1.838103661643735904e+02 1.645191817718570371e-01 2.193801412244303606e+01
1.841309237824852687e+02 1.303232146756933829e-01 2.176137439033267640e+01
1.850319028900050853e+02 1.037890369076217567e-01 2.226172017179879248e+01
1.862420834243284560e+02 8.053068355536142919e-02 2.241410060420761496e+01
1.873577018271820691e+02 1.340904127538763979e-01 2.356598966295406683e+01
1.882597728761738267e+02 2.288709325180170451e-01 2.404182135837519141e+01
1.885083715512848528e+02 4.022712382616291937e-01 2.430288636529082069e+01
1.882207541675766151e+02 4.963419960690106936e-01 2.419021620441144194e+01
1.876561840285360745e+02 5.499017252675256762e-01 2.387020455703574129e+01
1.872052485986750980e+02 6.020601295770546812e-01 2.400362160588192495e+01
1.866781866491955952e+02 6.394227269418358839e-01 2.331902890005095585e+01
1.864876792603916442e+02 6.755477906384217412e-01 2.300112833952100289e+01
1.866618439251656127e+02 6.743284559947586576e-01 2.356478852733493312e+01
1.859247288345344771e+02 5.997488534614544564e-01 2.271886146902525994e+01
1.842981182208633584e+02 5.216568391934192084e-01 2.159680061148722530e+01
1.831830457887457158e+02 4.409441653927349547e-01 2.125549610540874923e+01
1.828218133508044048e+02 5.208742811385309590e-01 2.103321321977141878e+01
1.831446822450316745e+02 6.026424983620878306e-01 2.114413627429569686e+01
1.840003275824415709e+02 6.752930042949697453e-01 2.177405911043167919e+01
1.853022675984567229e+02 7.431389677513284830e-01 2.299941763121496763e+01
1.862853425056416938e+02 8.070903399577782356e-01 2.337630123025405737e+01
1.866192764067845928e+02 8.375191089757588747e-01 2.385852078328601422e+01
1.864521365654800888e+02 8.809419815097910833e-01 2.337624663318046103e+01
1.859151379486059454e+02 9.801812622843415479e-01 2.333899322996287395e+01
1.853324415811312633e+02 1.173800684283322404e+00 2.351539637475431377e+01
1.850297190070612317e+02 1.299537744776879888e+00 2.342196258280556265e+01
1.851441362742957040e+02 1.227869986168741434e+00 2.309951226614253628e+01
1.853494576690689257e+02 1.029628011938560128e+00 2.264881342360049388e+01
1.849439470044405596e+02 8.114763048700589509e-01 2.246183664555579895e+01
1.836807527116546623e+02 5.592196258280556220e-01 2.124930843706777139e+01
1.828945002547863510e+02 3.587391715804033043e-01 2.051326708888403516e+01
1.825277717114362588e+02 2.680170342869622191e-01 2.020168158986678364e+01
1.831313969571230871e+02 2.484166848656912119e-01 2.057507097619567560e+01
1.838052704375045607e+02 2.738407221372934353e-01 2.109607265050593128e+01
1.850080257698187438e+02 2.827036470845162852e-01 2.203590667540219883e+01
1.858510409842032516e+02 2.786088665647521445e-01 2.269492975176530436e+01
1.863427058309674464e+02 1.933828346800611497e-01 2.266504695348329435e+01
1.864148467642134506e+02 1.605153963747543155e-01 2.243861469025260291e+01
1.861875591468297273e+02 1.338174273858921126e-01 2.241875955448788105e+01
1.858499126446822345e+02 1.254822741501055439e-01 2.203643444711363486e+01
1.855295916138894938e+02 1.234257843779573427e-01 2.169041639368129992e+01
1.853492210817500165e+02 1.154000145592196241e-01 2.161541821358375159e+01
1.856278845453883548e+02 9.945766906893790948e-02 2.167454684428914646e+01
1.853645446604062101e+02 6.744558491664846833e-02 2.101344907912935867e+01
1.846148904418723191e+02 5.266797699643298997e-02 2.037007716386401768e+01
1.839986532721846118e+02 5.410569993448351156e-02 2.036112324379413252e+01
1.836436267016087811e+02 5.441508335153235482e-02 2.038625609667321825e+01
1.837975358520783402e+02 5.064788527334934676e-02 2.067753148431243915e+01
1.846848656911989508e+02 5.221300138312586631e-02 2.121156366018781370e+01
1.857097619567591096e+02 4.900997306544369048e-02 2.207192254495159034e+01
1.866851568755914741e+02 4.950134672781538597e-02 2.228650724321176213e+01
1.868656002038290751e+02 5.219480235859357692e-02 2.289275314843124320e+01
1.867662335298828111e+02 5.563441799519545927e-02 2.268442891461017652e+01
1.865842432845599603e+02 5.272257407002984425e-02 2.228597947150032610e+01
1.866893790492829623e+02 5.284996724175584221e-02 2.235220572177331277e+01
1.866564024168304456e+02 5.621678678022858089e-02 2.225462255223120067e+01
1.863330421489408195e+02 5.712673800684283515e-02 2.229567955157603620e+01
1.865048045424765348e+02 5.252238480017470956e-02 2.269917012448132709e+01
1.863051612433573609e+02 5.008371551284851453e-02 2.233016670306471596e+01
1.849755041129795359e+02 4.942855062968624924e-02 2.153636165101550404e+01
1.839585426221154592e+02 4.810002183882943622e-02 2.039153381378758212e+01
1.836609521729635333e+02 4.749945402926403215e-02 2.072746960762903257e+01
1.839467678532430739e+02 5.057508917522021002e-02 2.094987988643808663e+01
1.845455885564533673e+02 4.879158477105627334e-02 2.150737060493557706e+01
1.855398740627502434e+02 4.760864817645774072e-02 2.196314697532212179e+01
1.864897357501637885e+02 5.663536434447113965e-02 2.233646356555288648e+01
1.875642243575744317e+02 6.376938196112688639e-02 2.265059692800465996e+01
1.878130050229307813e+02 7.816481036616437783e-02 2.279662590085171558e+01
1.874395974375773335e+02 7.568974302977360402e-02 2.279564315352697079e+01
1.870993666739462640e+02 7.266870495741428737e-02 2.241501055543422893e+01
1.867674710635509996e+02 6.285943073451262519e-02 2.216093397393899522e+01
1.866437540947805189e+02 5.901943655820048040e-02 2.205809128630705374e+01
1.870065152507825701e+02 5.337773895319210954e-02 2.242551139258935677e+01
1.874477869986168628e+02 5.654436922180971353e-02 2.267713110577273028e+01
1.867859430734512500e+02 5.703574288418140903e-02 2.196862488170634009e+01
1.852343852369513115e+02 5.033850185630050350e-02 2.135497197350222010e+01
1.842023367547499504e+02 4.971973502220281005e-02 2.110691926912717520e+01
1.839783431608065882e+02 4.456941107956613468e-02 2.082892916939652039e+01
1.846415702118366369e+02 4.462400815316298897e-02 2.122384800174710762e+01
1.858701499599621343e+02 6.717259954866419691e-02 2.151002766251728815e+01
1.870895937977724373e+02 9.812914027808108952e-02 2.211674674237460891e+01
1.876687959525369536e+02 1.115054233093106251e-01 2.262784814733930361e+01
1.877506369658586323e+02 8.715512848511319799e-02 2.335768362815753107e+01
1.873044878794496526e+02 7.084880250418577885e-02 2.302748052704374970e+01
1.870489371769673141e+02 7.008444347382980499e-02 2.237477251219334562e+01
1.869785615491009594e+02 8.324233821067190953e-02 2.224184683700953613e+01
1.870258608138603904e+02 9.583606318701318183e-02 2.222712382616291649e+01
1.871734367037926745e+02 1.071194583970299236e-01 2.273121860668268113e+01
1.874292421926184886e+02 1.229526097401179296e-01 2.268315498289291554e+01
1.873518963383562550e+02 1.430079347746960883e-01 2.242749508626337729e+01
1.861214966877775225e+02 1.337264322632306934e-01 2.222128193928805473e+01
1.849736478124772532e+02 1.182754604353206673e-01 2.152871806071194527e+01
1.847519108975758968e+02 1.263376283031229508e-01 2.122819756861032303e+01
1.851103770837883076e+02 1.487406275023658853e-01 2.153434155929242166e+01
1.856198769745941490e+02 1.373662371696877105e-01 2.155292276333988610e+01
1.865668996141806701e+02 1.141078838174273830e-01 2.225025478634345077e+01
1.874332823760646534e+02 8.249617820484822506e-02 2.294896993521147266e+01
1.880158513503676261e+02 8.406129431462473767e-02 2.323824343015214211e+01
1.882684356118512028e+02 8.402489626556017277e-02 2.344827837227924761e+01
1.883523513139695638e+02 9.852951881779137278e-02 2.331355099366674111e+01
1.881325434956686422e+02 1.026424983620877890e-01 2.344664046007133962e+01
1.874881524350294910e+02 8.531702700735240008e-02 2.325713401761665722e+01
1.871283031229526159e+02 6.173109121351095380e-02 2.307357865618402926e+01
1.869307345126301243e+02 5.062968624881706431e-02 2.306000218388294343e+01
1.872032649050011059e+02 4.961054087500910148e-02 2.333116764941399168e+01
1.865576545097182759e+02 5.690834971245541107e-02 2.248338429060202515e+01
1.852550411297954440e+02 6.093033413409041504e-02 2.130434228725340162e+01
1.842676348547717851e+02 5.053869112615563819e-02 2.077012812113270712e+01
1.841564024168304456e+02 4.919196331076654272e-02 2.084074033631797462e+01
1.848622151852660807e+02 6.427895464803086434e-02 2.135597291985149582e+01
1.860633690034214283e+02 6.740918686758390344e-02 2.206932008444347559e+01
1.871123971755114042e+02 6.997524932663609643e-02 2.320806944747761591e+01
1.881703792676712510e+02 7.594452937322559993e-02 2.380652617019727657e+01
1.884192509281502623e+02 7.570794205430589341e-02 2.368433791948751477e+01
1.880989662954065693e+02 6.477032831040256677e-02 2.359863871296498417e+01
1.875852078328601635e+02 5.683555361432627434e-02 2.315978743539346141e+01
1.871908713692945980e+02 5.621678678022858089e-02 2.308713692946058060e+01
1.869881888330785387e+02 6.247725121933464520e-02 2.314508262357137625e+01
1.869117347310184130e+02 6.662662881269564019e-02 2.297990827691635829e+01
1.872614471864308143e+02 6.799155565261702505e-02 2.333635437140569380e+01
1.872523294751401295e+02 6.919269127174783318e-02 2.355838247069956992e+01
1.860358702773531263e+02 6.151270291912353666e-02 2.256819174492247271e+01
1.848776297590449076e+02 5.583460726505059396e-02 2.169942491082478142e+01
1.845580184902089229e+02 5.647157312368056986e-02 2.117725849894445744e+01
1.848935721045351954e+02 5.912863070539418897e-02 2.129324088228871048e+01
1.858404673509499787e+02 6.631724539564679000e-02 2.156376938196112647e+01
1.867855062968624793e+02 6.480672635946713167e-02 2.262289801266652134e+01
1.875754531557108464e+02 5.900123753366819795e-02 2.312040474630559928e+01
1.879745031666302566e+02 5.557982092159860499e-02 2.368166266288126920e+01
1.880025478634345291e+02 5.137584625464074878e-02 2.387120550338501701e+01
1.877227560602751737e+02 4.760864817645774072e-02 2.378568828710780991e+01
1.876590230763630984e+02 4.831841013321686029e-02 2.293783213219771255e+01
1.873776479580694456e+02 5.126665210744704021e-02 2.283215039673873648e+01
1.872095799665137861e+02 5.170342869622188142e-02 2.240292640314479300e+01
1.873941180752711659e+02 4.413263449079129347e-02 2.257370604935575287e+01
1.875606027516924996e+02 5.119385600931790348e-02 2.286347091795879649e+01
1.871893790492829623e+02 5.871005314115163715e-02 2.233304214894081596e+01
1.858762284341559337e+02 6.770037126010046424e-02 2.177886365290820336e+01
1.850470262793914173e+02 7.749144645846982316e-02 2.089280774550483954e+01
1.848091832277789877e+02 6.604426002766251858e-02 2.155891024241100595e+01
1.849475504112979536e+02 5.062968624881706431e-02 2.167820484822013682e+01
1.856088665647521339e+02 4.031083933901143113e-02 2.230830967460144265e+01
1.869117529300429510e+02 4.003785397102715277e-02 2.346560384363398200e+01
1.881336900342141689e+02 5.936521802431389550e-02 2.413547353861833145e+01
1.888850003639804811e+02 8.908422508553541508e-02 2.483049428550629756e+01
1.888067627575161964e+02 8.453446895246415072e-02 2.393885127757152276e+01
1.883109667321831466e+02 6.022057217733129547e-02 2.359405255878284891e+01
1.876852842687631835e+02 4.220353789036907638e-02 2.299688796680498015e+01
1.874248926257552625e+02 4.185775642425566129e-02 2.304959234185047734e+01
1.872394263667467555e+02 4.285870277353134167e-02 2.285000363980490690e+01
1.873413591031520582e+02 4.407803741719443918e-02 2.260491737642862375e+01
1.873291657567154402e+02 4.882798282012083824e-02 2.293290019654946477e+01
1.865931790056052932e+02 4.728106573487660808e-02 2.227844507534396001e+01
1.852853243066171558e+02 4.491519254567954977e-02 2.121605881924728720e+01
1.844618730436048679e+02 4.253112033195020902e-02 2.097659605445148046e+01
1.843136055907403374e+02 3.761738370823324018e-02 2.069986168741355570e+01
1.850243138967751406e+02 4.189415447332023312e-02 2.126690689379049459e+01
1.862158222319283709e+02 4.595253694401980199e-02 2.194674965421853230e+01
1.874129722646866014e+02 4.870058964839484722e-02 2.286128703501492154e+01
1.882041202591541094e+02 5.450607847419378094e-02 2.369092596636820147e+01
1.885707760064060494e+02 5.954720826963674774e-02 2.352817208997597831e+01
1.883855099366674040e+02 6.023877120186357792e-02 2.355121205503385085e+01
1.882988643808691904e+02 4.678969207250491258e-02 2.343772293805051987e+01
1.881134345199097311e+02 4.950134672781538597e-02 2.271776952755332246e+01
1.879234185047681365e+02 5.856446094489335674e-02 2.262852151124699773e+01
1.876605699934483482e+02 5.574361214238916784e-02 2.267796826090121698e+01
1.876315971463929486e+02 4.398704229453301306e-02 2.270876101040984096e+01
1.871526352187522662e+02 3.597947150032758390e-02 2.213268908786488964e+01
1.859582696367474739e+02 3.548809783795588840e-02 2.164872242847783212e+01
1.851050447696003403e+02 3.778117492902380303e-02 2.124335735604571695e+01
1.849505350513212534e+02 4.658950280264977789e-02 2.075238407221372938e+01
1.850913045060784725e+02 5.068428332241391859e-02 2.067345490281720899e+01
1.857573342068864974e+02 4.877338574652398395e-02 2.153521511246997022e+01
1.864648030865545536e+02 4.245832423382106535e-02 2.218810511756569781e+01
1.876071376574215606e+02 4.149377593360995681e-02 2.283509863871296375e+01
1.882797918031593554e+02 5.840066972410278695e-02 2.316404600713401862e+01
1.885978197568610426e+02 5.421489408167722013e-02 2.332241391861396096e+01
1.884754313168814122e+02 5.441508335153235482e-02 2.311794787799373907e+01
1.879868603042876885e+02 4.886438086918541007e-02 2.279344107155856491e+01
1.873285651889058840e+02 4.371405692654873471e-02 2.269809638203392410e+01
1.870862087792094428e+02 3.799956322341122711e-02 2.246877047390259818e+01
1.872626847200990028e+02 3.876392225376720096e-02 2.247652325835335319e+01
1.876409696440270807e+02 3.860013103297663117e-02 2.254280410569993620e+01
1.870486459925747909e+02 4.504258571740554773e-02 2.158023949916284323e+01
1.856506515250782456e+02 4.817281793695857989e-02 2.061681953847273618e+01
1.846267198078182901e+02 3.985586372570430053e-02 2.031422435757443523e+01
1.843492938778481403e+02 3.321321977142024928e-02 2.043968843270000590e+01
1.847403363179733446e+02 2.990099730654436835e-02 2.068122588629249492e+01
1.859137730217660192e+02 3.470553978306762516e-02 2.150549610540874923e+01
1.870398558637257054e+02 3.574288418140787738e-02 2.220530319574870859e+01
1.883196112688359847e+02 4.633471645919778892e-02 2.282235932154036462e+01
1.890346145446603998e+02 5.022930770910679493e-02 2.314366309965785717e+01
1.888268908786488964e+02 4.766324525005459500e-02 2.306517070685011106e+01
1.882749326636092349e+02 4.362306180388730859e-02 2.271904345927058344e+01
1.878086736550920932e+02 3.947368421052631360e-02 2.248405765450971927e+01
1.874638749363034265e+02 4.085681007497998091e-02 2.209800174710635545e+01
1.876213146975321990e+02 4.082041202591540907e-02 2.199783431608065953e+01
1.873992865982383478e+02 4.540656620805124527e-02 2.203994685884836713e+01
1.873718606682681695e+02 4.162116910533595476e-02 2.186161461745650314e+01
1.864368857829220474e+02 4.016524714275315072e-02 2.132760064060566307e+01
1.852393535706486034e+02 3.452354953774477986e-02 2.067895100822595822e+01
1.843718424692436599e+02 3.172089975977287341e-02 2.056948387566426462e+01
1.845516670306471667e+02 3.092014268035233465e-02 2.073986314333551562e+01
1.852598820703210265e+02 3.455994758680934476e-02 2.100862633762830356e+01
1.862159314260755707e+02 3.577928223047244921e-02 2.155958360631870008e+01
1.871287035014923106e+02 3.341340904127539091e-02 2.264400888112397325e+01
1.878754276770765159e+02 3.594307345126301206e-02 2.298953556089393757e+01
1.881078838174273926e+02 4.131178568828710457e-02 2.331313241610249776e+01
1.879851859940307293e+02 3.481473393026134067e-02 2.318856009317900657e+01
1.876909623644172598e+02 3.634345199097328144e-02 2.265139768508408125e+01
1.874320630414209745e+02 3.989226177476887236e-02 2.228596127247579517e+01
1.872696185484458056e+02 4.340467350949989145e-02 2.241870495741428115e+01
1.870082259590886054e+02 4.023804324088228745e-02 2.207845599475868070e+01
1.872445766906893709e+02 3.772657785542694875e-02 2.224541384581786474e+01
1.872559874790711092e+02 4.657130377811749544e-02 2.213243430152143887e+01
1.860975831695421050e+02 4.775424037271602112e-02 2.158899322996287395e+01
1.848196658659095988e+02 4.431462473611414571e-02 2.102910024022712321e+01
1.841036980417849520e+02 3.721700516852296386e-02 2.073842542039746561e+01
1.841212237024095373e+02 3.517871442090703821e-02 2.060602751692509216e+01
1.848387748416684815e+02 3.490572905292276679e-02 2.101756205867365424e+01
1.861445912499090127e+02 4.122079056562568539e-02 2.174237460872097216e+01
1.871344725922690486e+02 5.123025405838246837e-02 2.273571376574215464e+01
1.879029810002183751e+02 6.074834388876756280e-02 2.309576326708888416e+01
1.878922071776952691e+02 5.963820339229817385e-02 2.313520055325034619e+01
1.875215840430952881e+02 6.420615854990172067e-02 2.269338283468006168e+01
1.873933537162407958e+02 7.672708742811384930e-02 2.195331950207468807e+01
1.872555325034578289e+02 8.125864453665283815e-02 2.204407803741719363e+01
1.870268071631360556e+02 7.754604353206667744e-02 2.175083715512848670e+01
1.870840430952900988e+02 6.615345417485622714e-02 2.215849530465166950e+01
1.872247215549246562e+02 5.989298973575016283e-02 2.221598602314915993e+01
1.863930625318483010e+02 5.976559656402416487e-02 2.183318774113707406e+01
1.853359539928659956e+02 6.275023658731891663e-02 2.129364126082841935e+01
1.846223156438814783e+02 6.726359467132561609e-02 2.096775132852879153e+01
1.847754240372715913e+02 7.195894300065516780e-02 2.065292640314479300e+01
1.851567299992720450e+02 7.255951081022057880e-02 2.124535924874426840e+01
1.860492829584334231e+02 6.296862488170633376e-02 2.192649413991410157e+01
1.874274222901652536e+02 5.836427167503821511e-02 2.218604862779355003e+01
1.882719116255368590e+02 6.034796534905729343e-02 2.255747251947295595e+01
1.885357610832059265e+02 6.184028536070466930e-02 2.264502802649777990e+01
1.882327291257188620e+02 6.100313023221955178e-02 2.260189633835626566e+01
1.879614908640896829e+02 5.863725704302249347e-02 2.241914173400305899e+01
1.875311385309747436e+02 5.201281211327073162e-02 2.221072650505933055e+01
1.871693965203465098e+02 4.919196331076654272e-02 2.197990827691635829e+01
1.871562022275606125e+02 4.487879449661498488e-02 2.207126738006842714e+01
1.875624590521948107e+02 4.531557108538982609e-02 2.260571813350804504e+01
1.874640387275242119e+02 4.717187158768289951e-02 2.210761083205940025e+01
1.864104062022275627e+02 5.146684137730217490e-02 2.166350003639804811e+01
1.853604680789109693e+02 4.931935648249254067e-02 2.077748052704374970e+01
1.847425929970153504e+02 4.395064424546844123e-02 2.074377593360995675e+01
1.850290456431535233e+02 4.766324525005459500e-02 2.080208560821139940e+01
1.857793914246196323e+02 3.958287835772002911e-02 2.121533085826599674e+01
1.871125973647812373e+02 3.981946567663972869e-02 2.208094926111960277e+01
1.878790128849093719e+02 4.511538181553468446e-02 2.254573414864963254e+01
1.884653672563150621e+02 5.061148722428477492e-02 2.260206012957705468e+01
1.884208706413336358e+02 4.476960034942126937e-02 2.268626701608793894e+01
1.882309638203392410e+02 4.107519836936740498e-02 2.259305161243357318e+01
1.876353461454465901e+02 3.799956322341122711e-02 2.205574361214238976e+01
1.872521110868457583e+02 3.272184610904855379e-02 2.229411443546625904e+01
1.871684865691198922e+02 3.679842760428041204e-02 2.257336026788964034e+01
1.872424292057945650e+02 3.778117492902380303e-02 2.266404600713401862e+01
1.873859831113052223e+02 4.236732911115963923e-02 2.264107883817427336e+01
1.869184501710708446e+02 4.464220717769527835e-02 2.187468151707068387e+01
1.855839702991919751e+02 4.362306180388730859e-02 2.131506151270291838e+01
1.846271019873334751e+02 3.658003930989298796e-02 2.094733202300356822e+01
1.844815643881487972e+02 4.353206668122588940e-02 2.095735968552085637e+01
1.848038509135910203e+02 4.285870277353134167e-02 2.139036907621751382e+01
1.857685994030719883e+02 4.153017398267452864e-02 2.189419087136929321e+01
1.868326599694256345e+02 4.214894081677222210e-02 2.256906529810002127e+01
1.877760610031302235e+02 4.267671252820848943e-02 2.328643444711363486e+01
1.880393462910388109e+02 3.785397102715294670e-02 2.357416102496906163e+01
1.877225558710053122e+02 3.324961782048482112e-02 2.356351459561767570e+01
1.876264286234257952e+02 3.432336026788963823e-02 2.324328455994758613e+01
1.874375227487806512e+02 4.371405692654873471e-02 2.271090849530465050e+01
1.873986496323797155e+02 6.327800829875518396e-02 2.276079202154764403e+01
1.873942818664919514e+02 6.882871078110212870e-02 2.253350440416393852e+01
1.874571776952755329e+02 6.062095071704156485e-02 2.267281793695858028e+01
1.875100094634927643e+02 4.926475940889568639e-02 2.273904418723156340e+01
1.869493157166775745e+02 3.960107738225231155e-02 2.249770692290893237e+01
1.857867074324816201e+02 4.471500327582441509e-02 2.201293950644245356e+01
1.849927385892116263e+02 4.660770182718206034e-02 2.104038363543714141e+01
1.849136456285943098e+02 4.435102278517871754e-02 2.100640605663536320e+01
1.855208924801630701e+02 4.888257989371769946e-02 2.126852660697386455e+01
1.862922581349639586e+02 5.619858775569629150e-02 2.222073596855208422e+01
1.874016706704520630e+02 5.264977797190070752e-02 2.282286889422726972e+01
1.878313314406347843e+02 4.633471645919778892e-02 2.300815316299046387e+01
1.881060457159496195e+02 4.635291548373007137e-02 2.357703647084516163e+01
1.881237897648686044e+02 5.545242774987260703e-02 2.372368421052631504e+01
1.878877302176603337e+02 5.860085899395792164e-02 2.334115891388221442e+01
1.873950462255223215e+02 5.809128630705394369e-02 2.277562422654145635e+01
1.872336026788964034e+02 5.064788527334934676e-02 2.286183300575089206e+01
1.874563041420979914e+02 4.735386183300575175e-02 2.301437722938050356e+01
1.877928223047244671e+02 4.855499745213656682e-02 2.338055980199461459e+01
1.878881669942491044e+02 5.823687850331222410e-02 2.349293877848147361e+01
1.867306362378976416e+02 8.098565916866855285e-02 2.271449370313751359e+01
1.857749690616582825e+02 8.082186794787799000e-02 2.208557181335080344e+01
1.852269236368930763e+02 7.053941908713692865e-02 2.170009827473247555e+01
1.855206376938196229e+02 6.713620149959961814e-02 2.153390478270364738e+01
1.863811603698041779e+02 6.458833806507971453e-02 2.194911552740773075e+01
1.875845890660260693e+02 7.396083569920652856e-02 2.280798209215986105e+01
1.885134126810802968e+02 8.364271675038217890e-02 2.362253403217587433e+01
1.890545424765232667e+02 8.640896847928951352e-02 2.393675838975030956e+01
1.887980818228143107e+02 7.528936449006333465e-02 2.382698187377156529e+01
1.882881633544442082e+02 6.052995559438013873e-02 2.324759772876173969e+01
1.877523658731892056e+02 5.914682972992647836e-02 2.310857538035961412e+01
1.878606500691562928e+02 7.643590303559728849e-02 2.337255223120040881e+01
1.879541384581786474e+02 9.734658222319284016e-02 2.316198951736187084e+01
1.882341850476814500e+02 1.086845745068064362e-01 2.388243430152143887e+01
1.882507279609812940e+02 1.088483657275969990e-01 2.360635509936667376e+01
1.872142025187449974e+02 9.192327291257187949e-02 2.304411443546625904e+01
1.857912025915410936e+02 7.505277717114362812e-02 2.200538691126155655e+01
1.849945766906893709e+02 7.630850986387129054e-02 2.185782922035378917e+01
1.853188105117565669e+02 8.875664264395428937e-02 2.194138094198151023e+01
1.858588483657275958e+02 1.111778408677294855e-01 2.256651743466550286e+01
1.868743539346291129e+02 1.164009609084953045e-01 2.293644900633325889e+01
1.876501419523913512e+02 1.058273276552376824e-01 2.329660770182718110e+01
1.879951226614253414e+02 9.408895683191380310e-02 2.388869476596054398e+01
1.883943364635655655e+02 8.892043386474485223e-02 2.421183664555579895e+01
1.880393826890878586e+02 8.952100167431026323e-02 2.386134163208852144e+01
1.878137693819611229e+02 9.199606901070102316e-02 2.374706995705030366e+01
1.874782521656839265e+02 9.383417048846182107e-02 2.350416757661789191e+01
1.870207286889422846e+02 9.601805343233602019e-02 2.333426148358448060e+01
1.868044878794496526e+02 6.515250782558054676e-02 2.302555143044332908e+01
1.868260537235204310e+02 5.539783067627575275e-02 2.354052922763339950e+01
1.869361578219407534e+02 7.032103079274951152e-02 2.346323797044478354e+01
1.862625391279027554e+02 1.002402271238261589e-01 2.267964257115818683e+01
1.853726250272985396e+02 1.443728616146174593e-01 2.216956031156729878e+01
1.849818191744922444e+02 1.702882725485913851e-01 2.200638785761083227e+01
1.850347965349057233e+02 1.440816772221008846e-01 2.212626483220499551e+01
1.856088301667030578e+02 1.377484166848657043e-01 2.224739753949188170e+01
1.865904673509499787e+02 1.149086408968479356e-01 2.308093106209507184e+01
1.874788891315425587e+02 1.043350076435902996e-01 2.332612651961854766e+01
1.881563842178059360e+02 1.184938487297080845e-01 2.386296134527189494e+01
1.882731673582295855e+02 1.232619931571667798e-01 2.446656839193419231e+01
1.879284778335881185e+02 1.210417121642280019e-01 2.423973575016379201e+01
1.876697423018126187e+02 1.109776515978743577e-01 2.379191235349785316e+01
1.874046553104753627e+02 1.082295988934993125e-01 2.330483366091577579e+01
1.873284559947586843e+02 9.834752857246852054e-02 2.357168595763267049e+01
1.873628339521001749e+02 9.543568464730289858e-02 2.364930479726286805e+01
1.875838611050447753e+02 9.983984858411588947e-02 2.394922472155492343e+01
1.874069665865909542e+02 9.563587391715804020e-02 2.366430079347746940e+01
1.861636638276188478e+02 7.996651379486059696e-02 2.333835626410424524e+01
1.850609667321831466e+02 6.107592633034869545e-02 2.225083715512848670e+01
1.846142716750382249e+02 5.243138967751328344e-02 2.172453956467933267e+01
1.851566026061003072e+02 5.370532139477324218e-02 2.247062677440489153e+01
1.860013103297663122e+02 7.186794787799373474e-02 2.285579092960617231e+01
1.871253730800029018e+02 7.454320448423965018e-02 2.353743539346291058e+01
1.875586736550920932e+02 5.547062677440488948e-02 2.405106646283759275e+01
1.878206850112833877e+02 4.291329984712819595e-02 2.408104025624226452e+01
1.878153344980709107e+02 3.670743248161898592e-02 2.415822231928368780e+01
1.875521584043095231e+02 4.436922180971099999e-02 2.352125646065371001e+01
1.874591431899250153e+02 5.439688432700007237e-02 2.333158622697823503e+01
1.871883963019582211e+02 6.560748343888767042e-02 2.344247288345344771e+01
1.867953155710853821e+02 4.651670670452064116e-02 2.356287762975904343e+01
1.863912790274441420e+02 3.197568610322486932e-02 2.298101841741282669e+01
1.862908568100749847e+02 2.587901288490936785e-02 2.296560384363398200e+01
1.858760828419596578e+02 2.753512411734731005e-02 2.264200698842542181e+01
1.850878102933682783e+02 5.194001601514158795e-02 2.170573997233748287e+01
1.845421125427677111e+02 6.498871660478998391e-02 2.177733493484749161e+01
1.843652908204120138e+02 7.334206886510882817e-02 2.152394991628448651e+01
1.848093288199752635e+02 6.426075562349857495e-02 2.197099075489553854e+01
1.855565443692217968e+02 5.217660333406129447e-02 2.253860013103297533e+01
1.863201390405474172e+02 4.551576035524496078e-02 2.276077382252311310e+01
1.873597765159787514e+02 4.436922180971099999e-02 2.339533740991482702e+01
1.876692327291257243e+02 4.651670670452064116e-02 2.360158695493921499e+01
1.875694110795661231e+02 4.786343451990972969e-02 2.327116546553104826e+01
1.871074834388876695e+02 4.611632816481036484e-02 2.284270583096746066e+01
1.866229890077891866e+02 4.091140714857683519e-02 2.266411880323214589e+01
1.866005678095654048e+02 3.705321394773240101e-02 2.259317900560530035e+01
1.867985731964766671e+02 3.335881196767852969e-02 2.296240081531630040e+01
1.871441726723447516e+02 3.920069884254204218e-02 2.288614690252602557e+01
1.871303778117492982e+02 5.097546771493047940e-02 2.283205940161607472e+01
1.859317718570284512e+02 5.153963747543131857e-02 2.181875591468297415e+01
1.847919851495959733e+02 4.739025988207032358e-02 2.135522675984567087e+01
1.842525478634345291e+02 4.067481982965712867e-02 2.139177040110650196e+01
1.845714857683628054e+02 3.779937395355609242e-02 2.124375773458542582e+01
1.852441217150760622e+02 4.562495450243866935e-02 2.141255368712236873e+01
1.864228725340321660e+02 4.833660915774914274e-02 2.240385455339593790e+01
1.872900560529955669e+02 4.409623644172672163e-02 2.288884035815680207e+01
1.874782339666593884e+02 3.650724321176385123e-02 2.370239135182354318e+01
1.874340285360704570e+02 2.915483730072068042e-02 2.359046735094998937e+01
1.870905037489990548e+02 3.102933682754604322e-02 2.344028900050957276e+01
1.868892407366965074e+02 3.051976414064206181e-02 2.321891606609885628e+01
1.870202737133289759e+02 3.455994758680934476e-02 2.297117274514086205e+01
1.868538982310548136e+02 3.450535051321249047e-02 2.253854553395937899e+01
1.867381342360049530e+02 2.911843925165611205e-02 2.264555579820921594e+01
1.867837045934337823e+02 2.879085681007497940e-02 2.257377884545388369e+01
1.866166011501783544e+02 3.108393390114289750e-02 2.263658367911479985e+01
1.855676639732110402e+02 2.700735240591104272e-02 2.165228943728616073e+01
1.848278190289000520e+02 2.966440998762466183e-02 2.099237460872097216e+01
1.848077091067918900e+02 3.113853097473975526e-02 2.073815243502948391e+01
1.849898267452864502e+02 2.846327436849385023e-02 2.086079566135255092e+01
1.854694802358593506e+02 2.902744412899468593e-02 2.144920652253039250e+01
1.865986023149159223e+02 2.915483730072068042e-02 2.212178787217005294e+01
1.874089866783140508e+02 3.075635145956176833e-02 2.260748343888767664e+01
1.880469352842687556e+02 2.948241974230181306e-02 2.281311421707796327e+01
1.879466404600713361e+02 3.421416612069592966e-02 2.265094270947077248e+01
1.875228943728616287e+02 3.497852515105190352e-02 2.263303486933100217e+01
1.865975103734439813e+02 2.997379340467350856e-02 2.241359103152070986e+01
1.862609922108175056e+02 3.403217587537307742e-02 2.188327145664992202e+01
1.865019836936740205e+02 3.914610176894518789e-02 2.216251728907330687e+01
1.869243648540438301e+02 3.769017980636237691e-02 2.257077600640605652e+01
1.874323724248380358e+02 3.337701099221081907e-02 2.297148212855790916e+01
1.871176930916502954e+02 3.203028317682172360e-02 2.196813350804396947e+01
1.854722282885637412e+02 3.212127829948314972e-02 2.086472665065152654e+01
1.841354371405692518e+02 3.408677294896993865e-02 2.028112033195020913e+01
1.838384108611778345e+02 3.980126665210744624e-02 2.062693819611268964e+01
1.843388658367911432e+02 4.404163936812986735e-02 2.119179951954575358e+01
1.855975831695421050e+02 4.493339157021183916e-02 2.168972483074907132e+01
1.865293004294969705e+02 3.756278663463638590e-02 2.219573050884472565e+01
1.874083315134308805e+02 4.102060129577054376e-02 2.251275751619713006e+01
1.875447150032758259e+02 4.879158477105627334e-02 2.234370677731673638e+01
1.870982383344252753e+02 6.693601222974449039e-02 2.229646210963092301e+01
1.865655892844143580e+02 7.457960253330421507e-02 2.211090485549974360e+01
1.882919305525223876e+02 2.300356700880832814e-02 2.832594452937322416e+01
1.904301521438450777e+02 5.436048627793550053e-02 3.030190361796607590e+01
1.925515032394263528e+02 8.187741137075052467e-02 3.021167285433500638e+01
1.941304142097983458e+02 1.514340831331440762e-01 2.967607556234985822e+01
1.955709761956759110e+02 1.954575234767416403e-01 2.928324961782048419e+01
1.959974703355900090e+02 1.614981436994977204e-01 2.857023003567008956e+01
1.957521656839193440e+02 8.175001819902452671e-02 2.779675329402343920e+01
1.958771019873334751e+02 3.092014268035233465e-02 2.397992647594088922e+01
1.963488207032103219e+02 4.449661498143699795e-02 2.105739972337482868e+01
1.968916066098857129e+02 5.952900924510446529e-02 1.872741501055543267e+01
1.965790019654946548e+02 9.143189925020019093e-02 2.019363762102351245e+01
1.966400778918250012e+02 1.211327072868894211e-01 2.196715076071922468e+01
1.964511720171798856e+02 8.761010409842032165e-02 2.356950207468879555e+01
1.958332423382106811e+02 3.075635145956176833e-02 2.430348693310038755e+01
1.950971099949042866e+02 1.805343233602678746e-02 2.533424328455994612e+01
1.943061439906821022e+02 2.007352405911043067e-02 2.562712018635800959e+01
1.932348948096382060e+02 1.717987915847710503e-02 2.514655674455849166e+01
1.922847783358811853e+02 2.032831040256242311e-02 2.519778699861687343e+01
1.921825544150833593e+02 2.467787726577855278e-02 2.538729344107155939e+01
1.923466732183154875e+02 2.376792603916430199e-02 2.577680716313605558e+01
1.923735531775496952e+02 2.025551430443328291e-02 2.584421635000364148e+01
1.929107337846691337e+02 1.927276697968988844e-02 2.547073596855208422e+01
1.932416648467642233e+02 2.247579529737206080e-02 2.509030355972919679e+01
1.934460034942127038e+02 2.354953774477688139e-02 2.277094707723665934e+01
1.944812914027808119e+02 2.722574070029846333e-02 1.967438305306835389e+01
1.959698078183009500e+02 3.579748125500473166e-02 1.785000363980490690e+01
1.976433537162407958e+02 1.030428769017980584e-01 1.623116400960908479e+01
1.990473174637839406e+02 1.568391934192327197e-01 1.429020164519181790e+01
2.000299373953556028e+02 2.314733930261337891e-01 1.192512921307417884e+01
2.001741282667248925e+02 3.178095654072941589e-01 9.256114872242847014e+00
1.989851677950061912e+02 1.995705030210380704e-01 1.039599257479799022e+01
1.978940998762466279e+02 1.070102642498362150e-01 1.163753002839047745e+01
1.968982128557909164e+02 4.660770182718206034e-02 1.326414064206158550e+01
1.961804615272621390e+02 2.180243138967751307e-02 1.444041639368129815e+01
1.955228761738370906e+02 2.273058164082405325e-02 1.590698478561549045e+01
1.952175511392589442e+02 3.097473975394918894e-02 1.773065443692217968e+01
1.947702373152798998e+02 3.421416612069592966e-02 1.897073596855208422e+01
1.937999927203901791e+02 3.001019145373808039e-02 1.969301885418941467e+01
1.924437650141952361e+02 2.307636310693746834e-02 2.038978670743248145e+01
1.915479180315934968e+02 2.223920797845235428e-02 2.134536288854917530e+01
1.924832204993812468e+02 2.402271238261629097e-02 1.906207687267962569e+01
1.939293695857901980e+02 3.434155929242192762e-02 1.702775351241173496e+01
1.957404637111450825e+02 6.484312440853169657e-02 1.573003567008808368e+01
1.975503385018562881e+02 1.411698332969352765e-01 1.374066390041493690e+01
1.991522166411880335e+02 2.017179879158477185e-01 1.182343306398776939e+01
2.000015287180607118e+02 2.335480818228143074e-01 9.480581640824052414e+00
2.000689561039528144e+02 2.393353716240809448e-01 7.131979325908130996e+00
1.997437577345854152e+02 2.258134963965931497e-01 5.066171653199388558e+00
1.995957996651379460e+02 2.514923200116473967e-01 4.119476596054451711e+00
1.995958178641624841e+02 2.895464803086554295e-01 3.584115891388221620e+00
2.000936703792676781e+02 3.139149741573851737e-01 3.113070539419087179e+00
1.995032940234403327e+02 2.407548955375991839e-01 3.576344907912935689e+00
1.989169578510591805e+02 1.697968988862197104e-01 4.019836936740190936e+00
1.971246997160952219e+02 6.393317318191744925e-02 4.770473902598820537e+00
1.947143845089903209e+02 5.308655456067554873e-02 5.895064424546844428e+00
1.934011246997160924e+02 5.770910679187595677e-02 7.175875373080002895e+00
1.930749799810730281e+02 5.159423454902817285e-02 9.226050083715513495e+00
1.932961527262138759e+02 4.518817791366382813e-02 1.111856664482783685e+01
1.938002111086845787e+02 4.777243939724831051e-02 1.361973138239790337e+01
1.944284050374899948e+02 6.333260537235203824e-02 1.604624372133653765e+01
1.948128776297590434e+02 8.579020164519181313e-02 1.758409769236368803e+01
1.947371150906311357e+02 1.171653199388512784e-01 1.929981073014486270e+01
1.944472774259299683e+02 1.109958506224066332e-01 2.055572541311785528e+01
1.940434956686321755e+02 1.005314115163427197e-01 2.133688214311712983e+01
1.934364854043823243e+02 8.620877920943437189e-02 2.251805343233602841e+01
1.930812586445366605e+02 8.153162990463710957e-02 2.272998107301448556e+01
1.927100713401761709e+02 9.871150906311421114e-02 2.238849457669068954e+01
1.925344143553905383e+02 1.211145082623571317e-01 2.235020382907476133e+01
1.924552667976996361e+02 1.170561257916575698e-01 2.243027953701681554e+01
1.920713947732401436e+02 8.595399286598238986e-02 2.209228725340321731e+01
1.906853024677877215e+02 6.205867365509208644e-02 2.129844580330494352e+01
1.892230472446676970e+02 4.227633398849821311e-02 2.075797117274514036e+01
1.885826053723520488e+02 2.549683336973138092e-02 2.087664701172017345e+01
1.886541457377884683e+02 2.438669287326199198e-02 2.106362378976486838e+01
1.894616546553104683e+02 2.799009973065443718e-02 2.194345563077818895e+01
1.903899141006042157e+02 2.316735822959889446e-02 2.270421125427677111e+01
1.912265050593288152e+02 2.322195530319574874e-02 2.368965203465094405e+01
1.916225886292494636e+02 2.380432408822887036e-02 2.412744776879959119e+01
1.912488534614544733e+02 2.540583824706995827e-02 2.452227560602751666e+01
1.905182536216058793e+02 2.569702263958651908e-02 2.433413409041275344e+01
1.900277899104607968e+02 2.567882361505423316e-02 2.417915119749581265e+01
1.899267307272330072e+02 2.382252311276115628e-02 2.433635437140569380e+01
1.899808728252165793e+02 2.160224211982237838e-02 2.486778408677295005e+01
1.901131615345417458e+02 2.324015432772803466e-02 2.533639076945475566e+01
1.903107119458396994e+02 2.624299337555506886e-02 2.582124918104389621e+01
1.899664773968115412e+02 2.309456213146975426e-02 2.638019582150396758e+01
1.884233821067190888e+02 2.324015432772803466e-02 2.593817791366382863e+01
1.873904054742665721e+02 2.877265778554269349e-02 2.549572322923491186e+01
1.871798063623789687e+02 3.042876901798063569e-02 2.801363106937468217e+01
1.874979981073014415e+02 2.504185775642425726e-02 3.579589793987042157e+01
1.878477469607628905e+02 2.036470845162699148e-02 3.534372497634127086e+01
1.891353097473975424e+02 2.393171725995486485e-02 3.442680352333115223e+01
1.900994758680934638e+02 2.471427531484312462e-02 3.371387493630341226e+01
1.906527626119240040e+02 3.073815243502948241e-02 3.314235276989153078e+01
1.906208779209434283e+02 4.731746378394117991e-02 3.179491519254568033e+01
1.898025951808982938e+02 4.426002766251729142e-02 3.023098201936376128e+01
1.893499854407803866e+02 2.930042949697896082e-02 2.862368057072140815e+01
1.892642680352333002e+02 2.937322559510810102e-02 2.790614763048700553e+01
1.893756278663463775e+02 3.135691926912717586e-02 2.755068428332241481e+01
1.895988207032103219e+02 3.690762175147412061e-02 2.720739608356992179e+01
1.898954830021110922e+02 3.583387930406930350e-02 2.694826017325471312e+01
1.897994649486787466e+02 3.932809201426803319e-02 2.668488389022348528e+01
1.885196367474703436e+02 4.586154182135837587e-02 2.507616291766761307e+01
1.872860886656475259e+02 4.196695057144936986e-02 2.474581422435757361e+01
1.868213401761665580e+02 3.545169978889131657e-02 2.456897430297735951e+01
1.868614326272111725e+02 3.465094270947077087e-02 2.399222901652471407e+01
1.875896483948460229e+02 3.769017980636237691e-02 2.471866127975540550e+01
1.888961199679697245e+02 4.347746960762902818e-02 2.481211327072868755e+01
1.899816735822959970e+02 6.446094489335371658e-02 2.561108684574506711e+01
1.907704375045497613e+02 1.058637257043022473e-01 2.548007206813714731e+01
1.913313860377083699e+02 2.040838611050447560e-01 2.508735531775496952e+01
1.914861869403800085e+02 2.349312076872679678e-01 2.444107155856445956e+01
1.908970845162699277e+02 3.089284414355390473e-01 2.393588483657276100e+01
1.909907184974885297e+02 3.877120186358011256e-01 2.395841522894372844e+01
1.908361177840867811e+02 3.891133435247870476e-01 2.368000655164883028e+01
1.903957195894300014e+02 3.101295770546698694e-01 2.355181262284341415e+01
1.903869294605809159e+02 2.392443765014195256e-01 2.385176894518453850e+01
1.901244813278008223e+02 2.020637693819611336e-01 2.383824706995704901e+01
1.891522712382616191e+02 2.228834534468952522e-01 2.310795661352551633e+01
1.876898522239208091e+02 2.177877265778554172e-01 2.258451626992793138e+01
1.868501492320011721e+02 1.362742956977505970e-01 2.204968333697313909e+01
1.866475940889568221e+02 8.619058018490208251e-02 2.201956395137220568e+01
1.876315061512702869e+02 8.455266797699642622e-02 2.254638931353279574e+01
1.887671980781830143e+02 8.993957923855280812e-02 2.341855936521802306e+01
1.902506005678095562e+02 9.847492174419450461e-02 2.374377593360995675e+01
1.909440379995632213e+02 9.969425638785761601e-02 2.406103952828128456e+01
1.908391570211836665e+02 1.012411734731018392e-01 2.454016524714275249e+01
1.903587573706049341e+02 8.757370604935575675e-02 2.378146611341632166e+01
1.898781393317318305e+02 6.981145810584553357e-02 2.342896920725049270e+01
1.895784013976850702e+02 6.244085317027007337e-02 2.331003858193200884e+01
1.892905656256824614e+02 6.302322195530320192e-02 2.298081822814297226e+01
1.894892807745504797e+02 6.542549319356481818e-02 2.281487952245759487e+01
1.898444165392734817e+02 5.830967460144136083e-02 2.331664482783722647e+01
1.901755295916138948e+02 6.214966877775351256e-02 2.304473320230035682e+01
1.893393572104535281e+02 6.833733711873044014e-02 2.249013612870350087e+01
1.876796607701827213e+02 5.985659168668559099e-02 2.163403581568027789e+01
1.870297554051102793e+02 5.194001601514158795e-02 2.078492392807745404e+01
1.869983074907185028e+02 5.146684137730217490e-02 2.075447696003494258e+01
1.876924546844289239e+02 4.880978379558855579e-02 2.164322632306908289e+01
1.885618220863361785e+02 4.607993011574579301e-02 2.231049355754531405e+01
1.896303050156511745e+02 4.791803159350659091e-02 2.237419014340831325e+01
1.902692363689306205e+02 5.765450971827910248e-02 2.315370896119967981e+01
1.904471136347091829e+02 5.750891752202082208e-02 2.299288418140787726e+01
1.900523221955303086e+02 5.117565698478561409e-02 2.244969789619276312e+01
1.897980090267161586e+02 5.341413700225668137e-02 2.258444347382980411e+01
1.892929314988716669e+02 4.626192036106864525e-02 2.224677877265778392e+01
1.893404309529009311e+02 4.649850767998835177e-02 2.185209652762612009e+01
1.892295442964257006e+02 4.755405110286088644e-02 2.177567882361505269e+01
1.894215804032903918e+02 4.791803159350659091e-02 2.239559219625828135e+01
1.896987697459416040e+02 4.820921598602315172e-02 2.235335226031884659e+01
1.910679733566280731e+02 5.284996724175584221e-02 2.853388658367911646e+01
1.915847164591977787e+02 5.951081022057217590e-02 2.977072868894227398e+01
1.921305962000436693e+02 7.818300939069665334e-02 2.890594744121715109e+01
1.936947113634709297e+02 1.145264613816699417e-01 2.794911552740773075e+01
1.955134308801048348e+02 1.600240227123826131e-01 2.782960253330421452e+01
1.975472264686612789e+02 2.568064351750746210e-01 2.844147193710417199e+01
1.994438378102933598e+02 3.455994758680934753e-01 2.909456213146975401e+01
2.005731600786197930e+02 4.405983839266215396e-01 2.698012666521074365e+01
2.011216786780228460e+02 5.432590813132416319e-01 2.377107447040838650e+01
2.011303232146756841e+02 5.184174128266725301e-01 2.048465822231928257e+01
2.008137329839120753e+02 4.934665501929096365e-01 1.733387930406930266e+01
2.007157494358302472e+02 4.554123898959016037e-01 1.391180752711654733e+01
2.007885091359103171e+02 4.497706922908932259e-01 1.080456067554779054e+01
2.008769017980636136e+02 4.753949188323505770e-01 8.208961199679697174e+00
2.012242665793113474e+02 5.664264395428405541e-01 6.580057508917522391e+00
2.016109412535488161e+02 6.016597510373443702e-01 5.202009172308364349e+00
2.010603479653490524e+02 4.539746669578510474e-01 4.059510810220571919e+00
1.999057654509718418e+02 3.032685448059984079e-01 2.720608575380359717e+00
1.993278736259736377e+02 2.577891824998180259e-01 2.304214894081677123e+00
1.992158586299774470e+02 3.244522093615782032e-01 1.909168668559365178e+00
1.999893717696731414e+02 3.192654873698769769e-01 1.732729125718861507e+00
2.013089284414355404e+02 3.736623716968770492e-01 1.656729999272039011e+00
2.024582878357720119e+02 4.850222028099294147e-01 1.555161243357356060e+00
2.035178714420906942e+02 4.950862633762830312e-01 1.459052194802358704e+00
2.040421307417922492e+02 4.916102496906165631e-01 1.184592705830967541e+00
2.040432772803377759e+02 4.426912717478342918e-01 9.884254203974667252e-01
2.036073924437650078e+02 4.106609885710125751e-01 7.586081386037708540e-01
2.033253985586372607e+02 3.617966077018271998e-01 5.765632962073232726e-01
2.033502948241974195e+02 3.253257625391279273e-01 4.902271238261629027e-01
2.033834716459197693e+02 3.451626992793186410e-01 4.233093106209507295e-01
2.024976705248598705e+02 3.158076727087428259e-01 5.642607556234985333e-01
2.013367729489699229e+02 2.420652253039237145e-01 7.301994613088738095e-01
1.994102060129577012e+02 9.745577637038654872e-02 8.420324670597656436e-01
1.972002620659532681e+02 4.755405110286088644e-02 8.020856082113998475e-01
1.958419050738880287e+02 4.449661498143699795e-02 9.526643371915265446e-01
1.952314551940015974e+02 4.418723156438814775e-02 1.274659678241246263e+00
1.953740809492611277e+02 4.264031447914391759e-02 2.086681953847273618e+00
1.961127611560020512e+02 4.183955739972337190e-02 3.163481837373516736e+00
1.966732729125718890e+02 4.615272621387493668e-02 5.402489626556016944e+00
1.969154655310475448e+02 5.689015068792312863e-02 7.799956322341122572e+00
1.968194474776151992e+02 5.406930188541893972e-02 9.998107301448643014e+00
1.962281065734876506e+02 4.693528426876319298e-02 1.143435611851204747e+01
1.958981400596927926e+02 4.307709106791875880e-02 1.332969352842687627e+01
1.954484057654509854e+02 4.162116910533595476e-02 1.489204338647448544e+01
1.952914391788600028e+02 4.147557690907767436e-02 1.645512120550338508e+01
1.953776115600203696e+02 4.919196331076654272e-02 1.814022348402125573e+01
1.954573778845453944e+02 5.255878284923928140e-02 1.984561767489262607e+01
1.957022093615782126e+02 5.257698187377156385e-02 2.101719807818301078e+01
1.949162844871515006e+02 4.693528426876319298e-02 2.238749363034141382e+01
1.936024969061658396e+02 3.951008225959088543e-02 2.189426366746742403e+01
1.925958178641624841e+02 5.181262284341558999e-02 2.084700080075707973e+01
1.921651925456795595e+02 7.161316153454175271e-02 2.101250272985367928e+01
1.922025369440198119e+02 1.007134017616655719e-01 2.153397757880177465e+01
1.929701717987915970e+02 1.296134527189342633e-01 2.226082841959670944e+01
1.938561003130232336e+02 1.436085025842614715e-01 2.303126592414646723e+01
1.945550884472592372e+02 1.664300793477469509e-01 2.388671107228652701e+01
1.946522712382616191e+02 1.810074979981073084e-01 2.436709252384072144e+01
1.941056817354589725e+02 1.893244522093615878e-01 2.415378175729780708e+01
1.932405911043168203e+02 1.934010337045934391e-01 2.404300429496979064e+01
1.927589175220208233e+02 2.199898085462619335e-01 2.412009536288854861e+01
1.941887966804979158e+02 2.490172526752565951e-01 2.407356045715949477e+01
1.957352223920797769e+02 3.077091067918759637e-01 2.458890223484021220e+01
1.974180133944820454e+02 3.755186721991701226e-01 2.571127247579529751e+01
1.989765960544514769e+02 5.185266069738662109e-01 2.438989590157967413e+01
1.992149122807017534e+02 4.774514086044988059e-01 2.142449224721555012e+01
1.988252711654655229e+02 3.226505059328819702e-01 1.727171143626701522e+01
1.979651124699716149e+02 2.978088374463128685e-01 1.443493848729708162e+01
1.981722537671980717e+02 3.274004513358084179e-01 1.182072140933246018e+01
1.986925820776006333e+02 3.815607483438887559e-01 9.189488243430151471e+00
1.996717805925602249e+02 5.281538909514450486e-01 7.617838683846545500e+00
2.010853716240809490e+02 7.041020601295771009e-01 6.285597291985149937e+00
2.019558127684356066e+02 8.506042076144718633e-01 5.557727305816408503e+00
2.024355390551066591e+02 8.979580694474775804e-01 4.637875809856591758e+00
2.024751765305379649e+02 9.061476304870058618e-01 3.871296498507680095e+00
2.020894664046006994e+02 7.638858557181334996e-01 3.289783067627574997e+00
2.020199097328383289e+02 6.853570648613234173e-01 2.624208342432845509e+00
2.021327254859139657e+02 6.752020091723083262e-01 2.073724248380286905e+00
2.022508917522020795e+02 6.929460580912862877e-01 1.852642498362087720e+00
2.027329839120623092e+02 7.124372133653635863e-01 1.440871369294605797e+00
2.033122224648758731e+02 6.725995486641915821e-01 1.313369003421416714e+00
2.031775678823615010e+02 5.528499672417558353e-01 9.214348110941253944e-01
2.021534541748562219e+02 3.721154546116328121e-01 6.574033631797335797e-01
2.015232765523767853e+02 2.791730363252529767e-01 4.758680934701899901e-01
2.015204921016233470e+02 2.634490791293586653e-01 4.442563878576108460e-01
2.020121387493630323e+02 2.878539710271529328e-01 3.890587464511902072e-01
2.029344835116837658e+02 3.990318118948824599e-01 3.897503093834170373e-01
2.040662080512484522e+02 5.428951008225959551e-01 4.786889422726942067e-01
2.050923054524277518e+02 5.858811967678532184e-01 4.506988425420397348e-01
2.056507061221518597e+02 5.848074543204484499e-01 3.812149668777753408e-01
2.056685229671689683e+02 5.312295260974011502e-01 3.437249763412680847e-01
2.052848511319793374e+02 4.989262575525951759e-01 3.044696804251292299e-01
2.035978925529591663e+02 4.359394336463565667e-01 3.549901725267525787e-01
2.023080184902089229e+02 3.423964475504113203e-01 4.781975686103224765e-01
2.012642134381597145e+02 2.826126519618548660e-01 6.244449297517653541e-01
2.003340430952900988e+02 2.879449661498143520e-01 7.356409696440270318e-01
1.996807709106792004e+02 2.609558127684356021e-01 1.003512411734730936e+00
1.984525733420688596e+02 1.660115017835044060e-01 1.130195821503967357e+00
1.966387311640096129e+02 1.355463347164591881e-01 1.229708087646502079e+00
1.954679879158477149e+02 1.274113707505277748e-01 1.548300211108684543e+00
1.952724757952973675e+02 1.274841668486569046e-01 2.233438887675620599e+00
1.953836536361650928e+02 1.339994176312149787e-01 3.843706777316735934e+00
1.960819502074688785e+02 1.394955230399650692e-01 5.643681298682390768e+00
1.967272876173836949e+02 1.520710489917740382e-01 8.371969862415374664e+00
1.973846909805634482e+02 1.752930042949698008e-01 1.094021620441144371e+01
1.974267489262575452e+02 2.001164737570066132e-01 1.308313314406347772e+01
1.971542185338865920e+02 1.902526024605081245e-01 1.462631942927859008e+01
1.966779864599257621e+02 1.773676930916502914e-01 1.611596418431972211e+01
1.962995741428259464e+02 1.669760500837155215e-01 1.718857829220353750e+01
1.959575962728397656e+02 1.703428696221882532e-01 1.896585862997743277e+01
1.958412681080293964e+02 1.748562277061949388e-01 2.021840649341195473e+01
1.970428405037490052e+02 1.964220717769527558e-01 1.836931280483366180e+01
1.983080184902089229e+02 2.491264468224503037e-01 1.675089175220208304e+01
1.986493229962873954e+02 2.489080585280628866e-01 1.365472810657348823e+01
1.984161752930043008e+02 2.074870786925820665e-01 1.082121278299483080e+01
1.981899796170925185e+02 2.008626337628303116e-01 8.175693382834680278e+00
1.984896811530902028e+02 2.638312586445366592e-01 6.632798282012084101e+00
1.993435247870714022e+02 3.831986605517944122e-01 4.879595253694401613e+00
2.003467460144136396e+02 5.335044041639368517e-01 4.443037053213947374e+00
2.017532940234403327e+02 7.044478415956905160e-01 4.136401688869476345e+00
2.028920615854990217e+02 8.570648613234330693e-01 3.831276843561185252e+00
2.034315534687340801e+02 8.841814078765378726e-01 3.542585717405546841e+00
2.021451918177185689e+02 7.535488097837955701e-01 3.747688723884399664e+00
2.005708124044551255e+02 5.745614035087719396e-01 4.076872679624371720e+00
1.992534396156366086e+02 4.605627138385382513e-01 4.441053359539928636e+00
1.983447077236660050e+02 3.724612360777462272e-01 5.764759408895683279e+00
1.979105881924728862e+02 3.269818737715658452e-01 7.231455194001601861e+00
1.976132707286889456e+02 3.083642716750382151e-01 9.201772584989445392e+00
1.973815607483439010e+02 3.070721409332459739e-01 1.126042804105699879e+01
1.966500509572686894e+02 2.983002111086845987e-01 1.285004003785397053e+01
1.951939106063914835e+02 2.957341486496323779e-01 1.344585790201645104e+01
1.940990936885782787e+02 2.784996724175584082e-01 1.471791511974958055e+01
1.936355645337409896e+02 2.726941835917595092e-01 1.624972701463201474e+01
1.938078728980126755e+02 2.857610832059401806e-01 1.779273130960180538e+01
1.943696585862997779e+02 3.077455048409405425e-01 1.945543058892043220e+01
1.952172053577928352e+02 3.490572905292276262e-01 2.172867074324816272e+01
1.957376610613671062e+02 3.770837883089466214e-01 2.236609157749144572e+01
1.959906820994394820e+02 3.846909805634418089e-01 2.309112251583315256e+01
1.956188214311712841e+02 3.625245686831186087e-01 2.278223047244667754e+01
1.949205612579165745e+02 3.479835480818228022e-01 2.216830457887457229e+01
1.941524896265560187e+02 3.660733784669141788e-01 2.226377666157094026e+01
1.938277098347528522e+02 3.739171580403290451e-01 2.223999053650724278e+01
1.936885782922035446e+02 3.659095872461236021e-01 2.231999344835116972e+01
1.937729125718861383e+02 3.452354953774477431e-01 2.218639440925966255e+01
1.938888039601077367e+02 3.415410933973939134e-01 2.271687777535123942e+01
1.936575125573269247e+02 3.534614544660406033e-01 2.263609230545242923e+01
1.923619058018490193e+02 3.627065589284414471e-01 2.260195093542986200e+01
1.909752129285870410e+02 3.684574506806435057e-01 2.183371551284851009e+01
1.901637730217660192e+02 3.483111305234039556e-01 2.173076363106937592e+01
1.904005423309310743e+02 3.267270874281138493e-01 2.213407221372934330e+01
1.909872788818519211e+02 3.432881997524932505e-01 2.303872752420470249e+01
1.916161825726141217e+02 3.675838975030938371e-01 2.380672635946713100e+01
1.944573414864963183e+02 4.415811312513649445e-01 2.428239426366746656e+01
1.966679405983839217e+02 5.373989954138458369e-01 2.503821795151779739e+01
1.980809674601441372e+02 5.480090267161680240e-01 2.536661934920288175e+01
1.991881233165902358e+02 5.668814151561476500e-01 2.586893062531848386e+01
1.995819138094198024e+02 5.822595908859284908e-01 2.372159132270510185e+01
1.997728943728616287e+02 5.877556962946786090e-01 2.022231928368639586e+01
2.002843051612433669e+02 6.201499599621460579e-01 1.725027298536798526e+01
2.008560639149741576e+02 6.743830530683555535e-01 1.490711217878721762e+01
2.014521911625536745e+02 7.409368857829220500e-01 1.261294314624736046e+01
2.004846946203683444e+02 5.621860668268180428e-01 1.357374244740481828e+01
1.983328601586954960e+02 4.245650433136783919e-01 1.388880396010773843e+01
1.963148067263594783e+02 3.481291402780811173e-01 1.504993812331658987e+01
1.952523294751401295e+02 3.256897430297736040e-01 1.599807090339957760e+01
1.949747761519982419e+02 3.179551576035524740e-01 1.716877775351241198e+01
1.953857101259372371e+02 2.929860959452573188e-01 1.924852587901288459e+01
1.958813059620004253e+02 2.994285506296862631e-01 2.098733347892552814e+01
1.963340794933391464e+02 3.363543714056926315e-01 2.292904200334861997e+01
1.965312295260974054e+02 3.800684283322414148e-01 2.352242119822377475e+01
1.961901070102642564e+02 3.656184028536070274e-01 2.352815389095144383e+01
1.956604789983256865e+02 3.014850404018344365e-01 2.300405838247069923e+01
1.949681881051175765e+02 2.635946713256169249e-01 2.283822887093251808e+01
1.944118439251656127e+02 2.692181699060930411e-01 2.245814224357574318e+01
1.940519218169906139e+02 3.059438014122443095e-01 2.244647666885055060e+01
1.938436339812186020e+02 3.545715949625100061e-01 2.254029264031447966e+01
1.939266943291839596e+02 3.530428769017980861e-01 2.285213292567518550e+01
1.936692509281502623e+02 3.136965858629977566e-01 2.302078328601587032e+01
1.922560784741937709e+02 2.761156002038290813e-01 2.192474703355900090e+01
1.910785651889058840e+02 2.708560821139986974e-01 2.180406930188541992e+01
1.903723338429060163e+02 2.912207905656256646e-01 2.189362670160879532e+01
1.904306435175074625e+02 3.331695421125427936e-01 2.238696585862997779e+01
1.909266215330858358e+02 3.545897939870422677e-01 2.302740773094562243e+01
1.920596564024168345e+02 3.504222173691490250e-01 2.397259226905437757e+01
1.929267307272330072e+02 3.381742738589211816e-01 2.469991628448715204e+01
1.933811603698041779e+02 3.337155128485113087e-01 2.520357428841814240e+01
1.930839157021183610e+02 3.870204557035742954e-01 2.515081531629904532e+01
1.925570539419087197e+02 4.033267816845017006e-01 2.526636092305452408e+01
1.920571085389823054e+02 3.972119094416539098e-01 2.535908495304651566e+01
1.919339557399723333e+02 3.552267598456722575e-01 2.547648686030428777e+01
1.919035997670524978e+02 3.214311712892188866e-01 2.526690689379049459e+01
1.935685193273640436e+02 3.408859285142316620e-01 2.502778991046080037e+01
1.956335262429933834e+02 4.194875154691708463e-01 2.466835917594816863e+01
1.971134345199097311e+02 5.211108684574506933e-01 2.531396957123098090e+01
1.972563878576108323e+02 5.016743102569701795e-01 2.493563005022930668e+01
1.971505423309310743e+02 3.973575016379122249e-01 2.438525515032394253e+01
1.973258717332751075e+02 3.829620732328747335e-01 2.104811822086336193e+01
1.979284414355390425e+02 3.864926839921380419e-01 1.815177986459925918e+01
1.988023767926039227e+02 4.889167940598383999e-01 1.601634272402999315e+01
2.001920725049137388e+02 6.766943291839557784e-01 1.465165247142753202e+01
2.010850804396884257e+02 8.759372497634126953e-01 1.209496251000946287e+01
2.019432736405328797e+02 1.024168304578874533e+00 9.835480818228143463e+00
2.021242447404819131e+02 1.053213947732401623e+00 7.888257989371769696e+00
2.021340176166557399e+02 9.850949989080585167e-01 6.136674674237460714e+00
2.016912535488097831e+02 9.621278299483148055e-01 4.918067991555652441e+00
2.014002875445875986e+02 9.593615782194074848e-01 3.993502948241974160e+00
2.016712528208487925e+02 9.684792895100822196e-01 3.590066972410278723e+00
2.019764322632306914e+02 9.837300720681371180e-01 3.171416612069593022e+00
2.023985222392079777e+02 1.011156002038290813e+00 2.838010482638130494e+00
2.029993630341413677e+02 9.769600349421271313e-01 2.281939288054160464e+00
2.025290820412025994e+02 7.946422071776952922e-01 1.605718133508043932e+00
2.012014814005969185e+02 6.026606973866200923e-01 1.166502875445876164e+00
2.006591868675838839e+02 5.660806580767271390e-01 9.413445439324452657e-01
2.006842651233893946e+02 6.032430661716532416e-01 8.491846837009536797e-01
2.014169942491082566e+02 6.588956831913809209e-01 8.745905219480235582e-01
2.025778190289000520e+02 7.301630632598092863e-01 7.656693601222974710e-01
2.036946749654218536e+02 8.204302249399432201e-01 8.324415811312513291e-01
2.043481473393026135e+02 9.658768290019654756e-01 8.255805488825799232e-01
2.045793477469607637e+02 9.977433209579966711e-01 8.033777389531920887e-01
2.043176457741865022e+02 9.553031957487079229e-01 7.035196913445439515e-01
2.040487915847710667e+02 8.653090194365582466e-01 6.386947659605445304e-01
2.026360377083788364e+02 6.831185848438523500e-01 6.912535488097838465e-01
