1.975224041540171527e+02 1.389837256756084161e+00 2.693996250767265721e+01
1.993480482423397859e+02 1.169561538844373673e-02 2.196803198460492013e+01
2.000084606579405886e+02 3.645879991373446871e-01 2.375019492692313960e+01
2.005930423530582800e+02 7.043514325055159730e+00 3.002277741833806246e+01
2.011382405149388717e+02 8.219562368320643131e+00 3.123457588878382296e+01
2.000593905008377646e+02 6.975779292954428890e+00 2.964237960151960039e+01
2.000876590520745140e+02 7.258099835763698771e+00 2.976748121236251521e+01
2.013575374508535276e+02 8.925430083445313301e+00 3.171985268501468269e+01
2.013079347699862183e+02 8.612518455846977616e+00 3.117712636241477142e+01
2.011003334494600097e+02 8.522055773984305915e+00 3.109552248710164335e+01
2.010844738632027600e+02 8.661424376648584555e+00 3.130843245574743960e+01
2.013270624927420727e+02 8.924501070024387417e+00 3.173163124802999491e+01
2.017486852801141310e+02 9.213225169627897060e+00 3.183773785232004627e+01
2.018938768061845792e+02 9.907977902752202581e+00 3.233578858308863602e+01
2.022342606878017079e+02 1.008983227989847187e+01 3.273843295343320392e+01
2.018255445511703954e+02 9.472983957928963861e+00 3.217395776306840105e+01
2.008244164634449760e+02 7.765390932165431082e+00 3.066742978483385684e+01
2.000713515486321796e+02 6.989648136166824344e+00 2.988332586804691360e+01
1.998151926873372020e+02 6.761094245093647537e+00 2.987810016755420506e+01
1.999552912291179325e+02 6.909470960035833720e+00 2.984619851026062065e+01
2.003297168168018629e+02 7.701206058494666884e+00 3.068970951741070863e+01
2.008903764163307244e+02 8.230843245574744671e+00 3.100033179050747378e+01
2.015608918528840832e+02 9.109839247499129655e+00 3.193316080226944820e+01
2.018712486935748700e+02 9.434546027638148757e+00 3.219904112543340347e+01
2.018929643822890228e+02 9.234526120207700473e+00 3.206582723668275747e+01
2.015870369448730060e+02 8.892483286053186831e+00 3.189099022876955658e+01
2.012511156455813932e+02 8.640621111829990042e+00 3.227278156571940571e+01
2.010631729126229743e+02 7.901325503077356593e+00 3.186338525854775128e+01
2.011054098442243685e+02 7.940924700144329051e+00 3.151535360573333833e+01
2.010191111332304672e+02 8.171087775178751400e+00 3.158497984372667133e+01
2.014764843477828151e+02 8.371854211251015698e+00 3.190311717181771556e+01
2.016049702218019490e+02 8.661888883359047497e+00 3.295867549229416227e+01
2.017726073757029894e+02 8.673037044410159879e+00 3.285560477114749744e+01
2.015898073956104213e+02 8.129514424592311883e+00 3.236652897360606573e+01
2.004414638597189651e+02 6.814728180626752341e+00 3.130363808291444627e+01
1.997670167056520540e+02 5.892616002256175101e+00 3.102123459247830795e+01
1.991385225368702265e+02 5.617030806748618765e+00 3.033907330911262790e+01
1.992797657559017352e+02 5.746395925612568512e+00 3.101124769820335558e+01
1.994517825445014125e+02 6.054629307055525267e+00 3.111693956435906472e+01
1.999950563214386534e+02 6.931087111597737049e+00 3.287305695184060994e+01
2.004995769671029677e+02 7.276547387979229953e+00 3.337064317589873497e+01
2.011304268484878719e+02 7.458020206041904743e+00 3.344667297068630774e+01
2.010619784667960630e+02 7.224588994508867046e+00 3.408208497154896577e+01
2.007430614310124497e+02 6.851921896514540755e+00 3.300018248477910987e+01
2.002374458766734620e+02 6.493024104580367606e+00 3.257058013570231481e+01
1.999620763449957792e+02 6.340931335954478776e+00 3.254043696809834074e+01
1.998499809220458303e+02 6.324457937258414653e+00 3.217204996765042324e+01
2.000044957613762620e+02 6.378556379501982398e+00 3.280220308896962678e+01
2.001545977869573107e+02 6.706083378954527774e+00 3.263595945519998764e+01
2.004441845418802473e+02 6.912208231722490659e+00 3.270609996847990431e+01
2.008865608254947688e+02 7.187196204316594894e+00 3.272678710662088264e+01
2.008638497652582089e+02 6.808357802883259424e+00 3.231284526949684022e+01
1.999374740788666145e+02 5.852004844141409201e+00 3.181807926475223525e+01
1.991034854592810177e+02 5.140513279915061240e+00 3.076172464705784648e+01
1.986323595281938879e+02 4.800992053617346045e+00 2.983405497768708869e+01
1.984921780387863066e+02 5.044824897559680998e+00 2.998055707626204835e+01
1.987992335639277428e+02 5.515204300004977078e+00 3.046108926823603724e+01
1.995235156522171849e+02 6.430962690157434380e+00 3.124922443968878127e+01
2.003016971084457225e+02 6.997859951226795161e+00 3.221388875064284463e+01
2.007740340748851224e+02 7.446706149737056357e+00 3.228646792415268862e+01
2.010161416081885761e+02 7.532756017850329222e+00 3.250875097463461572e+01
2.009127390965344375e+02 7.404436039084921539e+00 3.228626884984820578e+01
2.007138472768293980e+02 7.007680950248013296e+00 3.176982033544020467e+01
2.003536057333399754e+02 6.800345062127772344e+00 3.165228354816768785e+01
2.001608520380231937e+02 6.630518090877419723e+00 3.099591897675807672e+01
2.001957232203586727e+02 6.789843892566233663e+00 3.138739859652615394e+01
2.002557938917367437e+02 7.221154962756515694e+00 3.136153552646858600e+01
2.006274987972594204e+02 7.969126893279582902e+00 3.196388460326150138e+01
2.008151097397103513e+02 7.785431078816834827e+00 3.202694138920685418e+01
2.007425637452512603e+02 7.610743376631994295e+00 3.165526966273494835e+01
2.000696262379933330e+02 6.696892781897509472e+00 3.100721644353755124e+01
1.991593092121634356e+02 5.815375172116326041e+00 2.976124355082201234e+01
1.984393404004711385e+02 5.459281009970304410e+00 2.908862124454619291e+01
1.987067801390202249e+02 5.557076262048142645e+00 2.957268700542477546e+01
1.989945420461520484e+02 5.818328107632840585e+00 2.960679506959305840e+01
1.997137809187279061e+02 6.407189900296952345e+00 3.033160802269447132e+01
2.000548615604107567e+02 7.415186051527065558e+00 3.144229333598765663e+01
2.006130824997096909e+02 7.831732444134773097e+00 3.196217588214800998e+01
2.007209310041639583e+02 7.946482191144511376e+00 3.227750958045090357e+01
2.005624844473199744e+02 7.694304815939215558e+00 3.145141757494318213e+01
2.002082151329650515e+02 7.470561887224406838e+00 3.189900296952504277e+01
2.001779724282088182e+02 6.755669470296455259e+00 3.155880157268700614e+01
1.997335888120240952e+02 6.754292539690439412e+00 3.086328572139550985e+01
2.000161084291378302e+02 6.884653030076809621e+00 3.063761840773735301e+01
2.001695781283697499e+02 7.121534862887572537e+00 3.131370792481627063e+01
2.003845617876872609e+02 7.444715406692214543e+00 3.181864330861494139e+01
2.005656530466663412e+02 7.775344647389638375e+00 3.145213092453424863e+01
2.004636938237196944e+02 7.647024668624230692e+00 3.166328240349043455e+01
2.001734103087310643e+02 6.781963868013735741e+00 3.093976343336817081e+01
1.988731896680436080e+02 5.762139385192189600e+00 3.029708522039184615e+01
1.983695150881733298e+02 5.380381227293087321e+00 3.008613281574014309e+01
1.983810116292572729e+02 5.422435674115363646e+00 2.982917765722722692e+01
1.986164169943097875e+02 5.753811443454602603e+00 3.005537583569734039e+01
1.990645332537036154e+02 6.197050382388559875e+00 3.078315831384064083e+01
1.998499809220458303e+02 7.255097131671062627e+00 3.207362431360838428e+01
2.003577697042087493e+02 7.706647422817233029e+00 3.288480233580516909e+01
2.006562484447320003e+02 7.890791154465071067e+00 3.312110353522785999e+01
2.006238822807279405e+02 7.742414439522884884e+00 3.322502032216858225e+01
2.002996731863501338e+02 7.430780205378324510e+00 3.305127822293004414e+01
2.001175036082217673e+02 6.581379916720582202e+00 3.267315317108777606e+01
2.000599379551751156e+02 6.610959040461852787e+00 3.208676321770434470e+01
1.999903283067071413e+02 6.767547570464008899e+00 3.198694404353091514e+01
2.001079314520811465e+02 6.925430083445312412e+00 3.208371074503558162e+01
2.003315914331691090e+02 7.193898372567560706e+00 3.246006071766286993e+01
2.005682907812007443e+02 7.490203885266842221e+00 3.280245193185022856e+01
2.007372053285555467e+02 7.483733970371107880e+00 3.261107516713946808e+01
2.001856201994060882e+02 6.621294314769654576e+00 3.195769671029711745e+01
1.992580998357636872e+02 5.677018530499842619e+00 3.072934189352842438e+01
1.986901076660196850e+02 5.220657276995305018e+00 3.052203918445893294e+01
1.985558320476451115e+02 5.227658056702997769e+00 3.068561190464340882e+01
1.988251464025614155e+02 5.594137261732941901e+00 3.138194064267821304e+01
1.992938170838932308e+02 6.025498100499344645e+00 3.179201712039018446e+01
2.001688813683040564e+02 7.011977637319795953e+00 3.325896249108313185e+01
2.006167819638680214e+02 7.446473896381824886e+00 3.386564143399857585e+01
2.010437133993596319e+02 7.680850710861162334e+00 3.404679905107914806e+01
2.008403755868544636e+02 7.542394532092436599e+00 3.375192023756200399e+01
2.006070770915244168e+02 7.221851722822210107e+00 3.334413311435159954e+01
2.005041059075299756e+02 6.561605202475156773e+00 3.279901790009787987e+01
2.001445445345808594e+02 6.479852021433666565e+00 3.277763400189120802e+01
2.002534713581844414e+02 6.613547006420146701e+00 3.283007349159740329e+01
2.005316776987010314e+02 6.820799946913519207e+00 3.291590769588081855e+01
2.007621393851921994e+02 7.080940294298180504e+00 3.366149073475008180e+01
2.007865093979661140e+02 7.267174306143100893e+00 3.362233945486819664e+01
2.010276713283232937e+02 7.270094062608868590e+00 3.418404419449559839e+01
2.002637568639161145e+02 6.417840375586854051e+00 3.311931186648750014e+01
1.994073392060253127e+02 5.426948025017003907e+00 3.193742431029048134e+01
1.988856484015992407e+02 5.062890890691617685e+00 3.161358018547089443e+01
1.988899284991456398e+02 5.159723950297782302e+00 3.157925645747275212e+01
1.989455863567743279e+02 5.590719819505963528e+00 3.222891886063139566e+01
1.993032399343054806e+02 6.089882048474593468e+00 3.269279516913021411e+01
2.001336949849864766e+02 7.157600491049951330e+00 3.381990411254334106e+01
2.007525340500008326e+02 7.597455166807677962e+00 3.482972511156455653e+01
2.008545928100996889e+02 7.768343867681945625e+00 3.493978002289354379e+01
2.009523880621775334e+02 7.488047246968264403e+00 3.524227342855721190e+01
2.007024336833723055e+02 7.134856251762637491e+00 3.453202607873388530e+01
2.005051012790524112e+02 6.336983028915542882e+00 3.409467642130758946e+01
2.003447801058411812e+02 6.292556279964830246e+00 3.448099669868445005e+01
2.003951459048756476e+02 6.373181373280910833e+00 3.491559249489871775e+01
2.004760032515469845e+02 6.583652681696777087e+00 3.545150052257005058e+01
2.005138439589243262e+02 6.861477463129779686e+00 3.560983095273644494e+01
2.006476218915376819e+02 7.123094278272698254e+00 3.588103651354534662e+01
2.006166658371903964e+02 6.978118416032117466e+00 3.570614973705602324e+01
2.001493223178884762e+02 5.947626868395294863e+00 3.516599479088903024e+01
1.989457688415534449e+02 5.170092403656331825e+00 3.416783622820550903e+01
1.984422435674115377e+02 4.798520214336667422e+00 3.383140065362729842e+01
1.982843610544302351e+02 4.904742945304334967e+00 3.367627200185802394e+01
1.984122828845866593e+02 5.303853746744305653e+00 3.368634184375984830e+01
1.993047827601652386e+02 5.887423480814214294e+00 3.484302991091424673e+01
2.002581661938652076e+02 6.863235952819390029e+00 3.623260173526435324e+01
2.006167819638680214e+02 7.441845418802568446e+00 3.669750659433633899e+01
2.008834419947245351e+02 7.577066640123425678e+00 3.692720516266029307e+01
2.007046400902470111e+02 7.367308681298627704e+00 3.611372119643657186e+01
2.004920453225833228e+02 7.051294812455415340e+00 3.620050100366628243e+01
2.001279715987325574e+02 6.479354335672456777e+00 3.547558851341263164e+01
1.998124554156505610e+02 6.348728412880107363e+00 3.545456958476417952e+01
1.999748336900081256e+02 6.367706829907596067e+00 3.591275568605982471e+01
2.001700094560294758e+02 6.627714461089268205e+00 3.590734750078799919e+01
2.003596277310506082e+02 6.858541117138639009e+00 3.659859984405846234e+01
2.005564458600839544e+02 7.138439589243351868e+00 3.698742513976674928e+01
2.006106936080558683e+02 6.922493737454171736e+00 3.707362431360838428e+01
1.996972909305064832e+02 5.920453225833209210e+00 3.561756167156057984e+01
1.988136000929013392e+02 4.935715589176993490e+00 3.487921166575424081e+01
1.982543837820799979e+02 4.623683206423463865e+00 3.407581413095770984e+01
1.981778563015312216e+02 4.736475389439108064e+00 3.419778032150500024e+01
1.982599578626055461e+02 5.149405265515353491e+00 3.538061348064832146e+01
1.987487350486902642e+02 5.579256457472752118e+00 3.596705320260787175e+01
1.995717248129531072e+02 6.633835995952155784e+00 3.735553011828331904e+01
2.001286683587982509e+02 7.056985019658587710e+00 3.734788234708604904e+01
2.003816917997976077e+02 7.091590769588082210e+00 3.783095273644221379e+01
2.002096750111979304e+02 6.897310837936927008e+00 3.727618241842100844e+01
1.997669669370759209e+02 6.560062376615404922e+00 3.727372716866570102e+01
1.995405033261998256e+02 6.049486554189684284e+00 3.657925645747275212e+01
1.991768111614326813e+02 5.953250717496972655e+00 3.624929079779027319e+01
1.992123293352577207e+02 6.134192670747689924e+00 3.699042784385938631e+01
1.993481975480681569e+02 6.347633504205444588e+00 3.746908541946614690e+01
1.995373844954295919e+02 6.568191244048508182e+00 3.743579024204117189e+01
1.999562700111149809e+02 6.807561505665322699e+00 3.802483451948440063e+01
1.998629207518372937e+02 6.606894606745300713e+00 3.812828679971465817e+01
1.989780852369813715e+02 5.588347517377528106e+00 3.634038388161715005e+01
1.980425355430581078e+02 4.711956070936810903e+00 3.537893793858557956e+01
1.975266344829874470e+02 4.397153237445876606e+00 3.509222117155228204e+01
1.977958990693276178e+02 4.453292191310406878e+00 3.532882098243169366e+01
1.982501036845335989e+02 4.820799946913519207e+00 3.583251215182733773e+01
1.991852884088986286e+02 5.655087177955838484e+00 3.705751588447054701e+01
1.996301531213192106e+02 6.052605384959936607e+00 3.795693359212992846e+01
1.998314504222034316e+02 6.285887290764611279e+00 3.813026095323412790e+01
1.999725609250319280e+02 6.130874765672953863e+00 3.799329783174903241e+01
1.997300884221702404e+02 5.898555052339952809e+00 3.772164435375503899e+01
1.996737503940012175e+02 5.445992800145988078e+00 3.748499477429950844e+01
1.995701322185172160e+02 5.082101561074337859e+00 3.729640504985152205e+01
1.996143433036380941e+02 4.941455564956286572e+00 3.719364952968695803e+01
1.994866703163622503e+02 4.694337994989963292e+00 3.702161615156190067e+01
1.998360623102572902e+02 5.207634499576967002e+00 3.774606413510509384e+01
1.998985218732892122e+02 5.424592312413941464e+00 3.801849732079165278e+01
1.999148127872061593e+02 5.542842449277526562e+00 3.805980523897211043e+01
1.998975596808175226e+02 5.395842664941356226e+00 3.815297201347069489e+01
1.994004213739444822e+02 4.465286418155576698e+00 3.650654456775991719e+01
1.988684782428374831e+02 3.517759086912523259e+00 3.518427644785082720e+01
1.979464656016191384e+02 2.690920552762985363e+00 3.410968994177076752e+01
1.973536057333399754e+02 2.715522818892151413e+00 3.398866935416977952e+01
1.975023142387896371e+02 3.287430116624363574e+00 3.405348462980474267e+01
1.981312563247565492e+02 3.830936146916836815e+00 3.491131239735231162e+01
1.986747457655236531e+02 4.722689493853581055e+00 3.556198676155874949e+01
1.987990344896232386e+02 5.158081587285788139e+00 3.623460906783456892e+01
1.994680236898422265e+02 5.336452164103585361e+00 3.657505930755321089e+01
1.993651520430000517e+02 5.185819273710579047e+00 3.622593274606413161e+01
1.993154830040312504e+02 5.044509696577581082e+00 3.567849499825810256e+01
1.990838766402893327e+02 4.920751837289935260e+00 3.567341860349375082e+01
1.989724282088289442e+02 4.877436586539259267e+00 3.533821065379319748e+01
1.990015925944358628e+02 5.047562169246337938e+00 3.564863385258547623e+01
1.990710861162262120e+02 5.281441297964465598e+00 3.570132218517228040e+01
1.991944458269048823e+02 5.431841935002239552e+00 3.614298511919574253e+01
1.992764312613016102e+02 5.757096169478590930e+00 3.576773005524312055e+01
1.993088471938817747e+02 6.007233033062924221e+00 3.625308979910084872e+01
1.993444980839098264e+02 5.475157185752915545e+00 3.550171701587617434e+01
1.984892582823205487e+02 4.618275021151644566e+00 3.466663348761591834e+01
1.976808838899119110e+02 3.644718724597289405e+00 3.345515021815226220e+01
1.973692330662419749e+02 3.545712437167172659e+00 3.248489523714726346e+01
1.975543721694122326e+02 3.675143914132616541e+00 3.305575739478093311e+01
1.979715987325602669e+02 4.342158960832130710e+00 3.366855787255926913e+01
1.984866703163622503e+02 4.710247349823321272e+00 3.450189950065528421e+01
1.987832578509928965e+02 5.133147530649147861e+00 3.407644453292191145e+01
1.992659300917400742e+02 5.370278206340517002e+00 3.496549378722274781e+01
1.993536720914414673e+02 5.300038155908359805e+00 3.523273445146734417e+01
1.989962507672655363e+02 5.069510111315715051e+00 3.488405580716335663e+01
1.988603991439804872e+02 4.758887838218948119e+00 3.477984040876590655e+01
1.987441231606363772e+02 4.613347932115662076e+00 3.483669271222150599e+01
1.987064649380381240e+02 4.732112344265830828e+00 3.471177358615769748e+01
1.988369581446274879e+02 4.838617097164850556e+00 3.517735861577000378e+01
1.990860498681132640e+02 5.172265631480283510e+00 3.543262164269480508e+01
1.993096103120489602e+02 5.372550971316710999e+00 3.610618955191691981e+01
1.995144909504139150e+02 5.661656630003816026e+00 3.655098790623600280e+01
1.995246769189933502e+02 5.595497602813583882e+00 3.689605003400852468e+01
1.988899284991456398e+02 4.876391446440717203e+00 3.583179880223627123e+01
1.979711508153751822e+02 3.681514291876109457e+00 3.413520463179548159e+01
1.974048010086431475e+02 3.333897377196038292e+00 3.399596874533419566e+01
1.971952255345974550e+02 3.218484049171353334e+00 3.378486703495413224e+01
1.973711242721345798e+02 3.509182302294331368e+00 3.444433384760861827e+01
1.979532838965477310e+02 4.282320542809269881e+00 3.483873322384246762e+01
1.984334677084888483e+02 4.685064450306076544e+00 3.601308913551983437e+01
1.994494268318983359e+02 5.235339006951011065e+00 3.641608188589724193e+01
1.996202989432472350e+02 5.300038155908359805e+00 3.716553028417857263e+01
1.993507357454503222e+02 5.160487068464971294e+00 3.722921747208812349e+01
1.989815192687337344e+02 4.914364870021068477e+00 3.652799482406808096e+01
1.986861925380314915e+02 4.819290300104514202e+00 3.642207070455714302e+01
1.984572239088239769e+02 4.755652880771081392e+00 3.650423862373297368e+01
1.987881185819273639e+02 4.922842117487018498e+00 3.667408218450869839e+01
1.987727732709567192e+02 5.009621924716733510e+00 3.701365317938253696e+01
1.991836958144627374e+02 5.304749581114484691e+00 3.719509281839446402e+01
1.991486587368735286e+02 5.527098989697904585e+00 3.739584266494135534e+01
1.994675260040810372e+02 5.803098923339803150e+00 3.746711126594668428e+01
1.992691982282386789e+02 5.597554703959919387e+00 3.787386983858392142e+01
1.987429121252841071e+02 4.304434380132384774e+00 3.631598068979246818e+01
1.977237844025282527e+02 3.576369880057731709e+00 3.477632342938668586e+01
1.973122646361087504e+02 3.313177060004313113e+00 3.419719968811692468e+01
1.971749531345908224e+02 3.329667048225750214e+00 3.501902818560360942e+01
1.976066789429154369e+02 3.669038968795102829e+00 3.514933890741385625e+01
1.981430514772972344e+02 4.015793228155742689e+00 3.614368187926143605e+01
1.988856318120738536e+02 4.904328207169992737e+00 3.717044078368918036e+01
1.994813450787173110e+02 5.278538131024071767e+00 3.750926524992119937e+01
1.995249921199754510e+02 5.285074404021300687e+00 3.773743758191078257e+01
1.992479138671842520e+02 5.128452694968396841e+00 3.767481212362514498e+01
1.990419880887207853e+02 4.768725426765540121e+00 3.713429220789993224e+01
1.986009057880854130e+02 4.678577945884968337e+00 3.730959372252360140e+01
1.986818294928582134e+02 4.429569170026045555e+00 3.700031520098210081e+01
1.989545778795268802e+02 4.498548416529803085e+00 3.726362414771313070e+01
1.990361983443653742e+02 4.736873538048076426e+00 3.690494201960881782e+01
1.993740772076510837e+02 5.022346090678345476e+00 3.732994907015710595e+01
1.995860083942998529e+02 5.210703561771097725e+00 3.791064881633736405e+01
1.996390616964448554e+02 5.317639642329832661e+00 3.819801257486023616e+01
1.994713250053916056e+02 5.108727749299092125e+00 3.765847144113207179e+01
1.987300884221702404e+02 4.238142636739162583e+00 3.688080426019011782e+01
1.977234360224954060e+02 3.572902669254632624e+00 3.588740689128884043e+01
1.973591300452893904e+02 3.324623832512151989e+00 3.549091723485791050e+01
1.973608719454536526e+02 3.367275502247880858e+00 3.560732593440501859e+01
1.975259543124471122e+02 3.686839529521060310e+00 3.609366446025979513e+01
1.981956900413079268e+02 4.185819273710579047e+00 3.684820584283083633e+01
1.989048590719819458e+02 5.010401632409296369e+00 3.794412647854144893e+01
1.993595945519998622e+02 5.307835232833988393e+00 3.860193433865857315e+01
1.995017667844522862e+02 5.450554919623749939e+00 3.809714826058826276e+01
1.992545496773337277e+02 5.232800809568837863e+00 3.766905555832047980e+01
1.990888203188506793e+02 4.901159607823620590e+00 3.782735280943612111e+01
1.987481046467260626e+02 4.393055624678577686e+00 3.749202873305794981e+01
1.988237362929046697e+02 4.381708389322981567e+00 3.774936545065445870e+01
1.988612286202491646e+02 4.527580085933741394e+00 3.761369631214851239e+01
1.989179482075017802e+02 4.725443355065611861e+00 3.786942384578377130e+01
1.990041971499195483e+02 4.993613032731133217e+00 3.823762836145257893e+01
1.992962225650724122e+02 5.270409263590968507e+00 3.855196668823305117e+01
1.995563795019824624e+02 5.415401715356924051e+00 3.876784618192073850e+01
1.994452628610295335e+02 4.972959073640903505e+00 3.830836609764594414e+01
1.984285074404021429e+02 4.080907115247432770e+00 3.730197913037707735e+01
1.980535343983808616e+02 3.521939647306690624e+00 3.619927337878863227e+01
1.978024685213756015e+02 3.328273528094361389e+00 3.608045919806234281e+01
1.976562816237827462e+02 3.415733505864397390e+00 3.624723369664393857e+01
1.978971781217339299e+02 3.735297533137576842e+00 3.699465817282967350e+01
1.984781267107948111e+02 4.161283365682908020e+00 3.804149040295957462e+01
1.990202724000066326e+02 4.879410740058727214e+00 3.925702151661440809e+01
1.995624844473199744e+02 5.170092403656331825e+00 3.958995670133877809e+01
1.993981320194429259e+02 5.179083926408865501e+00 3.916752102722340823e+01
1.993506527978234431e+02 5.009256955158512881e+00 3.877421655966422520e+01
1.991678362282055161e+02 4.730503160304583510e+00 3.881882579339404771e+01
1.989564359063687107e+02 4.235305827900263331e+00 3.809298428971947459e+01
1.987703346107267919e+02 4.190397982713714775e+00 3.804548847857462590e+01
1.990129398297914634e+02 4.346289752650176474e+00 3.792149836593175394e+01
1.990357338376549023e+02 4.492659135022146977e+00 3.807957995321753941e+01
1.990924368353821308e+02 4.704689858823138948e+00 3.836450505151047707e+01
1.994298180129066509e+02 4.934205942367988484e+00 3.870580135702317648e+01
1.995487151412598053e+02 4.912423895552348263e+00 3.921577995653544235e+01
1.989841238242173915e+02 4.307188241344415580e+00 3.880956883823553483e+01
1.982516630999187157e+02 3.519036480366296793e+00 3.784812289520397144e+01
1.978847691567544302e+02 3.089948406576088047e+00 3.693442160619784431e+01
1.976648915874516774e+02 2.991605700160918424e+00 3.669168367093017480e+01
1.978773204598616360e+02 3.166492476650243137e+00 3.700330131554936486e+01
1.981466348147779399e+02 3.465850462018281508e+00 3.744164634449808204e+01
1.986649081769770646e+02 4.132201927702848110e+00 3.824524295359909587e+01
1.992052290183977732e+02 4.473116674131953019e+00 3.911440136697689240e+01
1.995184890260289592e+02 4.595348297085219968e+00 3.919489374408998117e+01
1.991548963984140528e+02 4.464888269546608335e+00 3.865949999170523910e+01
1.990224788068813382e+02 4.178287629190928776e+00 3.842268451699597165e+01
1.985201977471424470e+02 4.024220707045571110e+00 3.753395046367723609e+01
1.986036430597720539e+02 3.981851059241195312e+00 3.747578758771711449e+01
1.988216791917583350e+02 4.065827236682758361e+00 3.763753546011048456e+01
1.990050598052389716e+02 4.301780056072595393e+00 3.805019990378075079e+01
1.990319182468189467e+02 4.523001376930605666e+00 3.817551717845352499e+01
1.992887075100781260e+02 4.723502380596890760e+00 3.844214403025929272e+01
1.994691351880422587e+02 4.888369083760514044e+00 3.864996101461537137e+01
1.994291876109424493e+02 4.662851075830720227e+00 3.848278836742480991e+01
1.984699812538363233e+02 3.791486255578227826e+00 3.739917715954146615e+01
1.975147729723452699e+02 2.816370543638746504e+00 3.614681729955705691e+01
1.971998374226513420e+02 2.605982182849748696e+00 3.543844456610096216e+01
1.971797972759999311e+02 2.623849101677201201e+00 3.529686955656198677e+01
1.976205975547039486e+02 3.125914497586224083e+00 3.607923157318469265e+01
1.980946930108329695e+02 3.511687320625756836e+00 3.671150815375172272e+01
1.986436735844987425e+02 3.929195905705137992e+00 3.760643010003483511e+01
1.992454917964797119e+02 4.575026128502463152e+00 3.871333300154282853e+01
1.992751040992717151e+02 4.660893511836626146e+00 3.829034987309012905e+01
1.990118283315914312e+02 4.416430265930091359e+00 3.800248842880605338e+01
1.988963320559398937e+02 3.774929909255296145e+00 3.744697158214303556e+01
1.985441862008327973e+02 3.704557142620149790e+00 3.701794986645432317e+01
1.983652515801522895e+02 3.692828348180958731e+00 3.710665405862738453e+01
1.984396556014532393e+02 3.778198045753911050e+00 3.719924019973788631e+01
1.987932115662170816e+02 3.998905091325337224e+00 3.753682045156688218e+01
1.987938585577066704e+02 4.260239884536903610e+00 3.782907812007498194e+01
1.991654971051278267e+02 4.516979379219960400e+00 3.796481361668242727e+01
1.993879792299142366e+02 4.656580235239469623e+00 3.825381973821728820e+01
1.994330363808291509e+02 4.531080475787587325e+00 3.861553774946499118e+01
1.987804044526286020e+02 3.856135635959455410e+00 3.731111995885797938e+01
1.979172348579107279e+02 3.049221121783705968e+00 3.622860365964929485e+01
1.973058942583652708e+02 2.558055044045189685e+00 3.529486222399177109e+01
1.970331458716966040e+02 2.348363443321886734e+00 3.482828182285705054e+01
1.974170274888435301e+02 2.750526717430614276e+00 3.574576552364836601e+01
1.976715605766518991e+02 3.000514275286584098e+00 3.629778198045753612e+01
1.983278422004346453e+02 3.774050664410491418e+00 3.695437880522238316e+01
1.988361120788334233e+02 4.127822293004197007e+00 3.785920469815358302e+01
1.990318187096667089e+02 4.221536521840110190e+00 3.840408765905207389e+01
1.991152972013470617e+02 4.101461537185421058e+00 3.793161797640969723e+01
1.987925479852021340e+02 3.916488329268899449e+00 3.812256341346073896e+01
1.986714610394996612e+02 3.761260140347384873e+00 3.752451102373961334e+01
1.984069742364671072e+02 3.421556429270558475e+00 3.714887440070339863e+01
1.984727682940990974e+02 3.416894772640554745e+00 3.709817681116143007e+01
1.988670017750792169e+02 3.634167786459629568e+00 3.720005308648119779e+01
1.990476782959239586e+02 3.840010617296238937e+00 3.763453275601784753e+01
1.990086431427196771e+02 4.028749647472586126e+00 3.764369017402412254e+01
1.992991423215381701e+02 4.201761807594684761e+00 3.788379037475737476e+01
1.993266809336584799e+02 4.395378158230893284e+00 3.838286965609913892e+01
1.991704076046384273e+02 4.159458517891803098e+00 3.804339819837754533e+01
1.983120987408550207e+02 3.368104978516564429e+00 3.697375537085883934e+01
1.975168134839662173e+02 2.578709003135420286e+00 3.558952537367905933e+01
1.969724945669304361e+02 2.330745367375039567e+00 3.530124919126063787e+01
1.970537500622107245e+02 2.366495794555317556e+00 3.528305048192571292e+01
1.971392524759866660e+02 2.570746030956054362e+00 3.576248776522503903e+01
1.977873554637601785e+02 2.852253687022014095e+00 3.638530831632907336e+01
1.980935483335821630e+02 3.532905323578692247e+00 3.753313757693392461e+01
1.989937623384595042e+02 3.813583503375968409e+00 3.833648534315432954e+01
1.990637203669602968e+02 3.956402727317971380e+00 3.786683587982548005e+01
1.987852154149869648e+02 3.891487914530765480e+00 3.806299042784385733e+01
1.986211118299905536e+02 3.591549295774647987e+00 3.766004744604256871e+01
1.982709567179282999e+02 3.458136332719520922e+00 3.740568025348795089e+01
1.982473498233215423e+02 3.423746246619884026e+00 3.714905688548250851e+01
1.983430547952023062e+02 3.559415385125831666e+00 3.718683123475837249e+01
1.985460276381492690e+02 3.698136996300535717e+00 3.759037143947311677e+01
1.987949534663813154e+02 3.908857147597007309e+00 3.793176728213806115e+01
1.990830471640206270e+02 4.089367773188008925e+00 3.816830073491597375e+01
1.994748253952454320e+02 4.279102174886776133e+00 3.849886361751190123e+01
1.996984521972826485e+02 4.425803347766220419e+00 3.870717828762919055e+01
1.992042004678246201e+02 3.660926690887373880e+00 3.775561970172033455e+01
1.982897028816005616e+02 2.843228985218732685e+00 3.668139816519849461e+01
1.971884735977703542e+02 2.229018397783639305e+00 3.534657177458152688e+01
1.969791967351814037e+02 2.027538612120307171e+00 3.503147032963386920e+01
1.969239204366363083e+02 2.082997395444516453e+00 3.544947660047446192e+01
1.971684666301697177e+02 2.331408948389986691e+00 3.588452031387382135e+01
1.976017186748287031e+02 2.951409280180493866e+00 3.703485459281009895e+01
1.983105061464191579e+02 3.384528608636506952e+00 3.806265863733638355e+01
1.988051228454353918e+02 3.651852220507971314e+00 3.803558453192653843e+01
1.988392143200782982e+02 3.608736044061779502e+00 3.832840624429734788e+01
1.988283150019077823e+02 3.466961960218318151e+00 3.794860565039234501e+01
1.986990991887722089e+02 3.227890310058229240e+00 3.770196917666185499e+01
1.985295044708771002e+02 3.142918761094245284e+00 3.732115662170905068e+01
1.984676753098093798e+02 3.142935350619618706e+00 3.779785663332172163e+01
1.984466397916355618e+02 3.273611041988088832e+00 3.785525639111465068e+01
1.984115363559448610e+02 3.452313409313359394e+00 3.871072844605915719e+01
1.988208828945403752e+02 3.636092171402976359e+00 3.861746213440833486e+01
1.991189800759800335e+02 3.845402213042684814e+00 3.886431427196868071e+01
1.993031072181024967e+02 4.020405116209625263e+00 3.933894059290963696e+01
1.993676902403822169e+02 3.991224141077323928e+00 3.969576469417209807e+01
1.987557690074486914e+02 3.376681763134756764e+00 3.830071832644868124e+01
1.976601138041440606e+02 2.244944342142371152e+00 3.704419449559548383e+01
1.968900280362978776e+02 1.934122994741120483e+00 3.564884951641533206e+01
1.966373197962806216e+02 1.904029595713266687e+00 3.595391429851191845e+01
1.968071799465817264e+02 2.049287479885200547e+00 3.634512848587402090e+01
1.975009704872343548e+02 2.610693608055873582e+00 3.753262330164734095e+01
1.980147480880571891e+02 2.935549693923257042e+00 3.802266129166044806e+01
1.986834552663448221e+02 3.344365367706830128e+00 3.841510310390020067e+01
1.991209874085502349e+02 3.533419598865276345e+00 3.880749514756382723e+01
1.989764926425455087e+02 3.422502032216858225e+00 3.881489407588048834e+01
1.988346687901259031e+02 3.241626437067635536e+00 3.885406194528774648e+01
1.984695001576004927e+02 3.083495081205726684e+00 3.811355530118283497e+01
1.983367507755603185e+02 2.988320974136930097e+00 3.811798470445760501e+01
1.982642379601519735e+02 3.087161366313309951e+00 3.821843428059523262e+01
1.984616864911494929e+02 3.271487582740257860e+00 3.851342922078999464e+01
1.987871397999303156e+02 3.478690754657509210e+00 3.847469267904245527e+01
1.989929494517161856e+02 3.659981087941074129e+00 3.910074818759435544e+01
1.992024253886096403e+02 3.873886428109291735e+00 3.952179034157832405e+01
1.992725659018895499e+02 3.950861825843162478e+00 3.941351050946432366e+01
1.991502679208347786e+02 3.591250684317921493e+00 3.889276530798453990e+01
1.981245873355563276e+02 2.544733655170125619e+00 3.756465767514391274e+01
1.972440485077721917e+02 2.010982265797375490e+00 3.629368436769023987e+01
1.970430498183446844e+02 1.890293468703860391e+00 3.561932016125018663e+01
1.969283166608603324e+02 1.905058146286434662e+00 3.598025846480532408e+01
1.973981651984936718e+02 2.167919175832379253e+00 3.649544617528492552e+01
1.979443421423713119e+02 2.666733024768161542e+00 3.721626105277128005e+01
1.984883126793742463e+02 3.056885482506345397e+00 3.801459878232883938e+01
1.988879709351515430e+02 3.403606562816237968e+00 3.889183629456361047e+01
1.988714311783539870e+02 3.422568390318352805e+00 3.868503127125532615e+01
1.990474958111448416e+02 3.278256109092718695e+00 3.863702118482390091e+01
1.987363758522868693e+02 3.121485094311451824e+00 3.826053849599362877e+01
1.984304484148708525e+02 2.992401997378855150e+00 3.769614625325569790e+01
1.983480316528144272e+02 3.030275883806964110e+00 3.770825660677847679e+01
1.984404021300950660e+02 3.113323047827601719e+00 3.823500721644353462e+01
1.986879510277210841e+02 3.270475621692463530e+00 3.795024801340433385e+01
1.989555068929477954e+02 3.423729657094510603e+00 3.824194163804973812e+01
1.992325021981121154e+02 3.673319066341512062e+00 3.875626669320990914e+01
1.993255860249838349e+02 3.804890592080160783e+00 3.887818311518107350e+01
1.996391280545463474e+02 3.722822210056570214e+00 3.897271023076029905e+01
1.985129149455034110e+02 3.004910499510609068e+00 3.807533303472187924e+01
1.977469267904245385e+02 2.104032913618341549e+00 3.628049569501816762e+01
1.968885349790142527e+02 1.866105940709036348e+00 3.569690937142288334e+01
1.969396473066905457e+02 1.824880970155443816e+00 3.564788732394366377e+01
1.972893545015677148e+02 2.075250087095008134e+00 3.608614940526551607e+01
1.977750128568821708e+02 2.542543837820800068e+00 3.738809535659184746e+01
1.983608885349790114e+02 2.870684649712171854e+00 3.820043464556479051e+01
1.989619768078435413e+02 3.218450870120606044e+00 3.854456775991639006e+01
1.992691816387133201e+02 3.354700642014631917e+00 3.891453076527480448e+01
1.991291494550340815e+02 3.223195474377478220e+00 3.872828016390450756e+01
1.988179631380746173e+02 2.988155078883193205e+00 3.850443769803745653e+01
1.985682576021499983e+02 2.789163722025912673e+00 3.827304699812538047e+01
1.983715555997942772e+02 2.803662967202508405e+00 3.763564425421788684e+01
1.984562617163522873e+02 2.795882479802252796e+00 3.787071782876292048e+01
1.986767862771446005e+02 2.982415103103900123e+00 3.814152524096285646e+01
1.986576419648633873e+02 3.168267555865226903e+00 3.860190115960782009e+01
1.991754010517759070e+02 3.325304003052472535e+00 3.906811659118432800e+01
1.993889082433351518e+02 3.475240133379783991e+00 3.926009057880853703e+01
1.995207783805305439e+02 3.499941936661191910e+00 3.917634665472220945e+01
1.986123193815425054e+02 2.920055077224240403e+00 3.828507440402130158e+01
1.979073640903133651e+02 2.240863318900446099e+00 3.754445163323877210e+01
1.971441132069211619e+02 1.747424476185736264e+00 3.617944889596708435e+01
1.968372401665588427e+02 1.738101162925728804e+00 3.625848139484729415e+01
1.971366313309776217e+02 1.863683870004479104e+00 3.608201861344746675e+01
1.974955291229117904e+02 2.373314089483899991e+00 3.769078783655999842e+01
1.982563081670233487e+02 2.722307934769986115e+00 3.829112958078269457e+01
1.986333880787670694e+02 3.096202657641964784e+00 3.869870104016324319e+01
1.990487068464971117e+02 3.549196237495645168e+00 3.950594734484646153e+01
1.993130609333267103e+02 3.503243252210554104e+00 3.939151279881882317e+01
1.991428192239420127e+02 2.908160387531312896e+00 3.866095986993811806e+01
1.985549693923256882e+02 2.767530980938635476e+00 3.831354202956253374e+01
1.983943993762338494e+02 2.798188423829194083e+00 3.842183845120191421e+01
1.981676205643756532e+02 2.871381409777866267e+00 3.854607740672539506e+01
1.982701604207103685e+02 3.010152789528691475e+00 3.874161814230495082e+01
1.986795733174074030e+02 3.283797010567527597e+00 3.890195590504155376e+01
1.990703395875843853e+02 3.428391313724514333e+00 3.933859221287679020e+01
1.994608238358300696e+02 3.645631148492841422e+00 4.030907944723701775e+01
1.995014349939448266e+02 3.607375702981137522e+00 4.008442409462665523e+01
1.989064184873670627e+02 3.009107649430149856e+00 3.921070356177109772e+01
1.977828928814346625e+02 2.358549411901325499e+00 3.764627813998241379e+01
1.972765805670299812e+02 1.821894855588181539e+00 3.694817432273262625e+01
1.968886345161664906e+02 1.855073906335539702e+00 3.690819356658205663e+01
1.971518605152706698e+02 1.988569817017535213e+00 3.754337331408948586e+01
1.973003201778397226e+02 2.587866421141691298e+00 3.824570746030956059e+01
1.979658753463063476e+02 3.060369282834817906e+00 3.948298744172929275e+01
1.987157218931966440e+02 3.441497038769720795e+00 4.047970271570530088e+01
1.989589575142255171e+02 3.609499162228968494e+00 4.092564574727516913e+01
1.988456842349740441e+02 3.545778795268667238e+00 4.065714427910217665e+01
1.986820949252641810e+02 3.361585295044708932e+00 4.015915990643507882e+01
1.983165779127059238e+02 3.160354352261981692e+00 4.009688282818228799e+01
1.981492891388377302e+02 3.072711889712835376e+00 4.001343751555268113e+01
1.981501517941571819e+02 2.867499460840425396e+00 3.976238822807279405e+01
1.982546160354352196e+02 3.026758904427744312e+00 3.947708157069626367e+01
1.982536704324889172e+02 3.236566631828663443e+00 3.976393105393254501e+01
1.986363907828597064e+02 3.796977388476915571e+00 4.089243351747706612e+01
1.991574843643723227e+02 3.619967152739760330e+00 4.089241692795169314e+01
1.990369946415833056e+02 3.539142985119195561e+00 4.067567477894457539e+01
1.981648667031636251e+02 2.813483966223726540e+00 3.930013769306059856e+01
1.972950944773469928e+02 2.187345510044957475e+00 3.840329136183413539e+01
1.967507257917351069e+02 1.924467890973639239e+00 3.769070488893312643e+01
1.966711790175683063e+02 1.977620730270907012e+00 3.749897974418951918e+01
1.969010103020952442e+02 2.131372451434164539e+00 3.773435193019128064e+01
1.975123509016407013e+02 2.434164468554554706e+00 3.878068647455996398e+01
1.981787521359013908e+02 3.200119444582690598e+00 3.968833258680469100e+01
1.987370726123525628e+02 3.610643839479752426e+00 4.053944159657591939e+01
1.990218815839678825e+02 3.626453657160868538e+00 4.080805919142652982e+01
1.988684118847359912e+02 3.507357454503226446e+00 4.057839380215332170e+01
1.983907994492277567e+02 3.211433500887539427e+00 4.022057432936843924e+01
1.984346455647904008e+02 3.063040196419980266e+00 3.984060784020969237e+01
1.980735745450322725e+02 2.798470445760546710e+00 3.943467874384113969e+01
1.982224821247864099e+02 2.828298412382421745e+00 3.960639692098408915e+01
1.982886411519766341e+02 2.981784701139700289e+00 3.968116591184325870e+01
1.984962590620282299e+02 3.157003268136498786e+00 3.981144345460276668e+01
1.988056205311966096e+02 3.378556379501982398e+00 4.040573002206406983e+01
1.988847193881782971e+02 3.500522570049271032e+00 4.045277791602381967e+01
1.984741618142304844e+02 3.140231257983709057e+00 3.961147331574843378e+01
1.976519351681348269e+02 2.396041739245839963e+00 3.858630700575656647e+01
1.968831102042170471e+02 1.948472934189352745e+00 3.759073640903133651e+01
1.965215912672738341e+02 1.840906451666417754e+00 3.762491083130111491e+01
1.964749912904991902e+02 1.908342872310423211e+00 3.745374010849549506e+01
1.969070488893312643e+02 2.099421025564458532e+00 3.772351897012226374e+01
1.978831599727931803e+02 2.792365500423032998e+00 3.937638315167802716e+01
1.983541531876772979e+02 3.164086995471059538e+00 4.004704789395975695e+01
1.988419515917649676e+02 3.461769438776356456e+00 4.025946017684434253e+01
1.987168002123459303e+02 3.491298793941505441e+00 4.043038205676935348e+01
1.987302045488478655e+02 3.310141176860930123e+00 4.010741717679456997e+01
1.981058577614094531e+02 3.001343751555268113e+00 3.948111282536206801e+01
1.981883408815673704e+02 2.891587451683007348e+00 3.961426035601121498e+01
1.981164750576486142e+02 2.600209028019708324e+00 3.902417093846945306e+01
1.980746694537069175e+02 2.677416679108810538e+00 3.926135138273694025e+01
1.983019293618009726e+02 2.895452811095074352e+00 3.928529006785115740e+01
1.985835863235952843e+02 3.356591847907231418e+00 3.995905705137776209e+01
1.988510758307204753e+02 3.192637568639161039e+00 4.007916521508319363e+01
1.988104646726057183e+02 3.033494251729457858e+00 3.931810414904029471e+01
1.978579438942251727e+02 2.302377278986048381e+00 3.819713333001542566e+01
1.971232269944756865e+02 1.843013321388875081e+00 3.758254118349673689e+01
1.965176595497602818e+02 1.700857678461819233e+00 3.689274871845916692e+01
1.965666981867648815e+02 1.754491613994923593e+00 3.739619104497420210e+01
1.969445080376250417e+02 1.951508817332736179e+00 3.803440667562500721e+01
1.974317092187992557e+02 2.474941521923057941e+00 3.839461504006370518e+01
1.980942450936478849e+02 2.839280678179797235e+00 3.917566648418188890e+01
1.985836692712221634e+02 3.175268335572919209e+00 3.982138058030160011e+01
1.985881650325984253e+02 3.227110602365666381e+00 3.999533834336999405e+01
1.985613397700691678e+02 3.066922145357421137e+00 3.977310506146419300e+01
1.983737951857197288e+02 2.846696196021831771e+00 3.952487599329783308e+01
1.980689294779276395e+02 2.651951757660213183e+00 3.920746860432323189e+01
1.979874583188174881e+02 2.675060966505748095e+00 3.898762421407123213e+01
1.980090744703794030e+02 2.815176097811841416e+00 3.898165198493671113e+01
1.980900811227790825e+02 2.988486869390666545e+00 3.929973954445163287e+01
1.985080542145689151e+02 3.167703512002521649e+00 3.965463926077075030e+01
1.988015395079546863e+02 3.306358765075731121e+00 4.014741452247051257e+01
1.985325237644950960e+02 3.129962341777401846e+00 3.943887589376068092e+01
1.979089566847492563e+02 2.477280645000746517e+00 3.842112510161084060e+01
1.971273577862937429e+02 1.892350569850196562e+00 3.725786758240846552e+01
1.965579057383168333e+02 1.492476650243036440e+00 3.661774415633968971e+01
1.965241128751306405e+02 1.557972096418321462e+00 3.656880505648733504e+01
1.968325950994542097e+02 1.954494931899998234e+00 3.723299988387331894e+01
1.974310290482589210e+02 2.225965925114882449e+00 3.769802086962292265e+01
1.980561223643391600e+02 2.582508004445992711e+00 3.864848454685711232e+01
1.986935914663481526e+02 3.265979860316196248e+00 3.993916621045472226e+01
1.986732195291892822e+02 3.312330994210255675e+00 3.977627366081056692e+01
1.986438892483286054e+02 3.094112377444881101e+00 3.930639194412648152e+01
1.983009837588546702e+02 2.594137261732941901e+00 3.881501020255810630e+01
1.980392508170341159e+02 2.440003981486089657e+00 3.845677599163887805e+01
1.980093067237346247e+02 2.536704324889265116e+00 3.831511803447303066e+01
1.979049586091341837e+02 2.674331027389306392e+00 3.871714859237876993e+01
1.983717214950480354e+02 2.770085767846182101e+00 3.901056752766303504e+01
1.983749398629705070e+02 3.030707211466679762e+00 3.950238059689112191e+01
1.987878033809452631e+02 3.195673451782544472e+00 4.001252509165712468e+01
1.987182766801041964e+02 3.040378904759534873e+00 3.936287927802385411e+01
1.978665870369448783e+02 2.341346074088820117e+00 3.811267605633803157e+01
1.969681149322317992e+02 1.889065843826208235e+00 3.725758556047711778e+01
1.965739643988785588e+02 1.550307735695681810e+00 3.638919026526651379e+01
1.965473713897045513e+02 1.525091657127689571e+00 3.680376250435475072e+01
1.968633354899716323e+02 1.966953665455631217e+00 3.734466397916355618e+01
1.974574395726538398e+02 2.262214038056371113e+00 3.798729242356375835e+01
1.982002521607856806e+02 2.622040843411470146e+00 3.861958559365616850e+01
1.985586688564840188e+02 3.193102075349624425e+00 4.003409147464291351e+01
1.987061331475306361e+02 3.243816254416961087e+00 3.959519899135685961e+01
1.985976542411121670e+02 3.077970769256291650e+00 3.941832147182269352e+01
1.983016805189203637e+02 2.562700111149819993e+00 3.861406128170673213e+01
1.981142852402992673e+02 2.544584349441762594e+00 3.830194595132633140e+01
1.979057880854028895e+02 2.636905058146286507e+00 3.808724431394017529e+01
1.978030491547636700e+02 2.723502380596891204e+00 3.827264884951641477e+01
1.983733804475853901e+02 2.959670863816586284e+00 3.848769886693541764e+01
1.985151711209542214e+02 3.151644851440800199e+00 3.892713880455880116e+01
1.987239171187312365e+02 3.418387829924185883e+00 3.894573566250269891e+01
1.987375868876391394e+02 3.305960616466762758e+00 3.887086713449128439e+01
1.980345062127772451e+02 2.658322135403706099e+00 3.797191393354236055e+01
1.971822525257552456e+02 1.903747573781914060e+00 3.649002140048773413e+01
1.966785779458849674e+02 1.671626934753396743e+00 3.592494898720947560e+01
1.965028616931269596e+02 1.751538678478408828e+00 3.600643673584498572e+01
1.969596045057150775e+02 1.943081338442907091e+00 3.661973489938452531e+01
1.973616848321969428e+02 2.489805736657874302e+00 3.786121203072379870e+01
1.979224771479287881e+02 2.995023142387896353e+00 3.871835962773104711e+01
1.985503906833225471e+02 3.240216327410872843e+00 3.900145987823288607e+01
1.987117735861577046e+02 3.318386170971648674e+00 3.910038321803612860e+01
1.986467426466928714e+02 3.177806532955091967e+00 3.868222764146717907e+01
1.984994608404253427e+02 3.018928648451367991e+00 3.870248345194843864e+01
1.980253985633470961e+02 2.915692032050963167e+00 3.825036911693956654e+01
1.980178171502513180e+02 2.636805520994044194e+00 3.785154033743094715e+01
1.979159740539823247e+02 2.755254732162113029e+00 3.829809718143963693e+01
1.981261301614160857e+02 2.947328256938568813e+00 3.852184011015445009e+01
1.983669768907911646e+02 3.162112841951591591e+00 3.912641218334743343e+01
1.986061812571542191e+02 3.279251480615139602e+00 3.935125002073690581e+01
1.988197879858657302e+02 3.243252210554255832e+00 3.941840441944955842e+01
1.981258315499593436e+02 2.764544866371373200e+00 3.844357072944143283e+01
1.972051792498216685e+02 2.160188457008244800e+00 3.776099470794140700e+01
1.968717795583868337e+02 1.828464307636158637e+00 3.721674214900711775e+01
1.967257419665223495e+02 1.797624379966489050e+00 3.678139982415103049e+01
1.968967965626503371e+02 1.929030010451400878e+00 3.717687751953416608e+01
1.973825710446424182e+02 2.196220906119875860e+00 3.768461653312098747e+01
1.979426997793593159e+02 2.813036049038637021e+00 3.913152175716253112e+01
1.987896945868378680e+02 3.116856616732195384e+00 3.974928250302758670e+01
1.988433451118963546e+02 3.238491016772010234e+00 4.003351084125483084e+01
1.990188954694006327e+02 3.081620464838501050e+00 3.985042883923090784e+01
1.984484480499012875e+02 2.866188888335904572e+00 3.931218168848189265e+01
1.983182866338194117e+02 2.723668275850628095e+00 3.875059307553210886e+01
1.980297781980457614e+02 2.424691849566183777e+00 3.833013155493621582e+01
1.981918412714212252e+02 2.503093946482191079e+00 3.878604489125566346e+01
1.982674397385490863e+02 2.610876092834983897e+00 3.903324540884885607e+01
1.985747441065711030e+02 2.780736243136083807e+00 3.907340864977852846e+01
1.989101179515253932e+02 2.954378805222382720e+00 3.962794671444449790e+01
1.990068846530300846e+02 3.057432936843676785e+00 3.957545745616217658e+01
1.984334345294381023e+02 2.702881600557407893e+00 3.870246686242306566e+01
1.977191559249489785e+02 2.077771694951807468e+00 3.803520297284294571e+01
1.969443587318966706e+02 1.684450637867250578e+00 3.725330546293070455e+01
1.966089517078916344e+02 1.528227077423314872e+00 3.635589508784153878e+01
1.966465435723883957e+02 1.626022329501152885e+00 3.695349956037757977e+01
1.970646991489573452e+02 1.865525307320957449e+00 3.756291577497967893e+01
1.978231556595165728e+02 2.409761276729872836e+00 3.864226347484198243e+01
1.986457638646958230e+02 2.743807959654274153e+00 3.948340217986363143e+01
1.988657077921000678e+02 2.951807428789462229e+00 4.014167454669122037e+01
1.986790092735446933e+02 2.925114882463212940e+00 4.016562982133081050e+01
1.985540735579555189e+02 2.755055657857628848e+00 3.982343768144793472e+01
1.983309942102556533e+02 2.527430780205378369e+00 3.952849250982929163e+01
1.982880936976393116e+02 2.468189585095970529e+00 3.925007050548283871e+01
1.981825345476866005e+02 2.311020421705734851e+00 3.911249357155891460e+01
1.982493239768410263e+02 2.433119328456013086e+00 3.931861842432687837e+01
1.986205311966024567e+02 2.874201629091391652e+00 4.025559481743227508e+01
1.987387813334660507e+02 3.000895834370178594e+00 4.030650807080409237e+01
1.989906269181638834e+02 3.213756034439854581e+00 4.060941621460209916e+01
1.991749863136415684e+02 2.943429718475754520e+00 4.024842814247084277e+01
1.986146253255694489e+02 2.361817548399940403e+00 3.938237197033792825e+01
1.974450637867250578e+02 1.726670979943263795e+00 3.832737769372418057e+01
1.966876855953151164e+02 1.469450389024369974e+00 3.753109706531296297e+01
1.964759534829708514e+02 1.497536455482008755e+00 3.731297798569983115e+01
1.967676636971416144e+02 1.608337895452811139e+00 3.787053534398381061e+01
1.974068912888402281e+02 1.818991688647787708e+00 3.850929842897194533e+01
1.981470661424376658e+02 2.361668242671577378e+00 3.976044725360407739e+01
1.983605235654208059e+02 2.695731515121352562e+00 4.040403789047595495e+01
1.988259426997793469e+02 2.875031105360075667e+00 4.068829940775394505e+01
1.987982216028799485e+02 2.763367010069841978e+00 4.061324839496342065e+01
1.985604107566482526e+02 2.625408517062326919e+00 4.045247930456709895e+01
1.980393005856102491e+02 2.527712802136730996e+00 4.025556163838152912e+01
1.980223460906783544e+02 2.586671975314786209e+00 4.006025315615720217e+01
1.982035202972842853e+02 2.603045836858607576e+00 4.050463677234194648e+01
1.983987292423563815e+02 2.653859553078186551e+00 4.067866089351183945e+01
1.985975049353837960e+02 2.782843112858540913e+00 4.086998788964647389e+01
1.987819140994376141e+02 2.990593739113124094e+00 4.117727566814313178e+01
1.988928150765606517e+02 3.097164850113638401e+00 4.119265415816453668e+01
1.990656613414290348e+02 3.084589989880389460e+00 4.101227624877652289e+01
1.983277924318585121e+02 2.190563877967451223e+00 3.982808274855256059e+01
1.973766154050332489e+02 1.631364156671477605e+00 3.878133346604953857e+01
1.966467260571675126e+02 1.399907098657907412e+00 3.829195905705137903e+01
1.967257419665223495e+02 1.407156721246205056e+00 3.794751074171767868e+01
1.968092536372534482e+02 1.554289221785364772e+00 3.851502181522586454e+01
1.970756648252293530e+02 2.007365749265913379e+00 3.985626835216244501e+01
1.978564840159922937e+02 2.381890874102091882e+00 4.058360291312065726e+01
1.985285588679307978e+02 2.653477993994591611e+00 4.114396390119278379e+01
1.985229018397783705e+02 2.837787620896166096e+00 4.142278405414820952e+01
1.986880505648733504e+02 2.663597604472536240e+00 4.129711839944258855e+01
1.981919739876242090e+02 2.462482788367424735e+00 4.096844672273926591e+01
1.979964996101461452e+02 2.346853796512881729e+00 4.069830289155427039e+01
1.979904942019608711e+02 2.358018547089367978e+00 4.067945719072977084e+01
1.980920220972477921e+02 2.372799814197315893e+00 4.075978367258912982e+01
1.980042137394449071e+02 2.545314288558204296e+00 4.074364206440053948e+01
1.984358566001426709e+02 2.704905522652996996e+00 4.112243069725774802e+01
1.988164369017402464e+02 2.848239021881584065e+00 4.177768377046732695e+01
1.990988238026509975e+02 3.001443288707509982e+00 4.212541681182501208e+01
1.989604671610345292e+02 2.998241510310390101e+00 4.212896697025497872e+01
1.984227840541482237e+02 2.118664874997926439e+00 4.051872127938419510e+01
1.975726870054247684e+02 1.616018845700824436e+00 3.952612020770085621e+01
1.966914016489988342e+02 1.377693724182551094e+00 3.881431344249241278e+01
1.965412830338923982e+02 1.411154796861261884e+00 3.884163639078285968e+01
1.967785961943628763e+02 1.557872559266079371e+00 3.911292489921863336e+01
1.972862356707974527e+02 1.769123575374508484e+00 3.993681049785165982e+01
1.978694570248345315e+02 2.311020421705734851e+00 4.092649181306922657e+01
1.985266344829874470e+02 2.599362962225650886e+00 4.148313674745765667e+01
1.986706149737055966e+02 2.739677167836228389e+00 4.218872244065097021e+01
1.987055193350918216e+02 2.771562235604439373e+00 4.190728114268650728e+01
1.985296371870800840e+02 2.626055508551900175e+00 4.142518953532739090e+01
1.981853049984239874e+02 2.469632873803480511e+00 4.076019841072346850e+01
1.977970603361037831e+02 2.190132550307735571e+00 4.021194777617412086e+01
1.979901126428772784e+02 2.255213258348678806e+00 4.060565039234227669e+01
1.983241427362763147e+02 2.407554869855173418e+00 4.086620547786127844e+01
1.983142553791535931e+02 2.601768443404834041e+00 4.105657028152424459e+01
1.987045239635694145e+02 2.790739726936412257e+00 4.130154780271736570e+01
1.988738698385839143e+02 2.997494981668574532e+00 4.158225916156538915e+01
1.988998158562683614e+02 3.030839927669669365e+00 4.141158612452097998e+01
1.984438361618474005e+02 2.503475505565785575e+00 4.061981784701139730e+01
1.972102888236367448e+02 1.853929229084755992e+00 3.902539856334710322e+01
1.966905224041540237e+02 1.597521524909172319e+00 3.864369017402412254e+01
1.964670946764213113e+02 1.554056968430133301e+00 3.869442094261682996e+01
1.965656696361917000e+02 1.680303256523830946e+00 3.851384395892433332e+01
1.971041324507705781e+02 1.872824698485376249e+00 3.920401798304550312e+01
1.977772524428076224e+02 2.472735115048358523e+00 4.012576519185785884e+01
1.984273295841005904e+02 2.911594419283664248e+00 4.101952587136482009e+01
1.987868245989482148e+02 3.091955739146302840e+00 4.098314504222034316e+01
1.988663713731150153e+02 3.018696395096136520e+00 4.146999784336170336e+01
1.985146900247183908e+02 2.769521723983476846e+00 4.043527596675458824e+01
1.984654191343585694e+02 2.584515337016207948e+00 4.043192488262910445e+01
1.981602216360589921e+02 2.252260322832163819e+00 3.979369266245292636e+01
1.977679788981237152e+02 2.219429652117653085e+00 3.983400520911096976e+01
1.980262943977172938e+02 2.363078352328340070e+00 3.943977172813085730e+01
1.983712901673883096e+02 2.504470877088206482e+00 3.989591731780554085e+01
1.986964780437631646e+02 2.707626204814280069e+00 4.010278869921531708e+01
1.989212495230511593e+02 2.799266742978483435e+00 4.091882745234659069e+01
1.986860930008792536e+02 2.791336949849864801e+00 4.025370361153967735e+01
1.982210554256042769e+02 2.196403390898986174e+00 3.954662486106272468e+01
1.972751870468985942e+02 1.657691733439506265e+00 3.838220607508419135e+01
1.964353589143814531e+02 1.403424078037127432e+00 3.748053219197398533e+01
1.961412432190315087e+02 1.403971532374458819e+00 3.729341893528425800e+01
1.962681696776655258e+02 1.546160354352261956e+00 3.748745002405480875e+01
1.968504288392309149e+02 1.761724647057847593e+00 3.818152258663879905e+01
1.976228039615786543e+02 2.281690140845070491e+00 3.930660760795633735e+01
1.983254201297300767e+02 2.614061281706730355e+00 4.018571973655834029e+01
1.985701819870933491e+02 2.721130078468454894e+00 4.045166641782378747e+01
1.986552696627349519e+02 2.652980308233381379e+00 4.007166674961429464e+01
1.984444002057101102e+02 2.382371970337928690e+00 3.986997130012110091e+01
1.980659599528857484e+02 2.230760297947875781e+00 3.941747540602863609e+01
1.978405580716335805e+02 1.978831765623185523e+00 3.900963851424210560e+01
1.979080276713283126e+02 1.996167819638680063e+00 3.955427263225998757e+01
1.978220773403672865e+02 2.094178735546376124e+00 3.926644436702665786e+01
1.981884404187196083e+02 2.264984488793775785e+00 3.979198394133943850e+01
1.984815939215978915e+02 2.415551021085286632e+00 3.993584830537998442e+01
1.987227392624297124e+02 2.544484812289520281e+00 4.032925231009140532e+01
1.985388277841370837e+02 2.269994525456626722e+00 3.976590520745201474e+01
1.973746910200899265e+02 1.617992999220292383e+00 3.837656563645714414e+01
1.966113405995454571e+02 1.327958327112261250e+00 3.761585295044708488e+01
1.963204598616433714e+02 1.226612916604455927e+00 3.712098740855024204e+01
1.962901176197349002e+02 1.275933575540403764e+00 3.709379717646277896e+01
1.965760712686009981e+02 1.476965444018646600e+00 3.786937407720765236e+01
1.972319879228255388e+02 1.892267622223328116e+00 3.876212279566681929e+01
1.976773005524312055e+02 2.239950895004894083e+00 3.972824698485376160e+01
1.984307138472768202e+02 2.509315018497320970e+00 4.006539590902304582e+01
1.987769704208762676e+02 2.693027422485442912e+00 4.052706581064715863e+01
1.986992153154498340e+02 2.498996333714892604e+00 4.035377162859370515e+01
1.982717861941969772e+02 2.235836692712221296e+00 3.918820816536438656e+01
1.979208016058660462e+02 2.163075034423265208e+00 3.909480913751057329e+01
1.979056056006237725e+02 2.119079613132268225e+00 3.889883707427130588e+01
1.978986545894921960e+02 1.979445578062011712e+00 3.853867847840873395e+01
1.979360307901590943e+02 2.357968778513246821e+00 3.889473946150400963e+01
1.983042021267771418e+02 2.478143300320177822e+00 3.946379336087194645e+01
1.984815773320725327e+02 2.618590222133744927e+00 3.969471955407355779e+01
1.986740655949833183e+02 2.524229001808258044e+00 3.941477131339272688e+01
1.981618971781217340e+02 2.007763897874881742e+00 3.825194512185006346e+01
1.969141989747673449e+02 1.353721860017584877e+00 3.665495446175285110e+01
1.963354567925811693e+02 1.184375985003069065e+00 3.596277310506146563e+01
1.961387382007000895e+02 1.232170407604638473e+00 3.602762155974717473e+01
1.965478524859403819e+02 1.418553725177922553e+00 3.654962756515536171e+01
1.969563197796911140e+02 1.794870518754458466e+00 3.742217024170938799e+01
1.975883309278521551e+02 2.071069526700841212e+00 3.838676819456195233e+01
1.984541216675791020e+02 2.392126611257651803e+00 3.911252675060966766e+01
1.985481510973970956e+02 2.456809170689626676e+00 3.860064035567942398e+01
1.985800693442160707e+02 2.417010899318170480e+00 3.882781731614658582e+01
1.980211184658006971e+02 2.248759932978317444e+00 3.811176363244247511e+01
1.979512433849267552e+02 2.111564558137991821e+00 3.814557308515403378e+01
1.974316096816470179e+02 2.059921365649728831e+00 3.780042800975463990e+01
1.976847658388493585e+02 2.177209310041639867e+00 3.813757693392391701e+01
1.976424625491464724e+02 2.269048922510326971e+00 3.848300403125466573e+01
1.980243202441978099e+02 2.447850826987839845e+00 3.872028401267439790e+01
1.982540519915725099e+02 2.569219794621675934e+00 3.915992302460226426e+01
1.983448464639426732e+02 2.650541648003450490e+00 3.903916786940725814e+01
1.976095323412797029e+02 2.233514159159906587e+00 3.881174206605948740e+01
1.971387879692761942e+02 1.734799847376366611e+00 3.749672356873870172e+01
1.962154979346040875e+02 1.279798934952470990e+00 3.619403108877055075e+01
1.960630236068946033e+02 1.216908044260853750e+00 3.652381426367391981e+01
1.962705917483700659e+02 1.282917765722722647e+00 3.696038421340765723e+01
1.964551999867283882e+02 1.622687834901043402e+00 3.757248793112029261e+01
1.969634200965510331e+02 1.929328621908127150e+00 3.824288724099603343e+01
1.977725576071268563e+02 2.202093598102158101e+00 3.911307420494699727e+01
1.980945768841553445e+02 2.693243086315300516e+00 3.981489407588048834e+01
1.980723800992053611e+02 2.649546276481030027e+00 3.972682028567162860e+01
1.974480664908176948e+02 2.281059738880870658e+00 3.863690505814628295e+01
1.974969060535178187e+02 2.086879344381957324e+00 3.862053119660246381e+01
1.973654340649314065e+02 1.981386552530732148e+00 3.857930622604887105e+01
1.969393652847591909e+02 2.059556396091507757e+00 3.793340964515004998e+01
1.974589658089882107e+02 2.231208215132964856e+00 3.862715041722656650e+01
1.975605434728512364e+02 2.411552945470230025e+00 3.886283780421042167e+01
1.978198377544418349e+02 2.536472071534033201e+00 3.906526319282005488e+01
1.981947610278869831e+02 2.660793974684384278e+00 3.953738449542958477e+01
1.982974833690008154e+02 2.518090877419997042e+00 3.938685114218882433e+01
1.973335158181124314e+02 2.022644702135071970e+00 3.795836029131206857e+01
1.964816436901740246e+02 1.548449708853829598e+00 3.675256722905157858e+01
1.960053086481195805e+02 1.197017203337812585e+00 3.574891753346936696e+01
1.957441729292124819e+02 1.215879493687685553e+00 3.558514573898040823e+01
1.962413278256109095e+02 1.557142620149637446e+00 3.648381691799797721e+01
1.968400437963469756e+02 1.765125499759451877e+00 3.698664543207419086e+01
1.975979362630435219e+02 2.031901657293584851e+00 3.769775543721694078e+01
1.980085270160420805e+02 2.481228952039681968e+00 3.856827419167537840e+01
1.982040677516216363e+02 2.491630584448978780e+00 3.836443869340897805e+01
1.979679988055541742e+02 2.366728047910549471e+00 3.795406360424028236e+01
1.974083511670731070e+02 1.861742895535758668e+00 3.729874417292921152e+01
1.973360208364438790e+02 1.758307204830869885e+00 3.673904676587202545e+01
1.970644834851274823e+02 1.779939945918147304e+00 3.660735911345576454e+01
1.972581827833905663e+02 1.792863186184243229e+00 3.655357587219429405e+01
1.975027787455000805e+02 1.887025332205245709e+00 3.666844174588165117e+01
1.975050846895270240e+02 1.964033908989863741e+00 3.707961313226828537e+01
1.978055541730951177e+02 2.085485824250568054e+00 3.712289520396821274e+01
1.977658886179266347e+02 2.101693790540652529e+00 3.699832445793725810e+01
1.972214535742132284e+02 1.687934438195723308e+00 3.608586738333416122e+01
1.961210537666517268e+02 1.329899301580981685e+00 3.503492095091159797e+01
1.957925811642528799e+02 1.049669038968795043e+00 3.418849018729574141e+01
1.955886295393088687e+02 1.071169063853083081e+00 3.386756581894191953e+01
1.959603676238822914e+02 1.141292987607624543e+00 3.435249423513993605e+01
1.966421639376897303e+02 1.242837472419914047e+00 3.508885349790142527e+01
1.969067005092984175e+02 1.668309029678660904e+00 3.603699464158330557e+01
1.971954411984273179e+02 1.884968231058909316e+00 3.629696909371423175e+01
1.973565420793311205e+02 1.941007647771197275e+00 3.670177010235737214e+01
1.972274258033477565e+02 1.811211201247532321e+00 3.649524710098044267e+01
1.969611473315748356e+02 1.680552099404436062e+00 3.605516017186748456e+01
1.968374226513379313e+02 1.551883740606181172e+00 3.578486703495413224e+01
1.966632326349143227e+02 1.553327029313691376e+00 3.557947212130260795e+01
1.967701023573715418e+02 1.596045057150914825e+00 3.595308482224323399e+01
1.969810049934471294e+02 1.772590786177607569e+00 3.615403374309460816e+01
1.970223626802037131e+02 1.931269596376847586e+00 3.632829011761973703e+01
1.973724348446390877e+02 2.029894324723369614e+00 3.698715970736077452e+01
1.976348479569999483e+02 2.071650160088919890e+00 3.669939780022893672e+01
1.970559564690854302e+02 1.693243086315300516e+00 3.620642346422469160e+01
1.963066407870070975e+02 1.239768410225783546e+00 3.499771064549842947e+01
1.954670614973705653e+02 8.882695466082715097e-01 3.380082615836361271e+01
1.952432688000796190e+02 8.468620912755685515e-01 3.341135387116574407e+01
1.954506544567759931e+02 8.760596559332437527e-01 3.379264752235438607e+01
1.958878050398978132e+02 1.177939249158081569e+00 3.459425338841055719e+01
1.968423497403739191e+02 1.397302543174239853e+00 3.559358980739560963e+01
1.975205295376499350e+02 1.763649032001194383e+00 3.624258862953930560e+01
1.976757079579953142e+02 1.787969276199008029e+00 3.680794306474891897e+01
1.975524311949435230e+02 1.743509348197548103e+00 3.634748419847708334e+01
1.970189286484513786e+02 1.609482572703594849e+00 3.575955141923389391e+01
1.967879526866736342e+02 1.261865658023523906e+00 3.513397700691783143e+01
1.965188539955871931e+02 1.217555035750427228e+00 3.468740357338376867e+01
1.965947510741717679e+02 1.240133379784004397e+00 3.485441032532059324e+01
1.967862605550855051e+02 1.378921349060203472e+00 3.492781897509912170e+01
1.970631231440468412e+02 1.464091972328671609e+00 3.524831201579322482e+01
1.972766801041822191e+02 1.594983327526999561e+00 3.565087343851092072e+01
1.972541681182501350e+02 1.634167786459629346e+00 3.558214303488777119e+01
1.967890310058229204e+02 1.431277891139534519e+00 3.542474161814230627e+01
1.958629041623119065e+02 1.170258298910068273e+00 3.469609648467957186e+01
1.950750841918412846e+02 9.677831417243152323e-01 3.381462864347451358e+01
1.945023805968911290e+02 9.666550539989050561e-01 3.408289785829227725e+01
1.946806350470313021e+02 1.081670233414621984e+00 3.430192936180095842e+01
1.951704739627399192e+02 1.262214038056371113e+00 3.493259675840673850e+01
1.957546575092486592e+02 1.684384279765755998e+00 3.615215912672738341e+01
1.963316246122198550e+02 1.938403092287529716e+00 3.665590006469914641e+01
1.964818593540038876e+02 2.001194445826905088e+00 3.704747922161946860e+01
1.963660146983194750e+02 1.979213324706780242e+00 3.639808225086679982e+01
1.956345825245939807e+02 1.805122845435392032e+00 3.623699795948837732e+01
1.950197913037708020e+02 1.764578045422120489e+00 3.598004280097546115e+01
1.946027638149272434e+02 1.756532125615886120e+00 3.594600109490867368e+01
1.947527331243053084e+02 1.796877851324673703e+00 3.617108777517875495e+01
1.954569916554687268e+02 1.831765623185520608e+00 3.641923389571824288e+01
1.959908757610444638e+02 2.190580467492825090e+00 3.753066573765324421e+01
1.958095356591848031e+02 2.867034954129962454e+00 3.806299042784385733e+01
1.955093481975480643e+02 3.512433849267572405e+00 3.867945719072977084e+01
1.948828447718110795e+02 3.458932629937457648e+00 3.884926757245474960e+01
1.939511106687237714e+02 2.450886710131223278e+00 3.694387763566084715e+01
1.936997959488379024e+02 1.796595829393321075e+00 3.637756100797955838e+01
1.943112360855355973e+02 1.503458916040412152e+00 3.564402196453159632e+01
1.948392474991290442e+02 1.407422153652184038e+00 3.538789628228736461e+01
1.952083478491680353e+02 1.538396456477380214e+00 3.550360822176877207e+01
1.961693956435906330e+02 1.525340500008294686e+00 3.570842250203221369e+01
1.968913054297516680e+02 1.387299059373911403e+00 3.549912904991788309e+01
1.963027422485442628e+02 1.795053003533569003e+00 3.641083959587916041e+01
1.956102788699215296e+02 2.115546044227674560e+00 3.619875910350204862e+01
1.951654307470263348e+02 2.236815474709268781e+00 3.610507805371688050e+01
1.954001061729623814e+02 2.163705436387465042e+00 3.619398132019443182e+01
1.954459762106206142e+02 1.980424360059058753e+00 3.557972096418321684e+01
1.949092055276298652e+02 1.957464456941886866e+00 3.520539491365151719e+01
1.936118216957812876e+02 2.201612501866321736e+00 3.533144212744073087e+01
1.931328820982431580e+02 2.646493803812272727e+00 3.590346555185055877e+01
1.931609515751754316e+02 3.028865774150201418e+00 3.582081653643889041e+01
1.925972395029778284e+02 3.288873405331873556e+00 3.594903697805205667e+01
1.934794870518754522e+02 3.206075084191841285e+00 3.599502314238789324e+01
1.941446772507838432e+02 2.444018646626520130e+00 3.483364023955274291e+01
1.929763765158678837e+02 1.677599163887921074e+00 3.371500854360557042e+01
1.906917500290316809e+02 1.765606595995288686e+00 3.308414207269530039e+01
1.900158927653079957e+02 2.484331193284559980e+00 3.388943081338442909e+01
1.914121501683836755e+02 3.121717347666683295e+00 3.509499162228968316e+01
