1.741441125580548146e+02 2.427829887988343371e-01 1.658375072094223412e+01
1.746066083841787417e+02 2.271651033603497016e-01 1.657271651033603632e+01
1.746853656315454089e+02 6.159426888868652084e-01 2.177659897398536870e+01
1.748610478705643061e+02 9.150350605591476283e-01 2.272755972437240146e+01
1.755905199890720212e+02 1.115715022918374100e+00 2.332471238199314101e+01
1.756902680387335636e+02 1.269829705855568758e+00 2.379151868378714596e+01
1.782642443007619306e+02 2.667987129283914793e+00 2.656655435145554378e+01
1.787154175393862090e+02 3.026955650669338027e+00 2.701627052788149186e+01
1.786752269070819352e+02 3.051164131985550920e+00 2.679945663722186922e+01
1.786014176000971361e+02 2.905776644507179096e+00 2.671383905533800984e+01
1.786233494217284488e+02 2.791473150593449137e+00 2.636264153234374419e+01
1.786740278663145318e+02 2.751419117870260944e+00 2.612448775157089642e+01
1.786392860395228013e+02 2.880536077467140021e+00 2.649342804237622673e+01
1.786083690010017335e+02 2.929939592629693834e+00 2.656096894636189631e+01
1.791540995052059486e+02 3.074993170020945410e+00 2.722235376255957107e+01
1.790107003005190904e+02 3.300169990589806535e+00 2.705711380262878407e+01
1.793711107063716099e+02 3.443690617126551778e+00 2.695267583401633260e+01
1.795238593934978724e+02 3.523388883829645213e+00 2.664799805725040116e+01
1.795135537139908308e+02 3.308441854111647373e+00 2.651510184257656988e+01
1.787681297999575065e+02 2.517697234617369606e+00 2.596270831436116922e+01
1.780490392496129743e+02 2.030871505327383808e+00 2.506150016695504235e+01
1.778248338038430063e+02 1.882585071183559444e+00 2.488660716996023581e+01
1.777162067814103068e+02 1.918131317730625618e+00 2.458221777008772690e+01
1.778776371308017019e+02 2.097076768964575066e+00 2.439616914063685726e+01
1.782944176304526138e+02 2.311887199101478441e+00 2.456172783292353401e+01
1.788898096712503332e+02 2.822678566007953194e+00 2.543945603011261980e+01
1.791722520717603118e+02 2.978994019973894236e+00 2.573520930091369863e+01
1.790790456242600897e+02 3.027274383025225557e+00 2.568797620131742576e+01
1.792280605895030874e+02 2.811219378927237944e+00 2.580297787086786343e+01
1.790378229062319804e+02 2.722551073065598182e+00 2.549364053061348301e+01
1.789348268220866487e+02 2.391403333029778810e+00 2.491741796436268785e+01
1.790384451932125103e+02 2.441580912485201704e+00 2.479113924050632889e+01
1.790611055459429792e+02 2.535030203685153083e+00 2.500078924202410136e+01
1.792217162978477916e+02 2.738943022796952231e+00 2.505592993959263026e+01
1.792517985611510767e+02 2.847160246486355017e+00 2.559419300003035502e+01
1.794136538870169773e+02 2.991394226391038913e+00 2.553820234951279389e+01
1.796985550799866473e+02 3.112072367422517694e+00 2.560081049084782734e+01
1.795272136721002880e+02 3.084797984397292137e+00 2.525888656163676771e+01
1.791577725161642718e+02 2.604620101387244535e+00 2.472796952311568575e+01
1.781477703912819095e+02 1.986916795677382108e+00 2.438508939683696042e+01
1.778584524785235033e+02 1.712731080958018293e+00 2.367566706128767962e+01
1.776882494004796058e+02 1.685335276082931211e+00 2.397316577118052550e+01
1.778814467413411080e+02 1.853079561667122066e+00 2.465680114136538847e+01
1.782229760495401081e+02 2.093874267674467937e+00 2.513194001760616914e+01
1.785400995659168757e+02 2.369623288710803521e+00 2.535921136508514806e+01
1.789041981604589751e+02 3.038885347418267990e+00 2.607314148681055244e+01
1.789861427313845184e+02 3.127887563367028001e+00 2.590155723522448028e+01
1.789011474364811818e+02 3.070971071244270600e+00 2.571628267006648016e+01
1.788386000060710899e+02 2.952797255866193016e+00 2.558409980876058754e+01
1.787652460310232811e+02 2.500379443280818403e+00 2.533788665270315477e+01
1.785583887320523218e+02 2.520839024982545418e+00 2.556597759766869871e+01
1.785052363172752905e+02 2.593950156330631529e+00 2.533882767203958508e+01
1.788992350423458788e+02 2.726633882767203865e+00 2.546994809215918565e+01
1.790775126734055789e+02 2.978842242661567052e+00 2.579960841453419462e+01
1.792592052939926646e+02 3.174513553713990799e+00 2.585573566463284934e+01
1.793189600218559292e+02 3.326412287891205910e+00 2.608575418146495295e+01
1.795308866830586112e+02 3.456697932793006078e+00 2.623143004583674909e+01
1.793231187202136994e+02 3.397216404091916164e+00 2.602108186868226980e+01
1.784682330085298929e+02 2.779573809306984611e+00 2.539539507634398774e+01
1.776884163555231737e+02 2.214036365844033849e+00 2.451863825395379948e+01
1.771458883526090631e+02 1.905412378957593411e+00 2.426181586376468502e+01
1.771172631515041189e+02 1.973939835473393467e+00 2.444135324651671226e+01
1.773087454087363142e+02 2.136766536138178019e+00 2.461321069726497157e+01
1.778986279330965488e+02 2.391327444373615219e+00 2.520952857966791072e+01
1.786339738335913410e+02 3.007103178216920192e+00 2.599694927602222094e+01
1.790763895212943453e+02 3.173785022614819429e+00 2.664071274625868924e+01
1.789088729016786488e+02 3.246683665725647483e+00 2.678740551862307484e+01
1.787192726831193283e+02 3.174012688583310648e+00 2.705025346811158826e+01
1.784347357556992506e+02 3.009258416051968421e+00 2.683527608293112365e+01
1.781397413714597917e+02 2.893953191876878162e+00 2.684805573262908496e+01
1.780476125428770899e+02 2.602161308927541494e+00 2.651306802659138384e+01
1.783279148832832561e+02 2.614956136356737293e+00 2.696093251980693850e+01
1.782996084145341911e+02 2.804146556172783189e+00 2.701290107154782660e+01
1.786827095285796645e+02 3.366147588258507017e+00 2.765083629299092394e+01
1.788339707980451010e+02 3.232522842485505254e+00 2.816272045654615397e+01
1.788449442977263857e+02 3.041905715933582055e+00 2.783981422456971089e+01
1.789064141092189573e+02 3.096333060134170978e+00 2.782260267735178871e+01
1.786066235619099700e+02 2.623865464590353191e+00 2.751841058798530781e+01
1.778164405184712962e+02 2.023085329204990401e+00 2.627429195883799196e+01
1.771278572079045546e+02 1.663418632182861234e+00 2.587525422699814825e+01
1.767020914913638592e+02 1.572124578817958307e+00 2.561829523722794022e+01
1.770034149895273572e+02 1.704732416598366829e+00 2.577377591597608131e+01
1.776073976262028395e+02 1.840436511550253451e+00 2.669803903712472959e+01
1.780338463406490064e+02 2.289090246789909688e+00 2.738123425310384462e+01
1.783856661506237913e+02 2.590261967641076968e+00 2.763981726011595796e+01
1.786194183893391596e+02 2.714749719211972057e+00 2.807950095619706943e+01
1.783599702516467858e+02 2.575827945238745809e+00 2.790826579242934713e+01
1.784026044986795512e+02 2.343851501077618860e+00 2.773639316394985244e+01
1.780649606896760986e+02 2.161384816197674752e+00 2.761858361412136276e+01
1.781049388337431196e+02 2.179400783170931444e+00 2.766425340740066119e+01
1.779799805725040187e+02 2.232841574841392784e+00 2.758494976170961976e+01
1.781433384937619451e+02 2.343760434690222549e+00 2.815986704307440291e+01
1.785220380657499391e+02 2.498102783595907983e+00 2.807081929393194386e+01
1.785201712048082925e+02 2.593601068512279006e+00 2.849187991379048768e+01
1.787160246486355106e+02 2.792277570348784099e+00 2.851414564550890773e+01
1.787883617156907405e+02 2.806574993170020793e+00 2.904708132228394390e+01
1.785951491970980101e+02 2.377242509789636582e+00 2.822053243481164486e+01
1.775646571350514478e+02 1.527532404456181991e+00 2.704269495795768563e+01
1.769863552196217711e+02 1.277964969796314909e+00 2.651423671189630582e+01
1.765202470934644623e+02 1.205992168290684008e+00 2.621679871292839081e+01
1.766045745681935557e+02 1.293112345566584720e+00 2.712904107094071549e+01
1.769561667121998596e+02 1.685547764320189490e+00 2.825911422760525582e+01
1.771915733236195933e+02 1.987174817108338543e+00 2.837434356312418515e+01
1.777858118568436510e+02 2.252511914519017555e+00 2.900939501563306422e+01
1.780301581519594549e+02 2.365904744558783523e+00 2.882500075888655999e+01
1.779822420544576858e+02 2.286176122393224652e+00 2.892166772910785255e+01
1.780937376680933824e+02 2.064034848070910311e+00 2.906386789302734996e+01
1.775219166439000560e+02 1.913593176092037718e+00 2.897492638800352083e+01
1.777005585405093768e+02 1.901132258749961945e+00 2.939973590747655052e+01
1.778713687278025759e+02 1.942005888959718263e+00 2.946674559086907763e+01
1.780977445891388129e+02 1.990240718817351206e+00 2.926221048477673392e+01
1.785492517378502271e+02 2.083674832286070089e+00 2.944397899401997520e+01
1.785213702455756959e+02 2.368530492062046466e+00 2.975632152505843564e+01
1.787982424187232482e+02 2.415702880733388014e+00 2.999810278359590754e+01
1.790087271954588175e+02 2.360030962571714852e+00 2.966642382296694436e+01
1.785156482409009584e+02 1.915702880733388014e+00 2.909703123577087780e+01
1.775373220411013051e+02 1.440230094405488215e+00 2.834583978386910630e+01
1.768205385059041248e+02 1.102753240445618177e+00 2.695964241265215833e+01
1.764663965030507313e+02 1.123470843578301848e+00 2.701180827489906733e+01
1.765464590353033998e+02 1.198767568223901847e+00 2.705532283034332153e+01
1.771654372704368257e+02 1.503824788270649249e+00 2.825724736666363057e+01
1.775322678566007824e+02 1.701287071608535983e+00 2.870269860061317857e+01
1.777682360440761329e+02 1.853732204110129622e+00 2.941037549707069942e+01
1.784105120966517859e+02 1.977825334668973589e+00 2.957930364569104142e+01
1.780571441580912619e+02 1.953207054609477078e+00 2.933346993291442928e+01
1.778308593631423946e+02 1.750690586771089352e+00 2.886526727984700713e+01
1.774925173785022707e+02 1.676972346173694062e+00 2.840547308988252340e+01
1.774207267097714293e+02 1.521704155662811475e+00 2.815066933794736315e+01
1.775355007133533718e+02 1.523783504841696335e+00 2.813195519533740097e+01
1.773143611692924253e+02 1.602237197583705086e+00 2.830390371247305836e+01
1.776559511884163669e+02 1.670810187293203519e+00 2.858369001001730325e+01
1.778105212032905342e+02 1.812023798682572906e+00 2.852241750903074902e+01
1.780776644507179185e+02 1.841635552317639535e+00 2.906892207752785140e+01
1.780212184682633563e+02 1.825729289985732917e+00 2.890538202349512886e+01
1.776667880885165403e+02 1.516801748474638112e+00 2.787059466350969927e+01
1.768660716996023439e+02 1.184363901284036125e+00 2.700109279664875572e+01
1.761342318550223069e+02 1.006890689979661913e+00 2.613506663024011090e+01
1.757883465379595123e+02 1.115092735937831980e+00 2.615579941110402729e+01
1.762815924475609393e+02 1.369911665604225393e+00 2.645162857056127237e+01
1.769995294903317813e+02 1.915763591658318887e+00 2.761525969098139299e+01
1.776123607443159358e+02 2.262149773851804824e+00 2.785796679112406338e+01
1.781436724038490809e+02 2.803099292717724733e+00 2.825462161916036763e+01
1.781136963846644221e+02 3.043742221412743199e+00 2.844643778647967736e+01
1.782919740157241222e+02 3.098154387882099403e+00 2.852891357799835959e+01
1.782914731505934469e+02 3.080047354521445957e+00 2.861011444009349347e+01
1.780136903135719137e+02 2.781334426129982162e+00 2.820902771453723190e+01
1.776085814892389863e+02 2.935949974197856971e+00 2.840204292262392727e+01
1.777122302158273328e+02 3.121437027593115587e+00 2.843901587590686830e+01
1.781066539173724266e+02 3.293491788847402901e+00 2.871200254985884825e+01
1.782571259448137653e+02 3.554002367726072364e+00 2.917565188355644423e+01
1.781474213034635454e+02 3.781956713110524060e+00 2.960510578878669108e+01
1.786089761102510352e+02 3.960598609719819141e+00 2.983063169717390650e+01
1.786979024375436325e+02 3.726998148316789550e+00 2.966479980572503905e+01
1.780349087818352984e+02 3.194821358103390629e+00 2.882313389794493474e+01
1.773212518592720812e+02 2.487979236863673727e+00 2.819583826609598276e+01
1.764206508211152595e+02 2.226178550830221869e+00 2.732996387699966689e+01
1.761526272652763794e+02 2.135263940746137123e+00 2.775873478432443875e+01
1.762332513735846646e+02 2.380384300154812838e+00 2.785901405457912006e+01
1.768096408948790383e+02 2.689023464772485994e+00 2.901918465227817734e+01
1.774391524754879583e+02 2.989102388974896218e+00 2.911468293719454792e+01
1.780496463588622760e+02 3.548750872719546035e+00 2.991925446984184944e+01
1.783568132835503661e+02 3.806089305770573361e+00 3.039642716206781259e+01
1.783160307197280190e+02 3.436617794372097467e+00 3.062925355917797532e+01
1.779296512157362713e+02 3.180933734025437776e+00 3.045959687945845928e+01
1.776663479343107781e+02 3.018152566554351601e+00 3.003361867468050761e+01
1.774426433536714853e+02 3.012810005160428517e+00 3.035327687217314718e+01
1.772382448471602459e+02 3.084615851622499516e+00 3.064415809124852075e+01
1.773219803903712375e+02 3.252284248550526780e+00 3.123873053455969284e+01
1.774733934371490136e+02 3.454436450839328376e+00 3.161043317244938322e+01
1.778789272379564750e+02 3.569028321646480428e+00 3.257135051452508634e+01
1.778847099535561540e+02 3.720198524724524169e+00 3.303131165953313086e+01
1.780473089882524391e+02 3.617536350666302525e+00 3.288457335397504977e+01
1.773001244573960946e+02 3.044561818899310879e+00 3.223053455969401426e+01
1.766359165831891573e+02 2.124093130558843967e+00 3.097172388671341281e+01
1.758549767780712045e+02 1.951886591992229025e+00 3.031244877515709035e+01
1.757297604954011376e+02 1.948410891539932521e+00 3.042450596484837533e+01
1.757255866193121392e+02 2.145250887897276915e+00 3.072745348025377154e+01
1.764620253164557084e+02 2.675834016331238630e+00 3.148280363051330966e+01
1.770453055277297096e+02 2.957502352548341040e+00 3.246137267401268645e+01
1.778084873873053482e+02 3.150122939622985285e+00 3.314638921773973124e+01
1.778597577634095330e+02 3.274899068087302467e+00 3.290483562517074745e+01
1.776440822025923580e+02 3.096272349209240105e+00 3.279491849558328198e+01
1.773461585162249889e+02 2.929469082961479121e+00 3.268580578575114259e+01
1.773137540600430953e+02 2.791624927905776765e+00 3.249380748565704380e+01
1.771632061439456152e+02 2.575251191451901622e+00 3.177577937649880013e+01
1.772895759341893438e+02 2.633867589472725701e+00 3.163939228364144185e+01
1.774721336854566971e+02 2.737743982029566148e+00 3.209653037064019543e+01
1.777237197583705210e+02 2.942537109552863850e+00 3.222678566007952838e+01
1.781281607625292054e+02 3.157635916583189317e+00 3.251027532404456366e+01
1.782124882372582988e+02 3.213717633488146319e+00 3.233835716237136637e+01
1.780881826184621843e+02 3.101979176152748874e+00 3.204363597729411595e+01
1.776507907597972178e+02 2.578226026773517976e+00 3.121276143642048240e+01
1.765294599763227268e+02 2.169504902407187963e+00 3.045938439122119945e+01
1.762216859423853350e+02 2.057326290866041241e+00 3.035602404152627187e+01
1.762398536866709264e+02 2.096424126521567732e+00 3.041435206265367341e+01
1.765847979843972837e+02 2.399280575539568527e+00 3.131882342227483917e+01
1.769369061712655196e+02 2.805300063746471118e+00 3.200402209877667303e+01
1.776475275475822002e+02 3.332953890052515078e+00 3.287478371732993310e+01
1.780877879974501354e+02 4.093343047081321906e+00 3.396452964210909897e+01
1.783844519321251880e+02 4.330829007679931841e+00 3.452672798470084814e+01
1.780960446832407627e+02 3.762407795282761036e+00 3.423059527061894869e+01
1.778515921440063039e+02 3.599277539993321895e+00 3.397952524056704249e+01
1.775714264031812490e+02 3.323619585344382621e+00 3.337542118204170549e+01
1.775912940533648907e+02 3.316546762589927866e+00 3.412866162765989486e+01
1.777369547400054728e+02 3.324727559724372394e+00 3.369442673709134084e+01
1.778477825334668978e+02 3.466517924900585967e+00 3.396560726102661931e+01
1.780284278905989197e+02 3.675014418844670949e+00 3.395162857056127592e+01
1.781581823149075774e+02 3.789408979145797218e+00 3.483114774003581715e+01
1.783042072670977234e+02 3.850651124669884240e+00 3.502326746197978480e+01
1.778192028655556669e+02 3.595999150047051174e+00 3.396839996357344660e+01
1.773366269010108454e+02 2.608793977476246972e+00 3.317348146799016462e+01
1.762919740157241222e+02 2.272212609659108207e+00 3.241723583158789523e+01
1.760825668579060732e+02 2.090277145372309686e+00 3.167742767811067495e+01
1.758926023737971605e+02 2.183438059678839416e+00 3.212404759736514848e+01
1.764575934189357440e+02 2.356479373463254756e+00 3.288080927662932851e+01
1.769305011686853106e+02 2.919558024466502921e+00 3.355380505722004614e+01
1.775268645842819524e+02 3.199708587560331274e+00 3.463391312266642075e+01
1.777722277873903352e+02 3.468460674498376139e+00 3.479989679142762071e+01
1.777631211486506970e+02 3.411210272288498491e+00 3.459114227605257241e+01
1.779593085025650225e+02 3.215174695686488615e+00 3.415988222080563474e+01
1.774646207084964828e+02 2.967519655161946268e+00 3.371845308563275978e+01
1.774821054548766028e+02 2.895835230549737460e+00 3.367380020034605081e+01
1.773508787906383759e+02 2.581094617976504857e+00 3.371408189903772978e+01
1.771827247063108928e+02 2.657302006496069069e+00 3.386576814497768595e+01
1.775146768661020644e+02 3.064626779588987215e+00 3.438439122120025360e+01
1.776531129526758264e+02 3.234162037458640615e+00 3.452138542330692417e+01
1.780752056582581986e+02 3.353261694441914909e+00 3.466262939015875588e+01
1.784248702303979712e+02 3.306347327201530018e+00 3.478277631059709307e+01
1.777803630513310793e+02 2.558525331633427324e+00 3.393170020945269272e+01
1.771632061439456152e+02 2.127614364204838626e+00 3.306763197037307123e+01
1.761651337158121464e+02 1.899523419239292021e+00 3.238364751236984773e+01
1.760229942628176047e+02 1.904061560877879922e+00 3.226922259660626224e+01
1.764110888504386310e+02 2.036821175970616071e+00 3.256323042831557757e+01
1.767979085086361408e+02 2.523297817442248903e+00 3.385569013143915384e+01
1.773836475123698619e+02 2.861381780651428119e+00 3.443853018850742131e+01
1.779419300003035573e+02 3.273229517651701226e+00 3.494888140120814768e+01
1.782051573930728807e+02 3.460021855932974955e+00 3.501016907992593019e+01
1.782406277509637960e+02 3.465713505145251006e+00 3.491957320219773209e+01
1.781533254409130791e+02 3.246638132531949328e+00 3.473316030719728076e+01
1.778156057432534851e+02 3.197052484594602895e+00 3.401024496858209289e+01
1.777449230489026490e+02 2.921865039613878334e+00 3.371007497799229213e+01
1.777334638618219458e+02 3.098746319400175864e+00 3.389966001882038427e+01
1.776189023464772561e+02 3.200649606896761146e+00 3.380860880915520994e+01
1.778876847888777490e+02 3.417782229912272651e+00 3.437869957198797977e+01
1.780372461524451353e+02 3.573672707403697135e+00 3.487754606441428962e+01
1.782404759736514563e+02 3.565871353550071454e+00 3.515866800230701728e+01
1.780331936982059915e+02 3.328005949670643115e+00 3.507198797923686584e+01
1.774047597365145919e+02 2.659684910299608518e+00 3.399834562729563459e+01
1.763456728288255420e+02 2.160352730473848570e+00 3.330889718604863248e+01
1.760477643201894296e+02 2.097319612664299004e+00 3.286968399963573262e+01
1.762011656497586785e+02 2.189736818140424202e+00 3.333670278966700096e+01
1.765914610084084586e+02 2.445572655799411077e+00 3.415540479009197838e+01
1.768454906960507458e+02 2.877576419876756830e+00 3.492499165224781876e+01
1.778591961873539162e+02 3.540509364660170633e+00 3.634474698722034702e+01
1.782691315302188571e+02 3.852684940655070722e+00 3.623422274838357282e+01
1.781705976990559464e+02 3.757505388094587673e+00 3.601370549130316334e+01
1.780281850468991820e+02 3.487721215432717070e+00 3.575149500652642587e+01
1.777351030567950829e+02 2.931973408614880316e+00 3.532844610387639506e+01
1.772188628843760512e+02 2.844322010745833573e+00 3.445528640378836371e+01
1.772297453176699094e+02 2.865464590353034247e+00 3.495038399660018769e+01
1.775671462829736242e+02 3.009911058494976199e+00 3.504985884709953581e+01
1.778273988404213242e+02 3.207661718726284583e+00 3.526785660079531226e+01
1.778816895850408173e+02 3.392936283884285142e+00 3.487976201317427183e+01
1.782841878396017421e+02 3.492593267158424997e+00 3.516243207965273143e+01
1.781331087029111018e+02 3.386743769541328941e+00 3.514594906353398329e+01
1.775216586224691184e+02 2.818413623531554446e+00 3.422924445253923409e+01
1.766529004644385736e+02 2.296345202319157508e+00 3.329160975017454405e+01
1.760569620253164658e+02 2.064672312782685371e+00 3.295642473363081848e+01
1.760220077102874541e+02 2.116959596879458338e+00 3.273854840178490377e+01
1.765019427495977880e+02 2.352533163342743538e+00 3.391019336429590680e+01
1.770390371247305836e+02 2.658151959445102186e+00 3.451827398840421068e+01
1.775204140485080302e+02 3.327004219409282815e+00 3.577886045593904640e+01
1.781457213975654952e+02 3.744634672009228282e+00 3.625814285280636540e+01
1.782605864675348357e+02 3.865388701696870211e+00 3.659734996812676400e+01
1.778814467413411080e+02 3.668943326351576939e+00 3.626520049782958210e+01
1.779803903712472959e+02 3.392435418753604548e+00 3.585969705248459150e+01
1.775587833530643707e+02 2.776583796254135983e+00 3.502442096955346784e+01
1.776517014236711987e+02 2.819369820599217036e+00 3.565578423337279190e+01
1.775086057736089629e+02 2.760040069210454305e+00 3.536544941262179975e+01
1.777431017211547157e+02 2.849315484321403691e+00 3.594828946969006722e+01
1.776765018365054800e+02 3.099550739155510826e+00 3.586461463740400291e+01
1.781808578453692746e+02 3.195428467352700252e+00 3.637127766141517071e+01
1.781365540479009155e+02 3.102525574477127179e+00 3.650645053577391508e+01
1.774788877758552701e+02 2.477855690131439026e+00 3.562398688644021405e+01
1.767973165771180390e+02 1.962769025286100311e+00 3.462134596120571928e+01
1.759768843153325406e+02 1.755289439334608348e+00 3.382207145675864268e+01
1.759083872142792018e+02 1.775035667668396933e+00 3.387904865980632962e+01
1.762030780438940099e+02 1.819111799168260379e+00 3.406373129344625283e+01
1.767186655738700267e+02 1.974106790516953591e+00 3.423615032025013249e+01
1.772590990498740382e+02 2.446483319673375068e+00 3.527896670005767277e+01
1.776327140818990244e+02 2.660079531311659640e+00 3.629242934766111262e+01
1.779419300003035573e+02 2.624745773001851745e+00 3.614482591142276391e+01
1.778312388064232152e+02 2.477946756518835780e+00 3.593056187961023795e+01
1.776628418783960228e+02 2.329660322375011194e+00 3.573889748960325363e+01
1.773145433020671931e+02 2.292490058586042601e+00 3.523645387487478331e+01
1.772341620374586455e+02 2.379868257292899969e+00 3.523273533072276109e+01
1.774110736727074027e+02 2.498527760070424542e+00 3.495892905928421612e+01
1.776987523904926718e+02 2.585450626840299915e+00 3.537947363628084929e+01
1.776335336793856072e+02 2.648574811037246235e+00 3.557496281455848219e+01
1.778922684637100531e+02 2.737926114804359212e+00 3.544388792763258067e+01
1.781299972680083670e+02 2.617566706128767962e+00 3.514617672950247140e+01
1.774908478280666486e+02 2.174984063382205512e+00 3.436508514707221451e+01
1.766491515648240807e+02 1.751100385514373414e+00 3.340477491424582013e+01
1.760921743617764150e+02 1.591233342439972054e+00 3.272265731718422899e+01
1.758015663418632073e+02 1.391403333029778810e+00 3.190088941505023712e+01
1.758467049145493775e+02 1.576298454906960522e+00 3.269586862155844642e+01
1.764525695898977062e+02 1.662037458640682308e+00 3.315241477703912665e+01
1.770506025559299417e+02 2.015633063169717243e+00 3.422367422517682201e+01
1.774672464559997707e+02 2.159760798955772110e+00 3.445469447227028326e+01
1.776077922472148884e+02 2.166317578848313552e+00 3.484379079015268843e+01
1.774914701150472069e+02 2.119539811189023570e+00 3.465229335518926490e+01
1.772728652521021218e+02 1.939456030112618690e+00 3.412665816713717959e+01
1.771669095103663949e+02 1.786904653492396022e+00 3.416748626415323287e+01
1.769847463801110905e+02 1.646525817320826812e+00 3.311729350696657548e+01
1.772326442643353630e+02 1.669732568375679183e+00 3.358733266551315921e+01
1.771510336034969555e+02 1.771332301247609431e+00 3.299895273654494332e+01
1.773460978053000758e+02 2.162978477977111957e+00 3.332120632607837507e+01
1.776349603861214916e+02 2.322860698782745814e+00 3.347017575812767376e+01
1.778893998725070560e+02 2.333439577451962510e+00 3.329027410982606483e+01
1.775185471875664120e+02 1.750007588865616359e+00 3.187088304040312181e+01
1.767758856206174300e+02 1.405882888625808125e+00 3.052385939349786170e+01
1.761311811310445421e+02 1.226967792854324113e+00 3.036306650881826030e+01
1.758513341225753663e+02 1.262028352001942855e+00 3.017703305709862605e+01
1.760180311447044801e+02 1.388534741826791707e+00 3.021345961205718922e+01
1.765738244847160274e+02 1.689220775278511333e+00 3.116335792125792992e+01
1.771553440791670369e+02 1.901951856236529848e+00 3.175797589776280105e+01
1.775635491606714709e+02 2.096181282821843794e+00 3.150672373493610223e+01
1.782320675105485179e+02 2.124988616701575239e+00 3.208831921804328857e+01
1.777567920347266579e+02 2.118902346477248511e+00 3.165221746653310220e+01
1.775808365965455380e+02 1.935175909904987446e+00 3.159583219500349216e+01
1.774501259751692430e+02 1.844549676714324793e+00 3.118569954163251623e+01
1.774056248671948595e+02 1.836262635461251236e+00 3.097085875603314875e+01
1.774950975928118169e+02 1.877500531220593238e+00 3.130659017090125218e+01
1.777565947242206335e+02 1.904380293233767452e+00 3.176260510578878637e+01
1.779211365085147065e+02 2.047658076070788979e+00 3.175920529399265391e+01
1.779517196369486669e+02 2.179218650396138823e+00 3.202697082840057163e+01
1.783047384876908552e+02 2.172206538566614942e+00 3.190495704702061275e+01
1.781321069726497228e+02 1.925325562334942120e+00 3.185414200285341479e+01
1.772018182922016933e+02 1.572686154873569553e+00 3.109897398536866575e+01
1.765743708830404159e+02 1.224554533588319227e+00 2.941404850802901905e+01
1.762585981847433345e+02 1.220486901617946041e+00 2.929022857663236579e+01
1.762409768387821316e+02 1.300154812858573816e+00 2.910111404547248171e+01
1.768622620890629378e+02 1.583477521780044306e+00 2.962653674528731429e+01
1.773378866527031619e+02 1.776705218103997730e+00 3.016262939015875943e+01
1.777045351060923508e+02 1.901875967580366034e+00 3.070685729897094873e+01
1.777802112740187681e+02 1.959171902983942060e+00 3.092913517287435710e+01
1.777259053516680467e+02 1.991333515466108040e+00 3.057781622803023325e+01
1.777831861093403631e+02 1.863400418905382105e+00 3.017024861123759294e+01
1.772969523115684751e+02 1.664329296056825447e+00 2.995200801384208944e+01
1.775034605227210704e+02 1.606046808123121838e+00 2.946395288832225390e+01
1.772568831011140560e+02 1.526075342257839251e+00 2.870306286616276736e+01
1.774303038581792862e+02 1.522311264912120876e+00 2.892077224296512128e+01
1.775258324985581169e+02 1.574765504052454190e+00 2.876315150411316424e+01
1.778594238533223972e+02 1.635005919315180689e+00 2.942776917706341422e+01
1.783099748049661457e+02 1.715812160398263675e+00 2.943889445405700656e+01
1.782011504720274502e+02 1.600385514373311446e+00 2.924175090307500824e+01
1.775151170203077982e+02 1.330130832043226130e+00 2.812193789272379618e+01
1.768052089973590739e+02 1.139999392890750585e+00 2.777489906808730069e+01
1.763391464043954784e+02 1.049130316000364216e+00 2.708704428861973668e+01
1.761576207388519606e+02 1.054897853868803637e+00 2.703847554867498459e+01
1.767201833469932808e+02 1.225662507968309001e+00 2.716077770694836602e+01
1.772559724372400751e+02 1.349330662052636409e+00 2.830989891630999011e+01
1.779545882281516640e+02 1.490893361260358763e+00 2.891634034544516396e+01
1.781243207965273427e+02 1.780150563093828797e+00 2.907640469902559133e+01
1.783482075099414033e+02 1.785356524906656972e+00 2.926507907597972391e+01
1.780414807394590753e+02 1.569984518714142574e+00 2.851584555140697574e+01
1.778118264881765356e+02 1.406505175606350466e+00 2.817244938226633977e+01
1.778713383723400909e+02 1.341104331724493726e+00 2.788548401784901287e+01
1.778931335943903207e+02 1.333530643839358820e+00 2.808831921804328857e+01
1.781036639043195748e+02 1.458124639528883160e+00 2.838681965819749209e+01
1.783984154448592960e+02 1.672722581428528033e+00 2.877086179157939583e+01
1.784704337795586184e+02 1.850742191057280772e+00 2.911264912120936188e+01
1.787392162219591398e+02 1.878092462738669921e+00 2.961210272288498402e+01
1.788212063260783680e+02 1.857283793218589718e+00 2.954182982727741802e+01
1.783619737121695152e+02 1.483577694806180292e+00 2.895818535045381381e+01
1.776841514130467772e+02 1.219272683119327239e+00 2.786711896305740055e+01
1.768741310748869182e+02 1.074249461190541322e+00 2.716863977172692302e+01
1.768216768357465867e+02 1.074871748171083441e+00 2.684737273472361352e+01
1.769645751753027980e+02 1.164268585131894573e+00 2.701818292201681615e+01
1.772902133989011304e+02 1.329705855568709572e+00 2.727007254955529092e+01
1.778297817442248743e+02 1.675849194062471570e+00 2.828380839632091792e+01
1.784525088789727647e+02 1.779862186200406704e+00 2.838744194517803621e+01
1.785446377075554665e+02 1.870458063928603920e+00 2.879642109097532199e+01
1.786442036244422127e+02 1.871049995446680603e+00 2.866813890659624064e+01
1.782033208875937191e+02 1.577603739792975857e+00 2.776611116170354876e+01
1.779853383116291639e+02 1.578802780560361940e+00 2.734183286282366510e+01
1.781409404122271667e+02 1.651974622833378925e+00 2.753260176668791459e+01
1.783675742949943981e+02 1.693925871960659357e+00 2.743127523297817305e+01
1.788105212032905342e+02 1.787754606441429139e+00 2.793834805573262869e+01
1.788825243602586283e+02 1.956197067662325928e+00 2.800282305800928739e+01
1.792159032267856560e+02 2.031539325501623861e+00 2.821412743223142883e+01
1.793471298910238829e+02 2.171478007467443572e+00 2.838631879306681327e+01
1.792890902467898968e+02 2.095073308441854021e+00 2.825786965364417469e+01
1.789915308259721201e+02 1.953267765534407951e+00 2.831858057857511568e+01
1.781870655374434591e+02 1.759736514585799716e+00 2.751484382114561456e+01
1.773305254530552872e+02 1.545760859666696962e+00 2.656201620981695655e+01
1.770434234890568632e+02 1.547400054639832545e+00 2.686028898400267195e+01
1.771842424794341753e+02 1.605439698873812437e+00 2.681287375163160647e+01
1.775803964423398043e+02 1.770239504598852598e+00 2.728716267492335135e+01
1.779602191664390034e+02 1.905184712989102414e+00 2.778576632364994126e+01
1.785389157028807290e+02 2.109750174543909118e+00 2.786173086846978109e+01
1.789898612755365264e+02 2.265762073885195793e+00 2.831505934492912147e+01
1.788964423397990515e+02 2.203958352305497304e+00 2.798064839267826187e+01
1.785058434265245921e+02 2.153386151838023288e+00 2.794830464742130260e+01
1.781513068026591498e+02 1.978326199799653962e+00 2.792628175940260604e+01
1.781593358224812675e+02 1.984913335154661063e+00 2.793831770027016503e+01
1.780242995477036061e+02 2.050678444586103488e+00 2.764077345718362011e+01
1.780148893543393172e+02 2.142002853413471630e+00 2.802590838721427957e+01
1.780511793097167867e+02 2.206508211152597099e+00 2.848764532677655481e+01
1.784095862550466052e+02 2.398977020914913716e+00 2.866909510366390279e+01
1.786339131226664279e+02 2.495310081049084694e+00 2.919219561060012680e+01
1.788005949670643133e+02 2.630649910451385853e+00 2.902014084934583948e+01
1.789850499347357697e+02 2.633897944935191138e+00 2.920045229639073625e+01
1.782742008924506081e+02 2.161718726284795000e+00 2.863508180797134273e+01
1.771530067085572000e+02 1.743147254348420105e+00 2.781033907051573806e+01
1.763090337856297367e+02 1.642776917706341155e+00 2.733644476823604563e+01
1.760697872082081119e+02 1.686367361806757170e+00 2.734684151413046749e+01
1.765985945420878522e+02 1.688826154266460211e+00 2.790448653735239759e+01
1.769516285705612688e+02 1.843502413259266115e+00 2.859425371095528590e+01
1.778029323376741786e+02 1.945982454542694917e+00 2.919667304131378316e+01
1.780132956925598648e+02 2.186139695838265951e+00 3.028637343289924999e+01
1.780897914579728649e+02 2.216130892754151205e+00 3.034366936830282668e+01
1.779378016574082437e+02 2.145266065628509633e+00 3.042965121573627130e+01
1.778583158789424203e+02 2.047688431533254416e+00 3.000572200467474104e+01
1.775611207236742359e+02 2.016741037549707016e+00 2.986462981513523474e+01
1.771383146647239073e+02 1.983198251525361888e+00 3.012952675834016247e+01
1.772388974896032607e+02 2.075357435570531095e+00 3.028318610934037736e+01
1.773510912788756286e+02 2.202577178763318599e+00 3.060161491060316408e+01
1.774207722429651142e+02 2.294478341377530928e+00 3.089632091794918622e+01
1.776950793795343486e+02 2.394423701545092875e+00 3.098958807637434276e+01
1.778130255289439390e+02 2.509319126976899295e+00 3.126620222809094329e+01
1.780596940169383515e+02 2.583310566736484404e+00 3.130510275324044400e+01
1.778538991591536842e+02 2.345429985125823347e+00 3.108854688401177668e+01
1.768388732052332841e+02 1.967003612300033399e+00 3.003166074735148428e+01
1.762242661566949096e+02 1.712245393558570861e+00 2.914593388580275146e+01
1.758229972983638447e+02 1.679249005858604260e+00 2.875853747381841430e+01
1.755734753968976634e+02 1.697553349725283045e+00 2.852431472543484148e+01
1.761126642989405866e+02 1.862565643687581485e+00 2.939167653219196907e+01
1.764238381446741357e+02 2.035956045290349792e+00 2.996430197614060731e+01
1.771187657468961447e+02 2.154403059830616307e+00 3.028213884588531712e+01
1.776874146252618232e+02 2.223461736939562172e+00 3.115053273836626957e+01
1.777164344473788162e+02 2.234116504264942460e+00 3.093473575569923639e+01
1.773507725465197495e+02 2.089351303767112977e+00 3.036754393953192022e+01
1.773180493579819768e+02 2.039720122636068389e+00 2.990110190328749695e+01
1.767144006313936302e+02 2.000440154205749277e+00 3.001614910603163011e+01
1.766651185380809181e+02 2.055717451355371317e+00 2.999339768691375951e+01
1.766572412955711400e+02 2.075220835989436186e+00 2.991867771605500437e+01
1.769915460037033768e+02 2.114136538870169613e+00 3.038745712290926804e+01
1.772770846613848050e+02 2.171796739823331102e+00 3.112280302340406024e+01
1.773068330146009828e+02 2.268812797862975295e+00 3.129164010563700771e+01
1.776919224114379290e+02 2.295571138026287983e+00 3.144161126794766759e+01
1.777836869744710668e+02 2.332195003490878271e+00 3.143487235528033352e+01
1.774236863673617961e+02 2.105910208542026929e+00 3.111190541237895602e+01
1.764344473788058281e+02 1.873630209756245613e+00 3.022318853777737147e+01
1.754643323316030603e+02 1.766111161703548538e+00 2.917367877849618907e+01
1.754305922350727087e+02 1.733114774003581937e+00 2.860074977992289647e+01
1.756931518076677889e+02 1.753635066630240047e+00 2.875409039856722160e+01
1.759623288710803592e+02 1.932929605682542684e+00 2.928849831527183412e+01
1.765568254257353544e+02 2.034240961661050839e+00 2.976260510578878637e+01
1.770573566463285147e+02 2.157089518258810568e+00 3.014992562911696083e+01
1.774708132228394390e+02 2.239777798014752630e+00 3.044063989314877361e+01
1.773345171963694895e+02 2.226193728561454588e+00 3.031921804328688808e+01
1.773635218407552543e+02 2.129223203715508550e+00 2.950045533193698333e+01
1.771289651822845599e+02 2.073672707403697135e+00 2.944347812888929283e+01
1.769202562001032106e+02 2.024147770391282020e+00 2.953519715872871387e+01
1.769899978751176377e+02 2.045062684029991029e+00 2.925113074097683707e+01
1.770552317639559305e+02 2.051847129891023691e+00 2.919140636857602544e+01
1.772931882342227539e+02 2.129223203715508550e+00 2.963408007770998509e+01
1.774412318246668576e+02 2.212260571289803579e+00 2.954876605045078009e+01
1.778796861245181162e+02 2.298257596454481799e+00 3.005111859879185232e+01
1.778011261876574736e+02 2.447985915065415963e+00 3.020881522629997207e+01
1.779006921045442198e+02 2.432686761982818968e+00 2.995508909328233571e+01
1.774070212184682589e+02 2.373751631606107360e+00 2.930628661627659781e+01
1.765683453237409992e+02 2.194183893391616014e+00 2.792039279968430421e+01
1.761072003156968151e+02 2.116170354855356095e+00 2.736473605925386110e+01
1.758550374889961461e+02 2.048052697082840101e+00 2.700667820174240319e+01
1.761156846674558949e+02 2.128221473454148249e+00 2.679640591324408661e+01
1.765288832225358817e+02 2.347858422123060951e+00 2.785315545032328544e+01
1.770253468111586699e+02 2.391372977567313374e+00 2.864279209543757432e+01
1.776266126339434663e+02 2.483516983881249640e+00 2.822910785295814051e+01
1.779021491667425607e+02 2.484306225905351884e+00 2.850588895971830183e+01
1.777882858270345707e+02 2.400418905382023294e+00 2.807676896457517657e+01
1.775666909510366338e+02 2.291852593874267541e+00 2.779051695352578832e+01
1.771711744528427914e+02 2.218878062107276339e+00 2.703507573687885213e+01
1.770281546914367254e+02 1.982530431351121614e+00 2.658138299486992651e+01
1.773029626931366352e+02 1.984564247336308096e+00 2.645795768448532215e+01
1.774582764168412155e+02 2.104453146343684633e+00 2.639688249400479592e+01
1.772902589320948437e+02 2.164040919163403576e+00 2.656057432534984741e+01
1.776307561545700082e+02 2.221959141547521277e+00 2.675050845399629651e+01
1.775092432383207495e+02 2.327869350089548650e+00 2.690967732143399260e+01
1.780009865525301223e+02 2.369380445011079583e+00 2.726149713140879527e+01
1.774229123030689266e+02 2.225510730655981373e+00 2.677467140211881258e+01
1.766855022311264918e+02 1.966882190450171430e+00 2.540034301672585926e+01
1.762671584251586125e+02 1.732962996691254531e+00 2.439213186412894885e+01
1.756328810369425923e+02 1.718665573870017838e+00 2.379972983638405637e+01
1.758956834532374103e+02 1.788407248884436695e+00 2.402200771028746473e+01
1.762327049752603045e+02 1.947682360440761373e+00 2.443901587590686830e+01
1.766291169595968711e+02 2.116291776705218286e+00 2.520210666909510522e+01
1.777022888018698836e+02 2.412014692043833453e+00 2.640765868318003839e+01
1.777555474607655697e+02 2.571153204019063221e+00 2.696912849467261708e+01
1.779297574598548977e+02 2.596181282821843794e+00 2.700638982484898065e+01
1.775865282457578189e+02 2.375269404729380973e+00 2.590126885833105774e+01
1.775159062623318960e+02 2.327854172358315932e+00 2.580127796496979542e+01
1.772168746015845500e+02 2.270679658804601875e+00 2.599884649242631340e+01
1.773159548310718492e+02 2.330768296755000968e+00 2.573936799927146879e+01
1.774012385028685799e+02 2.422866769875239079e+00 2.597315059344929011e+01
1.775852533163342741e+02 2.494611905412378761e+00 2.655993686063807147e+01
1.777121239717087064e+02 2.750159366177943543e+00 2.615086664845338760e+01
1.780084691740278799e+02 2.955529247488085431e+00 2.720977142336763421e+01
1.780432110008196105e+02 3.175849194062471348e+00 2.681604589745924727e+01
1.781503809610539406e+02 3.086330935251798468e+00 2.700937983790182884e+01
1.775686337006344218e+02 2.619782654888747064e+00 2.589891630998998195e+01
1.766692317032450035e+02 2.258309807849922635e+00 2.520987766748626413e+01
1.759918495583280276e+02 2.070288073338797386e+00 2.461809792672191222e+01
1.758983699116656112e+02 1.973044349330661973e+00 2.419984518714142752e+01
1.761579698266702962e+02 2.168032662477612948e+00 2.517619828188082565e+01
1.765028685912029971e+02 2.365752967246455896e+00 2.557028807333879783e+01
1.771891752420848150e+02 2.792125793036456916e+00 2.633433506359469334e+01
1.776996478766353960e+02 3.036563154539659415e+00 2.704425826427465651e+01
1.777671736028898408e+02 3.029672464559997724e+00 2.689275415110949297e+01
1.777217466533102765e+02 2.891221200254985746e+00 2.667701787936739066e+01
1.775876817533315091e+02 2.700254985884710024e+00 2.671001426706735771e+01
1.771784445861032680e+02 2.401375102449685883e+00 2.628594845642473388e+01
1.767328263971101592e+02 2.421348996751965466e+00 2.608831921804328857e+01
1.768531706280545279e+02 2.576192210788331494e+00 2.632175272440275648e+01
1.771334122575357526e+02 2.666894332635157738e+00 2.647647451658925988e+01
1.773920256200103154e+02 2.779740764350544957e+00 2.628418783960173499e+01
1.777300185168321036e+02 2.987827459551346099e+00 2.639355857086482615e+01
1.779373159700087967e+02 3.115745378380839536e+00 2.686021309534650925e+01
1.780101690799259302e+02 3.119236256564368759e+00 2.662544394863855857e+01
1.774979965394772705e+02 2.610220684212123832e+00 2.616499711623106705e+01
1.764642109097532057e+02 2.279057766445071742e+00 2.542386850013659938e+01
1.759069756852745741e+02 2.145463376134535416e+00 2.492259357071305104e+01
1.755058130710621356e+02 2.094663509698570181e+00 2.513813253194912534e+01
1.758784111950945714e+02 2.242297301399386988e+00 2.524726041951249300e+01
1.762971040888807863e+02 2.399235042345869928e+00 2.579998785781501525e+01
1.771171569073854926e+02 2.690495704702061008e+00 2.698237865403879354e+01
1.775348025377166721e+02 3.025938742676744564e+00 2.758291594572443373e+01
1.777006647846280032e+02 3.172236894029080378e+00 2.743129041070940843e+01
1.774772637586133612e+02 3.013735846765625670e+00 2.720873933764380936e+01
1.775254226998148397e+02 2.844291655283368137e+00 2.704228515921440135e+01
1.773013083204322697e+02 2.561530522417509115e+00 2.686616276598973840e+01
1.770531372370458030e+02 2.539765655829766544e+00 2.680534559694017105e+01
1.769621163828431065e+02 2.545821570591627836e+00 2.678262453328476411e+01
1.771410618340770498e+02 2.640318125246638115e+00 2.693611692924141821e+01
1.772702243268676057e+02 2.781243359742585852e+00 2.723794129253559149e+01
1.774282396867316152e+02 2.928285219925325755e+00 2.771813435327687358e+01
1.777307470479312883e+02 3.035986400752815673e+00 2.800798348662841875e+01
1.778589381659229502e+02 2.934159001912393983e+00 2.762816076252921604e+01
1.773841787329629938e+02 2.595847372734723546e+00 2.681079440245272139e+01
1.762394438879276208e+02 2.297574598549009028e+00 2.598949700998694823e+01
1.757754758218741529e+02 2.142807273168806592e+00 2.559624199374677644e+01
1.754783261997996533e+02 2.107868135871049819e+00 2.551328051482864367e+01
1.755817472604195189e+02 2.154478948486780343e+00 2.549564399113620539e+01
1.760979115441823808e+02 2.258598184743344728e+00 2.625114591870807246e+01
1.768010806544637603e+02 2.595771484078559954e+00 2.667068876544334088e+01
1.771283428953040016e+02 2.811826488176547567e+00 2.707358164101630038e+01
1.775367149318519751e+02 2.881219075372613236e+00 2.734379079015268843e+01
1.775131894484412385e+02 2.752390492669155808e+00 2.702458792459703218e+01
1.771365844033633721e+02 2.573308441854111450e+00 2.660005160428618964e+01
1.769690070728227624e+02 2.502701636159426979e+00 2.679930485990954026e+01
1.769566827550617631e+02 2.375588137085268503e+00 2.617126551923018596e+01
1.769496554655010243e+02 2.447834137753088779e+00 2.604070667516619508e+01
1.772698145281243285e+02 2.499058980663570573e+00 2.585153143308138368e+01
1.775279118477369877e+02 2.765625474304100884e+00 2.667926418358983653e+01
1.777963452023191451e+02 2.947773426828157906e+00 2.667715447894848779e+01
1.778499377713019385e+02 2.778511368120693437e+00 2.644765200497829483e+01
1.778376438090034242e+02 2.700239808153477306e+00 2.642148559633305993e+01
1.771696415019882807e+02 2.397732446953829477e+00 2.541732689797528977e+01
1.763552803326958553e+02 2.131924839874935529e+00 2.455042042315514550e+01
1.757748990680873078e+02 2.042406581064262650e+00 2.406848192332210346e+01
1.756512764471966648e+02 2.011383298424551658e+00 2.423332726224084155e+01
1.758473120237986791e+02 2.039735300367301107e+00 2.440331785204747561e+01
1.762917311720244129e+02 2.193333940442582453e+00 2.471623713687278112e+01
1.768243481164435593e+02 2.362535288225116048e+00 2.532556233494217324e+01
1.775124153841483690e+02 2.362474577300185175e+00 2.553712473059526999e+01
1.775020641714476426e+02 2.375208693804450100e+00 2.568953950763440020e+01
1.775949215311295291e+02 2.291017818656467142e+00 2.539591111920590194e+01
1.772404304404577715e+02 2.182436329417478671e+00 2.555847979843973050e+01
1.772080411620071061e+02 2.159609021643444926e+00 2.552914124396685125e+01
1.771865191391190706e+02 2.130847220957411192e+00 2.549084782806665928e+01
1.771459187080715196e+02 2.122089670036122921e+00 2.517185745074826286e+01
1.772791184773699911e+02 2.117839905290956892e+00 2.465713505145251006e+01
1.773331967337522315e+02 2.184925477339647149e+00 2.485242691922411495e+01
1.776252921713262367e+02 2.249294235497677708e+00 2.535209300913699337e+01
1.779377409464833306e+02 2.186428072731688044e+00 2.541605196855174142e+01
1.777292596302704624e+02 2.069255987614971204e+00 2.472822754454664107e+01
1.771143642048386653e+02 1.698281880824454415e+00 2.401998907203351408e+01
1.764004037276507972e+02 1.433536714931852085e+00 2.306060468081231107e+01
1.757235528033269532e+02 1.364053061348389662e+00 2.235848283398597403e+01
1.758103238927845098e+02 1.314087970130224825e+00 2.230035212336460049e+01
1.761768357465925874e+02 1.163115077558206645e+00 2.190778010502990014e+01
1.765842060528792103e+02 1.052241750903075035e+00 2.230170294144431153e+01
1.775643687581580252e+02 1.146632061439456063e+00 2.307546367968916101e+01
1.777526788695625726e+02 1.529475154053971941e+00 2.414239747442552186e+01
1.776038763925568276e+02 1.954557872689190345e+00 2.484517196369486669e+01
1.776408948790334819e+02 2.044926084448896564e+00 2.534045168928148684e+01
1.774317912758400837e+02 1.960947697538171886e+00 2.474791306195549723e+01
1.774063685760252440e+02 1.925583583765898776e+00 2.503715508605773721e+01
1.776042254803751916e+02 1.978204777949791993e+00 2.508053304192089428e+01
1.780025043256534047e+02 2.005737182405973762e+00 2.483907051573930858e+01
1.782859939896184187e+02 1.977855690131439248e+00 2.505720486901617861e+01
1.782899098442764796e+02 2.088425462161915824e+00 2.512668852259964325e+01
1.785969098139210018e+02 2.047035789090246638e+00 2.481205415414503790e+01
1.786672130649910457e+02 2.036502443614728541e+00 2.498436693683028409e+01
1.786812221109188670e+02 1.910041586983577622e+00 2.526976899493063655e+01
1.779586406823908078e+02 1.465394772789363476e+00 2.444665027471693364e+01
1.767530127796497084e+02 1.014661688370822379e+00 2.344935191087636284e+01
1.760545335883192308e+02 9.004340831132562339e-01 2.282591142276052665e+01
1.756739519776583904e+02 9.331572716510335708e-01 2.268850742191057179e+01
1.757480648392678404e+02 1.026621740582217779e+00 2.313313905837355478e+01
1.762142943872750038e+02 1.307758856206174380e+00 2.393572230822936575e+01
1.765170749476368144e+02 1.386151838023252258e+00 2.378013538536259475e+01
1.771714780074674422e+02 1.885332240536684578e+00 2.540456242600856029e+01
1.773214339920468774e+02 2.022432686761982623e+00 2.535678292808790957e+01
1.768766657560027795e+02 1.925689827884527805e+00 2.518050875755092122e+01
1.761494551194487315e+02 1.766520960446832378e+00 2.464514464377864655e+01
1.756279482742919527e+02 1.716024648635521954e+00 2.415674043044045760e+01
1.753056187961023511e+02 1.859332786935008919e+00 2.446088698661323946e+01
1.750461858361412055e+02 1.894590656588653221e+00 2.419169474546944798e+01
1.752809094496554678e+02 1.812995173481467992e+00 2.405788786692165360e+01
1.756433384937619451e+02 1.852290319643019822e+00 2.422030476884315320e+01
1.759297119266612128e+02 1.932671584251586028e+00 2.425100931912697533e+01
1.762586285402058195e+02 2.112178611541146722e+00 2.467973469325805169e+01
1.761411832559269044e+02 2.153826306043772565e+00 2.455152839753513661e+01
1.753936344595209960e+02 1.853125094860820221e+00 2.435394469234738679e+01
1.748304647421303457e+02 1.664875694381203974e+00 2.353893088061196437e+01
1.746065476732538002e+02 1.566190085905958762e+00 2.320089245059648420e+01
1.749516892814862103e+02 1.635355007133533656e+00 2.393626870655374361e+01
1.755191694745469420e+02 1.781531736636007723e+00 2.423689402908053481e+01
1.756663024011170933e+02 1.847995021704155638e+00 2.447677807121391425e+01
1.763692286676987635e+02 1.947272561697477533e+00 2.546767143247427256e+01
1.769068542634246910e+02 1.987341772151898667e+00 2.557892420241022435e+01
1.770969249916522585e+02 1.890523024618280035e+00 2.509382873448076978e+01
1.768441550557022595e+02 1.825471268554776483e+00 2.493209483046474162e+01
1.766225146465106377e+02 1.755198372947211816e+00 2.471910572807576756e+01
1.761363567373948911e+02 1.824697204261906958e+00 2.483645994596727746e+01
1.762235224478644966e+02 2.033952584767628746e+00 2.515783322708921332e+01
1.763992350423458788e+02 2.025771787633184662e+00 2.490120814740612687e+01
1.765165892602373674e+02 2.042922623926175518e+00 2.479479707373341668e+01
1.767265124609173483e+02 2.252527092250250274e+00 2.534060346659381224e+01
1.768703062866162838e+02 2.431518076677898321e+00 2.543631423974744266e+01
1.769501259751692430e+02 2.571350514525089004e+00 2.555993686063807147e+01
1.764322769632395307e+02 2.110660838417873109e+00 2.463288103694259945e+01
1.757759159760798866e+02 1.848313754060043168e+00 2.391087636220137824e+01
1.749933217982575968e+02 1.728151655890477478e+00 2.335529551042710139e+01
1.745038096105394061e+02 1.661506238047536721e+00 2.269955681024800498e+01
1.743790031266126448e+02 1.599672161005373017e+00 2.248779710408888022e+01
1.744530400995659249e+02 1.709801778830100538e+00 2.248761497131408760e+01
1.744258567829280935e+02 1.983987493549464132e+00 2.352780560361837203e+01
1.748960477187870026e+02 1.900661749081747232e+00 2.351938196278420179e+01
1.760723522447864582e+02 1.432018941808578472e+00 2.306042254803751845e+01
1.766481043013690453e+02 1.144203624442218459e+00 2.220750994141395651e+01
1.763787147497192223e+02 1.198949700998694690e+00 2.197359074765504161e+01
1.757228394499590252e+02 1.444707525119145242e+00 2.227480800169990616e+01
1.753661779437209702e+02 1.624260085602404091e+00 2.286217102267552903e+01
1.754102692529520766e+02 1.763030082263303377e+00 2.305184712989102280e+01
1.750846462070849725e+02 2.005661293749810170e+00 2.282031083993564735e+01
1.749401542057493373e+02 2.283960173633245105e+00 2.363096864280727161e+01
1.753928603952281264e+02 2.059132440882736947e+00 2.338540812919284662e+01
1.761495765412986145e+02 1.691482257232189035e+00 2.329280879094192969e+01
1.763582855234799638e+02 1.551725708041161944e+00 2.280121725404486455e+01
1.755447894848678061e+02 1.564050025802143029e+00 2.227297149622074457e+01
1.750207631363263943e+02 1.552636371915126157e+00 2.233401633123880714e+01
1.746275536532799038e+02 1.708329538900525080e+00 2.220984731202379692e+01
1.742101812221109185e+02 2.006981756367058445e+00 2.278698054214855873e+01
1.737005433627781201e+02 2.547627720608323543e+00 2.413347296846067280e+01
1.745341043620799439e+02 2.464332331603071857e+00 2.421930303858179201e+01
1.760556719181616643e+02 2.030446528852867250e+00 2.364953100810490838e+01
1.765851318944844195e+02 1.991348693197340758e+00 2.397123819931396582e+01
1.764408220259235520e+02 2.172236894029080378e+00 2.424291958837993022e+01
1.759520080138420894e+02 2.408675591172631414e+00 2.436701271893877419e+01
1.757531797346932478e+02 2.227529368909935137e+00 2.416120268342288213e+01
1.750562031387548245e+02 2.274732113043742121e+00 2.397990468384785956e+01
1.752767811067601542e+02 2.469523115684667314e+00 2.437135355007133697e+01
1.749345384451932262e+02 2.687126248368393977e+00 2.462555019275718493e+01
1.750924930941322941e+02 2.606896761072154955e+00 2.443233767416446511e+01
1.754440245272136849e+02 2.384831375406004206e+00 2.439314877212154187e+01
1.753879276325774867e+02 2.270315393255016190e+00 2.425563852715296065e+01
1.754712230215827447e+02 2.331087029110888498e+00 2.427508120086209686e+01
1.752794827429195834e+02 2.275657954648939274e+00 2.396346720092280691e+01
1.747430561879610309e+02 2.101797043377955809e+00 2.370864827125641128e+01
1.738450050086512988e+02 2.113013386758947121e+00 2.303891570288073254e+01
1.734645903530340263e+02 2.193242874055186142e+00 2.341001123152111063e+01
1.734837142943872834e+02 2.262832771757277595e+00 2.352173451112527758e+01
1.739468020520292555e+02 2.303205536836353762e+00 2.373416203745864195e+01
1.745793340011535122e+02 2.467868742980299235e+00 2.426749233524572702e+01
1.754577300185168269e+02 2.626642989405943762e+00 2.476087484442825470e+01
1.758756033148164875e+02 2.894256746501532973e+00 2.545164374829250420e+01
1.759821358103390594e+02 2.856008863795040043e+00 2.545395076343988094e+01
1.758491637070090690e+02 2.537094375132805002e+00 2.473261390887290290e+01
1.754287405518623189e+02 2.536138178065142856e+00 2.453000637464711886e+01
1.752010138724463388e+02 2.425052363172752745e+00 2.469474546944722704e+01
1.754468324074917405e+02 2.439106942294265945e+00 2.475739914397595953e+01
1.758545518015966991e+02 2.438439122120025448e+00 2.453897641380566341e+01
1.757980602859484520e+02 2.497040342409616809e+00 2.476844853231338917e+01
1.759609476975381597e+02 2.584949761709619764e+00 2.519699177366967291e+01
1.760747503263212081e+02 2.673268979752906560e+00 2.516681844397899326e+01
1.760418146495461826e+02 2.453495431502898949e+00 2.481695656133321037e+01
1.755413441398779639e+02 2.205460947697538199e+00 2.422242965121573732e+01
1.745857693591961777e+02 2.084858695322223454e+00 2.335412682512217941e+01
1.742780712139149557e+02 1.983274140181525702e+00 2.348655253012779554e+01
1.740992168290683821e+02 2.022857663236499626e+00 2.323149075676167996e+01
1.740658865312813077e+02 2.136751358406945300e+00 2.376691558145888195e+01
1.745978508332574393e+02 2.240582217770087592e+00 2.423935282154023696e+01
1.752118963057402254e+02 2.556779892541662935e+00 2.521268554776431969e+01
1.757576116322132123e+02 2.780575539568345356e+00 2.540926752269070832e+01
1.762394135324651643e+02 2.878927237956470098e+00 2.574974956743465881e+01
1.759559390462313786e+02 2.709634823786540192e+00 2.525103967458944254e+01
1.757210484776735484e+02 2.502944479859150473e+00 2.497504780985338257e+01
1.756239109977840371e+02 2.222960871808882022e+00 2.485617581883860083e+01
1.753906596241993725e+02 2.260525756609901737e+00 2.483119327322951619e+01
1.753490422851592143e+02 2.471131955195337238e+00 2.464511428831618289e+01
1.754261451598215160e+02 2.627750963785933092e+00 2.530322071456758692e+01
1.754412470023980859e+02 2.911741492881644078e+00 2.551443402240233027e+01
1.752866314543302053e+02 2.975882585071183417e+00 2.554916067146282899e+01
1.755877272865252223e+02 2.846917402786631524e+00 2.572921409707677043e+01
1.753384634064900069e+02 2.392738973378259359e+00 2.455993686063807147e+01
1.748128282184379145e+02 2.159184045168928368e+00 2.398069392587196091e+01
1.740097441034514247e+02 2.004902407188173363e+00 2.359391980086816787e+01
1.738874723006404963e+02 2.006283580730352512e+00 2.360159973287192869e+01
1.743080168776371295e+02 2.093024314725434820e+00 2.383981422456971089e+01
1.744262969371338272e+02 2.354642867984093613e+00 2.463045259994536096e+01
1.751663934675044914e+02 2.833105667364842262e+00 2.541295571138026332e+01
1.753795798803994899e+02 3.221260965910815788e+00 2.600754333242267080e+01
1.761385271529611884e+02 3.230291715994292989e+00 2.650642018031144787e+01
1.761693683028260864e+02 3.067540903985672252e+00 2.589131226664238383e+01
1.761728288255471568e+02 2.777099839116048852e+00 2.558897186048629280e+01
1.760041283428953136e+02 2.386925902316122006e+00 2.523455665847069085e+01
1.754470448957289932e+02 2.414124396685183527e+00 2.479320341195398214e+01
1.755197158728713305e+02 2.683073794129253731e+00 2.482049297271043997e+01
1.756671068208724193e+02 2.895121877181798808e+00 2.555901101903287653e+01
1.757730018516832047e+02 3.112831253984154500e+00 2.582824879337036705e+01
1.759015117020307741e+02 2.910663873964119741e+00 2.564168412105758321e+01
1.758786085056005959e+02 2.815742342834592904e+00 2.529915308259721485e+01
1.755715933582248169e+02 2.408250614698114855e+00 2.494930637768266379e+01
1.750415110949215318e+02 2.100203381598518604e+00 2.437722733205840342e+01
1.745459429924414962e+02 1.957714840785599320e+00 2.415686185229031935e+01
1.742480496615365837e+02 1.981376923777433685e+00 2.362482166165801445e+01
1.744324742737455551e+02 2.026515496463588750e+00 2.433172449382266223e+01
1.748763773791093570e+02 2.059284218195064131e+00 2.501602768418176836e+01
1.756043924354187595e+02 2.148787299274504292e+00 2.541662872233858650e+01
1.759305467018789955e+02 2.400904592781471170e+00 2.611727832923534720e+01
1.766295419360714050e+02 2.388276720395835273e+00 2.644997419785690340e+01
1.763567222171629680e+02 2.379382569893452537e+00 2.633770451992836215e+01
1.762196217709376924e+02 2.117475639741371651e+00 2.585440002428437012e+01
1.758393892480951877e+02 1.926858513189448452e+00 2.542289712533770540e+01
1.758890052514950071e+02 1.772546519746228233e+00 2.557588865616367713e+01
1.760132653370974083e+02 1.827186352184075435e+00 2.563171235163767747e+01
1.758678323164253356e+02 1.921895395076343993e+00 2.590254378775460609e+01
1.759969948092159200e+02 2.081246395288832041e+00 2.638858027502049097e+01
1.764638011110099285e+02 2.082718635218407499e+00 2.660351212700725654e+01
1.767889991804025271e+02 2.040099565916886792e+00 2.680375193516073296e+01
1.769176911635248644e+02 1.808487387305345528e+00 2.689102388974896130e+01
1.759399720729745411e+02 1.406429286950186652e+00 2.580602859484564249e+01
1.755298697750660324e+02 1.165938135567495371e+00 2.470392799684303142e+01
1.751531888413319962e+02 1.036578332270892133e+00 2.416475427253134356e+01
1.756726163373099041e+02 7.554867498406337978e-01 2.366014024223659007e+01
1.764782503111434835e+02 6.578635825516802038e-01 2.353996296633579277e+01
1.763366117232796171e+02 7.152657620738851474e-01 2.367859636341559693e+01
1.766064566068664021e+02 8.274140181525665438e-01 2.428956075645812618e+01
1.759834410952250892e+02 8.363385241174149387e-01 2.476832711046352742e+01
1.756002185593297611e+02 8.863339707980451010e-01 2.488515010776189129e+01
1.757467747321130389e+02 7.919133047991986363e-01 2.386315757520565839e+01
1.758528367179673921e+02 6.381477096803569449e-01 2.419368302826093498e+01
1.765419208936648090e+02 7.003005190784081790e-01 2.399077193941049657e+01
1.762011352942962219e+02 9.422335549282093714e-01 2.453703366420787546e+01
1.754160823240142122e+02 1.708557204869016077e+00 2.592813344261299946e+01
1.747724402756275879e+02 2.149348875330115760e+00 2.621095528640378802e+01
1.749004340831132538e+02 2.142139452994566540e+00 2.635908994323528631e+01
1.757053698813101335e+02 1.823680296269313716e+00 2.579355249977233555e+01
1.759824697204261952e+02 1.548841939106942345e+00 2.512084509607504046e+01
1.751306499104513819e+02 1.648696232887107982e+00 2.513307834744862390e+01
1.743184591567252539e+02 1.690859970251646693e+00 2.512665816713717604e+01
1.746511702030780384e+02 1.430455635491606703e+00 2.484632547126855329e+01
1.753583614121361052e+02 1.106077163585587275e+00 2.493901587590686830e+01
1.758408614880247569e+02 1.149166742555322918e+00 2.533378866527031548e+01
1.760882129739246693e+02 1.341165042649424821e+00 2.636157909115745213e+01
1.763602434508089800e+02 1.298545973347903892e+00 2.658302218984306364e+01
1.769583219500349003e+02 1.065188355644598239e+00 2.627817745803357141e+01
1.773152718331663777e+02 1.039128191117991706e+00 2.641294053364903149e+01
1.769580335731414777e+02 1.134064899978751262e+00 2.688244847160246564e+01
1.764513098382053897e+02 1.188795798803994774e+00 2.699116656042254903e+01
1.762524512035940916e+02 1.189296663934675147e+00 2.668944844124700211e+01
1.760290957107731629e+02 1.160383085936314229e+00 2.712972406884619048e+01
1.760804116200710325e+02 1.115153446862762854e+00 2.706896761072155044e+01
1.764237926114804225e+02 1.158091248520171312e+00 2.729100264092523531e+01
1.762425401450990989e+02 1.198995234192392845e+00 2.740336338524117465e+01
1.763567981058191378e+02 1.038946058343198864e+00 2.731420939198008568e+01
1.758483441095225146e+02 8.782897732446953709e-01 2.638000485687399532e+01
1.752750356676683907e+02 8.706250189721640442e-01 2.604485019579273342e+01
1.746307561545700082e+02 8.451112527699359278e-01 2.595399629663357999e+01
1.746139240506329031e+02 8.411650426494247101e-01 2.637722733205840342e+01
1.752503718544151923e+02 9.198464013599246814e-01 2.687302310050693777e+01
1.756095225085754237e+02 1.105272743830252313e+00 2.741952766900403660e+01
1.755107458337127753e+02 1.295555960295055042e+00 2.806945329812099743e+01
1.759653037064019543e+02 1.367862671887806192e+00 2.846333060134170978e+01
1.761157909115745497e+02 1.302188628843760521e+00 2.853665422092705484e+01
1.763049206204656514e+02 1.243663297210332974e+00 2.808444889657894095e+01
1.760538809458762159e+02 1.150836292990923715e+00 2.794584585496160045e+01
1.755721094010867205e+02 1.100598002610569726e+00 2.784661384816197582e+01
1.758612755365327871e+02 1.147041860182739903e+00 2.798940594359955014e+01
1.757425705005615839e+02 1.286889475761163304e+00 2.855943599550739265e+01
1.756321221503809511e+02 1.385939349785993979e+00 2.868436390128403701e+01
1.760868469781136980e+02 1.428740551862307528e+00 2.917067358771210905e+01
1.760509971769419906e+02 1.389627538475548763e+00 2.966417751874449849e+01
1.754873265944206651e+02 1.305451841058798523e+00 2.896761072154934169e+01
1.747420392799684237e+02 1.254667152354066006e+00 2.852162826700664766e+01
1.742567313238017164e+02 1.198357769480618007e+00 2.889815742342834426e+01
1.746015997328719322e+02 1.015557174513553651e+00 2.859457244331117209e+01
1.749384694775824869e+02 1.018015966973256914e+00 2.871875664025741415e+01
1.753522447864493188e+02 1.104999544668062939e+00 2.938501350818079771e+01
1.758433202804844768e+02 1.146981149257809030e+00 3.011158668002306982e+01
1.760670552165862262e+02 1.292049904380293324e+00 3.101089761102510423e+01
1.762973924657742089e+02 1.322678566007953194e+00 3.115633063169717332e+01
1.759166590778010573e+02 1.223567981058191423e+00 3.073772880429833521e+01
1.756671068208724193e+02 1.145918708071517411e+00 3.035817927936131966e+01
1.754968733873660653e+02 1.110372461524451237e+00 3.020904289226846373e+01
1.757015299153082708e+02 1.066539173724311729e+00 3.033154236104786960e+01
1.756704914549373200e+02 1.177898187778890771e+00 3.060563700937983711e+01
1.754920013356403388e+02 1.285204747594329566e+00 3.155571745135537043e+01
1.754488965789393831e+02 1.315878942415687813e+00 3.160197917615274932e+01
1.758731141668943394e+02 1.299623592265428229e+00 3.148178672252071664e+01
1.757592811826488060e+02 1.146100840846310254e+00 3.109589290592842303e+01
1.751921348996752101e+02 1.007846887047324058e+00 3.038387517833834295e+01
1.744877971040888838e+02 9.487903348207510357e-01 2.927203047688431425e+01
1.742045958170172639e+02 9.760647178459763706e-01 2.925899280575539407e+01
1.742263455058737804e+02 9.757004522963906856e-01 2.901454026652096019e+01
1.746299972680083670e+02 1.045624260085602497e+00 3.006174301065476584e+01
1.751019791761527529e+02 1.177230367604650496e+00 3.061421242752633276e+01
1.754246122089670052e+02 1.316182497040342403e+00 3.143497859939896344e+01
1.756808578453692746e+02 1.383161824970403408e+00 3.191576359165831889e+01
1.756591992229001562e+02 1.372749901344747059e+00 3.195026257475032594e+01
1.753169869167956847e+02 1.373554321100082021e+00 3.224053668457639077e+01
1.750982150988070316e+02 1.327975594208177679e+00 3.200057675378684507e+01
1.750145857997146663e+02 1.267886956257778586e+00 3.178130407066751673e+01
1.748737364538748693e+02 1.231779133655101166e+00 3.159879185259387313e+01
1.749689918950915342e+02 1.312949640287769837e+00 3.183828127371520367e+01
1.752793764988009571e+02 1.400646571350514513e+00 3.276779588987038494e+01
1.755159669732568375e+02 1.427420089245059698e+00 3.288273684849588818e+01
1.756293598032966088e+02 1.460340588288862484e+00 3.244252193182163069e+01
1.752246152445132452e+02 1.355174088577239422e+00 3.240220987766748806e+01
1.746719788725981175e+02 1.295647026682451575e+00 3.194863855750842419e+01
1.741383450201863923e+02 1.260950733084418518e+00 3.155896548583917749e+01
1.739100415869835672e+02 1.255501927571866627e+00 3.134556658470691914e+01
1.740513159092978697e+02 1.282958443371884805e+00 3.133727954345384603e+01
1.744662750812008483e+02 1.299532525878031697e+00 3.180815347721822661e+01
1.752175120662963366e+02 1.362171022675530363e+00 3.329522205020793280e+01
1.754237470782867376e+02 1.428300397656558252e+00 3.368835564459824639e+01
1.756911179916826029e+02 1.445086968399963645e+00 3.390463831466472300e+01
1.752835048416962707e+02 1.370989284521749729e+00 3.365683149682785569e+01
1.754053213125702086e+02 1.330161187505691567e+00 3.361603375527425897e+01
1.751650122939622918e+02 1.324302583249855836e+00 3.299714658652824539e+01
1.748562972406884626e+02 1.345946027987736437e+00 3.290711228485565698e+01
1.749743648119479076e+02 1.355599065051755980e+00 3.278361108581488992e+01
1.750809731961266493e+02 1.362444221837719738e+00 3.343098685608475051e+01
1.751074583371277527e+02 1.385939349785993979e+00 3.372866769875238901e+01
1.755569013143915242e+02 1.427920954375739848e+00 3.385968187475336322e+01
1.751019639984215246e+02 1.371991014783110252e+00 3.370494490483562799e+01
1.745978204777949827e+02 1.308942719242327746e+00 3.245307045502838150e+01
1.738956075645812405e+02 1.286039522812129965e+00 3.206631150775582029e+01
1.732985611510791273e+02 1.269268129799957512e+00 3.173006405002580266e+01
1.733449594754576140e+02 1.286464499286646523e+00 3.179400783170931533e+01
1.737633184591567215e+02 1.293446255653704968e+00 3.225612421455240764e+01
1.743862732598731213e+02 1.321646480284127234e+00 3.331357192726831329e+01
1.746472998816136908e+02 1.390978356555262030e+00 3.350531220593146031e+01
1.750954527517226609e+02 1.445557478068178359e+00 3.379634520231915928e+01
1.751760616822997179e+02 1.437133837234010336e+00 3.381038460370943710e+01
1.749915460037033768e+02 1.337886652703153878e+00 3.350494794038187507e+01
1.747625595725950802e+02 1.295783626263546040e+00 3.324718453085633030e+01
1.746568618522903193e+02 1.280560361837112637e+00 3.291403333029778366e+01
1.746236833318155561e+02 1.265473696991773700e+00 3.283116291776705253e+01
1.745056309382873394e+02 1.300686033451719625e+00 3.324003581944570840e+01
1.750540782563822404e+02 1.353519715872871343e+00 3.391770634125610684e+01
1.750730959536168427e+02 1.403955316759250893e+00 3.373464772485808538e+01
1.748575418146495508e+02 1.335351971587287023e+00 3.352310050693622401e+01
1.745391281911179817e+02 1.278298879883434935e+00 3.271397565491910342e+01
1.739185866496676169e+02 1.302355583887320423e+00 3.185033239231399804e+01
1.734822268767264575e+02 1.286221655586922807e+00 3.157048538384482228e+01
1.731542968157120015e+02 1.287420696354308891e+00 3.169703730686336840e+01
1.733782594177822318e+02 1.322784810126582222e+00 3.204843214036365850e+01
1.735483258962450179e+02 1.363977172692226070e+00 3.252419330358497973e+01
1.742193789272379547e+02 1.403166074735148650e+00 3.318123728865009525e+01
1.743642351941231823e+02 1.436238351091278842e+00 3.340503293567677190e+01
1.744655313723704637e+02 1.436572261178399090e+00 3.335628206295722720e+01
1.744170992320067910e+02 1.430956500622287075e+00 3.311604893300549435e+01
1.742292292748080058e+02 1.423170324499893669e+00 3.291278875633670253e+01
1.739468324074917405e+02 1.425841605196855211e+00 3.287080715174695911e+01
1.740184257657165290e+02 1.436435661597304403e+00 3.281999210757975760e+01
1.738974137145979455e+02 1.482363476307561490e+00 3.299089336126036187e+01
1.741373281121937850e+02 1.555262119418389322e+00 3.341019336429590680e+01
1.743171386941079959e+02 1.596029505509516389e+00 3.338173511823452344e+01
1.747690404638314590e+02 1.363278997055520136e+00 3.332688279755942062e+01
