2.254697737726461924e+02 0.000000000000000000e+00 7.251196845958884474e+00
2.283962029475265183e+02 0.000000000000000000e+00 8.668309396414155543e+00
2.287142354266403856e+02 2.546465784286116474e+00 1.681843142776682498e+01
2.287543884351825909e+02 2.598587252417159377e+00 1.660656622547639216e+01
2.285712475359053713e+02 6.218529991551675629e+00 1.979496385994555396e+01
2.285623533277011177e+02 6.275063362433117575e+00 1.976027879470571591e+01
2.306195437904815435e+02 1.011677461747864371e+01 2.331045245470759397e+01
2.307076175725147777e+02 1.015558997465502600e+01 2.393461935604993940e+01
2.310157702055759046e+02 1.128421571388341249e+01 2.497991176194499374e+01
2.313532807659814239e+02 1.126058387308739306e+01 2.550790857035576664e+01
2.316181357364122846e+02 1.257500234675678286e+01 2.601666197315310214e+01
2.317113019806627108e+02 1.249500140805406900e+01 2.717483338026847051e+01
2.318256125035201478e+02 1.251541819205857564e+01 2.780122970055383291e+01
2.320196658218342236e+02 1.247388059701492580e+01 2.704146719234018548e+01
2.322235520510654396e+02 1.376990049751243816e+01 2.843325823711630562e+01
2.322995165681028880e+02 1.367767295597484356e+01 2.814683657185769405e+01
2.325119919271566573e+02 1.368142776682624628e+01 2.789287055289589645e+01
2.325005397540599006e+02 1.371822491316999937e+01 2.720923683469445109e+01
2.325169201163991488e+02 1.374326480803529549e+01 2.832350042241622035e+01
2.326640148315028682e+02 1.384966676053693746e+01 2.816122219093213275e+01
2.326159063174692676e+02 1.396543227259926745e+01 2.865570731249413328e+01
2.326607528395757072e+02 1.387719421759128835e+01 2.831078100065709080e+01
2.325255561813573593e+02 1.397716605650990296e+01 2.764305829343846810e+01
2.325984699145780610e+02 1.388158265277386683e+01 2.818053599924903807e+01
2.326110719984980619e+02 1.394583685346850643e+01 2.828348821928095447e+01
2.326334600581995744e+02 1.395806345630338896e+01 2.738256829062235909e+01
2.326635454801464391e+02 1.380256735191964701e+01 2.688599455552426676e+01
2.326714540505022057e+02 1.389732939078193930e+01 2.691324040176476018e+01
2.325788510278794661e+02 1.375769736224537709e+01 2.714887825025814294e+01
2.324799586970806331e+02 1.371890547263681626e+01 2.789019525016427181e+01
2.326071294471041142e+02 1.341535248286867521e+01 2.803149347601614494e+01
2.322359898620107117e+02 1.322836290246878832e+01 2.740000469351356571e+01
2.322582840514409099e+02 1.302201257861635142e+01 2.737470665540223536e+01
2.323311977846616116e+02 1.310114521730967851e+01 2.713601802309208821e+01
2.323170233736975376e+02 1.323390124847460747e+01 2.691431990988454004e+01
2.322676476110015926e+02 1.300035201351731828e+01 2.715756125035201407e+01
2.324054726368159152e+02 1.310440720923683422e+01 2.780348258706467490e+01
2.323672439688350835e+02 1.310001877405425752e+01 2.668290622359898734e+01
2.324215713883413059e+02 1.335478269032197574e+01 2.656026471416502233e+01
2.325001408054069145e+02 1.338599455552426498e+01 2.734492631183704248e+01
2.325297099408617214e+02 1.330890359523139033e+01 2.632021496292124141e+01
2.324841828592884667e+02 1.328736036797146269e+01 2.661384117150098660e+01
2.324690697456115629e+02 1.304799117619449866e+01 2.670099971838918762e+01
2.324140382990706826e+02 1.337787477705810524e+01 2.667227541537594959e+01
2.325216605650990402e+02 1.337944710410213034e+01 2.698652961607059098e+01
2.326215150661785458e+02 1.360478269032197574e+01 2.662510560405519655e+01
2.324323664695390903e+02 1.327426546512719341e+01 2.701276635689477246e+01
2.326171735661316120e+02 1.316309959635783322e+01 2.675917581901811815e+01
2.325124612785130864e+02 1.336736130667417655e+01 2.644571951562939915e+01
2.324404627804374286e+02 1.311597672017272131e+01 2.698305641603304394e+01
2.325066178541256079e+02 1.335248286867549083e+01 2.633579742795456724e+01
2.324946493945367365e+02 1.340174129353233745e+01 2.648254012954097547e+01
2.324077724584624036e+02 1.316202008823805514e+01 2.735574486060264832e+01
2.323745189148596637e+02 1.290927438280296613e+01 2.738047967708626729e+01
2.323997934854031655e+02 1.271515066178541176e+01 2.661761944992020901e+01
2.322425138458650054e+02 1.269750305078381736e+01 2.669654088050314300e+01
2.323516145686660934e+02 1.273434713226321158e+01 2.710213085515817255e+01
2.323747535905378641e+02 1.283781563878719645e+01 2.692715666948277331e+01
2.326223364310522754e+02 1.302480521918708334e+01 2.703578804092743937e+01
2.324523139021871714e+02 1.290303200976250864e+01 2.689491223129634889e+01
2.327587064676616819e+02 1.322268375105604044e+01 2.791417910447761130e+01
2.326696705153478035e+02 1.303064864357457964e+01 2.807084858725241716e+01
2.325345677274007414e+02 1.297040739697737699e+01 2.686736130667417655e+01
2.325307190462780511e+02 1.274483713507932059e+01 2.752780906786820481e+01
2.324868581620200985e+02 1.298185957007415681e+01 2.711841734722613495e+01
2.324831737538721370e+02 1.319534403454425942e+01 2.717955036140054403e+01
2.324532291373322153e+02 1.311257392283863688e+01 2.734586501454989360e+01
2.324926781188397626e+02 1.320940110766920128e+01 2.682054350887074179e+01
2.325147141650239462e+02 1.297026659157045003e+01 2.750863606495822822e+01
2.323926358772176854e+02 1.285952313902187250e+01 2.716500046935135515e+01
2.323748005256735212e+02 1.289270627992114981e+01 2.658844926311837042e+01
2.324328358208955194e+02 1.284732000375481142e+01 2.716920116399136376e+01
2.324379752182483685e+02 1.308499953064864307e+01 2.666481272880878706e+01
2.324307941424950741e+02 1.288240401764761067e+01 2.803684408147939422e+01
2.323704590256265874e+02 1.283816765230451473e+01 2.795921336712662963e+01
2.324711114240120082e+02 1.282706749272505320e+01 2.766952970994086058e+01
2.323746127851309495e+02 1.275753308927062868e+01 2.775525673519196346e+01
2.324538862292312160e+02 1.295280672111142373e+01 2.745081197784661597e+01
2.325062658406082789e+02 1.300814324603398120e+01 2.763620576363465631e+01
2.324543790481554595e+02 1.296963296723927606e+01 2.690580118276541910e+01
2.325146202947526604e+02 1.305995963578334695e+01 2.675819018116962411e+01
2.325125551487843722e+02 1.301532432178728982e+01 2.727391345160987512e+01
2.326042429362620965e+02 1.314803341781657764e+01 2.734785975781469958e+01
2.325233971651178138e+02 1.318684877499295993e+01 2.721883506993335189e+01
2.325799774711348959e+02 1.320909602928752413e+01 2.740291467192340136e+01
2.325540223411245790e+02 1.339038299070684346e+01 2.676551206232986146e+01
2.324687411996620767e+02 1.315774899089458394e+01 2.680191026002065158e+01
2.324086642260396047e+02 1.326950154885947697e+01 2.760595606871303787e+01
2.324716277105040945e+02 1.340697456115648123e+01 2.704233549234957223e+01
2.325078616352201379e+02 1.331270534121843596e+01 2.717985543978221941e+01
2.323985027691730068e+02 1.339859663944428725e+01 2.807521355486717241e+01
2.323670327607246691e+02 1.334504364967614798e+01 2.772688444569604727e+01
2.323960386745517610e+02 1.325051628649206847e+01 2.748660001877405534e+01
2.323832253825213456e+02 1.337695954191307557e+01 2.745827466441377851e+01
2.323855486717356484e+02 1.315805406927626109e+01 2.788913920961231696e+01
2.323728996526799904e+02 1.333765136581244803e+01 2.782122406833755690e+01
2.321863559560687236e+02 1.318907819393598047e+01 2.723059232141180885e+01
2.324995541162113852e+02 1.321207641040082592e+01 2.699033136205763483e+01
2.322971932788885852e+02 1.308699427391345083e+01 2.633734628743076911e+01
2.323225617197033728e+02 1.302799680841077645e+01 2.605435088707406521e+01
2.322712381488782398e+02 1.303989486529616038e+01 2.607361776025532762e+01
2.322736318407960141e+02 1.289345724209142929e+01 2.636794799586970939e+01
2.323964141556369043e+02 1.285637848493382229e+01 2.697676710785693999e+01
2.322434525485778636e+02 1.274859194593072331e+01 2.709532526049000367e+01
2.321424246691072995e+02 1.273420632685628462e+01 2.695287712381488632e+01
2.321906035858443715e+02 1.270625645358115108e+01 2.673889984042054024e+01
2.323270440251572211e+02 1.261086079038768482e+01 2.720635032385243690e+01
2.322963484464470127e+02 1.267396508025908197e+01 2.743867924528301927e+01
2.322321646484558357e+02 1.273528583497606270e+01 2.727393691917769658e+01
2.322224021402421954e+02 1.261118933633718164e+01 2.712733502299821708e+01
2.322552098000563205e+02 1.255376419787853237e+01 2.711147094715103734e+01
2.322292781376138180e+02 1.267117243968835005e+01 2.791035389092274599e+01
2.322319065052097926e+02 1.259206326856284619e+01 2.687395569323195232e+01
2.323219750305078435e+02 1.257404017647611028e+01 2.757084858725241716e+01
2.322859523139021860e+02 1.233539847930160605e+01 2.793837416690134390e+01
2.321573031071059745e+02 1.230085421946869495e+01 2.730479677086266932e+01
2.321205294283300589e+02 1.243738852905284809e+01 2.776997090021590253e+01
2.319615131887731252e+02 1.216361588284990169e+01 2.758342720360461797e+01
2.320765981413686347e+02 1.195562282924997710e+01 2.699978879188960690e+01
2.318154275790857071e+02 1.178229137332206911e+01 2.692429362620858058e+01
2.318950765042710884e+02 1.177511029756876049e+01 2.764547545292406028e+01
2.321310194311461430e+02 1.151762414343377472e+01 2.736872242560781032e+01
2.319580165211677354e+02 1.153947244907537772e+01 2.648570825119684713e+01
2.320165915704496342e+02 1.262036515535529979e+01 2.779301605181639090e+01
2.317431005350605346e+02 1.265953252604900037e+01 2.820400356707030909e+01
2.321216558715854603e+02 1.256899464939453637e+01 2.817286210457148243e+01
2.320094104946963398e+02 1.254695860321036349e+01 2.807894489815075545e+01
2.320812212522294260e+02 1.286064958227729349e+01 2.812231296348446463e+01
2.320821834225100986e+02 1.264824462592696896e+01 2.792194686942645276e+01
2.321758424856847967e+02 1.280636909790669264e+01 2.813435182577677551e+01
2.321269830094809095e+02 1.274976532432178722e+01 2.774971838918614608e+01
2.321696470477799608e+02 1.254984511405237946e+01 2.802046371914014955e+01
2.322969820707781707e+02 1.252245846240495553e+01 2.847226133483525601e+01
2.321789871397728291e+02 1.233281704684126545e+01 2.780782408711161224e+01
2.322632122406833730e+02 1.232866328733689976e+01 2.762449544729184225e+01
2.320904909415188229e+02 1.212796864732939106e+01 2.788522012578616227e+01
2.320201586407584671e+02 1.207971932788885816e+01 2.809203980099502473e+01
2.319062470665540161e+02 1.203123533277011248e+01 2.805834037360368072e+01
2.320934947901999408e+02 1.197186238618229659e+01 2.802726931380831843e+01
2.320906786820613945e+02 1.176464376232047293e+01 2.802853656247066638e+01
2.317192809537219489e+02 1.140350136111893420e+01 2.741798085046465872e+01
2.318013001032572902e+02 1.167610062893081846e+01 2.767476297756500614e+01
2.318646390688068948e+02 1.166251290716230216e+01 2.719067398854782525e+01
2.318291091711255092e+02 1.108424856847836359e+01 2.831484088989017067e+01
2.319437013047967753e+02 1.092572514784567694e+01 2.847951281329202899e+01
2.318828733690040451e+02 1.069006383178447450e+01 2.804742795456678905e+01
2.316815685722331750e+02 1.069433492912794570e+01 2.836916830939641443e+01
2.318824509527832447e+02 1.099863888106636622e+01 2.763775462311086173e+01
2.318569182389936998e+02 1.118084107763071522e+01 2.819553177508683106e+01
2.318081761006289412e+02 1.125643011358302914e+01 2.795515347789354976e+01
2.318349291279451734e+02 1.135759879846052733e+01 2.820930723739791546e+01
2.318198864169717410e+02 1.138918614474795810e+01 2.746285084013892686e+01
2.315867595982352327e+02 1.159318971181826718e+01 2.764465408805031288e+01
2.320014784567727304e+02 1.184145311179949367e+01 2.849124659720266450e+01
2.319658546888200590e+02 1.194428799399230279e+01 2.748002909978409747e+01
2.321430582934384574e+02 1.188580681498169511e+01 2.756716417910447703e+01
2.321153665634093670e+02 1.210987515253919078e+01 2.790331362057636255e+01
2.320412794517976067e+02 1.198244625926968965e+01 2.752259926781188426e+01
2.319286351262555286e+02 1.187731155543039563e+01 2.796280390500328394e+01
2.319169248099127003e+02 1.169104946963296676e+01 2.837663099596357696e+01
2.318593588660471312e+02 1.180022059513751920e+01 2.781045245470759397e+01
2.319493569886417106e+02 1.164186144747958274e+01 2.852412465972026823e+01
2.319611377076879819e+02 1.175131418379799086e+01 2.816471885853750123e+01
2.320816671360180123e+02 1.182763071435276458e+01 2.776494884070215008e+01
2.320153008542194755e+02 1.186255045527081542e+01 2.783725241715948684e+01
2.319247629775649955e+02 1.191361588284990169e+01 2.763233361494414808e+01
2.320264244813667460e+02 1.167917488031540429e+01 2.850058668919553284e+01
2.319269689289401981e+02 1.185569792546700540e+01 2.785389092274476752e+01
2.318368065333708898e+02 1.180679151412747530e+01 2.777405425701680386e+01
2.319770017835351439e+02 1.176152257580024418e+01 2.711355956068712914e+01
2.319042053881535708e+02 1.189399699615131922e+01 2.721775556181357203e+01
2.319863888106636693e+02 1.183316906035858374e+01 2.733866047122876353e+01
2.319563737914202477e+02 1.183422510091054214e+01 2.687027128508401219e+01
2.318316671360180123e+02 1.187059983103351257e+01 2.701926687318126241e+01
2.320952548577865286e+02 1.207256171970336922e+01 2.691990519102600032e+01
2.320967333145592875e+02 1.204381394912231329e+01 2.698246972683751110e+01
2.321110015957946189e+02 1.201093588660471312e+01 2.742405895053036602e+01
2.320318924246691097e+02 1.190488594762038943e+01 2.736675114991082225e+01
2.319366375668825810e+02 1.202126161644607194e+01 2.701356425420069485e+01
2.320697690791326409e+02 1.220374542382427485e+01 2.825333239463062185e+01
2.321061203416877845e+02 1.208314559279076228e+01 2.722305923214118195e+01
2.321214211959072600e+02 1.206157889796301497e+01 2.752982727870083579e+01
2.320993851497230764e+02 1.174453205669764344e+01 2.720911949685534736e+01
2.318408194874683090e+02 1.156880690885196650e+01 2.688289683657185947e+01
2.317542241622078336e+02 1.156568572233173775e+01 2.660173190650521136e+01
2.316285788040927400e+02 1.146407115366563367e+01 2.703968365718576905e+01
2.321064723552051134e+02 1.168511217497418642e+01 2.658882474420351016e+01
2.318778278419224534e+02 1.163928001501924392e+01 2.630263775462310960e+01
2.318797991176194557e+02 1.141842673425326282e+01 2.739315216370975392e+01
2.319496385994555396e+02 1.125014080540692696e+01 2.701107669201163830e+01
2.317280343565192879e+02 1.103534215713883349e+01 2.646493945367502221e+01
2.320069933352107512e+02 1.110781000657091866e+01 2.724209142964423336e+01
2.317378203323007710e+02 1.106275227635407887e+01 2.698223505115929655e+01
2.319351121749741935e+02 1.098286867549047230e+01 2.731136768985262364e+01
2.318285459494977943e+02 1.096709846991457837e+01 2.663698019337275724e+01
2.317486388810663698e+02 1.092732094245752350e+01 2.678433305172251977e+01
2.316749976532432242e+02 1.080108889514690773e+01 2.673115554303952024e+01
2.316807472073594170e+02 1.067598329109171118e+01 2.665124847460809221e+01
2.315926499577583684e+02 1.040857035576832779e+01 2.668644982633999874e+01
2.316498638881066370e+02 1.022277762132732626e+01 2.641985825589036097e+01
2.315602412465972009e+02 1.034281423073312745e+01 2.605601708438937436e+01
2.316903923777339855e+02 1.060964047686097800e+01 2.541434337745236149e+01
2.316692246315591888e+02 1.074401577020557674e+01 2.628822866798084945e+01
2.316154839012484672e+02 1.065953252604900037e+01 2.609795362808598540e+01
2.314952126161644514e+02 1.057763071435276458e+01 2.596590162395569479e+01
2.315669764385619089e+02 1.045935417253355837e+01 2.641999906129728615e+01
2.313917675772082987e+02 1.025122031352670682e+01 2.620048343189711915e+01
2.313668919553177545e+02 1.052234112456585002e+01 2.637714728245564544e+01
2.314395240777245988e+02 1.053271378954285176e+01 2.656730498451140576e+01
2.314360274101192090e+02 1.051750680559466744e+01 2.690406458274664558e+01
2.314863653430958550e+02 1.064887825025814294e+01 2.567248662348634269e+01
2.315361635220125720e+02 1.084959635783347487e+01 2.652600206514596692e+01
2.314378813479770827e+02 1.073167182953158694e+01 2.588909227447667405e+01
2.314410494696329579e+02 1.077205951375199433e+01 2.571212334553646883e+01
2.314769313808317008e+02 1.063101943114615544e+01 2.512841453111799339e+01
2.314783159673331454e+02 1.038904533934103114e+01 2.495376889139209453e+01
2.314094386557777057e+02 1.038925654745142246e+01 2.588421102036985033e+01
2.316595794611846486e+02 1.045191495353421551e+01 2.516852060452454865e+01
2.315884257955505632e+02 1.093891392096123205e+01 2.479693513564254204e+01
2.317486154134985554e+02 1.073254012954097369e+01 2.520886135360931135e+01
2.316079508119778438e+02 1.079580869238712104e+01 2.492145405050220575e+01
2.315413733220688925e+02 1.087897775274570478e+01 2.488672205012672478e+01
2.316480568853843920e+02 1.067978503707875682e+01 2.488897493663756677e+01
2.316203182202196444e+02 1.070146906974561141e+01 2.488111330141743949e+01
2.316247301229700497e+02 1.055221533840232873e+01 2.498739791607997773e+01
2.315180700272223646e+02 1.052985074626865725e+01 2.510152069839481825e+01
2.315044119027504053e+02 1.008701774148127228e+01 2.470698394818360910e+01
2.315767154792077349e+02 1.015547263681592050e+01 2.437686567164179152e+01
2.313142072655589914e+02 1.016920116399136376e+01 2.477574392189993446e+01
2.314616305266122254e+02 1.014289402046371968e+01 2.432181075753308974e+01
2.316398197690791392e+02 1.017983197221439973e+01 2.468813949122312934e+01
2.315554538627616523e+02 1.033363841171500930e+01 2.434382333614944116e+01
2.315138458650145594e+02 1.031162583309865788e+01 2.473007603491974038e+01
2.314193185018304746e+02 1.018039519384210934e+01 2.369935698864169638e+01
2.314670280672111176e+02 1.035522857411057984e+01 2.326140523796113868e+01
2.314628039050032839e+02 1.005559466816859171e+01 2.412914202572045497e+01
2.314753590537876562e+02 1.012311086079038702e+01 2.420991739416126975e+01
2.313899840420538681e+02 1.005179292218154430e+01 2.459375293344597679e+01
2.314486294940392384e+02 1.011043837416690216e+01 2.421301511311367705e+01
2.317014456021777846e+02 1.032542476297756551e+01 2.362360367971463404e+01
2.316203651553553016e+02 1.022364592133671302e+01 2.442227541537594959e+01
2.314198817234581895e+02 1.025976250821364921e+01 2.436524922557026329e+01
2.316420257204543418e+02 1.016699521261616468e+01 2.369104946963296854e+01
2.314841124565849952e+02 1.011370036609405787e+01 2.408014174410963903e+01
2.317184361212803765e+02 1.012322819862949430e+01 2.355137050596076165e+01
2.314296676992396442e+02 1.012775743921899974e+01 2.350563221627710675e+01
2.314833614944147087e+02 9.795832159954942497e+00 2.415915704496385885e+01
2.315380409274382885e+02 9.766122219093213985e+00 2.361996620670233682e+01
2.315876278982446195e+02 9.658453017929222284e+00 2.411081385525204013e+01
2.314469163615882792e+02 9.763259175819017699e+00 2.368037172627428788e+01
2.315206045245470818e+02 9.721932788885759180e+00 2.433666572796395400e+01
2.316581244719797326e+02 9.660964047686098510e+00 2.413151225007040424e+01
2.315650286304327494e+02 9.880503144654088743e+00 2.399244344316155164e+01
2.313894677555618102e+02 9.846123157795926062e+00 2.299856847836290186e+01
2.315441894302074672e+02 9.866985825589036807e+00 2.386337182014456104e+01
2.315070872054820370e+02 1.000234675678212781e+01 2.398089739979348423e+01
2.314093917206420770e+02 9.750023467567821456e+00 2.369909884539566391e+01
2.315464423167182986e+02 9.872453768891391590e+00 2.360175537407303281e+01
2.314356049938984370e+02 9.686050877687035765e+00 2.343410306955787092e+01
2.316236271472824626e+02 9.808035295222003569e+00 2.300204167840044889e+01
2.315868065333708898e+02 9.740472167464563569e+00 2.361036797146343602e+01
2.314189195531775169e+02 9.774124659720266450e+00 2.371770862667793267e+01
2.315214493569886542e+02 9.547944241058857529e+00 2.326724866234863498e+01
2.312178494320848472e+02 9.460292875246409494e+00 2.360666009574767799e+01
2.312446963296723936e+02 9.307190462780438267e+00 2.333208955223880565e+01
2.312351684971369536e+02 9.244555524265464896e+00 2.279961043837416668e+01
2.311975734534872799e+02 9.226063080822303419e+00 2.272381019431146143e+01
2.312057871022247184e+02 8.980310710597953161e+00 2.299640946212334569e+01
2.312612174974185564e+02 9.051581714071152973e+00 2.361766638505585192e+01
2.312864686003942438e+02 9.099619825401294548e+00 2.339962921242842242e+01
2.311235332770111768e+02 9.206326856284615445e+00 2.282920304139678791e+01
2.314815310241246493e+02 9.141180888012765848e+00 2.362146813104289933e+01
2.312743124002628292e+02 9.009926781188397626e+00 2.391096404768609673e+01
2.313113207547169736e+02 9.097296536186989968e+00 2.407188116023655411e+01
2.314499906129728686e+02 9.075542100816671010e+00 2.400408335680090133e+01
2.315021355486717312e+02 1.009605275509246169e+01 2.460001877405425574e+01
2.314024687881347973e+02 1.019534403454425942e+01 2.443473669388904668e+01
2.314309114803341743e+02 1.003034356519290426e+01 2.461874589317563178e+01
2.311717121937482489e+02 1.004299258424856767e+01 2.459389373885290553e+01
2.312798507462686644e+02 1.007519008729935273e+01 2.423493382145874264e+01
2.313878484933821369e+02 1.007901530085421982e+01 2.442323758565662217e+01
2.313365483901248467e+02 9.979043461935605208e+00 2.408429550361400473e+01
2.315962404956350440e+02 1.007946118464282392e+01 2.416530554773303408e+01
2.315136815920398021e+02 1.011595325260489986e+01 2.421773209424575413e+01
2.313049141087017802e+02 1.007730216840326598e+01 2.439571012860227128e+01
2.314190134234488028e+02 1.001138177039331723e+01 2.399565849995306621e+01
2.313143011358302772e+02 9.963226321224068371e+00 2.379008260583873025e+01
2.313475077442973884e+02 1.029045808692387176e+01 2.446010513470383785e+01
2.315056087487092782e+02 1.018476016145686636e+01 2.447082981319816142e+01
2.315702149629212556e+02 1.024202102694076721e+01 2.407986013329578512e+01
2.317279404862480021e+02 1.027309208673613128e+01 2.388228667980850517e+01
2.316267483338026807e+02 1.025800244062705424e+01 2.450016427297475019e+01
2.313322772927813844e+02 1.011466253637473045e+01 2.537843799868581485e+01
2.317157373509809304e+02 9.906974561156481229e+00 2.445125786163522008e+01
2.314588613536093078e+02 9.690087299352295958e+00 2.436057917957382912e+01
2.314220876748333922e+02 9.419693982915610775e+00 2.389413780155824796e+01
2.312703698488688531e+02 9.421454050502205746e+00 2.393072373979160972e+01
2.312145405050220575e+02 9.308035295222003569e+00 2.426114709471510267e+01
2.313787196094996830e+02 9.343635595606871291e+00 2.396198254012954010e+01
2.313004318032479034e+02 9.276119402985074203e+00 2.359837604430676805e+01
2.313528583497606235e+02 9.357786539003097204e+00 2.376464376232047471e+01
2.313591945930723739e+02 9.415845301792922228e+00 2.414545198535623882e+01
2.315058434243875070e+02 9.472894959166431761e+00 2.315415845301792785e+01
2.314591429644231653e+02 9.225617197033699313e+00 2.350490472167464517e+01
2.314727306861916816e+02 9.085281141462498766e+00 2.341091711255045382e+01
2.314285881911198715e+02 9.381629587909509738e+00 2.308392002252886499e+01
2.315667886980193373e+02 9.462639632028537306e+00 2.291000187740542415e+01
2.317126396320285266e+02 9.620482493194405293e+00 2.342131324509527701e+01
2.315219187083450549e+02 9.704449450858913195e+00 2.366565756125035236e+01
2.316161644607152823e+02 9.755092462217215044e+00 2.368968835069933476e+01
2.316531728151694267e+02 1.009225100910541606e+01 2.415873462874307620e+01
2.316407350042241546e+02 1.012752276354078695e+01 2.402949873275133896e+01
2.317831362057636397e+02 1.026018492443443186e+01 2.401569980287242956e+01
2.316534544259832842e+02 1.049295972965361834e+01 2.394752651835163704e+01
2.317670843893738777e+02 1.062411996620670251e+01 2.479449450858912840e+01
2.317146813104290004e+02 1.077161362996339022e+01 2.465467473950999633e+01
2.316317938608842439e+02 1.081744578991833272e+01 2.499615131887731323e+01
2.318243921899934321e+02 1.098103820520041296e+01 2.526398667042147750e+01
2.318589599173941735e+02 1.100584342438749630e+01 2.428637473012296866e+01
2.318666807472073685e+02 1.106352670609217981e+01 2.439871397728339275e+01
2.317883929409555890e+02 1.125232328921430636e+01 2.428691448418285859e+01
2.318119543790481600e+02 1.140676335304608990e+01 2.470475452924058857e+01
2.318572467849432144e+02 1.127351450295691393e+01 2.518785788040927542e+01
2.319806157889796339e+02 1.116774617478644593e+01 2.530120623298601501e+01
2.319148831315122550e+02 1.122141650239369248e+01 2.448826621608936449e+01
2.320199004975124240e+02 1.131822021965643543e+01 2.482084858725241716e+01
2.318519665821834224e+02 1.142882286679808423e+01 2.506664789261240855e+01
2.319302074532995448e+02 1.133952877123814851e+01 2.510030038486811321e+01
2.317533558621984469e+02 1.099373415939172105e+01 2.442901060734065410e+01
2.317419036891016617e+02 1.071449356988641632e+01 2.446498638881066512e+01
2.316748803154041241e+02 1.059713226321224155e+01 2.417215807753684231e+01
2.314971369567257966e+02 1.055432741950624198e+01 2.445287712381488632e+01
2.314342673425326211e+02 1.039967614756406711e+01 2.478271378954285353e+01
2.315508776870365182e+02 1.053034356519290426e+01 2.467185299915516694e+01
2.316455927907631747e+02 1.079137332206890143e+01 2.491554022341124508e+01
2.316459448042804752e+02 1.105336524922556940e+01 2.498002909978409747e+01
2.318158265277386647e+02 1.160065239838543150e+01 2.538141837979911841e+01
2.318180794142494960e+02 1.160513470383929402e+01 2.590167089082887486e+01
2.319093447855064198e+02 1.171822491316999937e+01 2.551675584342438796e+01
2.318736506148502770e+02 1.154383741669013475e+01 2.581509903313620669e+01
2.317201961888669928e+02 1.135907725523326839e+01 2.608776870365155531e+01
2.317166525861259743e+02 1.122974748897024355e+01 2.512217215807753590e+01
2.316263493851497230e+02 1.139078193935980465e+01 2.483652492255702526e+01
2.316206937013047877e+02 1.117891673706937006e+01 2.450420069464000861e+01
2.314896038674551733e+02 1.110675396601896203e+01 2.399643292969116715e+01
2.314508589129822553e+02 1.115781939359804831e+01 2.411855815263306013e+01
2.315596545574016716e+02 1.109614662536374752e+01 2.470207922650896393e+01
2.315971087956444308e+02 1.121930442128977745e+01 2.486032103632779666e+01
2.316295644419412270e+02 1.098643574579930515e+01 2.457429831972214274e+01
2.316639913639350539e+02 1.101520698394818432e+01 2.497115835914765825e+01
2.315316342814230666e+02 1.102931099220876732e+01 2.408361494414718962e+01
2.315077912325166665e+02 1.098791420257204621e+01 2.433152633061109427e+01
2.315576128790012262e+02 1.090699802872430269e+01 2.451145217309678159e+01
2.315487656059326014e+02 1.110407866328733739e+01 2.464646109077255076e+01
2.316338355392847177e+02 1.116894302074532952e+01 2.473066272411527322e+01
2.317693842110203661e+02 1.133568009011545996e+01 2.466976438561907514e+01
2.319704543321130075e+02 1.131676523045151583e+01 2.451788228667980718e+01
2.318588191119872306e+02 1.140749084764854970e+01 2.451821083262930756e+01
2.319138036233924822e+02 1.153562376795268918e+01 2.417480991270064905e+01
2.317907866328733633e+02 1.142002252886510760e+01 2.394424105885666165e+01
2.317918192058575073e+02 1.125596076222660358e+01 2.478672674364029049e+01
2.316926687318126312e+02 1.112681873650614861e+01 2.472207359429268791e+01
2.316926452642448169e+02 1.104700553834600640e+01 2.395029569135454750e+01
2.318420632685628391e+02 1.125574955411621225e+01 2.348486341875528183e+01
2.317133905941988132e+02 1.125894114333990359e+01 2.370473106167276711e+01
2.315388622923120181e+02 1.137956444194123762e+01 2.411492067962076291e+01
2.317038392940955589e+02 1.133506993335210744e+01 2.412151506617854224e+01
2.318015817140711476e+02 1.136010982821740356e+01 2.394940392377733929e+01
2.319123486341875662e+02 1.143368065333708827e+01 2.433223035764573439e+01
2.318169295034262518e+02 1.158924716042429282e+01 2.391734722613348296e+01
2.318608373228198616e+02 1.174291279451797543e+01 2.421139585093401081e+01
2.319815310241246493e+02 1.188287336900403623e+01 2.419325542100816762e+01
2.320884257955505632e+02 1.197873838355392806e+01 2.419076785881911107e+01
2.318961794799587040e+02 1.203147000844832526e+01 2.335313996057448449e+01
2.318189711818267256e+02 1.192701586407584635e+01 2.398117901060734170e+01
2.319826809349478935e+02 1.202147282455646327e+01 2.375718107575330862e+01
2.320654275790857071e+02 1.190896930442128898e+01 2.375725147845677299e+01
2.319966206702337388e+02 1.168175631277574311e+01 2.364251853937857817e+01
2.320414202572045497e+02 1.135565099033136249e+01 2.316385055852811448e+01
2.315579179573828981e+02 1.094691636158828452e+01 2.300741575143152318e+01
2.316991692480991389e+02 1.052893551112362758e+01 2.255111236271472919e+01
2.315111705622829277e+02 1.051825776776494870e+01 2.217450483431897013e+01
2.314565849995306621e+02 1.054693513564254204e+01 2.250201821083263098e+01
2.315050220595137489e+02 1.061273819581338529e+01 2.253243217872899606e+01
2.316098282174035603e+02 1.060091054163146573e+01 2.263834131230639102e+01
2.316326152257580020e+02 1.065617666385055884e+01 2.253189242466910613e+01
2.316542288557213851e+02 1.066678400450577335e+01 2.247810475922275586e+01
2.316234863418755197e+02 1.066014268281235289e+01 2.267656998028724402e+01
2.316891251290716127e+02 1.068487749929597364e+01 2.281488782502581358e+01
2.317975218248380713e+02 1.074978879188960867e+01 2.328491974091805261e+01
2.317164413780155883e+02 1.078243217872899606e+01 2.286057917957382912e+01
2.318223974467286155e+02 1.090035670703088400e+01 2.344433492912794392e+01
2.318497840983760341e+02 1.083035295222003214e+01 2.317025720454332216e+01
2.319258424856847967e+02 1.095250164272974835e+01 2.347981789167370792e+01
2.317614052379611280e+02 1.082946118464282392e+01 2.333058762789824314e+01
2.316857692668731943e+02 1.092100816671360164e+01 2.310506430113582965e+01
2.317218623861822948e+02 1.079029381394912157e+01 2.331739885478269159e+01
2.318807612879001283e+02 1.099471979724021331e+01 2.307246784943208340e+01
2.318680183985731844e+02 1.096705153477893546e+01 2.254571482211583699e+01
2.318706232986013447e+02 1.124718389186144663e+01 2.324558809724960184e+01
2.319341030695578638e+02 1.114925373134328446e+01 2.342896367220501119e+01
2.320581056979254697e+02 1.117781376138177052e+01 2.337268844456960437e+01
2.319313104289871319e+02 1.138259175819018054e+01 2.310102787947057124e+01
2.320661081385525222e+02 1.145782878062517618e+01 2.333323946306204988e+01
2.319364028912043523e+02 1.145700741575143233e+01 2.299166901342344715e+01
2.320799070684314245e+02 1.146646484558340440e+01 2.296780249694921494e+01
2.321700929315685755e+02 1.153651553552989739e+01 2.341546982070778071e+01
2.320119449920210286e+02 1.160055852811414567e+01 2.387909509058481206e+01
2.320738993710691886e+02 1.160093400919928719e+01 2.397101755374072951e+01
2.321865671641791096e+02 1.177025251102975645e+01 2.372934854031728236e+01
2.321578193935980607e+02 1.173052191870834449e+01 2.424828686754904794e+01
2.320007274946024722e+02 1.177388998404205367e+01 2.359497324697268539e+01
2.320273397165117899e+02 1.178351168684877415e+01 2.350438843518257670e+01
2.318447151037266565e+02 1.163946775556181379e+01 2.397064207265558977e+01
2.319627569698676552e+02 1.162947057166995180e+01 2.382230357645733676e+01
2.319269454613723838e+02 1.156617854125598477e+01 2.271806064019525095e+01
2.321811461560124030e+02 1.152919365436966181e+01 2.317603022622735409e+01
2.319832676241434228e+02 1.160553365249225521e+01 2.342994931005350523e+01
2.320512531681216615e+02 1.146716887261804274e+01 2.343966488313151331e+01
2.320879329766262913e+02 1.145001408054069358e+01 2.359809443349291413e+01
2.322247488970243126e+02 1.158903595231390149e+01 2.423378391063550197e+01
2.322039800995024734e+02 1.164880784755467857e+01 2.382493194405331849e+01
2.321523279827278827e+02 1.175645358115084882e+01 2.353259645170374625e+01
2.325386745517694465e+02 1.176490190556650717e+01 2.311984886886322954e+01
2.321279921148972107e+02 1.165056791514127532e+01 2.347615695109358924e+01
2.323375105604055193e+02 1.176478456772739989e+01 2.354271097343471197e+01
2.320340045057730265e+02 1.170419130761287896e+01 2.360928846334365971e+01
2.323571059795362714e+02 1.171545574016708890e+01 2.329803811133014335e+01
2.321881160236553114e+02 1.156728151694358431e+01 2.331418379799117702e+01
2.320781000657091795e+02 1.152640101379892990e+01 2.289420820426170877e+01
2.320446118464282392e+02 1.142720360461841800e+01 2.288134797709565404e+01
2.320023232892143028e+02 1.149028442692199370e+01 2.290819487468318627e+01
2.319543790481554595e+02 1.142774335867830615e+01 2.323244625926968965e+01
2.319825870646766077e+02 1.116002534497324739e+01 2.347052473481648249e+01
2.319735755186332540e+02 1.092762602083920065e+01 2.268633248850089146e+01
2.317001548859476259e+02 1.098613066741762800e+01 2.238780155824650464e+01
2.318189007791232541e+02 1.096430582934384645e+01 2.260593260114521641e+01
2.318606026471416612e+02 1.093529991551675629e+01 2.262519947432648237e+01
2.317824791138646390e+02 1.095400356707030909e+01 2.275692293250727616e+01
2.317113723833661822e+02 1.074483713507932059e+01 2.291816859100722681e+01
2.318161081385525222e+02 1.052332676241434406e+01 2.223983854313339137e+01
2.316262555148784372e+02 1.001551206232985969e+01 2.144661128320660737e+01
2.314158922369285563e+02 9.844363090209331091e+00 2.218133389655496046e+01
2.315065005162864793e+02 1.043748239932413391e+01 2.221540880503144777e+01
2.316317938608842439e+02 1.049434431615507357e+01 2.181359710879564417e+01
2.315765981413686347e+02 1.063810663662818001e+01 2.241950624237303913e+01
2.316937013047967753e+02 1.065169435839669632e+01 2.228484933821458824e+01
2.316636628179855393e+02 1.080758941143339946e+01 2.190120153947244930e+01
2.316418145123439274e+02 1.075633624331174332e+01 2.188700366094057870e+01
2.316075283957570718e+02 1.051905566507087286e+01 2.128280765981413580e+01
2.314341030695578638e+02 1.057711442786069611e+01 2.198476954848399600e+01
2.315038956162583190e+02 1.044137801558246537e+01 2.122472542945649110e+01
2.317509152351450155e+02 1.044121374260771695e+01 2.227365530836384266e+01
2.315777245846240362e+02 1.029900028161081416e+01 2.154578522481930136e+01
2.313619872336431058e+02 1.011872242560781032e+01 2.128914390312587912e+01
2.315573782033229975e+02 1.015711536656340996e+01 2.189540505022059591e+01
2.313411949685534523e+02 9.869004036421666015e+00 2.145327607246785107e+01
2.314145780531305832e+02 9.976696705153477396e+00 2.082863981976908008e+01
2.315803998873556679e+02 1.001229700553834512e+01 2.047434994837135136e+01
2.314127710504083382e+02 9.898995588097250220e+00 2.051870365155355458e+01
2.314383741669013546e+02 9.874636252698770988e+00 2.104916455458556257e+01
2.313885290528489520e+02 9.772082981319815786e+00 2.065704496385994560e+01
2.315099971838918691e+02 9.837017741481272282e+00 2.032608185487655916e+01
2.314398995588097137e+02 9.757744297381020004e+00 2.054848399511874746e+01
2.314656434807096730e+02 9.797099408617290450e+00 2.068032479113864497e+01
2.314909180512531748e+02 1.000851872711912094e+01 2.028764197878532016e+01
2.315872758847273190e+02 1.014876091241903744e+01 2.042882286679808601e+01
2.315752370224350045e+02 1.031552144935698934e+01 2.135126255514878579e+01
2.316144043931286944e+02 1.052374917863512671e+01 2.044963859945555384e+01
2.317970994086172993e+02 1.077461747864451347e+01 2.131768046559654550e+01
2.318601567633530465e+02 1.078144654088050380e+01 2.091938890453393540e+01
2.319182624612785162e+02 1.109002159016239553e+01 2.152780906786820481e+01
2.318470149253731449e+02 1.125131418379799086e+01 2.141781657748990852e+01
2.320102787947057266e+02 1.126943114615601260e+01 2.191819205857504826e+01
2.318738148878250342e+02 1.121064488876372778e+01 2.156477048718670630e+01
2.318002675302731745e+02 1.098528583497606270e+01 2.151201539472448943e+01
2.318923307988360136e+02 1.093863231014737636e+01 2.082962545761757411e+01
2.318790012203135404e+02 1.090061485027691646e+01 2.112503520135173218e+01
2.319129353233830955e+02 1.090096686379423652e+01 2.148131981601426688e+01
2.318994884070214937e+02 1.078266685440720885e+01 2.152384304890641076e+01
2.318765840608279234e+02 1.095764104008260631e+01 2.114301135830282519e+01
2.318837182014455891e+02 1.097463155918520528e+01 2.145543508870740723e+01
2.320411386463906922e+02 1.087822679057542530e+01 2.105768328170468351e+01
2.319592133671266367e+02 1.082228010888951530e+01 2.071975030507838156e+01
2.318952877123815028e+02 1.079191307612878958e+01 2.106972214399699439e+01
2.317342063268562811e+02 1.061109546606589760e+01 2.152907631653055631e+01
2.319608560968741244e+02 1.058248850089176685e+01 2.169194123721017675e+01
2.317862104571482291e+02 1.078217403548296183e+01 2.203243217872899606e+01
2.318379564441941341e+02 1.091981132075471628e+01 2.255280202759785979e+01
2.319881254106824429e+02 1.083626677931099280e+01 2.215174129353233923e+01
2.319495916643199109e+02 1.080306017084389403e+01 2.174826339998122648e+01
2.318398103820520078e+02 1.110065239838543150e+01 2.181859570074157517e+01
2.319924669107293767e+02 1.117192340185863131e+01 2.239573359617009274e+01
2.319192011639913744e+02 1.133206608467098420e+01 2.259159391720642063e+01
2.319605510184924526e+02 1.096475171313245056e+01 2.242391814512344084e+01
2.318906411339528688e+02 1.082831127381958147e+01 2.183255890359523121e+01
2.319745376889139266e+02 1.106087487092837662e+01 2.154742795456678905e+01
2.320992678118839763e+02 1.099326480803529549e+01 2.203876842204073938e+01
2.319363794236365379e+02 1.109436309020933109e+01 2.232493194405331849e+01
2.318349525955129877e+02 1.110734065521449310e+01 2.234816483619637495e+01
2.319310288181732744e+02 1.110297568759973785e+01 2.259961982540129455e+01
2.319928893269501486e+02 1.117706279921148926e+01 2.176872711912137603e+01
2.319200225288651041e+02 1.124889702431240046e+01 2.244595419130761371e+01
2.320267764948840750e+02 1.132835820895522438e+01 2.202304515160048837e+01
2.319737632591758256e+02 1.111264432554210124e+01 2.247348164836196460e+01
2.319331878344128484e+02 1.110527550924622098e+01 2.281315122500704007e+01
2.318746362526987639e+02 1.097514784567727375e+01 2.297484276729559838e+01
2.318955223880597032e+02 1.096639444287994003e+01 2.235421946869426435e+01
2.318922134609969135e+02 1.091511780719046243e+01 2.205991270064770404e+01
2.318806204824931854e+02 1.094546137238336669e+01 2.206232986013329622e+01
2.319171125504552720e+02 1.085980474983572641e+01 2.193382145874401701e+01
2.320811743170937689e+02 1.102755092462217235e+01 2.207030883319252723e+01
2.319000750962170230e+02 1.103524828686754944e+01 2.188845865014549830e+01
2.319592603022622654e+02 1.088200506899464948e+01 2.244356049938984299e+01
2.322178494320848472e+02 1.096935135642542036e+01 2.202147282455646149e+01
2.320873932225664191e+02 1.108396695766450790e+01 2.212515253919083946e+01
2.320828874495447280e+02 1.108941143339904301e+01 2.204325072749460190e+01
2.321723927532150640e+02 1.119790199943677855e+01 2.175889420820426068e+01
2.322104102130855097e+02 1.103254951656810334e+01 2.152386651647423221e+01
2.318925889420820567e+02 1.089521730967802426e+01 2.183262930629869558e+01
2.320136815920398021e+02 1.093166244250445907e+01 2.197153384023279798e+01
2.320358584436309002e+02 1.096141931850183049e+01 2.227536844081479472e+01
2.320346146625363701e+02 1.085830282549516568e+01 2.220897869144841863e+01
2.321377546231108511e+02 1.103602271660565037e+01 2.285370318220219588e+01
2.318029897681404350e+02 1.087627898244625868e+01 2.209189899558809600e+01
2.320008213648737581e+02 1.102884164085234175e+01 2.240023936919177672e+01
2.320129306298695155e+02 1.091694827748052177e+01 2.258431897118182619e+01
2.321882802966300687e+02 1.099798178916737079e+01 2.250525673519196346e+01
2.320634563033887048e+02 1.104752182483807310e+01 2.274436778372289325e+01
2.319870693701304845e+02 1.091690134234487886e+01 2.345827466441377851e+01
2.319643527644794858e+02 1.088820050689946406e+01 2.338700366094057870e+01
2.319612550455270821e+02 1.092021026940767925e+01 2.291579836665728109e+01
2.320447995869708109e+02 1.093806908851966497e+01 2.228477893551112388e+01
2.319429972777621458e+02 1.085410213085515885e+01 2.252222378672674452e+01
2.318245799305360038e+02 1.068149816952971065e+01 2.253696141931850150e+01
2.319194827748052319e+02 1.072317656998028745e+01 2.238087862573922848e+01
2.320114756406645995e+02 1.073502769173002847e+01 2.310313996057448449e+01
2.319697972402140351e+02 1.071871773209424639e+01 2.353921430582934349e+01
2.318990894583685360e+02 1.064456021777902883e+01 2.263205200413029061e+01
2.319077255233267749e+02 1.069637660752839636e+01 2.253116493006664811e+01
2.318722190932131753e+02 1.054503426264901833e+01 2.289155636909790559e+01
2.319042053881535708e+02 1.043607434525485722e+01 2.263641697174504941e+01
2.317643621515066172e+02 1.029318032479113931e+01 2.273976814042992700e+01
2.314894161269126016e+02 1.033502299821646453e+01 2.244541443724772378e+01
2.315826527738665277e+02 1.026715479207734916e+01 2.237081103914390212e+01
2.317618041866140857e+02 1.002088613536093042e+01 2.199500140805406900e+01
2.316381301041959944e+02 9.817445789918332721e+00 2.224204449450859045e+01
2.315032619919271610e+02 9.786656340936826126e+00 2.175201821083263098e+01
2.316391157420444813e+02 9.686355956068712914e+00 2.180228574110579132e+01
2.317071247535905343e+02 9.628508401389279214e+00 2.228604618417347183e+01
2.314223692856472496e+02 9.667347226133482962e+00 2.155888012766357065e+01
2.315663897493663796e+02 9.673190650520979261e+00 2.200783816765230583e+01
2.316705857504928190e+02 9.604712287618511368e+00 2.180946681685909994e+01
2.317359898620107117e+02 9.693208485872524705e+00 2.214761100159579499e+01
2.316715713883413059e+02 9.584013892800150813e+00 2.219562564535811333e+01
2.316881864263587829e+02 9.648502769173003202e+00 2.182523702243499386e+01
2.316646484558340262e+02 9.596780249694921494e+00 2.198645921336712661e+01
2.315597718952407718e+02 9.315474514221346425e+00 2.185919459307237389e+01
2.315993616821552621e+02 9.055500797897305887e+00 2.098380737820332342e+01
2.314701492537313356e+02 8.965479207734910361e+00 2.050828405144090993e+01
2.314324368722425618e+02 8.907068431427767052e+00 2.093832723176570099e+01
2.315609218060640160e+02 9.002581432460340594e+00 2.117227541537594959e+01
2.315000938702712858e+02 9.007814700084482595e+00 2.157953158734628829e+01
2.315995963578334624e+02 9.168262461278512632e+00 2.100373134328358304e+01
2.315050220595137489e+02 8.978644513282644013e+00 2.126415094339622769e+01
2.313927297474889713e+02 8.903806439500609571e+00 2.091169154228855831e+01
2.313652257580024525e+02 8.930137050596076875e+00 2.136919177696423588e+01
2.314743030132356978e+02 8.714211959072562408e+00 2.135839669576645150e+01
2.313459119496855294e+02 8.559983103351168410e+00 2.106634281423073318e+01
2.314902844269219884e+02 8.565943865577771987e+00 2.021789636722050076e+01
2.314677555618135614e+02 8.494508589129821985e+00 2.053463813010419514e+01
2.314002393691917803e+02 8.358983384961982566e+00 2.085020651459682739e+01
2.314374119966206820e+02 8.325518633248849554e+00 2.090798366657279672e+01
2.314591429644231653e+02 8.507134140617665707e+00 2.107251478456772631e+01
2.313191119872336401e+02 8.547662630245001836e+00 2.052992114897212161e+01
2.313870271285084073e+02 8.763024500140804918e+00 2.137700647704872026e+01
2.314862245376889121e+02 8.997254294564910992e+00 2.064716511780719088e+01
2.314345958884821073e+02 8.895780531305735650e+00 2.056765699802872405e+01
2.314671454050502177e+02 8.989744672862103769e+00 2.084189899558809600e+01
2.314986388810663698e+02 9.103914390312587201e+00 2.087029475265183365e+01
2.315262367408241744e+02 9.236670421477517934e+00 2.079977471134891687e+01
2.315881911198723344e+02 9.459541913076128239e+00 2.077081573265746783e+01
2.316298695203229272e+02 9.177438280296630779e+00 2.127715197596921115e+01
2.316978081291654803e+02 9.245142213460997738e+00 2.082960199004975266e+01
2.315423120247817508e+02 9.170374542382427663e+00 2.079653618698958084e+01
2.315561813573641246e+02 9.158241809818830959e+00 2.108136205763634763e+01
2.315224584624049555e+02 9.181427766826246284e+00 2.049281892424669138e+01
2.315058668919553213e+02 9.215995494226978835e+00 2.060626114709471679e+01
2.316400544447573395e+02 9.156153196282737383e+00 2.047378672674363997e+01
2.315314465408804949e+02 9.314817422322350993e+00 2.006317469257486152e+01
2.315303670327607222e+02 9.194733877780906894e+00 2.039732939078194107e+01
2.316569980287243027e+02 9.262742889326951001e+00 1.997815169435839522e+01
2.316202008823805443e+02 9.203111799493100875e+00 2.015603585844363010e+01
2.316859100722801088e+02 9.303951938421102241e+00 2.034180512531681373e+01
2.314965033323946386e+02 9.376630995963578741e+00 1.982838167652304406e+01
2.315902327982727797e+02 9.246080916173847086e+00 1.960105134703839269e+01
2.314433258237116320e+02 9.390875809631090476e+00 1.976349385149723048e+01
2.314957289026565377e+02 9.123791420257203910e+00 1.998469914578053164e+01
2.315764338683938774e+02 9.233783910635501968e+00 1.981362057636346563e+01
2.317084624049563502e+02 9.136581244719797823e+00 2.030301323570825289e+01
2.316792922181545009e+02 9.068642635877218083e+00 1.965422885572139222e+01
2.316158359147657961e+02 8.929691166807472769e+00 1.901365812447198067e+01
2.315312353327701089e+02 8.835820895522388696e+00 1.922390406458274725e+01
2.312903407490847769e+02 8.852623674082417793e+00 1.896855345911949797e+01
2.315849291279451734e+02 8.874425044588379663e+00 1.948690509715573072e+01
2.315700506899464983e+02 8.925490472167464162e+00 1.876227353797052544e+01
2.313754341500047076e+02 9.065591852060451927e+00 1.879339153290153064e+01
2.314553177508682893e+02 8.972589880784754612e+00 1.953700835445414441e+01
2.316393504177227101e+02 9.041326386933258519e+00 1.905230920867361277e+01
2.316210222472543023e+02 9.075823711630526702e+00 1.928759504364967725e+01
2.315624471979724035e+02 9.283441284145311556e+00 2.022186238618229481e+01
2.317101755374073093e+02 9.402022904346193144e+00 1.971498638881066512e+01
2.317811414624988231e+02 9.193959448042804183e+00 1.948812541068243576e+01
2.316582887449544614e+02 9.022129916455458698e+00 1.920247817516192512e+01
2.314955176945461233e+02 8.949990612972872128e+00 1.956326856284614735e+01
2.315055148784379924e+02 8.863137144466348261e+00 1.922280108889514594e+01
2.313345536468600301e+02 8.946048061578897759e+00 1.889852623674082466e+01
2.314588144184736791e+02 8.999694921618322851e+00 1.924917863512625615e+01
2.315374307706749164e+02 9.132990706843143514e+00 1.896533840232798340e+01
2.316049704308645403e+02 9.088331925279264922e+00 1.909797709565380686e+01
2.315336290246878832e+02 9.283089270627991496e+00 1.887625551487843722e+01
2.315030273162489323e+02 9.425349666760537204e+00 1.876232047310616835e+01
2.314510231859570126e+02 9.320214962921243185e+00 1.893297662630245171e+01
2.315789683657185662e+02 9.205669764385618237e+00 1.898610719984980832e+01
2.317884633436590605e+02 9.189148596639444833e+00 1.917741481272880932e+01
2.316642025720454399e+02 9.076809349479020739e+00 1.890265652867736890e+01
2.317720125786163408e+02 9.006711724396883056e+00 1.909396414155636990e+01
2.316605181638975068e+02 8.883506993335210211e+00 1.884917394161269044e+01
2.315572843330517117e+02 8.947643856190744316e+00 1.889256547451422108e+01
2.316335069933352031e+02 8.895240777245845720e+00 1.874476673237585800e+01
2.317058809724960042e+02 9.041443724772364021e+00 1.907002722237867332e+01
2.315874636252698906e+02 9.018257767764948696e+00 1.919630620482493200e+01
2.315411386463906922e+02 8.942598329109170407e+00 1.881103914390312681e+01
2.316743405613442235e+02 8.801135830282548866e+00 1.924375762695954251e+01
2.316199192715666868e+02 8.931944053318314758e+00 1.886304327419506066e+01
2.317054820238430466e+02 8.798366657279640179e+00 1.919738571294471186e+01
2.316449591664319883e+02 8.837510560405519300e+00 1.942607716136299700e+01
2.316533840232798411e+02 8.965127194217592077e+00 1.882157608185487518e+01
2.317166760536937886e+02 8.924387496479864623e+00 1.909375293344597679e+01
2.317162301699052023e+02 8.988899840420538467e+00 1.946038674551769532e+01
2.318512860227166072e+02 8.999131699990613242e+00 1.885006570918989866e+01
2.318966253637472903e+02 8.969656434807095735e+00 1.917593635595606827e+01
2.317651365812447182e+02 8.935769266873181849e+00 1.924486060264714027e+01
2.316025767389467660e+02 8.940275039894865827e+00 1.983070496573735042e+01
2.317579320379235810e+02 8.951586407584718685e+00 1.925072749460245802e+01
2.320379939923026313e+02 9.047568759973716013e+00 1.925072749460245802e+01
2.319417065615319586e+02 8.848774992959729246e+00 1.906195437904815648e+01
2.319071388341312172e+02 8.882239744672862258e+00 1.923120247817516315e+01
2.317665681028818199e+02 8.725945742983197917e+00 1.947369285647235415e+01
2.316470243124002764e+02 8.682882756031164107e+00 1.897852717544353851e+01
2.315659203980099505e+02 8.812869614193184375e+00 1.894053318314090006e+01
2.317338777809067949e+02 8.855932601145218186e+00 1.906401952501642683e+01
2.318936684502018295e+02 8.775814324603398831e+00 1.896308551581714141e+01
2.318586079038768446e+02 8.534450389561625272e+00 1.900851872711912094e+01
2.315101145217309693e+02 8.722026659157045003e+00 1.908788604149065904e+01
2.317373979160799706e+02 8.406458274664414532e+00 1.883514033605557003e+01
2.316591570449638482e+02 8.465009856378484798e+00 1.845191495353421729e+01
2.316355956068713056e+02 8.378320660846709345e+00 1.922819862949403813e+01
2.318083403736036701e+02 8.522575800244062805e+00 1.915103726649769911e+01
2.317701821083262814e+02 8.524969492161831752e+00 1.927201257861635142e+01
2.319272974748897127e+02 8.644442879939923330e+00 2.002618980568853857e+01
2.318715385337463601e+02 8.573336149441471932e+00 1.965211677461747897e+01
2.318074720735942833e+02 8.652539190838261618e+00 1.912576269595419021e+01
2.319647986482681006e+02 8.742466910729371321e+00 1.913981976907913207e+01
2.318769360743452523e+02 8.671266309959635876e+00 1.908760443067680512e+01
2.316105557120060041e+02 8.730780061954378723e+00 1.893166244250445729e+01
2.316758190181169539e+02 8.791936543696611039e+00 1.909509058481178911e+01
2.316802074532995448e+02 8.687599737163241187e+00 1.968206139115742204e+01
2.318294846522106525e+02 8.742654651271942967e+00 1.930859851684971318e+01
2.317431944053318205e+02 8.723598986201070105e+00 1.937740542570168145e+01
2.318581620200882298e+02 8.820426171031634510e+00 1.861719703369942636e+01
2.317040035670703162e+02 8.642448136675115578e+00 1.869954472918426802e+01
2.317463155918520670e+02 8.503614005444475765e+00 1.892626490190556510e+01
2.318111799493100591e+02 8.422955974842766480e+00 1.899418004318032516e+01
2.316094996714540457e+02 8.431099220876747680e+00 1.936914484182859297e+01
2.318128226790575468e+02 8.519431146156012602e+00 1.872972402140242210e+01
2.318546888200506828e+02 8.323500422416220346e+00 1.912616164460715140e+01
2.315839434900966864e+02 8.492701586407584102e+00 1.871186520229043637e+01
2.316991457805312962e+02 8.365953252604899859e+00 1.919400638317844709e+01
2.316949450858913053e+02 8.477166056509902958e+00 1.898242279170186819e+01
2.316611987233643219e+02 8.385337463625269550e+00 1.894198817234581966e+01
2.316112362714728192e+02 8.373509809443349994e+00 1.856179010607340629e+01
2.317513845865014446e+02 8.429550361400544034e+00 1.808687693607434355e+01
2.317158546888200590e+02 8.411668074720735078e+00 1.843006664789261251e+01
2.315468882005069133e+02 8.400403642166525131e+00 1.841016615038017434e+01
2.314847460809161817e+02 8.541584530179292756e+00 1.800556181357364238e+01
2.316645076504271117e+02 8.520886135360930425e+00 1.848033417816577639e+01
2.319642354266403856e+02 8.542710973434713750e+00 1.849326480803529549e+01
2.316588989017178335e+02 8.504200694640006830e+00 1.902480521918708334e+01
2.317776917300290904e+02 8.531681216558716585e+00 1.861102506336243323e+01
2.317686097812822652e+02 8.249647986482681716e+00 1.815216370975312188e+01
2.315787806251759946e+02 8.310053506054632777e+00 1.856526330611095332e+01
2.314792077349103465e+02 8.283253543602741686e+00 1.865767858819112135e+01
2.315377827841922453e+02 8.478034356519289716e+00 1.843128696141931755e+01
2.314190134234488028e+02 8.365178822866798924e+00 1.859783629024687812e+01
2.314757814700084566e+02 8.365131887731156013e+00 1.820299446165399360e+01
2.315830517225194853e+02 8.226391626771802024e+00 1.828766544635314162e+01
2.316926217966770025e+02 9.633295785224818886e+00 1.928919083826152203e+01
2.318214118088801285e+02 9.516028348821928162e+00 1.974927250539754198e+01
2.317053177508682893e+02 9.751619262179668013e+00 1.927996808410776453e+01
2.318008542194687038e+02 9.870482493194405293e+00 1.978151694358396639e+01
2.318926828123533141e+02 9.881441847366938092e+00 1.954252323289214388e+01
2.320118745893175571e+02 9.907561250352014071e+00 1.998540317281516820e+01
2.320514643762320475e+02 1.005141744109640456e+01 1.979329766263024482e+01
2.319769548483995152e+02 9.967028067211114006e+00 1.980627522763540682e+01
2.320185628461466365e+02 1.014826809349479042e+01 1.963106636628180013e+01
2.321001361118933630e+02 1.008835539284708460e+01 2.022141650239369071e+01
2.320543508870740652e+02 1.005958415469820721e+01 1.983112738195813307e+01
2.321043133389655395e+02 1.019025157232704437e+01 1.921041021308551677e+01
2.318720078851027893e+02 9.985145029569135744e+00 1.957105979536281026e+01
2.319063409368253019e+02 9.872899652679995697e+00 1.944938045620951783e+01
2.318763963202853517e+02 9.799774711348915091e+00 1.945543508870740723e+01
2.318642401201539371e+02 9.687529334459776820e+00 1.914021871773209327e+01
2.318135971087956477e+02 9.620153947244906689e+00 1.881193091148033503e+01
2.319770956538064297e+02 9.740331362057636611e+00 1.968952407772458457e+01
2.317540364216652620e+02 9.524805219187083338e+00 1.915657561250352003e+01
2.320967098469914447e+02 9.796583122125223753e+00 1.914707124753590506e+01
2.318200506899464983e+02 9.554421289777527804e+00 1.889512343940673844e+01
2.319892753215056871e+02 9.741762883694734754e+00 1.935504083356800820e+01
2.321037735849056673e+02 9.838613536093118839e+00 1.974960105134703880e+01
2.320840373603679723e+02 9.690298507462687283e+00 1.990251572327044016e+01
2.320194546137238376e+02 9.773866516474232213e+00 1.984422228480240236e+01
2.320232094245752421e+02 9.730076034919740380e+00 1.919238712099878086e+01
2.316119168309396343e+02 9.689078193935980465e+00 1.937876654463531523e+01
2.317469492161832250e+02 9.709119496855345588e+00 1.949626865671641696e+01
2.318500187740542628e+02 9.441589223692856692e+00 1.971883506993335189e+01
2.318625269877030064e+02 9.549188022153384026e+00 1.925760349197409127e+01
2.316890077912325125e+02 9.413052661222190309e+00 1.892603022622735409e+01
2.315691823899371116e+02 9.255960762226603578e+00 1.857089552238806007e+01
2.315317046841265380e+02 9.159016239556931893e+00 1.926987702994461671e+01
2.317534262649019183e+02 8.945250164272975368e+00 1.826110015957945976e+01
2.317181779780343618e+02 8.654064582746643808e+00 1.807082511968459571e+01
2.316344222284802470e+02 8.678165774899088802e+00 1.879874213836477992e+01
2.316269595419130667e+02 8.787243030132357191e+00 1.905735473575518668e+01
2.314076081854876463e+02 8.884445696048061336e+00 1.893492443443161477e+01
2.315313526706092091e+02 8.874565849995306621e+00 1.906866610344503954e+01
2.316694358396695748e+02 8.956068713038581208e+00 1.940394724490753831e+01
2.315521684032666769e+02 9.035459494977940764e+00 1.952900591382709194e+01
2.316780015019243422e+02 8.906012390875810425e+00 1.910635501736599906e+01
2.313114615601239166e+02 8.663357739603867458e+00 1.855594668168590999e+01
2.314720266591570521e+02 8.487656059326011970e+00 1.901332957852248029e+01
2.312000375481085257e+02 8.539754059889233417e+00 1.866223129634844469e+01
2.313839528771238179e+02 8.565920398009950532e+00 1.999471979724021509e+01
2.314030554773303265e+02 8.876607528395757285e+00 1.953147000844832348e+01
2.315848117901060732e+02 9.030437435464188312e+00 2.014937106918238996e+01
2.316149206796207523e+02 9.325448230545386963e+00 2.068682530742513848e+01
2.317619919271566573e+02 9.508894208204262455e+00 2.047568759973716368e+01
2.319140852342063397e+02 9.614709471510373362e+00 2.061147094715103734e+01
2.319998357270252427e+02 9.724936637566882425e+00 2.050673519196470451e+01
2.318405848117901087e+02 9.552426546512720051e+00 2.041833286398197700e+01
2.319350183047029077e+02 9.728057824087111172e+00 2.045785224819299586e+01
2.317539894865296048e+02 9.694616539941799616e+00 1.998235238899840382e+01
2.318886933258237093e+02 9.771496292124284722e+00 2.038489157983666544e+01
2.318549234957289116e+02 9.743499483713508269e+00 2.046972683751056010e+01
2.318140429925842625e+02 9.877381958133858220e+00 2.036989580399887245e+01
2.318847038392941045e+02 9.688350699333520666e+00 2.045585750492818988e+01
2.319004271097343519e+02 9.628461466253638079e+00 2.038719140148315034e+01
2.318571294471041142e+02 9.424246691072937665e+00 1.956622547639162590e+01
2.318980099502487633e+02 9.416713601802308986e+00 1.950481085140335935e+01
2.318395053036703359e+02 9.453839294095560675e+00 1.975631277574392186e+01
2.319949075377827796e+02 9.404557401670890826e+00 1.999241997559373019e+01
2.318802919365436992e+02 9.309631089833850126e+00 1.978325354360273991e+01
2.319293156857223437e+02 9.608091617384774352e+00 2.001715479207734916e+01
2.318637238336618793e+02 9.776377546231108440e+00 1.960644888763728488e+01
2.317475828405144114e+02 9.700999718389185844e+00 1.976743640289120307e+01
2.317631887731155587e+02 9.712006007697361554e+00 1.962958790950905907e+01
2.317365530836383982e+02 9.729841359241527599e+00 1.980202759785975886e+01
2.318178212710034813e+02 9.765230451516003995e+00 2.034889233079883653e+01
2.319345254857786642e+02 9.890664601520699151e+00 1.950272223786726755e+01
2.319062235989862018e+02 9.988219280953721579e+00 1.927839575706373765e+01
2.320246174786445010e+02 1.007652773866516505e+01 1.972165117807190526e+01
2.319254670045996534e+02 1.007279639538158200e+01 1.969435839669576538e+01
2.319431850183046890e+02 9.813268562846147347e+00 2.058873087393222434e+01
2.318427438280296542e+02 9.560241246597202647e+00 2.001839857317187565e+01
2.318085750492818988e+02 9.576339998122595176e+00 1.944485121562001240e+01
2.317766591570449748e+02 9.378836947338777819e+00 1.976091241903689166e+01
2.318603914390312468e+02 9.263235708251196243e+00 1.947805782408711295e+01
2.318299540035670816e+02 9.299117619449919658e+00 1.897542945649112767e+01
2.317587534027973390e+02 9.053060170843894028e+00 1.970081197784661597e+01
2.317764714165024031e+02 9.029780343565192879e+00 1.938599455552426676e+01
2.317076645076504349e+02 9.010583873087393059e+00 1.942567821271003581e+01
2.316562705341218305e+02 8.939876091241902856e+00 1.974406270534121788e+01
2.314407443912512861e+02 8.867009293156856486e+00 2.026645076504271259e+01
2.312437810945273498e+02 8.795691354548013763e+00 1.973218811602365363e+01
2.314404158453017999e+02 8.781751619262179176e+00 1.987381488782502714e+01
2.317035107481460727e+02 8.858748709283769784e+00 2.038594762038862385e+01
2.317408711161175177e+02 8.843400919928658510e+00 1.992023373697550070e+01
2.317705575894114247e+02 8.879259363559560470e+00 1.981268187365061451e+01
2.316580540692762611e+02 8.913381207171688914e+00 2.030927907631653184e+01
2.317388059701492580e+02 9.002135548671736487e+00 2.117668731812634775e+01
2.317842626490190696e+02 9.065192903407490732e+00 2.036668074720735788e+01
2.319822350511593072e+02 9.108302825495165678e+00 1.994050971557307861e+01
2.317293016051816323e+02 9.085187271191212943e+00 2.029909415188209820e+01
2.318702478175162014e+02 9.058880127663568871e+00 2.092990237491786232e+01
2.318180794142494960e+02 9.237914202572046207e+00 2.061304327419506066e+01
2.318769595419130667e+02 9.217779029381395262e+00 2.078900309771895394e+01
2.316930911480334316e+02 9.280554773303295590e+00 2.126039613254482319e+01
2.318321599549422558e+02 9.336125973904064068e+00 2.154069276260208454e+01
2.318579742795456582e+02 9.423706937013047735e+00 2.136015676335304647e+01
2.319757345348727995e+02 9.500610156763352521e+00 2.129928189242466985e+01
2.319032666854407125e+02 9.551605181638974429e+00 2.097125222941894407e+01
2.317677180137050641e+02 9.697596921055101404e+00 2.054163146531493567e+01
2.316927156669482883e+02 9.642166525861259885e+00 2.116363935041772137e+01
2.318867455176945498e+02 9.781634281423073674e+00 2.132882756031164817e+01
2.319149300666478837e+02 9.778466159767202015e+00 2.127109734347132175e+01
2.319533699427391298e+02 9.785107481460620704e+00 2.108617290903970698e+01
2.318308692387120971e+02 9.974373415939172816e+00 2.102841922463155910e+01
2.319597061860508802e+02 9.933868393879658143e+00 2.050896461090772505e+01
2.319331174317093769e+02 9.895639725898808692e+00 2.115798366657279672e+01
2.319990143621515131e+02 9.996127851309489998e+00 2.094583685346850643e+01
2.320280202759786050e+02 1.010004224162207898e+01 2.109638130104195852e+01
2.318868393879658356e+02 1.002717544353703261e+01 2.140122500704027075e+01
2.319362620857974377e+02 1.013801276635689419e+01 2.084340091992865851e+01
2.318322772927813844e+02 9.966746456397258314e+00 2.138289683657185947e+01
2.319248099127006526e+02 9.852412465972026467e+00 2.134487937670139956e+01
2.318267858819112064e+02 9.840490941518821089e+00 2.197965361869895773e+01
2.319514690697455990e+02 9.905120623298602212e+00 2.157206890077912220e+01
2.318850793203792477e+02 1.001774148127288022e+01 2.137118652022904186e+01
2.318548765605932545e+02 9.985895991739416999e+00 2.128973059232141196e+01
2.317090960292875366e+02 9.940767858819112845e+00 2.106225945742983185e+01
2.318639585093400797e+02 9.995517694546137477e+00 2.093705998310334948e+01
2.318824040176476160e+02 9.993476016145686813e+00 2.074399230263775351e+01
2.319006617854125523e+02 9.872899652679995697e+00 2.063362433117431749e+01
2.318377921712193768e+02 9.823289214305829020e+00 2.048857129447103986e+01
2.318923777339716423e+02 9.748239932413405029e+00 2.097594574298319614e+01
2.319802872430301193e+02 9.737632591758190514e+00 2.089850276917300320e+01
2.318421571388341249e+02 9.792875246409462164e+00 2.117337839106355091e+01
2.319655730780062015e+02 1.001684971369567201e+01 2.097629775650051798e+01
2.319999765324321856e+02 9.952994461653993596e+00 2.147000844832441402e+01
2.319987796864732843e+02 9.966816859100722681e+00 2.123655308363841243e+01
2.319503895616258262e+02 9.697409180512531535e+00 2.152501642729747644e+01
2.318098657655120576e+02 9.764690697456115842e+00 2.122521824838073812e+01
2.317753449732469733e+02 9.618440814793954630e+00 2.159370599831033388e+01
2.316699755937294753e+02 9.599267811883976265e+00 2.111334835257673959e+01
2.315808457711442827e+02 9.438702712850840726e+00 2.135680090115460317e+01
2.317325870646766077e+02 9.478010888951468260e+00 2.160208392002252964e+01
2.317835586219844117e+02 9.444170656153195509e+00 2.148624800525673351e+01
2.318096545574016716e+02 9.567586595325259680e+00 2.115763165305547844e+01
2.317461513188773097e+02 9.411644607152915398e+00 2.093687224256078139e+01
2.317231061672768249e+02 9.324368722425607103e+00 2.086966112832066145e+01
2.316858631371444801e+02 9.327325635971087436e+00 2.130493757626959450e+01
2.315580118276541839e+02 9.038017459870459902e+00 2.169510935886604841e+01
2.316970806345630365e+02 9.142565474514221080e+00 2.054282831127381925e+01
2.314841593917206524e+02 9.111705622829250117e+00 2.027119121374260757e+01
2.316986998967427098e+02 9.124378109452736751e+00 2.088219280953721935e+01
2.317495071810757565e+02 9.229700553834600640e+00 2.096630057260865598e+01
2.315884492631183775e+02 9.238125410682437533e+00 2.076053693795175192e+01
2.313720078851027893e+02 9.357246784943209050e+00 2.064200225288650969e+01
2.316362996339059350e+02 9.465174129353233212e+00 2.079036421665258771e+01
2.315322209706185959e+02 9.393504177227072205e+00 2.153276072467849289e+01
2.316164695390969541e+02 9.481225945742982830e+00 2.092290903970712534e+01
2.316640617666384969e+02 9.534121843612128444e+00 2.095198535623767810e+01
2.317606308082230271e+02 9.562986952032291654e+00 2.103027316248943990e+01
2.317792640570731351e+02 9.705552426546512734e+00 2.053325354360273991e+01
2.318131981601426901e+02 9.657936731437153810e+00 2.173777339716511747e+01
2.317024781751619287e+02 9.757016802778560205e+00 2.194891110485309227e+01
2.318085281141462417e+02 9.879071623016990600e+00 2.134023279827278685e+01
2.316672533558621865e+02 9.767201727212992068e+00 2.117161832347695594e+01
2.316553318314090006e+02 9.598070965925090903e+00 2.140202290434619314e+01
2.317523702243499599e+02 9.580658030601709285e+00 2.134602928752464024e+01
2.317390641133953011e+02 9.512461278513095309e+00 2.183068149816952896e+01
2.317151037266497724e+02 9.411292593635595338e+00 2.202726931380831843e+01
2.316726039613254500e+02 9.491199662067023368e+00 2.174692574861541416e+01
2.316898760912418993e+02 9.475241715948559573e+00 2.183992771989111148e+01
2.316719938045621063e+02 9.411527269313808119e+00 2.169229325072749504e+01
2.318277949873275077e+02 9.427109734347132175e+00 2.216054163146531408e+01
2.316195672580493863e+02 9.335961700929315654e+00 2.243978222097061703e+01
2.317262273537970430e+02 9.260912419036891663e+00 2.257338308457711307e+01
2.315241246597202576e+02 9.287172627428892824e+00 2.239829156106261010e+01
2.317115131887731252e+02 9.289683657185769050e+00 2.209757814700084566e+01
2.313877546231108511e+02 9.279498732751337187e+00 2.245153947244907400e+01
2.315500328545949458e+02 9.240425232328920657e+00 2.247320003754810713e+01
2.316692715666948175e+02 9.313385900685252849e+00 2.217098469914578018e+01
2.315896695766450648e+02 9.300549141087017802e+00 2.187871960949967232e+01
2.317672721299164493e+02 9.345207922650896393e+00 2.147446728621045864e+01
2.315411855815263209e+02 9.300267530273162109e+00 2.211365343095841496e+01
2.318183140899277248e+02 9.281704684126536264e+00 2.176004411902750491e+01
2.315272927813761328e+02 9.193208485872524705e+00 2.226271942175912955e+01
2.316658218342251132e+02 9.183305172251948534e+00 2.213533746362526955e+01
2.314283300478738283e+02 9.183234769548484167e+00 2.153524828686754944e+01
2.315838261522575863e+02 9.067844738571293917e+00 2.194912231296348537e+01
2.316437153853374582e+02 9.077161362996339022e+00 2.209506711724396766e+01
2.315999249037829770e+02 8.927719891110484696e+00 2.122974748897024355e+01
2.316726274288932643e+02 9.199192715666947961e+00 2.128524828686754944e+01
2.316745517694546095e+02 9.194452266967051202e+00 2.154911761944991966e+01
2.314637191401483278e+02 9.108232422791701310e+00 2.228428611658687686e+01
2.315794377170749954e+02 8.991457805313057605e+00 2.229876560593260137e+01
2.316052285741105834e+02 9.107528395757062967e+00 2.169060358584436443e+01
2.316335069933352031e+02 9.142166525861259885e+00 2.217262742889326788e+01
2.316473059232141054e+02 9.015911010982820883e+00 2.182727870083544630e+01
2.315809865765511972e+02 9.091288838824743479e+00 2.093227259926781159e+01
2.316011452173096643e+02 8.891955317750868559e+00 2.152222378672674452e+01
2.314341969398291496e+02 8.862292312024781182e+00 2.051947808129165551e+01
