1.941128208039972662e+02 9.554016201075024028e+00 4.832549776667423913e+01
1.912286130668483679e+02 4.243055870997047663e+01 5.842857142857143060e+01
1.922334014686955754e+02 6.509245590127943615e+01 6.905706336588688998e+01
1.946775115451586089e+02 7.063460519342872601e+01 7.249636611401317055e+01
1.911683889772125156e+02 6.102246574305397786e+01 6.596328261034143736e+01
1.947035543947308724e+02 7.090196078431372939e+01 7.262771595124536361e+01
1.989723105458399459e+02 8.000164660458777632e+01 7.979517753047164774e+01
1.997673555908849892e+02 8.196449390567038051e+01 8.111637898402604208e+01
1.990724127488833233e+02 8.034478385948973767e+01 7.975696494814141602e+01
1.992316413051707116e+02 8.065864183511241947e+01 8.012116738587326381e+01
1.998865167688697113e+02 8.205450828980241340e+01 8.148690286925581461e+01
2.002553183435536255e+02 8.300808161102278859e+01 8.250577257930198982e+01
2.005997615262321006e+02 8.333074040426981810e+01 8.272119388295858755e+01
2.010922477098947638e+02 8.429252782193958637e+01 8.338006283594518209e+01
2.016343402225755028e+02 8.466250283897342399e+01 8.375912256794609334e+01
2.019825876296464457e+02 8.538468089938677963e+01 8.433658868952986154e+01
2.020579718373836045e+02 8.537699674464380450e+01 8.460967900673783504e+01
2.022290105231281814e+02 8.609366719660837930e+01 8.518877280641986260e+01
2.020947838594897519e+02 8.605233174350821912e+01 8.516371413430236714e+01
2.021185744568097391e+02 8.611579226285108746e+01 8.545832387008857722e+01
2.022217616776440252e+02 8.631310091604208878e+01 8.572533878416231801e+01
2.021821296086002064e+02 8.618351124233477378e+01 8.564931107578166802e+01
2.019260163524869540e+02 8.586285865697630015e+01 8.519833068362480333e+01
2.014762851086380522e+02 8.535689681277916918e+01 8.480420546597017051e+01
2.013104512075100274e+02 8.476890756302520913e+01 8.461240442122795002e+01
2.007832349155878546e+02 8.340417518358694338e+01 8.378940495116965792e+01
2.004646263910969708e+02 8.307519494284200334e+01 8.293723976076917381e+01
2.003230941025058769e+02 8.309964796729502723e+01 8.320037474449239312e+01
2.005455560602619300e+02 8.329143008554773076e+01 8.326345673404496495e+01
2.005545461427814473e+02 8.312292754939814188e+01 8.300533727004315665e+01
2.004590998561586730e+02 8.328336740101445912e+01 8.295258914376562132e+01
2.003466197289726836e+02 8.362143235672647279e+01 8.320287304110833304e+01
2.006304035127564589e+02 8.388651676886971131e+01 8.385460670754788737e+01
2.005708607767431317e+02 8.332222348398819634e+01 8.339196759784995550e+01
2.004584942084942156e+02 8.322878340525399210e+01 8.330490574608221266e+01
2.001946210916799203e+02 8.341937315466726943e+01 8.329040805511394296e+01
1.996523203876145089e+02 8.298220909985616345e+01 8.310846771140889189e+01
1.996254069195245791e+02 8.276584147172383155e+01 8.265502687561510697e+01
1.997881368763721639e+02 8.282050117344235218e+01 8.279979559391324528e+01
1.996391096979332360e+02 8.282197743962450431e+01 8.342946097357861390e+01
1.996586229086229025e+02 8.241886213945036843e+01 8.273572942690589116e+01
1.990947838594897519e+02 8.221475887652358949e+01 8.248139526080701955e+01
1.992341774547656996e+02 8.284478385948973767e+01 8.292219320160496920e+01
1.995298281474752002e+02 8.329290635172988289e+01 8.338534332651980208e+01
1.998984593837535044e+02 8.413322355969414446e+01 8.413653569535922827e+01
2.003680634415928523e+02 8.491392232568702525e+01 8.508467711408887624e+01
2.008925921720039298e+02 8.568402225755167478e+01 8.559998864410628983e+01
2.010205920205920336e+02 8.582597092891209911e+01 8.575333106215458656e+01
2.010725452343099278e+02 8.598813309107426051e+01 8.641231357407828284e+01
2.011148080853963336e+02 8.589974638504050120e+01 8.669863350745703201e+01
2.012626050420168156e+02 8.658395790748731713e+01 8.733446892270421813e+01
2.016198046786282134e+02 8.701254826254826469e+01 8.794647588765235469e+01
2.019134302369596412e+02 8.738977212506624426e+01 8.788452948747065818e+01
2.023382163676281209e+02 8.777375274434098174e+01 8.814923536982360019e+01
2.025805889923537109e+02 8.860882731470967144e+01 8.910835415247180435e+01
2.027630971307441996e+02 8.875353925353925888e+01 8.936049284578696472e+01
2.028210311151487701e+02 8.899152093269739794e+01 8.942418048300400812e+01
2.029623552123552201e+02 8.892974487092133984e+01 8.981698084639261026e+01
2.029908585055643755e+02 8.907572488454840709e+01 9.022901052312816716e+01
2.030100499659323248e+02 8.935608297373003950e+01 9.036185555303202932e+01
2.029677303353773823e+02 8.933579377697024881e+01 9.042088727382845548e+01
2.026331667802255936e+02 8.882228026345673300e+01 8.981470966765084540e+01
2.023616662881368882e+02 8.855359981830569893e+01 8.974712317359376357e+01
2.022721250662427224e+02 8.870274055568172855e+01 8.991738587326823051e+01
2.026446551593610366e+02 8.874727458550988501e+01 8.975202513437807283e+01
2.026825270648800199e+02 8.864503368915133308e+01 8.976879400408812160e+01
2.027015292603527996e+02 8.890021954727836828e+01 8.994634340222575020e+01
2.032033840563252340e+02 8.925401241577712597e+01 9.050342569460217135e+01
2.031870883488530524e+02 8.946229843288666927e+01 9.054398516163222155e+01
2.033119274736921795e+02 8.956022408963585235e+01 9.081300628359451821e+01
2.033210311151487701e+02 8.969416685593155592e+01 9.056272238625179227e+01
2.033087478234537002e+02 8.989452267393443208e+01 9.077435839200545331e+01
2.034252403664168298e+02 9.005623060034824334e+01 9.103915890680596590e+01
2.029273979862215072e+02 8.966835112423348164e+01 9.063362101597395792e+01
2.029465515936104225e+02 8.857886668180785250e+01 8.978295101824514290e+01
2.037369596487243655e+02 8.782578166401695796e+01 8.917580816110228170e+01
2.045258725111666251e+02 8.725825194942842700e+01 8.874479521538344784e+01
2.046467749261866800e+02 8.763049814520402947e+01 8.902163297751532411e+01
2.046237035354682519e+02 8.785025361495949880e+01 8.878524112347641051e+01
2.033795518207282953e+02 8.607521386933152030e+01 8.662888939359527285e+01
2.019672382466499982e+02 8.351275645393292280e+01 8.380337270043152387e+01
2.007165758195170042e+02 8.180166931637519667e+01 8.212429025664319227e+01
2.000013248542660449e+02 8.079082443788325918e+01 8.120512529336058094e+01
1.995435309258838572e+02 8.035682110682110135e+01 8.055085547732606699e+01
1.992170868347338910e+02 7.972573624044211726e+01 7.962360890302066707e+01
1.986257097433567935e+02 7.866123476417594418e+01 7.880513286395638772e+01
1.978921947157241163e+02 7.715627602392308404e+01 7.782265879324702951e+01
1.974428609281550564e+02 7.676213187977893426e+01 7.716651525475054996e+01
1.974392838216367636e+02 7.660068892421833198e+01 7.702744340979634785e+01
1.973103944280414908e+02 7.661185555303202932e+01 7.678586569763039904e+01
1.973716973275796818e+02 7.640233931410402590e+01 7.655178287531228420e+01
1.975687788628965222e+02 7.660422817775759086e+01 7.686248012718600364e+01
1.977625861155272844e+02 7.687298432886667854e+01 7.721701112877583739e+01
1.977972783708077884e+02 7.694626769626769658e+01 7.707670906200317518e+01
1.974926375955787705e+02 7.673470739647210337e+01 7.691899462487697292e+01
1.972062798092209732e+02 7.636702248466954757e+01 7.631294950412598155e+01
1.971257854493148614e+02 7.633359830418653758e+01 7.597085320614732495e+01
1.972009046861988111e+02 7.619973124384888763e+01 7.594426148837914070e+01
1.970299227799227708e+02 7.582496782496782828e+01 7.567838216367627524e+01
1.967302028919675934e+02 7.517921492921493609e+01 7.525936861230978536e+01
1.967873987432811020e+02 7.487758346581875912e+01 7.520698008933302958e+01
1.967560943296237497e+02 7.489134302369596696e+01 7.530727155727156230e+01
1.969465515936104225e+02 7.562535014005602818e+01 7.592189037777272631e+01
1.971218487394957890e+02 7.586836626542509521e+01 7.607985085926262059e+01
1.971819592701945680e+02 7.600196835490953617e+01 7.602698917404799772e+01
1.972781815428874381e+02 7.625995533348473998e+01 7.627837080778257928e+01
1.975324778560072616e+02 7.697102354455296336e+01 7.679006737830266616e+01
1.979763608145961200e+02 7.788019532137178658e+01 7.753251570898629552e+01
1.981750511015216887e+02 7.810984934514345923e+01 7.772471421000832947e+01
1.986776251040956822e+02 7.918735331970626135e+01 7.845913770913770691e+01
1.988056438791732887e+02 7.934849345143463495e+01 7.874297827239003311e+01
1.989772125066242836e+02 7.925834658187599757e+01 7.877339314104020218e+01
1.987347831024301570e+02 7.862446059504883067e+01 7.867200393670981384e+01
1.984272465743053999e+02 7.811615186615186701e+01 7.837107275342569324e+01
1.979811681429328587e+02 7.757913165266106148e+01 7.763958286017108890e+01
1.977220455749867654e+02 7.750194942842001922e+01 7.722813990461048661e+01
1.979401165871754245e+02 7.781735937618290677e+01 7.701762056173821236e+01
1.977601256718903642e+02 7.767527821939586374e+01 7.683325762737527498e+01
1.976377659171776884e+02 7.754148686501628163e+01 7.663579756226815221e+01
1.975854152471799523e+02 7.728925353925353647e+01 7.643305700658642365e+01
1.974812438488908981e+02 7.689603679309561812e+01 7.608986297221591144e+01
1.975315504580210586e+02 7.682911272617154452e+01 7.595862669392080591e+01
1.980546218487394867e+02 7.710419032477855694e+01 7.606754864107804792e+01
1.981681050798697754e+02 7.698722461957756025e+01 7.599152093269739794e+01
1.979762094026799844e+02 7.653904534786887837e+01 7.574753955636307978e+01
1.972176735559088456e+02 7.503855325914149432e+01 7.473084639261109885e+01
1.958336929366341224e+02 7.258193277310924429e+01 7.300991748050572028e+01
1.954411007646301641e+02 7.141664774017715445e+01 7.219102505867211050e+01
1.952898591869180223e+02 7.116861609508667641e+01 7.201165871754106718e+01
1.955265917177681843e+02 7.147274585509879330e+01 7.209226663638428079e+01
1.951784578696343431e+02 7.075374744492391699e+01 7.121339616927852489e+01
1.949265273677038408e+02 7.078022560375501371e+01 7.116316526610644644e+01
1.951802369596487381e+02 7.062805662805662621e+01 7.128766371413429681e+01
1.950659209629797886e+02 7.051815050344461611e+01 7.079786509198274302e+01
1.947519115754409995e+02 7.038880687410099313e+01 7.050522371110606912e+01
1.947845408433643684e+02 7.056628056628056811e+01 7.081069725187371944e+01
1.948283556665909657e+02 7.029018093723975369e+01 7.083691043985162139e+01
1.945177909001438366e+02 6.964194867136043854e+01 7.022564160799454669e+01
1.942595010977364041e+02 6.969159285335756238e+01 7.017262851086380238e+01
1.940430199106669704e+02 6.916600423953364896e+01 6.982400257400257715e+01
1.940879892497539458e+02 6.940434552199258178e+01 7.012453630100688429e+01
1.943010068892421884e+02 6.979866000454235575e+01 7.047602013778484320e+01
1.946120637444166732e+02 6.988878794761147617e+01 7.048771670830494429e+01
1.946830759330759406e+02 7.061017109546521908e+01 7.086395639336815577e+01
1.948890718449542021e+02 7.067527821939586374e+01 7.105782042546748301e+01
1.950080626845332858e+02 7.053378378378378954e+01 7.104161935044288612e+01
1.947240139298962731e+02 7.046939586645468978e+01 7.090917177681883743e+01
1.942688697100461752e+02 7.008891664774017727e+01 7.020260807025512406e+01
1.942501892648951412e+02 6.977017563782270315e+01 7.019685441744265120e+01
1.940863426451661837e+02 6.956041335453100771e+01 6.993137254901961342e+01
1.934245590127943046e+02 6.802736770383829423e+01 6.888685744568097391e+01
1.925350329320917524e+02 6.695062078885608514e+01 6.795877810583692735e+01
1.919051782875312426e+02 6.558549095313800592e+01 6.700064350064350549e+01
1.913820122643652155e+02 6.468053978348096678e+01 6.636064425770308617e+01
1.918044136573548428e+02 6.486070103717162283e+01 6.661641683700507599e+01
1.930492845786963301e+02 6.611745779392838074e+01 6.804735407676584202e+01
1.940903172079642616e+02 6.648370429252781832e+01 6.881031872208342293e+01
1.942489590430766953e+02 6.562960860019683196e+01 6.836054962525550138e+01
1.941473237943826291e+02 6.488526762056173425e+01 6.788469982587629659e+01
1.939239533651298473e+02 6.344299341358164668e+01 6.746790067378302069e+01
1.940554356877886164e+02 6.293214853508970918e+01 6.690493224316753640e+01
1.939266220001514114e+02 6.186658717541070729e+01 6.646402074343251343e+01
1.937679233855704410e+02 6.070166174577938989e+01 6.595378151260504751e+01
1.933134605193428683e+02 5.927481262775380344e+01 6.569471572412749083e+01
1.934995646907411526e+02 5.850785449314861353e+01 6.546975546975546933e+01
1.933967559996971772e+02 5.601529260352789663e+01 6.426129911424028762e+01
1.923298697857521518e+02 5.352505867211749546e+01 6.229072980543568860e+01
1.911886592474827751e+02 5.325232795821030862e+01 6.105954273601332716e+01
1.911219622984328907e+02 5.513558937088348699e+01 6.207392686804451643e+01
1.923926489514724949e+02 5.809364827011885524e+01 6.443790218790218205e+01
1.934109508668332182e+02 6.065576500870618304e+01 6.612500946324475137e+01
1.945326481944129000e+02 6.297829131652660806e+01 6.774314861079567152e+01
1.964252214399273271e+02 6.693877280641986260e+01 7.067482398364751361e+01
1.978360587478234436e+02 6.911369142251494679e+01 7.260456885456885345e+01
1.991481565599212615e+02 7.087606934665758729e+01 7.404197895374366567e+01
1.996986902869255687e+02 7.160780528427586944e+01 7.480727155727156230e+01
2.002426186690892678e+02 7.367378302672420887e+01 7.640892573245514541e+01
2.008395033689151319e+02 7.444598379892497064e+01 7.708698614580967501e+01
2.007089105912635318e+02 7.368124006359300893e+01 7.642119009766068416e+01
2.001981414187296480e+02 7.324591187826482042e+01 7.573775456128397821e+01
2.002801309713074431e+02 7.332865849042319439e+01 7.568175107880989572e+01
2.005771065182829886e+02 7.486543265955030790e+01 7.673995003406767523e+01
2.007849572261336846e+02 7.471443712620182964e+01 7.659219093042622717e+01
2.004463244757362475e+02 7.416106442577030577e+01 7.606787039139980777e+01
2.008082935877053501e+02 7.547456279809220803e+01 7.730884245590128501e+01
2.022695132106896949e+02 7.804714588538118392e+01 7.937041032629268500e+01
2.029795026118555654e+02 8.008624801271859894e+01 8.127091377091376501e+01
2.032161594367476596e+02 8.103408660761601823e+01 8.177256037550155554e+01
2.033547959724430427e+02 8.123832235596941587e+01 8.209544628662276011e+01
2.033128548716784110e+02 8.103823150881974868e+01 8.229277386630327840e+01
2.039042508895450112e+02 8.218182678476796355e+01 8.340421303656597729e+01
2.047961617079264158e+02 8.342705730941024456e+01 8.451339995457642829e+01
2.058658868952986722e+02 8.538661140131728189e+01 8.609652509652509877e+01
2.067510409569233047e+02 8.659152850329320472e+01 8.738451056098115544e+01
2.068062684533272773e+02 8.692554319024907272e+01 8.733670224846694907e+01
2.064794836853660343e+02 8.607678476796124301e+01 8.696888485123778878e+01
2.063368915133621044e+02 8.546443712620182964e+01 8.639414414414414978e+01
2.062587440381558110e+02 8.556889242183359556e+01 8.636100386100386572e+01
2.056255394049511835e+02 8.449027178438943508e+01 8.533310621545915353e+01
2.048282042546748301e+02 8.460462563403740432e+01 8.498410174880763179e+01
2.052293890529184637e+02 8.465468619880384438e+01 8.522859414035885095e+01
2.051002725414490158e+02 8.340107123930653188e+01 8.431128397304867406e+01
2.030120372473313637e+02 8.140336134453781369e+01 8.256200317965023316e+01
2.024905367552426299e+02 8.167128473010825473e+01 8.276868044515103406e+01
2.028602089484442388e+02 8.164891361950185455e+01 8.260379286849875768e+01
2.022512870012870110e+02 8.030905064728594311e+01 8.147600121129532624e+01
2.023443106972518706e+02 8.098769778181542733e+01 8.158465818759935928e+01
2.031015973957150322e+02 8.316946778711484001e+01 8.363878794761147617e+01
2.036239495798319297e+02 8.360405783935195245e+01 8.374466272995684335e+01
2.034414225149519382e+02 8.302770838064955683e+01 8.368082368082367850e+01
2.034790105231281814e+02 8.335176773412067064e+01 8.420803997274585129e+01
2.035862480127186132e+02 8.337521765462942369e+01 8.425624574153985691e+01
2.036262396850632115e+02 8.305607918843213611e+01 8.411530017412370341e+01
2.032933416609887161e+02 8.249244833068362937e+01 8.366008024831553769e+01
2.033004201680672338e+02 8.277604284957226355e+01 8.369721402074343075e+01
2.031309523809523796e+02 8.264077522901052930e+01 8.388430236959648312e+01
2.031224922401393087e+02 8.238941252176546470e+01 8.370402755696873953e+01
2.031547051252933613e+02 8.150115451586039228e+01 8.318983268983268431e+01
2.027105950488303563e+02 8.070609054432583207e+01 8.244698690286925569e+01
2.021780225603754957e+02 7.993684230448936034e+01 8.200423953365130103e+01
2.019855023090317161e+02 7.891655310772958387e+01 8.114652888182300217e+01
2.016059126353243869e+02 7.775579150579150678e+01 8.040408055113937280e+01
2.015086494057082405e+02 7.782324551442198413e+01 8.028518434400787385e+01
2.017073964721023458e+02 7.794645696116283773e+01 8.038823907941555547e+01
2.017415209326973979e+02 7.806586418351123768e+01 8.051919146036793506e+01
2.015486978575213755e+02 7.791286244227420354e+01 8.012264365205541594e+01
2.014534029828147368e+02 7.745457642516466024e+01 8.015514043455219451e+01
2.010116019380725163e+02 7.664174047997578043e+01 7.955072299189946250e+01
2.006097547126958887e+02 7.583259520024225253e+01 7.892987735634794433e+01
2.002102922249981134e+02 7.546076538723598048e+01 7.882731470966764675e+01
2.001519229313346955e+02 7.572159133923840102e+01 7.869505640093875343e+01
2.002468203497615207e+02 7.586838519191459795e+01 7.913846619728973053e+01
2.004326406238170932e+02 7.614016958134605773e+01 7.920010977363918414e+01
2.004583049435990745e+02 7.644604057839352151e+01 7.912771595124536361e+01
2.006645847528200477e+02 7.699735029146793863e+01 7.969327731092437261e+01
2.008010258157316912e+02 7.730348625936861140e+01 8.002630782042547253e+01
2.008892989628283772e+02 7.691712090241502153e+01 7.994238776591717510e+01
2.008845105609811412e+02 7.700794912559618410e+01 7.985085926262397038e+01
2.008522030433795180e+02 7.732996441819970812e+01 8.002168975698387499e+01
2.008743091831327092e+02 7.696330153683095432e+01 7.976061776061776243e+01
2.006225300931183426e+02 7.629697554697554551e+01 7.996483458248164311e+01
2.005220872132636885e+02 7.593529033234915460e+01 8.002575895222953761e+01
2.006399235369823657e+02 7.626031493678551954e+01 8.028348095995154665e+01
2.009108751608751504e+02 7.732351048527519310e+01 8.133255734726323283e+01
2.012824210765387249e+02 7.793197819668408499e+01 8.177909001438413839e+01
2.016694677871148542e+02 7.836212052388522409e+01 8.208696721932015805e+01
2.018434211522446731e+02 7.870646907411612858e+01 8.232523279582103726e+01
2.019244643803467341e+02 7.981813536225300254e+01 8.328357559239911723e+01
2.021556703762585983e+02 8.001671209024149789e+01 8.354472329472329761e+01
2.019261109849345246e+02 7.956336588689529776e+01 8.324263759557877052e+01
2.020082898024074609e+02 7.967637595578771936e+01 8.342134150957680561e+01
2.023585434173669455e+02 7.989278143689908518e+01 8.359714967067908731e+01
2.023170186993716300e+02 7.972367325308502473e+01 8.392571352865471113e+01
2.019690741161329299e+02 7.916454689984101378e+01 8.362171625406919873e+01
2.019194867136043570e+02 7.946667045196457480e+01 8.439111590582179190e+01
2.021670262699674367e+02 7.972043682337799453e+01 8.455242637595578969e+01
2.023751798016504040e+02 8.023343932167460935e+01 8.493968127791657707e+01
2.028534143387084612e+02 8.090856612915436585e+01 8.533991975168446231e+01
2.032787493375728616e+02 8.157686047391929662e+01 8.608859489741843163e+01
2.035246422893481792e+02 8.266846468317056917e+01 8.684588159588159328e+01
2.036731016731016837e+02 8.223616473616473854e+01 8.638977212506624426e+01
2.037319252025134517e+02 8.247874555227495819e+01 8.632313195548489659e+01
2.037866984631690457e+02 8.276951321068968070e+01 8.651099629040805894e+01
2.038001362707244937e+02 8.359945870239987187e+01 8.740067378302671841e+01
2.037990953138011889e+02 8.314124839124839639e+01 8.701487622075858042e+01
2.036168899992429431e+02 8.249759633583163065e+01 8.669333409039290927e+01
2.031967030055265298e+02 8.187832159890983519e+01 8.622425997425997934e+01
2.031032061473237889e+02 8.171067075478839570e+01 8.632517601635248639e+01
2.031493678552502047e+02 8.165497009614657031e+01 8.659408357937769551e+01
2.028212582330229452e+02 8.178423801953213967e+01 8.648171701112877940e+01
2.031914982209099776e+02 8.223686501627678069e+01 8.690258535846771792e+01
2.034875652963888228e+02 8.263032780679839107e+01 8.702670527670527179e+01
2.036717011128775709e+02 8.289573396926337523e+01 8.733106215459156374e+01
2.037144181997123269e+02 8.277948747066393764e+01 8.743470361117419998e+01
2.035776175334998754e+02 8.277189794836853309e+01 8.733798924975396005e+01
2.035062268150503542e+02 8.291136724960254867e+01 8.731641305170717260e+01
2.034019986372927633e+02 8.241958134605192754e+01 8.713895828601711457e+01
2.028646945264592318e+02 8.238159588159588509e+01 8.703189113483230699e+01
2.028297562268150500e+02 8.203185328185328729e+01 8.685352789764554871e+01
2.026197857521386823e+02 8.145627980922098743e+01 8.637436596260126009e+01
2.024711560299795678e+02 8.105210462563404406e+01 8.625637822696646140e+01
2.026033575592399245e+02 8.188984783102429788e+01 8.673979862215156800e+01
2.027971269588916527e+02 8.231955484896661801e+01 8.695440608675902183e+01
2.032185631009160431e+02 8.283709970474676254e+01 8.727714058596411917e+01
2.033522787493375859e+02 8.309446210916799203e+01 8.766984631690513652e+01
2.036734991293814687e+02 8.413555151790446018e+01 8.847978650919827714e+01
2.038327844651373937e+02 8.438239079415549782e+01 8.835786206374442031e+01
2.040443258384434841e+02 8.433808388220153063e+01 8.819289878113407610e+01
2.040722045574986794e+02 8.442857142857143060e+01 8.865835793776970775e+01
2.040309069573775389e+02 8.473219017336664649e+01 8.853739874328110204e+01
2.040885570444393977e+02 8.491361950185479657e+01 8.876943750473162709e+01
2.037460822166704588e+02 8.450458021046256363e+01 8.868890529184646709e+01
2.034860890302066707e+02 8.381612915436444666e+01 8.801372170489817393e+01
2.032219130895601609e+02 8.334359149065031147e+01 8.787663714134302495e+01
2.034411386176091980e+02 8.327165190400484107e+01 8.772514951926716265e+01
2.035204784616549318e+02 8.331664016958134766e+01 8.763290180937239882e+01
2.036093383299265724e+02 8.346615943674767379e+01 8.788102808691043322e+01
2.037499053675524294e+02 8.366975168445756594e+01 8.797410856234385790e+01
2.039425202513437796e+02 8.455214247861306376e+01 8.871349080172609547e+01
2.039959308047543232e+02 8.468966235142706012e+01 8.860258157316981453e+01
2.042032704973881323e+02 8.478544931486108283e+01 8.884521916874858505e+01
2.043064387917329157e+02 8.486159058217882034e+01 8.895732076614429218e+01
2.043059467030055316e+02 8.504758119464001709e+01 8.904328488152017940e+01
2.044081686728745524e+02 8.504765690059807071e+01 8.920758573699750116e+01
2.041148459383753391e+02 8.461895298660004983e+01 8.887934362934362298e+01
2.039312022106139750e+02 8.397874555227495819e+01 8.848731925202513082e+01
2.035736429707017976e+02 8.349373533197062613e+01 8.788403739874327414e+01
2.035071163600575233e+02 8.324625255507608301e+01 8.803385948974184316e+01
2.036789310318721959e+02 8.350249829661593992e+01 8.828548716784010253e+01
2.038408660761601823e+02 8.381836248012719182e+01 8.857566810507987043e+01
2.042470285411461930e+02 8.503399197516844765e+01 8.935521235521235894e+01
2.043917972594443313e+02 8.542789007494890541e+01 8.964904610492845904e+01
2.045275758952229523e+02 8.573501022030433205e+01 8.962911651146944791e+01
2.048284692255280390e+02 8.594380725263077636e+01 8.973020289196759336e+01
2.050445529563176592e+02 8.692232568703157369e+01 9.025355818002876163e+01
2.053421720039366960e+02 8.741984631690513652e+01 9.082907487319252482e+01
2.057149292149292137e+02 8.781122719358013740e+01 9.122783708077825793e+01
2.057534824740707222e+02 8.786611401317283310e+01 9.136601938072526252e+01
2.058253463547581248e+02 8.803039594216065211e+01 9.119036263153910227e+01
2.055716367628132275e+02 8.753323491558785463e+01 9.100581043228102374e+01
2.056225490196078454e+02 8.750940646528881928e+01 9.094176319176318657e+01
2.056143538496479550e+02 8.766861609508667641e+01 9.095264592323415798e+01
2.058325573472632186e+02 8.862054281171927528e+01 9.140813081989553268e+01
2.060972632296161748e+02 8.896260125671889796e+01 9.182169354228177838e+01
2.064209440532970063e+02 8.940521614051026233e+01 9.212215156332803190e+01
2.066306117041411028e+02 8.951830191536073755e+01 9.237427133015368952e+01
2.066960595048830385e+02 9.029845181315769764e+01 9.255246422893482361e+01
2.067605988341282455e+02 9.040561359679006159e+01 9.272753425694601503e+01
2.068365129835717937e+02 9.049379211143917701e+01 9.276023923082746592e+01
2.068366265425088955e+02 9.068612309788780124e+01 9.297849950791126616e+01
2.068859868271632934e+02 9.056474752062987932e+01 9.274140737376031041e+01
2.065663562722386359e+02 8.999136952078129070e+01 9.235719963661139786e+01
2.063442728442728367e+02 8.959410250586721247e+01 9.226502763267468765e+01
2.064113861760920656e+02 8.959417821182526609e+01 9.228081232492996833e+01
2.065061511090922863e+02 8.966202967673555690e+01 9.246901733666439327e+01
2.067356347944583206e+02 9.004218714512832378e+01 9.286734423499129321e+01
2.068179839503368953e+02 9.035684003331061831e+01 9.319270951623893495e+01
2.068883337118631118e+02 9.064671814671814332e+01 9.309845559845560103e+01
2.071287569081686684e+02 9.086283973048678320e+01 9.312162162162162815e+01
2.071367817397229203e+02 9.098620258914377246e+01 9.333933303050950769e+01
2.071293247028541202e+02 9.112603149367855337e+01 9.382899916723445699e+01
2.073577674312968497e+02 9.126039064274358736e+01 9.384578696343402271e+01
2.074430880460292315e+02 9.157146642440760331e+01 9.428594140358846687e+01
2.074636989931107678e+02 9.156654553713377709e+01 9.436441062911650590e+01
2.073229994700583063e+02 9.100079491255961273e+01 9.379347414641532055e+01
2.070556628056627915e+02 9.034067681126504112e+01 9.320955409190703733e+01
2.067736013324248745e+02 8.999377318494966005e+01 9.322026648497237034e+01
2.068274471950942655e+02 9.005566280566280568e+01 9.334525702172760475e+01
2.067253955636308547e+02 9.029247104247103550e+01 9.337506624271330224e+01
2.069834771746536433e+02 9.066592853357559534e+01 9.348184949655538389e+01
2.071999015822545118e+02 9.097391929744870254e+01 9.391907033083504075e+01
2.072182413505942975e+02 9.119096827920357384e+01 9.413664925429631580e+01
2.073912673177379133e+02 9.135549625255507067e+01 9.419280414868650553e+01
2.072331743508214004e+02 9.121598909834203539e+01 9.418846998258763392e+01
2.073033537739420069e+02 9.145135892194716121e+01 9.417830645771822162e+01
2.072710651828298865e+02 9.146990688167159078e+01 9.421271481565598549e+01
2.072873987432811020e+02 9.151379741085622754e+01 9.452341206752971914e+01
2.068577863577863525e+02 9.037570974335680773e+01 9.357983193277310363e+01
2.066985388750094614e+02 9.022855628737981704e+01 9.358314406843818745e+01
2.063993300022711708e+02 8.989304640775229416e+01 9.325098417745476809e+01
2.064022636081459723e+02 8.921844954197895561e+01 9.289946248769777526e+01
2.065443826179120208e+02 8.950546975546976114e+01 9.318888636535695014e+01
2.067587629646453138e+02 9.045769929593458869e+01 9.382144749791808636e+01
2.067732795821031004e+02 9.081849496555378209e+01 9.385678325384208165e+01
2.069091717768188232e+02 9.088123627829510554e+01 9.381291165114694763e+01
2.069164016958134482e+02 9.090907714437126685e+01 9.390375880081762716e+01
2.069177454765689959e+02 9.093746687864334888e+01 9.373519948519948741e+01
2.069943599061246005e+02 9.091314633961692948e+01 9.363335604512074895e+01
2.068173593761829068e+02 9.043816715875539103e+01 9.363434022257551703e+01
2.068314217578923433e+02 9.043517677341206706e+01 9.356230600348247606e+01
2.066258800817624319e+02 9.000846014081308510e+01 9.320450071920660662e+01
2.063313839049133094e+02 9.014616927852222261e+01 9.331739722916194069e+01
2.063561208267090592e+02 8.923663789840260563e+01 9.294821712468771580e+01
2.062113142554319154e+02 8.924935649935649451e+01 9.277081913846619443e+01
2.065108070255129178e+02 8.952220077220077599e+01 9.322496025437202150e+01
2.067688318570671413e+02 9.050045423574835013e+01 9.379379589673706619e+01
2.069731243848891040e+02 9.079760012112953405e+01 9.393320841850253089e+01
2.068817662200015093e+02 9.071795745325157156e+01 9.402659171776818425e+01
2.066576387311681344e+02 9.013223938223937637e+01 9.394183889772125440e+01
2.067359186918010323e+02 9.023535089711560886e+01 9.408038080096903855e+01
2.065469755469755455e+02 9.019727080021198162e+01 9.378876145052615243e+01
2.065743621773033567e+02 9.024449239155121916e+01 9.381149216443334637e+01
2.065758762964645427e+02 8.996362328715269996e+01 9.385070785070784893e+01
2.061234007116360090e+02 8.944329623741388957e+01 9.329597244303126047e+01
2.054820387614505250e+02 8.789934892876068773e+01 9.210875160875160361e+01
2.049108940873646816e+02 8.712885154061625315e+01 9.160984934514345923e+01
2.049003331062154700e+02 8.735509879627527141e+01 9.170646907411612858e+01
2.049894011658717545e+02 8.751288893935952728e+01 9.195565523506699890e+01
2.054117836323718791e+02 8.804076765841472252e+01 9.244670300552652975e+01
2.057479748656219272e+02 8.851970247558482185e+01 9.255225603755015129e+01
2.057861685214626277e+02 8.871566734802028975e+01 9.251904004845181362e+01
2.056950753274282704e+02 8.861791202967673087e+01 9.250963358316299434e+01
2.055981906276024063e+02 8.893381406616700247e+01 9.274914830797183640e+01
2.058657733363615705e+02 8.923588083882201261e+01 9.290184722537664186e+01
2.061308766749943118e+02 8.951614429555606023e+01 9.292932848815202362e+01
2.062922439245968746e+02 8.967628132334014879e+01 9.310432281020516143e+01
2.063567643273525505e+02 9.008738360208948848e+01 9.351300249829661482e+01
2.058284313725490335e+02 8.846112499053676004e+01 9.220654478007419641e+01
2.053436671966083793e+02 8.782458929517753177e+01 9.183155424331894778e+01
2.055664130517071726e+02 8.786719282307517176e+01 9.205344840638957749e+01
2.059367665985313067e+02 8.895635551517904105e+01 9.276366492542963726e+01
2.058583920054508383e+02 8.929281171928231231e+01 9.291261639791051152e+01
2.063451813157695369e+02 8.975953895071542377e+01 9.338789840260427866e+01
2.065941971383147973e+02 9.017927170868347275e+01 9.331881671587554195e+01
2.068464115375880112e+02 9.053683094859565017e+01 9.358815958815958425e+01
2.065208002119766775e+02 9.048234158528276794e+01 9.375469376939965116e+01
2.064160799454917026e+02 9.044632447573624745e+01 9.341458475282004770e+01
2.064058217881747339e+02 9.024702854114619299e+01 9.310710500416382729e+01
2.065113748201983412e+02 9.032882882882883280e+01 9.299634718752365359e+01
2.065239609357256541e+02 8.994537815126049907e+01 9.281298735710500125e+01
2.062596714361420140e+02 8.904602922249981134e+01 9.208532061473238173e+01
2.060168067226890685e+02 8.853469225528048980e+01 9.182407827996063077e+01
2.058339389809978002e+02 8.838314785373609084e+01 9.163867438867438864e+01
2.059227609962904069e+02 8.854604814898932830e+01 9.189965175259293062e+01
2.061458853811795109e+02 8.892541070482246823e+01 9.222885911121204572e+01
2.062841244605950521e+02 8.927259822848057524e+01 9.254981452040276224e+01
2.066732152320387570e+02 8.974810735104853165e+01 9.298665682489212259e+01
2.067398743281096358e+02 8.969772503596033175e+01 9.288907184495420211e+01
2.066329964418199836e+02 8.957343477931712528e+01 9.291596638655461504e+01
2.065776553864789093e+02 8.974723673253085110e+01 9.305246422893482361e+01
2.066914225149519382e+02 8.944850102203042752e+01 9.256601559542735913e+01
2.065777689454160111e+02 8.974330002271179296e+01 9.267257173139526572e+01
2.065205163146339657e+02 8.954455295631765921e+01 9.258219774396245327e+01
2.063120031796502474e+02 8.890970171852524118e+01 9.229394730865318763e+01
2.058911537588008116e+02 8.757042546748428435e+01 9.141555000378529883e+01
2.056897380573851137e+02 8.731506927095162496e+01 9.167826860473918771e+01
2.054779884926943794e+02 8.742993413581649520e+01 9.142228783405253978e+01
2.055300552653493753e+02 8.757108789461730680e+01 9.143892421833598405e+01
2.057744530244530381e+02 8.780503823150881715e+01 9.172104247104246610e+01
2.058036944507532837e+02 8.811215837686425800e+01 9.200353925353925888e+01
2.058232644409114869e+02 8.832576273752744100e+01 9.196502384737678426e+01
2.060072866984631617e+02 8.823972291619350017e+01 9.229447725035960559e+01
2.059437693996517567e+02 8.824829661594367280e+01 9.203673631614807960e+01
2.059660458778105863e+02 8.832863956393367744e+01 9.222346506170035241e+01
2.058562533121356637e+02 8.852903323491558751e+01 9.219551063668710356e+01
2.059524755848285338e+02 8.852681883564235932e+01 9.244089257324552023e+01
2.056445037474449293e+02 8.772244303126656462e+01 9.206452040275569004e+01
2.053062306003482433e+02 8.676120448179271705e+01 9.141712090241502153e+01
2.051717957453251699e+02 8.635880838822015448e+01 9.133437429025664755e+01
2.050694034370504824e+02 8.624235369823604458e+01 9.117686804451510341e+01
2.052720304337951518e+02 8.675386100386100452e+01 9.161514876220758197e+01
2.052983193277310932e+02 8.697594443182678958e+01 9.180127186009538320e+01
2.054269058974941231e+02 8.751610644257702631e+01 9.194846316905140782e+01
2.058892611098493433e+02 8.822639866757513971e+01 9.282472178060413626e+01
2.062107086077674296e+02 8.884414035884624639e+01 9.324532515708986580e+01
2.056243281096222404e+02 8.714520402755697148e+01 9.157892346127640337e+01
2.054600651071239383e+02 8.496091679915208772e+01 9.039827011885834906e+01
2.053531872208342861e+02 8.347866984631690457e+01 8.962023998788704660e+01
2.055045612839730609e+02 8.329703232644409638e+01 8.957205314558255793e+01
2.054763608145961200e+02 8.339654780831251912e+01 8.981834355363767486e+01
2.046003482474070836e+02 8.194573775456127862e+01 8.883876523582405582e+01
2.037654818684230520e+02 8.109251268074797281e+01 8.787283291695055709e+01
2.034645696116284341e+02 8.093404118404117753e+01 8.792173896585661907e+01
2.032212885154061723e+02 8.004570747217806570e+01 8.718511999394353040e+01
2.039498069498069412e+02 8.010625331213566369e+01 8.794785752138693624e+01
2.049273790597320044e+02 8.072051252933606236e+01 8.873724354606707720e+01
2.056099250511015271e+02 8.173374214550685224e+01 8.979025664319782152e+01
2.051440684381860819e+02 8.261732530850177625e+01 8.984378075554546683e+01
2.045244908774320436e+02 8.149367855250207526e+01 8.868226209402679672e+01
2.038150314179725910e+02 7.982167461579226142e+01 8.720942160648043284e+01
2.031329018093723846e+02 7.820629873571050439e+01 8.656425543190249527e+01
2.034458702399878973e+02 7.898854947384359093e+01 8.712434703611174314e+01
2.037034219093042680e+02 7.889775910364146227e+01 8.743784540843364539e+01
2.031657014157014203e+02 7.762765917177681274e+01 8.640400484518131918e+01
2.020807782572488520e+02 7.594975017033840459e+01 8.502961995609054213e+01
2.017618479824362225e+02 7.483806495571201367e+01 8.426067454008629909e+01
2.013243243243243228e+02 7.384037398743281244e+01 8.369146036793095789e+01
2.015343515784692272e+02 7.402293890529185205e+01 8.382701188583541807e+01
2.018128170186993771e+02 7.453155045802104439e+01 8.430804754334165807e+01
2.024605382693617912e+02 7.529496933908698963e+01 8.503688772806420104e+01
2.027913922325687111e+02 7.582388901506548962e+01 8.540218790218790446e+01
2.025975282004693838e+02 7.592431296843061261e+01 8.557748504807328516e+01
2.024973692179574414e+02 7.608085396320690563e+01 8.578357559239911723e+01
2.020331781361193180e+02 7.609735786206374542e+01 8.552267393443864307e+01
2.023316867287455523e+02 7.753847755318344070e+01 8.628050950109773964e+01
2.023716216216216139e+02 7.813897721250661732e+01 8.647751533045651229e+01
2.021370656370656320e+02 7.805009841774547397e+01 8.670726398667575552e+01
2.019851994851994732e+02 7.767079264138087069e+01 8.670970550382314457e+01
2.023104133545309935e+02 7.794354228177758159e+01 8.713028995381937136e+01
2.027235786206374542e+02 7.874464380346732639e+01 8.794655159361042251e+01
2.036711143917026163e+02 8.028667953667954293e+01 8.870465213112271385e+01
2.043946551593610366e+02 8.162832159890983519e+01 9.005778257248844909e+01
2.049366341131047022e+02 8.280496252555076353e+01 9.098061927473692378e+01
2.049169694904989001e+02 8.301601181012945574e+01 9.111787417669771116e+01
2.052762699674464386e+02 8.319585131349836615e+01 9.106995230524641727e+01
2.052290294496176841e+02 8.281364978423802370e+01 9.120539026421378992e+01
2.053463736846089773e+02 8.266827541827541381e+01 9.132250738133090806e+01
2.054211900976606842e+02 8.310678325384208165e+01 9.119358013475660130e+01
2.053823907941554978e+02 8.318555530320236358e+01 9.153527897645544442e+01
2.053346203346203254e+02 8.236187447952153207e+01 9.103361344537815114e+01
2.045227874933757164e+02 8.083376864259217598e+01 9.012254901960784537e+01
2.042175789234612751e+02 8.000811946400182251e+01 8.937642894995836684e+01
2.042944015444015520e+02 7.984531380119615562e+01 8.928541146188204891e+01
2.041502763267469049e+02 8.052621318797788774e+01 8.913772806419865447e+01
2.043213717919600185e+02 8.082933984404571959e+01 8.935702929820577367e+01
2.043164698311757093e+02 8.107265879324702951e+01 8.937029676735559747e+01
2.044773071390718542e+02 8.171943371943372370e+01 8.953119085472026484e+01
2.052789007494889972e+02 8.311427814368990141e+01 9.059839881898705016e+01
2.050571390718449436e+02 8.349106669694904781e+01 9.058303050950109991e+01
2.051449958361723134e+02 8.376665531077296123e+01 9.083611552729199445e+01
2.054383753501400633e+02 8.409326974032856583e+01 9.093124006359300893e+01
2.058094102505867227e+02 8.443470361117419998e+01 9.110621545915662978e+01
2.057883829207358701e+02 8.445822923764100665e+01 9.158974941327882391e+01
2.058834128245892998e+02 8.387728064198653044e+01 9.135487167840109635e+01
2.052465743053978429e+02 8.301381633734574450e+01 9.074153985918691490e+01
2.050886327503974655e+02 8.281770005299416937e+01 9.042111439170263054e+01
2.049969906881671591e+02 8.282913165266106148e+01 9.040813081989553268e+01
2.050956544780074182e+02 8.308507457036868971e+01 9.088505942917707614e+01
2.053265576500870679e+02 8.336318040729806000e+01 9.096104928457869221e+01
2.056564085093496885e+02 8.458092966916495925e+01 9.151014459837989534e+01
2.062019077901430819e+02 8.491167007343477735e+01 9.188742524036641157e+01
2.061664963282610472e+02 8.512056173820879224e+01 9.182243167537285444e+01
2.062967295026118677e+02 8.542518358694829317e+01 9.199371640548110918e+01
2.061661367249602677e+02 8.572730713907183997e+01 9.203226966462260350e+01
2.064133734574911045e+02 8.591729124082064573e+01 9.225895222954046915e+01
2.066245173745173815e+02 8.665769551063668530e+01 9.280208569914452710e+01
2.066388825800590610e+02 8.659862593686122523e+01 9.279023771670830456e+01
2.063023885229767700e+02 8.593419259595729898e+01 9.250501551972139680e+01
2.061604209251268003e+02 8.551974032856385577e+01 9.274926186690892393e+01
2.061222272692860997e+02 8.533388220152926351e+01 9.252746233628586481e+01
2.061463396169278610e+02 8.572865091982738761e+01 9.248525626466802407e+01
2.062833863275039619e+02 8.628126656067831846e+01 9.261420243773184779e+01
2.066929934135816609e+02 8.691678022560375894e+01 9.295145355439473178e+01
2.070340866076160182e+02 8.744698690286925569e+01 9.356946021651903322e+01
2.072824967824967928e+02 8.855570065864183960e+01 9.409251268074797281e+01
2.074007116360057523e+02 8.844197138314785889e+01 9.396829813006283416e+01
2.074188810659398996e+02 8.867809826633356352e+01 9.396002725414490442e+01
2.076462449844802904e+02 8.902080021197667747e+01 9.417773866303278396e+01
2.079756794609735664e+02 8.949524945113179797e+01 9.426917253387841811e+01
2.079894768718298224e+02 8.957146642440760331e+01 9.427329850859263161e+01
2.077313574078279999e+02 8.895747217806041363e+01 9.387334393216745809e+01
2.071955674161556544e+02 8.808982511923687753e+01 9.333287909758497847e+01
2.069657241274888406e+02 8.800032175032174564e+01 9.311531910061322037e+01
2.072115035203270565e+02 8.812977893860247036e+01 9.347096676508441249e+01
2.075254372019077778e+02 8.866780225603754673e+01 9.397528200469376713e+01
2.080447232947232976e+02 8.985695359224770584e+01 9.499242940419411241e+01
2.082788818229994661e+02 9.034459459459459651e+01 9.516265425088954544e+01
2.083031645090468658e+02 9.074895904307669525e+01 9.490048451813157726e+01
2.084640207434325134e+02 9.091766977061094224e+01 9.545327049738814651e+01
2.085907714437126117e+02 9.105791505791505358e+01 9.533123249299720214e+01
2.087821182527064821e+02 9.138909077144371906e+01 9.543877280641986260e+01
2.087967862820804044e+02 9.141481187069422276e+01 9.543536603830720821e+01
2.086848171701113017e+02 9.156363085774850674e+01 9.543960557195850924e+01
2.086355515179044460e+02 9.061919903096374185e+01 9.494267166325990104e+01
2.081114202437731819e+02 9.001254826254826469e+01 9.470962979786509095e+01
2.077726171549701064e+02 8.935303580891816466e+01 9.394119539707774891e+01
2.075409379968203609e+02 8.902064880006057024e+01 9.384069573775455808e+01
2.076760352789764568e+02 8.917556211673858968e+01 9.366543644484821129e+01
2.075394995836172427e+02 8.948678931031872708e+01 9.370107502460443527e+01
2.078427965780906845e+02 8.999666893784541344e+01 9.424265652206828747e+01
2.079990536755242658e+02 9.028007419183889226e+01 9.441062911651147260e+01
2.082887614505261524e+02 9.045646907411612858e+01 9.437618290559467482e+01
2.084039859186918022e+02 9.072085320614732495e+01 9.461261261261260813e+01
2.083684798243621685e+02 9.087586115527291497e+01 9.493269740328564410e+01
2.084165720342190866e+02 9.129981452040276224e+01 9.508356045120750366e+01
2.086434817170111273e+02 9.146470209705503862e+01 9.540922855628737409e+01
2.086811832841244723e+02 9.152078128548717473e+01 9.561416458475281388e+01
2.083692368839427616e+02 9.106082973730032393e+01 9.550916042092512726e+01
2.080599969717616773e+02 9.047198879551820028e+01 9.501597395715042182e+01
2.078879551820728295e+02 9.007909379968204178e+01 9.462991142402907485e+01
2.079755280490574592e+02 9.014580967522144306e+01 9.449691498220910546e+01
2.081164925429631296e+02 9.045387614505261809e+01 9.519200923612687859e+01
2.085342380195321255e+02 9.094041941100765314e+01 9.565602997955939202e+01
2.088368536603830705e+02 9.132097433568021927e+01 9.569942842001665895e+01
2.090639904610492863e+02 9.180971307441895135e+01 9.615601105306987506e+01
2.094114618820501050e+02 9.202774623362859074e+01 9.642452115981527072e+01
2.094302937391172748e+02 9.223489666136724452e+01 9.670504958740252732e+01
2.095508554773260528e+02 9.227237111060640018e+01 9.697450601862367137e+01
2.098010636687107251e+02 9.237642894995836684e+01 9.705734726322961592e+01
2.097179953062305913e+02 9.267207964266788167e+01 9.698044893633128538e+01
2.098485880838821913e+02 9.269640018169430107e+01 9.716765084412142528e+01
2.095355250208191364e+02 9.179792187145127969e+01 9.662644787644786959e+01
2.091789310318721959e+02 9.104811113634643505e+01 9.591176470588234793e+01
2.090931561813914641e+02 9.075810053751230555e+01 9.546835490953138503e+01
2.088155424331894778e+02 9.065807404042698181e+01 9.551811265046559640e+01
2.090700658641835048e+02 9.088481338481338412e+01 9.559590052237111024e+01
2.092741691271102979e+02 9.130102581573169118e+01 9.575060564766447158e+01
2.096024869407222297e+02 9.175637822696646140e+01 9.609167991520932617e+01
2.099935082140964369e+02 9.227511545158604633e+01 9.667014914073737941e+01
2.099802407449466273e+02 9.233923839806192291e+01 9.701917253387841811e+01
2.101139374668786388e+02 9.240767658414716834e+01 9.704493148610795572e+01
2.102090998561586730e+02 9.255596562949503436e+01 9.699277008100537500e+01
2.102166136724960381e+02 9.262525550760844339e+01 9.719685441744265120e+01
2.101551782875312426e+02 9.274587402528578650e+01 9.728491937315466487e+01
2.099153228859111096e+02 9.220287304110833304e+01 9.692681126504655253e+01
2.095154061624649842e+02 9.155089333030510090e+01 9.619992050874404299e+01
2.094454160042395472e+02 9.116524717995305593e+01 9.590249072602013314e+01
2.093706942236354109e+02 9.137139450374743888e+01 9.590631387690211795e+01
2.094337383602089346e+02 9.152481262775380344e+01 9.621449390567038051e+01
2.098056438791732887e+02 9.204078658490422526e+01 9.649097206450147723e+01
2.100085547732606415e+02 9.245425467484291460e+01 9.692444545385721710e+01
2.103346771140888904e+02 9.291929744870921581e+01 9.737707245060185812e+01
2.105232038761450610e+02 9.301979710803240664e+01 9.753312135665076710e+01
2.103513134983723205e+02 9.308416609887197524e+01 9.751622000151411385e+01
2.104919940949352792e+02 9.311641683700507599e+01 9.749672571731395010e+01
2.106065372094783754e+02 9.304476114770231732e+01 9.761196911196911685e+01
2.108237943826179048e+02 9.330571958513135655e+01 9.774511696570520769e+01
2.102718222424104795e+02 9.296222272692861566e+01 9.729771368006662158e+01
2.099365773336361656e+02 9.200889545007191828e+01 9.661719282307517176e+01
2.097575516693163706e+02 9.150558331440684867e+01 9.633499886441063609e+01
2.098048868195926957e+02 9.129769475357710462e+01 9.616982739041561956e+01
2.099858997653115296e+02 9.163956393368158615e+01 9.644187675070027410e+01
2.100838064955711957e+02 9.195132106896812729e+01 9.687037247331365108e+01
2.104087175410704731e+02 9.285454992807933650e+01 9.756064047240518278e+01
2.106685971685971595e+02 9.331147323794382942e+01 9.809342115224468728e+01
2.109834393216746093e+02 9.353474903474904067e+01 9.842276099629040687e+01
2.110633848133848005e+02 9.371292300704065781e+01 9.812111060640472715e+01
2.110001892648951412e+02 9.370082898024074325e+01 9.822214020743432172e+01
2.112199825876296586e+02 9.371557271557271918e+01 9.831997123173593423e+01
2.112209667650843983e+02 9.410871375577258391e+01 9.846492921492921369e+01
2.112271935801347524e+02 9.429394730865318763e+01 9.868954879248997258e+01
2.109241804830040223e+02 9.333596411537587301e+01 9.819740328563858611e+01
2.104532704973881323e+02 9.265207434325081692e+01 9.742891210538269320e+01
2.097736770383829139e+02 9.256037550155197380e+01 9.735216519040048411e+01
2.098345257021727548e+02 9.313753879930349910e+01 9.766524717995305593e+01
2.100778257248845478e+02 9.397751533045651229e+01 9.807651979710803403e+01
2.105204216821863952e+02 9.457888560829736946e+01 9.901828298887122060e+01
2.108164887576652404e+02 9.503552502081913644e+01 9.934752820046938382e+01
2.112417859035506069e+02 9.536075781664017370e+01 9.935246801423272700e+01
2.111974600651071228e+02 9.555450828980241340e+01 9.939503368915133308e+01
2.113839427662957178e+02 9.569774396244984871e+01 9.936666288136876801e+01
2.113521084109319474e+02 9.564685063214474781e+01 9.914325459913695227e+01
2.112945151033386253e+02 9.520635551517904105e+01 9.867141721553485922e+01
2.112700620788856156e+02 9.515360738890150571e+01 9.874736921795745559e+01
2.108590544325838323e+02 9.474871299871300323e+01 9.860008327655386040e+01
2.104171019759255046e+02 9.394967446438035097e+01 9.789556363085775104e+01
2.102715194185782366e+02 9.388916647740177268e+01 9.748167915814974549e+01
2.104573207661443064e+02 9.438498372321902252e+01 9.778696343402225466e+01
2.108372700431523867e+02 9.527757589522295234e+01 9.852064880006057024e+01
2.113219963661140071e+02 9.602803013097130247e+01 9.899714210008328052e+01
2.118187220834279572e+02 9.676152623211446269e+01 9.971445605269134660e+01
2.122294647588765315e+02 9.732913165266106148e+01 1.002150806268453351e+02
2.124906503141797316e+02 9.781219244454538853e+01 1.005129457188280782e+02
2.125039556363085751e+02 9.748046786282080234e+01 1.003620069649481366e+02
2.125048641078052754e+02 9.712544477250359876e+01 9.989401165871754529e+01
2.122915247179953155e+02 9.664675599969717723e+01 9.937018320841849572e+01
2.122677909001438366e+02 9.659135816488758053e+01 9.923563479445832058e+01
2.116951888863653437e+02 9.524761526232114761e+01 9.818288666818078525e+01
2.109137898402604208e+02 9.399759633583163065e+01 9.718934060110530027e+01
2.106533991975168476e+02 9.343710727534256932e+01 9.703225073813308654e+01
2.105789423877659203e+02 9.345540919070330688e+01 9.690763873116814864e+01
2.106175902793549994e+02 9.359504883034294664e+01 9.726266182148535222e+01
2.106880346733287865e+02 9.438299644181996939e+01 9.779754334166098317e+01
2.109154175183587085e+02 9.566418729654023423e+01 9.894047619047618980e+01
2.112006775683246360e+02 9.627208721326368845e+01 9.924108562343856477e+01
2.114045726398667568e+02 9.662714815655992595e+01 9.979487470663941906e+01
2.112394579453402912e+02 9.586533802710273733e+01 9.892764403058521339e+01
2.111532856385797459e+02 9.584696040578393195e+01 9.878124763418881571e+01
2.111313876902112270e+02 9.562169732757968177e+01 9.850813839049132525e+01
2.108375350140055957e+02 9.519287985464455915e+01 9.819428041486864345e+01
2.102406503141797316e+02 9.411113634643047021e+01 9.761352108410932260e+01
2.095645582557347382e+02 9.322611477023241378e+01 9.661980467862821342e+01
2.094385646150352045e+02 9.268638806874101022e+01 9.637147020970550670e+01
2.093376296464531663e+02 9.223906048906049193e+01 9.592703838292074181e+01
2.094581724581724700e+02 9.209082822318116257e+01 9.586009538950715125e+01
2.096745211598152707e+02 9.260481489893254547e+01 9.623989325459913857e+01
2.099585699144522550e+02 9.324619577560754635e+01 9.693388977212507029e+01
2.103175107880990140e+02 9.398222802634568041e+01 9.725403134226664292e+01
2.103042811719282383e+02 9.388240972064501477e+01 9.726868044515103406e+01
2.102491672344613391e+02 9.377874933757286158e+01 9.735140813081989108e+01
2.103799492770081088e+02 9.383429858429857973e+01 9.727876826406237853e+01
2.103341660988719752e+02 9.382663335604512156e+01 9.736441062911650590e+01
2.102503785297902823e+02 9.373705428117192184e+01 9.723446135210841135e+01
2.099438072526307906e+02 9.319376939965175666e+01 9.680252100840336027e+01
2.094756605344840636e+02 9.226095843742902503e+01 9.612186766598530596e+01
2.092295215383450682e+02 9.176381633734574450e+01 9.601374063138769088e+01
2.090876674994322002e+02 9.170118858354152280e+01 9.573355288061171109e+01
2.092119766825649094e+02 9.198837913543795253e+01 9.615056022408963088e+01
2.093695207812854733e+02 9.226054205465970881e+01 9.646487243546067702e+01
2.099069763040351404e+02 9.301330532212885771e+01 9.698518055870997046e+01
2.098757286698463247e+02 9.302534256946022140e+01 9.735085926262397038e+01
2.098482474070709429e+02 9.304763797410856796e+01 9.745372473313649664e+01
2.097907676584147225e+02 9.302666742372625208e+01 9.748818987054281138e+01
2.097445870239987755e+02 9.282017942312060654e+01 9.738021424786130353e+01
2.098688015746839142e+02 9.275815731698084221e+01 9.733959800136270246e+01
2.100497009614656747e+02 9.310939510939510910e+01 9.762544477250359876e+01
2.097953289423877550e+02 9.276470588235294201e+01 9.726936179877355926e+01
2.093663600575365251e+02 9.167537285184343432e+01 9.666657203421908662e+01
2.088998410174880860e+02 9.117175789234612182e+01 9.661467559996971488e+01
2.088314406843818745e+02 9.129392838216367068e+01 9.670839957604663084e+01
2.088101294571882818e+02 9.150749488984783397e+01 9.689775910364146227e+01
2.087788250435309294e+02 9.153279960632902146e+01 9.680305095010977823e+01
2.089453213717919482e+02 9.165708986297221372e+01 9.695467105761223081e+01
2.090789991672344570e+02 9.179273601332424448e+01 9.700495874025286014e+01
2.093367401014459972e+02 9.222825346354757414e+01 9.806711333181921475e+01
2.096755242637595700e+02 9.255776364599894634e+01 9.807254523430994197e+01
2.098230562495268430e+02 9.298360966008024775e+01 9.837330607918843839e+01
2.099952683776213291e+02 9.325967143614202826e+01 9.838593004769475669e+01
2.099494284200166589e+02 9.274604436369142491e+01 9.824562798092209448e+01
2.098851729881141637e+02 9.241990309637368739e+01 9.791621243091830706e+01
2.095055454614278005e+02 9.153032023620258428e+01 9.741791581497463426e+01
2.092090998561586730e+02 9.147068286774168655e+01 9.731079188432129001e+01
2.087270232417291140e+02 9.061955863426452140e+01 9.644337194337194319e+01
2.088119274736921795e+02 9.084637368460897733e+01 9.651618214853509414e+01
2.091039632069043819e+02 9.131506927095162496e+01 9.688434022257551703e+01
2.094335301688242907e+02 9.235441744265273201e+01 9.771731395260806607e+01
2.096151676886971131e+02 9.248292830645772256e+01 9.798792489968960240e+01
2.097572109925051222e+02 9.259660080248315239e+01 9.765084412143235681e+01
2.098415474297827359e+02 9.280992126580362367e+01 9.781834355363767486e+01
2.099414792944204748e+02 9.297823453705807140e+01 9.791655310772958387e+01
2.101870315693845157e+02 9.293360587478234436e+01 9.776922931334695477e+01
2.102546937693996654e+02 9.292612991142402734e+01 9.777227647815882960e+01
2.102983193277310932e+02 9.255844499962147154e+01 9.742946097357861390e+01
2.102039897039896914e+02 9.165203649027178301e+01 9.706942236354001352e+01
2.097699106669694800e+02 9.053556287379817036e+01 9.588998031645090236e+01
2.092303543038837290e+02 8.978058520705579326e+01 9.482633053221287867e+01
2.089370504958740185e+02 8.922285941403588083e+01 9.404178968884851031e+01
2.092091755621167408e+02 8.950925505337269783e+01 9.446981224922402021e+01
2.097091755621167408e+02 9.002670527670527179e+01 9.505361874479521589e+01
2.106755242637595700e+02 9.146417215534862066e+01 9.624615792262851244e+01
2.110995722613369594e+02 9.170915663562722386e+01 9.682756075403133877e+01
2.113096752214399316e+02 9.250198728139905313e+01 9.749286471345294558e+01
2.115045802104625636e+02 9.258219774396245327e+01 9.762048603225073862e+01
2.114733325762737479e+02 9.260479597244302852e+01 9.790326671209024312e+01
2.115236013324248745e+02 9.257417291240820134e+01 9.788386706033764995e+01
2.113167158755394155e+02 9.224471950942539422e+01 9.734198273904156906e+01
2.108940495116965792e+02 9.095391399803165200e+01 9.632267771973654646e+01
2.096473995003406685e+02 8.907911272617154452e+01 9.447284048754636387e+01
2.094707207207207205e+02 8.842389658566129640e+01 9.419850102203042752e+01
2.094040237716708361e+02 8.825463698993111450e+01 9.445894844424256576e+01
2.098286017109546435e+02 8.862500946324475137e+01 9.495554167612991137e+01
2.102173518055871000e+02 8.955897494132788950e+01 9.529638882580059089e+01
2.105245287304110775e+02 8.993818608524490799e+01 9.569993943523355995e+01
2.104760012112953405e+02 8.963117949882655466e+01 9.546074646074646353e+01
2.099716481187069519e+02 8.913583541524718612e+01 9.422221591339238955e+01
2.092385494738435909e+02 8.807281020516315095e+01 9.336202589143765351e+01
2.081797637974108568e+02 8.721161707926414408e+01 9.229143008554773076e+01
2.079514724808842345e+02 8.702203043379513758e+01 9.200967143614202826e+01
2.080585207055795252e+02 8.710521235521235894e+01 9.220529563176621934e+01
2.078917215534862635e+02 8.707712544477250560e+01 9.195803997274585129e+01
2.077179953062305913e+02 8.640792262851086036e+01 9.164855401620107500e+01
2.075766901355136724e+02 8.634317510788099526e+01 9.169320160496630479e+01
2.075039367098190723e+02 8.614194867136043854e+01 9.138844727080021357e+01
2.075687788628965222e+02 8.626173442349913500e+01 9.135048073283367387e+01
2.077873798167915709e+02 8.664618820501173957e+01 9.176322961617078988e+01
2.087228783405253978e+02 8.809648724354606486e+01 9.313804981452040010e+01
2.092771027329850995e+02 8.874780452721628876e+01 9.337016428192899298e+01
2.097639109697933293e+02 8.909145279733515110e+01 9.392724657430539992e+01
2.100447611477023315e+02 8.936217730335377496e+01 9.437885154061625315e+01
2.105847338935574271e+02 9.014885684003330368e+01 9.497125066242713842e+01
2.111267885532591322e+02 9.066746157922628413e+01 9.547598228480580929e+01
2.109811870694223614e+02 9.096027329850859644e+01 9.540307744719508776e+01
2.119039669922022995e+02 9.198304186539481009e+01 9.676122340828223400e+01
2.117853925353925320e+02 9.196332046332045707e+01 9.678902642137936141e+01
2.111216784010901790e+02 9.104947384359148543e+01 9.603401090165796461e+01
2.106309902339314135e+02 8.988320463320462750e+01 9.551504655916420461e+01
2.108502536149594846e+02 9.009841774547656712e+01 9.580920205920206456e+01
2.111927662957074858e+02 9.107792035733211833e+01 9.659113104701340546e+01
2.116195964872435411e+02 9.170308123249299115e+01 9.736043606631841385e+01
2.116838708456355391e+02 9.203919675978499981e+01 9.732067151184797638e+01
2.116409834203951732e+02 9.201023923082746592e+01 9.710460670754788737e+01
2.114393784540843342e+02 9.155426224543872138e+01 9.677208721326368845e+01
2.113510106745400776e+02 9.161776061776062363e+01 9.684538950715420924e+01
2.112240896358543409e+02 9.156126504655917131e+01 9.694658944658944222e+01
2.110182829888712206e+02 9.155869104398516356e+01 9.679233855704444522e+01
2.110708607767431317e+02 9.171402074343251343e+01 9.689368990839578544e+01
2.113351692028162745e+02 9.142758725111666251e+01 9.682854493148610686e+01
2.110033878416231232e+02 9.091615565144977040e+01 9.636925581043227851e+01
2.103773563479445841e+02 8.989128624422741609e+01 9.530367552426375255e+01
2.099922590657884882e+02 8.935814596108713204e+01 9.474157771216594881e+01
2.099262434703611291e+02 8.945726398667575552e+01 9.464524188053599119e+01
2.102248088424559000e+02 9.002661064425770121e+01 9.532797713680066920e+01
2.104317321523203930e+02 9.046746536452418752e+01 9.575762737527443846e+01
2.108125141948671342e+02 9.075558331440684867e+01 9.589051025815732032e+01
2.109723862517980137e+02 9.123453705806646497e+01 9.628054735407675935e+01
2.112890642743583953e+02 9.143038837156484533e+01 9.672257551669316911e+01
2.114552956317662336e+02 9.181690514043455664e+01 9.679724051782875449e+01
2.114443182678476774e+02 9.169683549095313424e+01 9.650406919524566263e+01
2.113071012188659381e+02 9.156395260807025238e+01 9.646547808312514860e+01
2.113135551517904389e+02 9.178819365584071477e+01 9.669628662275721354e+01
2.111641115905821664e+02 9.157865849042319439e+01 9.641320311908546614e+01
2.107068476039064251e+02 8.984752820046938382e+01 9.534372397607691596e+01
2.098087288969641975e+02 8.891598531304413200e+01 9.436734423499129321e+01
2.095969604057839319e+02 8.864821333938981240e+01 9.437152698917404336e+01
2.100600158982511800e+02 8.899950791127261596e+01 9.462799984858808955e+01
2.104512075100310255e+02 8.958641835112423735e+01 9.512517980165038978e+01
2.106672344613521091e+02 9.041640169581346242e+01 9.574763418881066457e+01
2.107375652963888228e+02 9.070520099931864877e+01 9.572106139753198306e+01
2.112086834733893568e+02 9.126351351351351582e+01 9.638880687410099313e+01
2.114114808085396362e+02 9.098485880838822482e+01 9.648563479445832058e+01
2.116841925959573132e+02 9.178912105382693198e+01 9.692086834733893852e+01
2.116801612536906703e+02 9.185155954273601253e+01 9.708013475660534652e+01
2.117398364751306019e+02 9.140383450677568078e+01 9.682602770838064998e+01
2.115189454160042430e+02 9.143881065939889652e+01 9.665211219622983663e+01
2.113139526080702524e+02 9.063926110984934326e+01 9.567548641078052185e+01
2.105773147096676610e+02 8.946068968127791265e+01 9.477352562646680667e+01
2.101854606707547930e+02 8.881041335453100771e+01 9.461372927549398071e+01
2.100695737754561208e+02 8.873175486410779911e+01 9.416901355136648988e+01
2.101805965629495176e+02 8.880006056476644005e+01 9.445145355439473178e+01
2.101800476947535685e+02 8.907034976152623074e+01 9.461647361647361265e+01
2.104195245665833909e+02 8.943080475433416154e+01 9.499593080475433737e+01
2.106881860852449222e+02 8.976659853130441036e+01 9.516184041184041575e+01
2.109063138769021180e+02 8.993829964418199552e+01 9.579860322507381909e+01
2.109584942084942156e+02 8.995124536301007367e+01 9.562253009311832841e+01
2.108403172079642616e+02 8.989921644333409745e+01 9.556298735710500125e+01
2.104734839881898836e+02 8.979029449617685543e+01 9.537366568248921794e+01
2.107199636611401274e+02 9.013975319857672730e+01 9.538693315163902753e+01
2.107495268377621187e+02 9.040042773866302639e+01 9.564675599969717723e+01
2.107280263456734133e+02 8.986323718676659666e+01 9.547813990461048661e+01
2.100142516466045777e+02 8.897806419865243299e+01 9.494252025134377959e+01
2.097901809372397679e+02 8.848868195927019542e+01 9.455168824286471363e+01
2.092536528124763322e+02 8.821349080172609547e+01 9.405397834809599544e+01
2.094763986675751255e+02 8.840667348020289751e+01 9.425904686198803972e+01
2.096185933832992703e+02 8.895529563176621934e+01 9.440426981603452816e+01
2.102466878643349162e+02 9.016649632826103300e+01 9.550847906730260206e+01
2.106891702626996619e+02 9.067257173139526572e+01 9.585621545915662978e+01
2.106653796653796746e+02 9.068464683170564911e+01 9.582581951699599188e+01
2.106561813914755135e+02 9.060460670754788737e+01 9.585006435006434344e+01
2.107505677946854519e+02 9.061641683700507599e+01 9.574424634718752714e+01
2.107893860246801410e+02 9.064618820501173957e+01 9.586054962525550138e+01
2.106406616700734276e+02 9.072473313649784643e+01 9.564609357256415478e+01
2.109234991293814687e+02 9.088133091074267611e+01 9.608034294799000463e+01
2.105931751078809953e+02 9.021930123400711921e+01 9.560977363918540561e+01
2.097149670679082476e+02 8.908848133848134410e+01 9.470989476871829993e+01
2.092620751003103976e+02 8.840135513664925782e+01 9.396419108183813762e+01
2.090884056325232905e+02 8.840782799606328979e+01 9.406586418351123768e+01
2.095589938678174065e+02 8.895253236429707044e+01 9.465858505564388281e+01
2.103299644181997223e+02 8.979650238473767843e+01 9.571462639109698500e+01
2.105196456961162710e+02 9.038763343175108389e+01 9.597660685895979782e+01
2.102071882807177019e+02 9.015576500870618304e+01 9.570211598152774002e+01
2.100901468695586232e+02 9.014452267393443208e+01 9.539210008327655999e+01
2.101364599894011747e+02 9.002305246422893958e+01 9.532865849042319439e+01
2.099314293284881501e+02 8.986649254296312961e+01 9.554945491710198269e+01
2.099116889999242801e+02 8.981170035581800448e+01 9.549401922931335207e+01
2.101859149065031431e+02 9.023048678931031930e+01 9.571685971685971595e+01
2.106923688394276724e+02 9.052138693315163209e+01 9.597304867893103619e+01
2.102138125520478411e+02 8.976754485578014453e+01 9.531741615565144343e+01
2.091906465288818140e+02 8.834370504958739900e+01 9.448642970701794752e+01
2.090448179271708682e+02 8.808486637898403160e+01 9.456444469679763642e+01
2.095735104852751931e+02 8.885263835263835119e+01 9.512523658111894065e+01
2.102875501551972093e+02 8.980176394882276725e+01 9.632156105685517389e+01
2.113604171398289111e+02 9.131190854720266259e+01 9.767516466045877621e+01
2.116244605950488165e+02 9.136770383829207276e+01 9.741785903550609760e+01
2.118680066621243157e+02 9.146106821106820917e+01 9.762620183208419178e+01
2.121216784010901790e+02 9.182915057915057844e+01 9.800545082898024418e+01
2.120484328866681949e+02 9.113116057233703771e+01 9.749653645241880895e+01
2.119448671360435981e+02 9.090398591869180223e+01 9.708484745249451464e+01
2.115434930729048517e+02 9.064898932545990817e+01 9.652411234764176129e+01
2.117053713377242730e+02 9.080166931637519667e+01 9.685676432735256469e+01
2.115387993035051863e+02 9.049523052464229522e+01 9.649634718752365359e+01
2.107440192293133521e+02 8.917412370353547146e+01 9.502837080778257928e+01
2.100700847906730360e+02 8.812396850632144663e+01 9.390796048148989428e+01
2.098985540162010750e+02 8.793958664546899229e+01 9.400768415474297512e+01
2.099516617457794041e+02 8.810318722083428611e+01 9.407358619123324672e+01
2.104938299644182109e+02 8.870463320463321111e+01 9.473334468922703877e+01
2.111073131955484996e+02 8.921316905140434983e+01 9.517686804451510341e+01
2.113055870997047521e+02 8.942283670224846048e+01 9.564796729502612038e+01
2.115693845105609796e+02 9.024964039669922045e+01 9.593627450980392268e+01
2.116075592399121774e+02 8.985763494587024525e+01 9.572717465364523548e+01
2.116047013399954437e+02 8.997119388295858755e+01 9.591922174275114799e+01
2.114561094708153632e+02 9.001300249829661482e+01 9.575174123703536111e+01
2.114202816261639839e+02 9.004120296767355569e+01 9.586155272919978643e+01
2.114386781739722778e+02 9.027284427284426727e+01 9.596602695132106930e+01
2.111400560224089702e+02 8.986242334771746698e+01 9.538346960405783648e+01
2.107778597925656641e+02 8.865334241804829674e+01 9.470372473313649664e+01
2.105148005148005268e+02 8.834326974032856583e+01 9.474212658036186951e+01
2.102207964266787883e+02 8.795073434779317267e+01 9.402221969869029294e+01
2.101550836550836436e+02 8.812319252025135086e+01 9.408373078961314206e+01
2.105281247634188730e+02 8.866759406465288862e+01 9.453817472935119781e+01
2.107034597622833019e+02 8.913454841396017514e+01 9.492181467181467269e+01
2.112161405102581568e+02 8.975933075933076566e+01 9.542471042471042608e+01
2.114358202740555726e+02 8.989866757513816253e+01 9.534232341585283166e+01
2.113298319327731178e+02 8.987599364069951946e+01 9.535070785070784893e+01
2.114066167007343608e+02 9.007695510636686720e+01 9.534834203951851350e+01
2.114307479748656249e+02 9.025863047921870930e+01 9.546360436066318300e+01
2.115035771065182928e+02 9.035678325384208165e+01 9.550804375804375468e+01
2.115847717465364610e+02 9.046201453554394334e+01 9.538572185631009859e+01
2.113798357180710070e+02 8.933191384661972734e+01 9.475747596335831702e+01
2.107291619350442886e+02 8.816710197592550458e+01 9.390286925581042965e+01
2.100032364297070160e+02 8.770351654175183853e+01 9.351639033991975225e+01
2.100417518358694906e+02 8.755043909455673656e+01 9.323716784010902359e+01
2.098081232492997117e+02 8.757175032175031504e+01 9.296975546975546933e+01
2.101823756529638842e+02 8.820200242259065249e+01 9.335436066318419535e+01
2.105611514876220838e+02 8.889821333938981240e+01 9.391899462487697292e+01
2.110784124460595024e+02 8.950215761980467732e+01 9.460506094329623750e+01
2.114061056855174456e+02 9.038307214777803722e+01 9.511762813233401914e+01
2.114375993640699392e+02 9.063053599818306338e+01 9.533263305322128645e+01
2.114046672723143274e+02 9.008416609887197524e+01 9.487145128321598975e+01
2.112481262775380344e+02 8.989429555606025701e+01 9.456279809220986010e+01
2.111430085547732745e+02 8.974271330153682413e+01 9.438651676886971131e+01
2.114888144446967999e+02 9.012792414263002172e+01 9.461058747823453530e+01
2.108498940116587050e+02 8.941106442577030577e+01 9.407852600499658990e+01
2.098962639109697932e+02 8.766112120523885665e+01 9.261887728064198200e+01
2.092094594594594525e+02 8.680793398440457054e+01 9.143010447422211939e+01
2.092581005375122913e+02 8.687377924142630548e+01 9.156896812779166339e+01
2.096690135513665041e+02 8.740334241804829674e+01 9.192548641078052185e+01
2.101579983344689140e+02 8.826911575440986724e+01 9.245940267999091589e+01
2.107031947914300929e+02 8.895160496631085323e+01 9.310411461882050332e+01
2.112261904761904816e+02 9.033558558558559071e+01 9.422223483988189230e+01
2.113592626239685046e+02 9.051374063138769088e+01 9.429434476493300110e+01
2.111233250056779411e+02 8.997212128094480477e+01 9.379478007419183427e+01
2.111724392459686612e+02 8.988000605647664543e+01 9.400253614959497384e+01
2.111185744568097391e+02 9.009243697478991919e+01 9.400471269588916812e+01
