2.549959432048681549e+02 6.037791582150101277e+01 2.254250760649087226e+02
2.549980983772819343e+02 6.509850405679513585e+01 2.292090517241379359e+02
2.549973377281947364e+02 1.619203853955375223e+02 2.443722109533468654e+02
2.549997464503042579e+02 1.640002535496957421e+02 2.438329107505070965e+02
2.550000000000000000e+02 1.824754056795131874e+02 2.459647565922920762e+02
2.550000000000000000e+02 1.822179259634888524e+02 2.452431541582150203e+02
2.550000000000000000e+02 2.090268762677484915e+02 2.502067697768762571e+02
2.550000000000000000e+02 2.101140973630831752e+02 2.498983265720081022e+02
2.550000000000000000e+02 2.110351166328600527e+02 2.501322261663285929e+02
2.550000000000000000e+02 2.124129056795131874e+02 2.500462728194726196e+02
2.550000000000000000e+02 2.135825304259634834e+02 2.502659736308316383e+02
2.550000000000000000e+02 2.150434837728194850e+02 2.506461713995943228e+02
2.550000000000000000e+02 2.160295385395537551e+02 2.507375760649087226e+02
2.550000000000000000e+02 2.167365618661257542e+02 2.506930780933062977e+02
2.550000000000000000e+02 2.171535243407707867e+02 2.510182555780933171e+02
2.550000000000000000e+02 2.173135141987829684e+02 2.510631338742393552e+02
2.550000000000000000e+02 2.178381085192697810e+02 2.510088742393509165e+02
2.550000000000000000e+02 2.179781947261663220e+02 2.509080882352941160e+02
2.550000000000000000e+02 2.188639705882353041e+02 2.509500507099391484e+02
2.550000000000000000e+02 2.189576572008113544e+02 2.512042342799188646e+02
2.550000000000000000e+02 2.196042089249492903e+02 2.514278651115618572e+02
2.550000000000000000e+02 2.198979462474644890e+02 2.516157454361054704e+02
2.550000000000000000e+02 2.208095841784989943e+02 2.518123732251521290e+02
2.550000000000000000e+02 2.222854969574036375e+02 2.516495943204868126e+02
2.550000000000000000e+02 2.227830882352941160e+02 2.518611815415821411e+02
2.550000000000000000e+02 2.208690415821500892e+02 2.517029665314401541e+02
2.550000000000000000e+02 2.158709432048681549e+02 2.510974898580121817e+02
2.550000000000000000e+02 2.123439401622717924e+02 2.506449036511156123e+02
2.550000000000000000e+02 2.115133113590263747e+02 2.505730223123732117e+02
2.550000000000000000e+02 2.130703600405679481e+02 2.503762677484787105e+02
2.550000000000000000e+02 2.136044624746450324e+02 2.507416328600405677e+02
2.550000000000000000e+02 2.137756085192697810e+02 2.505247210953346837e+02
2.550000000000000000e+02 2.147759888438133942e+02 2.506702586206896513e+02
2.550000000000000000e+02 2.149576572008113544e+02 2.509376267748478710e+02
2.550000000000000000e+02 2.145933062880324655e+02 2.507595081135902717e+02
2.550000000000000000e+02 2.149750253549695742e+02 2.507624239350912774e+02
2.550000000000000000e+02 2.151810344827586334e+02 2.508561105476673561e+02
2.550000000000000000e+02 2.153318965517241281e+02 2.510240872210953285e+02
2.550000000000000000e+02 2.159913793103448256e+02 2.507100659229209043e+02
2.550000000000000000e+02 2.167312373225152271e+02 2.510926724137931103e+02
2.550000000000000000e+02 2.176011663286004136e+02 2.510839249492900649e+02
2.550000000000000000e+02 2.181109279918863990e+02 2.510844320486815491e+02
2.550000000000000000e+02 2.185277636916835604e+02 2.512327586206896513e+02
2.550000000000000000e+02 2.186020537525355110e+02 2.514729969574036375e+02
2.550000000000000000e+02 2.188346855983772912e+02 2.513540821501014193e+02
2.550000000000000000e+02 2.189082150101419870e+02 2.515825304259634834e+02
2.550000000000000000e+02 2.194714756592292133e+02 2.515651622718052636e+02
2.550000000000000000e+02 2.196296906693712003e+02 2.515418356997971614e+02
2.550000000000000000e+02 2.202034736308316383e+02 2.513256845841785037e+02
2.550000000000000000e+02 2.213515466531440268e+02 2.514060598377282076e+02
2.550000000000000000e+02 2.219091024340770844e+02 2.514269776876267883e+02
2.550000000000000000e+02 2.223274594320486699e+02 2.515521044624746310e+02
2.550000000000000000e+02 2.231722870182555880e+02 2.516659482758620641e+02
2.550000000000000000e+02 2.229778144016227088e+02 2.516809077079107624e+02
2.550000000000000000e+02 2.181433823529411882e+02 2.509580375253549676e+02
2.550000000000000000e+02 2.136426217038539619e+02 2.505645283975659368e+02
2.550000000000000000e+02 2.115053245436105556e+02 2.502025862068965409e+02
2.550000000000000000e+02 2.114537271805273804e+02 2.502541835699797161e+02
2.550000000000000000e+02 2.120391734279918978e+02 2.502857505070993795e+02
2.550000000000000000e+02 2.127369421906693674e+02 2.504148073022312246e+02
2.550000000000000000e+02 2.190557809330628913e+02 2.512657200811358962e+02
2.550000000000000000e+02 2.195722616632860138e+02 2.514874492900608516e+02
2.550000000000000000e+02 2.188903397565922830e+02 2.512852434077079238e+02
2.550000000000000000e+02 2.182283215010141930e+02 2.514113843813387348e+02
2.550000000000000000e+02 2.179438387423934955e+02 2.511730476673427859e+02
2.550000000000000000e+02 2.180792342799188646e+02 2.511097870182555880e+02
2.550000000000000000e+02 2.181802738336714071e+02 2.511623985801217032e+02
2.550000000000000000e+02 2.194297667342799230e+02 2.513443204868154055e+02
2.550000000000000000e+02 2.202131085192697810e+02 2.510224391480730333e+02
2.550000000000000000e+02 2.207346602434077170e+02 2.514842799188641038e+02
2.550000000000000000e+02 2.211952332657200770e+02 2.512879056795131874e+02
2.550000000000000000e+02 2.209372464503042579e+02 2.515090010141987875e+02
2.550000000000000000e+02 2.216083924949290065e+02 2.514143002028397689e+02
2.550000000000000000e+02 2.218756338742393552e+02 2.514835192697768775e+02
2.550000000000000000e+02 2.222003042596348905e+02 2.516097870182555880e+02
2.550000000000000000e+02 2.226804006085192782e+02 2.518111054766734185e+02
2.550000000000000000e+02 2.231561866125760787e+02 2.520503296146044647e+02
2.550000000000000000e+02 2.245286511156186577e+02 2.518671399594320519e+02
2.550000000000000000e+02 2.253971855983772912e+02 2.517731997971602311e+02
2.550000000000000000e+02 2.255021551724137794e+02 2.518966784989858070e+02
2.550000000000000000e+02 2.260069726166328508e+02 2.519745182555780900e+02
2.550000000000000000e+02 2.265261156186612652e+02 2.520272565922920762e+02
2.550000000000000000e+02 2.269799695740365166e+02 2.522023326572007988e+02
2.550000000000000000e+02 2.260150862068965409e+02 2.520897565922920762e+02
2.550000000000000000e+02 2.212597616632860138e+02 2.514956896551724128e+02
2.550000000000000000e+02 2.178166835699797161e+02 2.509027636916835604e+02
2.550000000000000000e+02 2.168199797160243349e+02 2.508770283975659368e+02
2.550000000000000000e+02 2.169888438133874331e+02 2.507246450304259611e+02
2.550000000000000000e+02 2.171643002028397689e+02 2.509912525354969546e+02
2.550000000000000000e+02 2.169849137931034591e+02 2.508095841784989943e+02
2.550000000000000000e+02 2.162655933062880251e+02 2.508165567951318451e+02
2.550000000000000000e+02 2.164969574036511233e+02 2.507123478701825547e+02
2.550000000000000000e+02 2.161176470588235361e+02 2.507151369168356894e+02
2.550000000000000000e+02 2.160327079107505028e+02 2.507323782961460381e+02
2.550000000000000000e+02 2.155993914807302190e+02 2.509336967545638970e+02
2.550000000000000000e+02 2.157493661257606448e+02 2.507579868154158191e+02
2.550000000000000000e+02 2.162800456389452393e+02 2.507928498985801298e+02
2.550000000000000000e+02 2.168305020283975750e+02 2.507743407707910706e+02
2.550000000000000000e+02 2.177723123732251622e+02 2.508445740365111476e+02
2.550000000000000000e+02 2.184134127789046715e+02 2.510163539553752514e+02
2.550000000000000000e+02 2.188665060851926967e+02 2.509150608519269667e+02
2.550000000000000000e+02 2.188379817444219100e+02 2.507789046653143998e+02
2.550000000000000000e+02 2.198531947261663220e+02 2.513145283975659368e+02
2.550000000000000000e+02 2.203851419878296269e+02 2.512355476673427859e+02
2.550000000000000000e+02 2.211294371196754582e+02 2.514689401622717924e+02
2.550000000000000000e+02 2.217792849898580130e+02 2.515675709939148135e+02
2.550000000000000000e+02 2.222801724137931103e+02 2.512955121703853933e+02
2.550000000000000000e+02 2.230048174442190714e+02 2.513580121703853933e+02
2.550000000000000000e+02 2.238345588235294201e+02 2.516627789046653163e+02
2.550000000000000000e+02 2.240580628803245418e+02 2.519151876267748378e+02
2.550000000000000000e+02 2.246833164300202839e+02 2.520575557809330576e+02
2.550000000000000000e+02 2.248476166328600527e+02 2.518819726166328508e+02
2.550000000000000000e+02 2.253870436105476642e+02 2.518658722109533414e+02
2.550000000000000000e+02 2.252000507099391484e+02 2.517120943204868126e+02
2.550000000000000000e+02 2.209492900608519221e+02 2.512280679513184509e+02
2.550000000000000000e+02 2.163883113590263747e+02 2.507744675456389416e+02
2.550000000000000000e+02 2.143897058823529278e+02 2.506404665314401541e+02
2.550000000000000000e+02 2.150543864097363098e+02 2.504575304259634834e+02
2.550000000000000000e+02 2.154060598377282076e+02 2.508207403651115612e+02
2.550000000000000000e+02 2.156251267748478710e+02 2.507852434077079238e+02
2.550000000000000000e+02 2.152534229208924899e+02 2.506958671399594323e+02
2.550000000000000000e+02 2.158107251521298053e+02 2.502951318458417802e+02
2.550000000000000000e+02 2.157706643002028386e+02 2.504421906693712003e+02
2.550000000000000000e+02 2.154636156186612652e+02 2.504018762677484915e+02
2.550000000000000000e+02 2.154060598377282076e+02 2.504099898580121817e+02
2.550000000000000000e+02 2.154923935091277940e+02 2.503481237322515085e+02
2.550000000000000000e+02 2.157359279918863990e+02 2.502915821501014193e+02
2.550000000000000000e+02 2.164833924949290065e+02 2.507161511156186577e+02
2.550000000000000000e+02 2.168879310344827616e+02 2.508852687626774980e+02
2.550000000000000000e+02 2.173893255578093431e+02 2.505747971602434063e+02
2.550000000000000000e+02 2.180519776876267883e+02 2.508356997971602311e+02
2.550000000000000000e+02 2.183646044624746310e+02 2.508566176470588118e+02
2.550000000000000000e+02 2.189391480730223236e+02 2.510387931034482847e+02
2.550000000000000000e+02 2.193411511156186577e+02 2.509850405679513301e+02
2.550000000000000000e+02 2.198350659229209043e+02 2.510562880324543471e+02
2.550000000000000000e+02 2.203431795131845945e+02 2.506517494929006205e+02
2.550000000000000000e+02 2.205982505070993795e+02 2.509415567951318451e+02
2.550000000000000000e+02 2.208344320486815491e+02 2.513140212981744526e+02
2.550000000000000000e+02 2.213842545638945296e+02 2.514012423935091363e+02
2.550000000000000000e+02 2.221285496957403609e+02 2.513263184584178589e+02
2.550000000000000000e+02 2.225386663286004136e+02 2.513529411764705799e+02
2.550000000000000000e+02 2.232823275862068897e+02 2.512988083164300122e+02
2.550000000000000000e+02 2.236607505070993795e+02 2.514700811359026318e+02
2.550000000000000000e+02 2.240362576064908637e+02 2.515599645030426075e+02
2.550000000000000000e+02 2.245531186612575993e+02 2.518467292089249554e+02
2.550000000000000000e+02 2.223639705882353041e+02 2.513048935091277940e+02
2.550000000000000000e+02 2.176555527383367235e+02 2.504123985801217032e+02
2.550000000000000000e+02 2.149973377281947364e+02 2.501677231237322587e+02
2.550000000000000000e+02 2.141269016227180657e+02 2.501199290060851865e+02
2.550000000000000000e+02 2.146765973630831752e+02 2.505015212981744526e+02
2.550000000000000000e+02 2.150694726166328508e+02 2.503242900608519221e+02
2.550000000000000000e+02 2.157885395537525426e+02 2.503699290060851865e+02
2.550000000000000000e+02 2.153345588235294201e+02 2.504809837728194850e+02
2.550000000000000000e+02 2.155723884381338848e+02 2.503339249492900649e+02
2.550000000000000000e+02 2.149946754563894444e+02 2.503466024340770844e+02
2.550000000000000000e+02 2.144207657200811354e+02 2.505057048681541687e+02
2.550000000000000000e+02 2.146130831643002068e+02 2.505226926977687754e+02
2.550000000000000000e+02 2.151498478701825547e+02 2.505002535496957421e+02
2.550000000000000000e+02 2.155533722109533414e+02 2.508164300202839740e+02
2.550000000000000000e+02 2.166313387423934955e+02 2.505826572008113544e+02
2.550000000000000000e+02 2.169646298174442052e+02 2.505560344827586334e+02
2.550000000000000000e+02 2.174503042596348905e+02 2.506935851926977818e+02
2.550000000000000000e+02 2.181154918864097283e+02 2.505438640973630697e+02
2.550000000000000000e+02 2.184248225152129805e+02 2.506320993914807218e+02
2.550000000000000000e+02 2.188907200811358962e+02 2.506986561866125669e+02
2.550000000000000000e+02 2.194188640973630697e+02 2.508861561866125669e+02
2.550000000000000000e+02 2.198927484787018329e+02 2.509537271805273804e+02
2.550000000000000000e+02 2.204634888438133942e+02 2.510688387423934955e+02
2.550000000000000000e+02 2.210718813387424007e+02 2.513803245436105556e+02
2.550000000000000000e+02 2.216951064908722060e+02 2.512734533468559732e+02
2.550000000000000000e+02 2.213604208924949148e+02 2.512392241379310462e+02
2.550000000000000000e+02 2.215920385395537551e+02 2.512649594320486699e+02
2.550000000000000000e+02 2.218302484787018329e+02 2.512112068965517153e+02
2.550000000000000000e+02 2.220467799188641038e+02 2.513818458417849797e+02
2.550000000000000000e+02 2.217602687626774980e+02 2.516209432048681549e+02
2.550000000000000000e+02 2.205513438133874331e+02 2.511788793103448256e+02
2.550000000000000000e+02 2.155960953346856002e+02 2.501199290060851865e+02
2.550000000000000000e+02 2.123339249492900649e+02 2.497996957403651095e+02
2.550000000000000000e+02 2.120730223123732117e+02 2.499399087221095215e+02
2.550000000000000000e+02 2.132328853955375223e+02 2.500826572008113544e+02
2.550000000000000000e+02 2.137880324543610584e+02 2.498301217038539619e+02
2.550000000000000000e+02 2.137776369168356894e+02 2.500626267748478710e+02
2.550000000000000000e+02 2.139117647058823479e+02 2.496769776876267883e+02
2.550000000000000000e+02 2.137726926977687754e+02 2.498677738336714071e+02
2.550000000000000000e+02 2.134169624746450324e+02 2.497586206896551744e+02
2.550000000000000000e+02 2.135277636916835604e+02 2.496087728194726196e+02
2.550000000000000000e+02 2.127747210953346837e+02 2.496840770791075101e+02
2.550000000000000000e+02 2.133405172413793025e+02 2.496669624746450324e+02
2.550000000000000000e+02 2.143624492900608516e+02 2.497688894523326439e+02
2.550000000000000000e+02 2.147866379310344769e+02 2.504039046653143998e+02
2.550000000000000000e+02 2.160029158215010057e+02 2.502753549695740389e+02
2.550000000000000000e+02 2.165242139959431995e+02 2.502057555780933171e+02
2.550000000000000000e+02 2.170922920892494972e+02 2.504532200811358962e+02
2.550000000000000000e+02 2.177891734279918978e+02 2.503556034482758719e+02
2.550000000000000000e+02 2.175128042596348905e+02 2.502718052738336780e+02
2.550000000000000000e+02 2.180911511156186577e+02 2.503596602434077170e+02
2.550000000000000000e+02 2.180906440162271736e+02 2.502560851926977818e+02
2.550000000000000000e+02 2.183369675456389416e+02 2.504605730223123601e+02
2.550000000000000000e+02 2.194963235294117680e+02 2.504518255578093431e+02
2.550000000000000000e+02 2.199094827586206975e+02 2.504750253549695742e+02
2.550000000000000000e+02 2.202152636916835604e+02 2.506612576064908637e+02
2.550000000000000000e+02 2.212781440162271736e+02 2.508968052738336780e+02
2.550000000000000000e+02 2.219790821501014193e+02 2.508254310344827616e+02
2.550000000000000000e+02 2.223289807302231225e+02 2.510841784989858070e+02
2.550000000000000000e+02 2.198485040567951216e+02 2.505087474645030454e+02
2.550000000000000000e+02 2.140898833671399473e+02 2.496679766734280008e+02
2.550000000000000000e+02 2.114287525354969546e+02 2.492068965517241281e+02
2.550000000000000000e+02 2.108306288032454461e+02 2.491816683569979602e+02
2.550000000000000000e+02 2.110419624746450324e+02 2.493412778904665288e+02
2.550000000000000000e+02 2.117209685598377291e+02 2.496636663286004136e+02
2.550000000000000000e+02 2.120327079107505028e+02 2.495188894523326439e+02
2.550000000000000000e+02 2.121715263691683617e+02 2.492696501014198702e+02
2.550000000000000000e+02 2.124911257606490835e+02 2.495725152129817559e+02
2.550000000000000000e+02 2.122086713995943228e+02 2.495174949290060908e+02
2.550000000000000000e+02 2.115251014198782968e+02 2.497993154158214963e+02
2.550000000000000000e+02 2.118528144016227088e+02 2.496791328600405677e+02
2.550000000000000000e+02 2.116544117647058840e+02 2.494671653144016261e+02
2.550000000000000000e+02 2.126991632860040511e+02 2.497491125760649027e+02
2.550000000000000000e+02 2.134901115618661152e+02 2.498199797160243349e+02
2.550000000000000000e+02 2.143815922920892376e+02 2.500083671399594323e+02
2.550000000000000000e+02 2.148652383367139862e+02 2.500684584178499108e+02
2.550000000000000000e+02 2.155843052738336780e+02 2.502127281947261679e+02
2.550000000000000000e+02 2.162970334685598459e+02 2.505105223123732117e+02
2.550000000000000000e+02 2.165864604462474574e+02 2.505673174442190714e+02
2.550000000000000000e+02 2.172214756592292133e+02 2.505431034482758719e+02
2.550000000000000000e+02 2.171588488843813423e+02 2.505001267748478710e+02
2.550000000000000000e+02 2.175045638945233293e+02 2.504808569979716140e+02
2.550000000000000000e+02 2.176727941176470722e+02 2.505761916835699878e+02
2.550000000000000000e+02 2.183150354969573925e+02 2.508820993914807218e+02
2.550000000000000000e+02 2.192139959432048784e+02 2.511200557809330576e+02
2.550000000000000000e+02 2.201569472616632765e+02 2.509045385395537551e+02
2.550000000000000000e+02 2.211018002028397689e+02 2.510498225152129805e+02
2.550000000000000000e+02 2.207915821501014193e+02 2.509913793103448256e+02
2.550000000000000000e+02 2.162937373225152271e+02 2.499470081135902717e+02
2.550000000000000000e+02 2.116338742393509165e+02 2.497506338742393552e+02
2.550000000000000000e+02 2.094162018255578062e+02 2.492387170385395621e+02
2.550000000000000000e+02 2.094771805273833536e+02 2.492254056795131874e+02
2.550000000000000000e+02 2.099321754563894444e+02 2.493146551724137794e+02
2.550000000000000000e+02 2.101227180527383496e+02 2.492385902636916910e+02
2.550000000000000000e+02 2.094993661257606448e+02 2.492070233265719992e+02
2.549994929006085158e+02 2.102890466531440268e+02 2.496739350912778832e+02
2.550000000000000000e+02 2.105778397565922830e+02 2.500121703853955353e+02
2.550000000000000000e+02 2.108775354969573925e+02 2.494042849898580130e+02
2.550000000000000000e+02 2.103232758620689538e+02 2.496277890466531346e+02
2.550000000000000000e+02 2.105090010141987875e+02 2.493810851926977818e+02
2.550000000000000000e+02 2.109075811359026318e+02 2.495048174442190714e+02
2.550000000000000000e+02 2.117927231237322587e+02 2.497393509127789173e+02
2.550000000000000000e+02 2.123852687626774980e+02 2.499680527383367235e+02
2.550000000000000000e+02 2.129004817444219100e+02 2.497705375253549676e+02
2.550000000000000000e+02 2.132185598377282076e+02 2.498880578093306326e+02
2.550000000000000000e+02 2.136200557809330576e+02 2.499058062880324655e+02
2.550000000000000000e+02 2.136135902636916910e+02 2.499585446247464517e+02
2.550000000000000000e+02 2.138003296146044647e+02 2.501582150101419870e+02
2.550000000000000000e+02 2.145182555780933171e+02 2.499775608519269667e+02
2.550000000000000000e+02 2.150027890466531346e+02 2.501707657200811354e+02
2.550000000000000000e+02 2.152852434077079238e+02 2.501717799188641038e+02
2.550000000000000000e+02 2.159458671399594323e+02 2.505252281947261679e+02
2.550000000000000000e+02 2.166057302231237429e+02 2.501987829614604379e+02
2.550000000000000000e+02 2.173625760649087226e+02 2.502633113590263747e+02
2.550000000000000000e+02 2.177464503042596391e+02 2.505813894523326439e+02
2.550000000000000000e+02 2.163424188640973682e+02 2.503130070993914842e+02
2.550000000000000000e+02 2.099345841784989943e+02 2.496217038539553812e+02
2.550000000000000000e+02 2.065017748478701947e+02 2.490214249492900649e+02
2.550000000000000000e+02 2.056300709939148135e+02 2.485078600405679481e+02
2.550000000000000000e+02 2.060277636916835604e+02 2.491064908722109408e+02
2.550000000000000000e+02 2.065000000000000000e+02 2.485414553752535483e+02
2.550000000000000000e+02 2.063038793103448256e+02 2.488317697768762571e+02
2.550000000000000000e+02 2.066175202839756651e+02 2.487342799188641038e+02
2.550000000000000000e+02 2.071507352941176521e+02 2.489518255578093431e+02
2.550000000000000000e+02 2.068677738336714071e+02 2.490466531440162328e+02
2.550000000000000000e+02 2.065976166328600527e+02 2.491965010141987875e+02
2.550000000000000000e+02 2.069714756592292133e+02 2.494375000000000000e+02
2.550000000000000000e+02 2.076540314401622709e+02 2.490058316430020398e+02
2.549997464503042579e+02 2.079581643002028386e+02 2.493914807302231225e+02
2.550000000000000000e+02 2.090674442190669424e+02 2.495659229208924899e+02
2.550000000000000000e+02 2.099184837728194850e+02 2.495763184584178589e+02
2.550000000000000000e+02 2.104817444219066829e+02 2.497696501014198702e+02
2.550000000000000000e+02 2.102998225152129805e+02 2.498367139959431995e+02
2.550000000000000000e+02 2.106536511156186577e+02 2.499178498985801298e+02
2.550000000000000000e+02 2.110502028397565937e+02 2.496596095334685685e+02
2.550000000000000000e+02 2.115829107505070965e+02 2.498098377281947364e+02
2.550000000000000000e+02 2.122598884381338848e+02 2.500399340770790957e+02
2.550000000000000000e+02 2.129361054766734185e+02 2.500948275862068897e+02
2.550000000000000000e+02 2.131933316430020398e+02 2.501238590263691606e+02
2.550000000000000000e+02 2.136603701825557948e+02 2.502687626774847729e+02
2.550000000000000000e+02 2.147557048681541687e+02 2.502573529411764639e+02
2.549997464503042579e+02 2.154272312373225020e+02 2.507368154158214963e+02
2.550000000000000000e+02 2.153615618661257542e+02 2.505830375253549676e+02
2.550000000000000000e+02 2.117460699797160260e+02 2.499525862068965409e+02
2.550000000000000000e+02 2.073995943204868126e+02 2.489453600405679481e+02
2.550000000000000000e+02 2.050825304259634834e+02 2.487631845841785037e+02
2.550000000000000000e+02 2.052500000000000000e+02 2.488299949290060908e+02
2.550000000000000000e+02 2.057659736308316383e+02 2.489023833671399473e+02
2.550000000000000000e+02 2.055081135902636902e+02 2.489126521298174453e+02
2.550000000000000000e+02 2.049593052738336780e+02 2.489600659229209043e+02
2.550000000000000000e+02 2.055164807302231225e+02 2.490332150101419870e+02
2.550000000000000000e+02 2.063403904665314315e+02 2.489189908722109408e+02
2.550000000000000000e+02 2.062525354969573925e+02 2.489174695740365166e+02
2.550000000000000000e+02 2.058114858012170316e+02 2.489781947261663220e+02
2.550000000000000000e+02 2.062986815415821411e+02 2.490026622718052636e+02
2.550000000000000000e+02 2.065943204868154055e+02 2.493468559837728264e+02
2.550000000000000000e+02 2.082465770791075101e+02 2.497809330628803366e+02
2.550000000000000000e+02 2.085055780933062977e+02 2.500316937119675345e+02
2.549998732251521290e+02 2.093373478701825547e+02 2.502522819472616504e+02
2.550000000000000000e+02 2.099311612576065045e+02 2.501442697768762571e+02
2.550000000000000000e+02 2.104901115618661152e+02 2.499207657200811354e+02
2.550000000000000000e+02 2.111764705882353041e+02 2.497344066937119749e+02
2.550000000000000000e+02 2.114902383367139862e+02 2.498662525354969546e+02
2.550000000000000000e+02 2.118230223123732117e+02 2.502005578093306326e+02
2.550000000000000000e+02 2.127469574036511233e+02 2.499615872210953285e+02
2.550000000000000000e+02 2.136625253549695742e+02 2.499770537525355110e+02
2.550000000000000000e+02 2.143668864097363098e+02 2.500314401622717924e+02
2.550000000000000000e+02 2.150483012170385280e+02 2.501329868154158191e+02
2.550000000000000000e+02 2.153624492900608516e+02 2.502641987829614720e+02
2.550000000000000000e+02 2.159664046653143998e+02 2.504913793103448256e+02
2.550000000000000000e+02 2.170864604462474574e+02 2.502157707910750446e+02
2.550000000000000000e+02 2.173133874239350973e+02 2.508032454361054704e+02
2.550000000000000000e+02 2.181891480730223236e+02 2.509191176470588118e+02
2.550000000000000000e+02 2.185940669371196634e+02 2.508232758620689538e+02
2.550000000000000000e+02 2.191911764705882320e+02 2.506696247464502960e+02
2.550000000000000000e+02 2.198019776876267883e+02 2.507934837728194850e+02
2.550000000000000000e+02 2.197257860040568005e+02 2.506593559837728264e+02
2.550000000000000000e+02 2.163273326572007988e+02 2.502281947261663220e+02
2.550000000000000000e+02 2.119580375253549676e+02 2.494265973630831752e+02
2.550000000000000000e+02 2.098372210953346837e+02 2.495048174442190714e+02
2.550000000000000000e+02 2.102235040567951216e+02 2.491862322515212895e+02
2.550000000000000000e+02 2.110197768762677413e+02 2.491000253549695742e+02
2.550000000000000000e+02 2.107791582150101419e+02 2.493741125760649027e+02
2.550000000000000000e+02 2.109992393509127737e+02 2.490901369168356894e+02
2.550000000000000000e+02 2.110002535496957421e+02 2.491838235294117680e+02
2.550000000000000000e+02 2.112446754563894444e+02 2.492502535496957421e+02
2.550000000000000000e+02 2.113847616632860138e+02 2.489591784989858070e+02
2.550000000000000000e+02 2.110083671399594323e+02 2.489901115618661152e+02
2.550000000000000000e+02 2.113770283975659368e+02 2.490420892494929035e+02
2.550000000000000000e+02 2.116199290060851865e+02 2.490887423935091363e+02
2.550000000000000000e+02 2.125490618661257542e+02 2.493270791075050852e+02
2.550000000000000000e+02 2.134882099391480779e+02 2.496615111561866058e+02
2.550000000000000000e+02 2.142227434077079238e+02 2.497661004056795093e+02
2.550000000000000000e+02 2.151085192697768775e+02 2.499358519269776764e+02
2.550000000000000000e+02 2.157489858012170316e+02 2.502664807302231225e+02
2.550000000000000000e+02 2.166378042596348905e+02 2.499718559837728264e+02
2.550000000000000000e+02 2.169567697768762571e+02 2.498876774847870195e+02
2.550000000000000000e+02 2.171015466531440268e+02 2.502558316430020398e+02
2.550000000000000000e+02 2.178643509127789173e+02 2.502129817444219100e+02
2.550000000000000000e+02 2.183348123732251622e+02 2.506037018255578062e+02
2.550000000000000000e+02 2.192373225152129805e+02 2.509598123732251622e+02
2.550000000000000000e+02 2.203676470588235361e+02 2.510881085192697810e+02
2.550000000000000000e+02 2.208960446247464517e+02 2.510248478701825547e+02
2.550000000000000000e+02 2.217895537525355110e+02 2.512563387423934955e+02
2.550000000000000000e+02 2.225679513184584266e+02 2.511787525354969546e+02
2.550000000000000000e+02 2.229911257606490835e+02 2.510420892494929035e+02
2.550000000000000000e+02 2.236341277890466586e+02 2.509402890466531346e+02
2.550000000000000000e+02 2.238549695740365166e+02 2.513157961460446188e+02
2.550000000000000000e+02 2.246045892494929035e+02 2.512966531440162328e+02
2.550000000000000000e+02 2.252139959432048784e+02 2.514604462474644890e+02
2.550000000000000000e+02 2.258240365111561800e+02 2.514449797160243349e+02
2.550000000000000000e+02 2.233585192697768775e+02 2.511688640973630697e+02
2.550000000000000000e+02 2.199560091277890592e+02 2.503194726166328508e+02
2.550000000000000000e+02 2.177924695740365166e+02 2.501068711967545539e+02
2.550000000000000000e+02 2.176379310344827616e+02 2.502583671399594323e+02
2.550000000000000000e+02 2.177302231237322587e+02 2.504574036511156123e+02
2.550000000000000000e+02 2.180120436105476642e+02 2.502975405679513301e+02
2.550000000000000000e+02 2.178687880324543471e+02 2.500637677484787105e+02
2.550000000000000000e+02 2.177932302231237429e+02 2.502956389452332644e+02
2.550000000000000000e+02 2.179870689655172384e+02 2.500003803245436131e+02
2.550000000000000000e+02 2.180254817444219100e+02 2.502463235294117680e+02
2.550000000000000000e+02 2.184472616632860138e+02 2.500963488843813423e+02
2.550000000000000000e+02 2.186494675456389416e+02 2.501135902636916910e+02
2.550000000000000000e+02 2.194229208924949148e+02 2.503630831643002068e+02
2.550000000000000000e+02 2.200461460446247486e+02 2.505528651115618572e+02
2.550000000000000000e+02 2.206634127789046715e+02 2.505777129817444120e+02
2.550000000000000000e+02 2.213533215010141930e+02 2.505185091277890592e+02
2.550000000000000000e+02 2.223649847870182441e+02 2.507704107505070965e+02
2.550000000000000000e+02 2.230377789046653163e+02 2.509050456389452393e+02
2.550000000000000000e+02 2.232620436105476642e+02 2.510747971602434063e+02
2.550000000000000000e+02 2.241498478701825547e+02 2.511094066937119749e+02
2.550000000000000000e+02 2.243496450304259611e+02 2.510225659229209043e+02
2.550000000000000000e+02 2.248344320486815491e+02 2.514290060851926967e+02
2.550000000000000000e+02 2.257109533468559732e+02 2.516793864097363098e+02
2.550000000000000000e+02 2.261859787018255474e+02 2.517573529411764639e+02
2.550000000000000000e+02 2.270732758620689538e+02 2.515689655172413666e+02
2.550000000000000000e+02 2.276568204868154055e+02 2.515812626774847729e+02
2.550000000000000000e+02 2.282233772819472506e+02 2.517446754563894444e+02
2.550000000000000000e+02 2.289532200811358962e+02 2.516608772819472506e+02
2.550000000000000000e+02 2.296636663286004136e+02 2.517321247464502960e+02
2.550000000000000000e+02 2.300477941176470722e+02 2.519731237322515085e+02
2.550000000000000000e+02 2.281629056795131874e+02 2.518459685598377291e+02
2.550000000000000000e+02 2.247377028397565937e+02 2.510702332657200770e+02
2.550000000000000000e+02 2.226005324543610584e+02 2.510273833671399473e+02
2.550000000000000000e+02 2.219664046653143998e+02 2.509023833671399473e+02
2.550000000000000000e+02 2.225261156186612652e+02 2.509226673427992012e+02
2.550000000000000000e+02 2.226569472616632765e+02 2.509496703853955353e+02
2.550000000000000000e+02 2.223791835699797161e+02 2.509975912778904785e+02
2.550000000000000000e+02 2.227931034482758719e+02 2.510712474645030454e+02
2.550000000000000000e+02 2.226909229208924899e+02 2.511430020283975750e+02
2.550000000000000000e+02 2.225413286004056772e+02 2.510960953346856002e+02
2.550000000000000000e+02 2.228586460446247486e+02 2.510148326572007988e+02
2.550000000000000000e+02 2.230870943204868126e+02 2.512061359026369303e+02
2.550000000000000000e+02 2.234276115618661152e+02 2.511479462474644890e+02
2.550000000000000000e+02 2.244122718052738321e+02 2.512109533468559732e+02
2.550000000000000000e+02 2.250477941176470722e+02 2.511305780933062977e+02
2.550000000000000000e+02 2.252351673427992012e+02 2.510821501014198702e+02
2.550000000000000000e+02 2.257658468559837672e+02 2.509988590263691606e+02
2.550000000000000000e+02 2.263687880324543471e+02 2.512389705882353041e+02
2.550000000000000000e+02 2.264789553752535483e+02 2.515063387423934955e+02
2.550000000000000000e+02 2.272074036511156123e+02 2.514660243407707867e+02
2.550000000000000000e+02 2.276745689655172384e+02 2.514131592292089294e+02
2.550000000000000000e+02 2.277896805273833536e+02 2.514937880324543471e+02
2.550000000000000000e+02 2.282363083164300122e+02 2.515680780933062977e+02
2.550000000000000000e+02 2.285177484787018329e+02 2.516449036511156123e+02
2.550000000000000000e+02 2.289330628803245418e+02 2.515262423935091363e+02
2.550000000000000000e+02 2.283425456389452393e+02 2.514855476673427859e+02
2.550000000000000000e+02 2.247199543610547607e+02 2.507123478701825547e+02
2.550000000000000000e+02 2.225105223123732117e+02 2.508936359026369303e+02
2.550000000000000000e+02 2.217678752535497040e+02 2.508227687626774980e+02
2.550000000000000000e+02 2.224880831643002068e+02 2.509055527383367235e+02
2.550000000000000000e+02 2.221916835699797161e+02 2.507106997971602311e+02
2.550000000000000000e+02 2.223395030425963625e+02 2.507687626774847729e+02
2.550000000000000000e+02 2.225547667342799230e+02 2.507799188640973682e+02
2.550000000000000000e+02 2.225003803245436131e+02 2.507024594320486699e+02
2.550000000000000000e+02 2.224146805273833536e+02 2.506304513184584266e+02
2.550000000000000000e+02 2.218369675456389416e+02 2.507644523326572141e+02
2.550000000000000000e+02 2.219646298174442052e+02 2.507605223123732117e+02
2.550000000000000000e+02 2.221320993914807218e+02 2.508501521298174453e+02
2.550000000000000000e+02 2.225244675456389416e+02 2.512114604462474574e+02
2.550000000000000000e+02 2.234684330628803366e+02 2.510484279918863990e+02
2.550000000000000000e+02 2.239350912778904785e+02 2.511018002028397689e+02
2.550000000000000000e+02 2.244850405679513301e+02 2.512915821501014193e+02
2.550000000000000000e+02 2.250979969574036375e+02 2.512170385395537551e+02
2.550000000000000000e+02 2.255095081135902717e+02 2.512146298174442052e+02
2.550000000000000000e+02 2.253818458417849797e+02 2.512948782961460381e+02
2.550000000000000000e+02 2.260802484787018329e+02 2.511378042596348905e+02
2.550000000000000000e+02 2.262522819472616504e+02 2.514377535496957421e+02
2.550000000000000000e+02 2.265780933062880251e+02 2.517155172413793025e+02
2.550000000000000000e+02 2.273550963488843877e+02 2.518070486815415734e+02
2.550000000000000000e+02 2.277427738336714071e+02 2.519140466531440268e+02
2.550000000000000000e+02 2.269783215010141930e+02 2.513482505070993795e+02
2.550000000000000000e+02 2.233103448275862206e+02 2.512406186612575993e+02
2.550000000000000000e+02 2.207673681541582198e+02 2.505877281947261679e+02
2.550000000000000000e+02 2.200740365111561800e+02 2.504680527383367235e+02
2.550000000000000000e+02 2.203848884381338848e+02 2.507918356997971614e+02
2.550000000000000000e+02 2.209041582150101419e+02 2.504375000000000000e+02
2.550000000000000000e+02 2.200987576064908637e+02 2.503036257606490835e+02
2.550000000000000000e+02 2.199816176470588118e+02 2.504145537525355110e+02
2.550000000000000000e+02 2.206239858012170316e+02 2.506104208924949148e+02
2.550000000000000000e+02 2.207000507099391484e+02 2.506533975659229156e+02
2.550000000000000000e+02 2.207013184584178589e+02 2.505973630831643106e+02
2.550000000000000000e+02 2.210753042596348905e+02 2.506725405679513301e+02
2.550000000000000000e+02 2.213332910750507097e+02 2.503831135902636902e+02
2.550000000000000000e+02 2.217207150101419870e+02 2.505353701825557948e+02
2.550000000000000000e+02 2.224336967545638970e+02 2.508131338742393552e+02
2.550000000000000000e+02 2.229490365111561800e+02 2.512827079107505028e+02
2.550000000000000000e+02 2.232957657200811354e+02 2.513131338742393552e+02
2.550000000000000000e+02 2.237923427991886456e+02 2.512445486815415734e+02
2.550000000000000000e+02 2.245542596348884388e+02 2.514921399594320519e+02
2.550000000000000000e+02 2.247001774847870195e+02 2.515069726166328508e+02
2.550000000000000000e+02 2.253066683569979602e+02 2.511688640973630697e+02
2.550000000000000000e+02 2.252265466531440268e+02 2.511673427991886456e+02
2.550000000000000000e+02 2.256470588235294201e+02 2.514821247464502960e+02
2.550000000000000000e+02 2.262034736308316383e+02 2.517326318458417802e+02
2.550000000000000000e+02 2.265283975659229156e+02 2.516209432048681549e+02
2.550000000000000000e+02 2.272240111561866058e+02 2.513502789046653163e+02
2.550000000000000000e+02 2.274103701825557948e+02 2.513315162271805150e+02
2.550000000000000000e+02 2.278562373225152271e+02 2.515275101419878183e+02
2.550000000000000000e+02 2.282688894523326439e+02 2.514849137931034591e+02
2.550000000000000000e+02 2.284562626774847729e+02 2.518348123732251622e+02
2.550000000000000000e+02 2.289908722109533414e+02 2.520722616632860138e+02
2.550000000000000000e+02 2.292275608519269667e+02 2.517965263691683617e+02
2.550000000000000000e+02 2.297641987829614720e+02 2.516506085192697810e+02
2.550000000000000000e+02 2.295766987829614720e+02 2.517726926977687754e+02
2.550000000000000000e+02 2.272512677484787105e+02 2.511705121703853933e+02
2.550000000000000000e+02 2.235532454361054704e+02 2.509472616632860138e+02
2.550000000000000000e+02 2.219972109533468654e+02 2.507693965517241281e+02
2.550000000000000000e+02 2.222776369168356894e+02 2.507304766734280008e+02
2.550000000000000000e+02 2.224415567951318451e+02 2.508668864097363098e+02
2.550000000000000000e+02 2.222985547667342701e+02 2.505584432048681549e+02
2.550000000000000000e+02 2.222322515212981671e+02 2.504484026369168248e+02
2.550000000000000000e+02 2.220992647058823479e+02 2.504340770791075101e+02
2.550000000000000000e+02 2.223491379310344769e+02 2.505441176470588118e+02
2.550000000000000000e+02 2.219779411764705799e+02 2.509011156186612652e+02
2.550000000000000000e+02 2.223907200811358962e+02 2.506353955375253690e+02
2.550000000000000000e+02 2.222352941176470722e+02 2.506819219066937023e+02
2.550000000000000000e+02 2.226544117647058840e+02 2.505895030425963625e+02
2.550000000000000000e+02 2.229050456389452393e+02 2.508184584178499108e+02
2.550000000000000000e+02 2.235439908722109408e+02 2.508970588235294201e+02
2.550000000000000000e+02 2.235429766734280008e+02 2.510805020283975750e+02
2.550000000000000000e+02 2.242360547667342701e+02 2.513443204868154055e+02
2.550000000000000000e+02 2.244376267748478710e+02 2.512936105476673561e+02
2.550000000000000000e+02 2.246416075050709935e+02 2.509953093306287997e+02
2.550000000000000000e+02 2.245192697768762571e+02 2.510101419878296269e+02
2.550000000000000000e+02 2.252917089249492903e+02 2.509865618661257542e+02
2.550000000000000000e+02 2.259250760649087226e+02 2.511205628803245418e+02
2.550000000000000000e+02 2.264893509127789173e+02 2.508723377281947364e+02
2.550000000000000000e+02 2.263265720081136010e+02 2.512062626774847729e+02
2.550000000000000000e+02 2.271722870182555880e+02 2.512522819472616504e+02
2.550000000000000000e+02 2.277794117647058840e+02 2.511314655172413666e+02
2.550000000000000000e+02 2.278766480730223236e+02 2.511768509127789173e+02
2.550000000000000000e+02 2.280633874239350973e+02 2.514424442190669424e+02
2.550000000000000000e+02 2.285896298174442052e+02 2.515171146044624777e+02
2.550000000000000000e+02 2.287261663286004136e+02 2.517207150101419870e+02
2.550000000000000000e+02 2.288102180527383496e+02 2.516802738336714071e+02
2.550000000000000000e+02 2.289956896551724128e+02 2.518192190669371087e+02
2.550000000000000000e+02 2.292110801217038443e+02 2.518881845841785037e+02
2.550000000000000000e+02 2.286835699797160260e+02 2.518119929006085158e+02
2.550000000000000000e+02 2.254317951318458313e+02 2.515105223123732117e+02
2.550000000000000000e+02 2.231056034482758719e+02 2.507316176470588118e+02
2.550000000000000000e+02 2.219819979716024250e+02 2.504300202839756651e+02
2.550000000000000000e+02 2.222047413793103487e+02 2.505541328600405677e+02
2.550000000000000000e+02 2.221814148073022182e+02 2.505257352941176521e+02
2.550000000000000000e+02 2.225438640973630697e+02 2.507682555780933171e+02
2.550000000000000000e+02 2.227082910750507097e+02 2.509719827586206975e+02
2.550000000000000000e+02 2.229485294117646959e+02 2.509115111561866058e+02
2.550000000000000000e+02 2.223846348884381428e+02 2.509714756592292133e+02
2.550000000000000000e+02 2.217701572008113544e+02 2.507297160243407745e+02
2.550000000000000000e+02 2.212597616632860138e+02 2.504020030425963625e+02
2.550000000000000000e+02 2.216951064908722060e+02 2.504037778904665288e+02
2.550000000000000000e+02 2.219622210953346837e+02 2.506934584178499108e+02
2.550000000000000000e+02 2.224416835699797161e+02 2.511053498985801298e+02
2.550000000000000000e+02 2.229250760649087226e+02 2.507171653144016261e+02
2.550000000000000000e+02 2.235404411764705799e+02 2.508616886409736253e+02
2.550000000000000000e+02 2.239445993914807218e+02 2.511985294117646959e+02
2.550000000000000000e+02 2.243125000000000000e+02 2.507448022312373155e+02
2.550000000000000000e+02 2.252952586206896513e+02 2.510801217038539619e+02
2.550000000000000000e+02 2.255010141987829684e+02 2.511389452332657299e+02
2.550000000000000000e+02 2.259897312373225020e+02 2.510958417849898581e+02
2.550000000000000000e+02 2.260695993914807218e+02 2.512260395537525426e+02
2.550000000000000000e+02 2.260438640973630697e+02 2.513298681541582198e+02
2.550000000000000000e+02 2.266179006085192782e+02 2.513019776876267883e+02
2.550000000000000000e+02 2.269959432048681549e+02 2.513514198782961557e+02
2.550000000000000000e+02 2.275883620689655231e+02 2.513201064908722060e+02
2.550000000000000000e+02 2.281045892494929035e+02 2.513572515212981671e+02
2.550000000000000000e+02 2.281247464503042579e+02 2.516044624746450324e+02
2.550000000000000000e+02 2.284259634888438200e+02 2.517096855983772912e+02
2.550000000000000000e+02 2.260541328600405677e+02 2.513955375253549676e+02
2.550000000000000000e+02 2.223588995943204907e+02 2.506281693711967478e+02
2.550000000000000000e+02 2.203782961460446188e+02 2.503268255578093431e+02
2.550000000000000000e+02 2.203695486815415734e+02 2.501147312373225020e+02
2.550000000000000000e+02 2.204334432048681549e+02 2.502568458417849797e+02
2.550000000000000000e+02 2.205689655172413666e+02 2.503041328600405677e+02
2.550000000000000000e+02 2.204638691683570073e+02 2.499768002028397689e+02
2.550000000000000000e+02 2.202923427991886456e+02 2.504428245436105556e+02
2.550000000000000000e+02 2.203340517241379359e+02 2.504155679513184509e+02
2.550000000000000000e+02 2.202890466531440268e+02 2.505054513184584266e+02
2.550000000000000000e+02 2.202469574036511233e+02 2.504844066937119749e+02
2.550000000000000000e+02 2.200283975659229156e+02 2.504527129817444120e+02
2.550000000000000000e+02 2.202308569979716140e+02 2.505641480730223236e+02
2.550000000000000000e+02 2.207719320486815491e+02 2.505458924949290065e+02
2.550000000000000000e+02 2.214712221095334712e+02 2.503709432048681549e+02
2.550000000000000000e+02 2.215243407707910706e+02 2.505205375253549676e+02
2.550000000000000000e+02 2.216177738336714071e+02 2.508185851926977818e+02
2.550000000000000000e+02 2.221924442190669424e+02 2.506509888438133942e+02
2.550000000000000000e+02 2.222204614604462449e+02 2.505770791075050852e+02
2.550000000000000000e+02 2.227392241379310462e+02 2.506308316430020398e+02
2.550000000000000000e+02 2.233974391480730333e+02 2.507563387423934955e+02
2.550000000000000000e+02 2.231334939148073033e+02 2.508891987829614720e+02
2.550000000000000000e+02 2.237084178498985807e+02 2.505514705882353041e+02
2.550000000000000000e+02 2.240651622718052636e+02 2.507786511156186577e+02
2.550000000000000000e+02 2.245034229208924899e+02 2.509140466531440268e+02
2.550000000000000000e+02 2.250267494929006205e+02 2.509485294117646959e+02
2.550000000000000000e+02 2.254091024340770844e+02 2.510176217038539619e+02
2.550000000000000000e+02 2.259880831643002068e+02 2.508932555780933171e+02
2.550000000000000000e+02 2.262465770791075101e+02 2.513234026369168248e+02
2.550000000000000000e+02 2.265896298174442052e+02 2.511471855983772912e+02
2.550000000000000000e+02 2.247947515212981671e+02 2.508922413793103487e+02
2.550000000000000000e+02 2.204703346855983739e+02 2.503691683569979602e+02
2.550000000000000000e+02 2.176179006085192782e+02 2.500076064908722060e+02
2.550000000000000000e+02 2.169012423935091363e+02 2.496341277890466586e+02
2.550000000000000000e+02 2.173222616632860138e+02 2.495086206896551744e+02
2.550000000000000000e+02 2.172355476673427859e+02 2.494461206896551744e+02
2.550000000000000000e+02 2.165844320486815491e+02 2.497087981744421938e+02
2.550000000000000000e+02 2.163666328600405677e+02 2.495726419878296269e+02
2.550000000000000000e+02 2.163076825557809286e+02 2.495252281947261679e+02
2.550000000000000000e+02 2.164778144016227088e+02 2.496591024340770844e+02
2.550000000000000000e+02 2.163217545638945296e+02 2.495808823529411882e+02
2.550000000000000000e+02 2.164480223123732117e+02 2.497020791075050852e+02
2.550000000000000000e+02 2.160811359026369303e+02 2.497835953346856002e+02
2.550000000000000000e+02 2.166403397565922830e+02 2.496319726166328508e+02
2.550000000000000000e+02 2.172815669371196634e+02 2.497289553752535483e+02
2.550000000000000000e+02 2.176157454361054704e+02 2.502712981744421938e+02
2.550000000000000000e+02 2.183026115618661152e+02 2.500735294117646959e+02
2.550000000000000000e+02 2.192117139959431995e+02 2.499292596348884388e+02
2.550000000000000000e+02 2.193931288032454461e+02 2.501492139959431995e+02
2.550000000000000000e+02 2.195423427991886456e+02 2.498747464503042579e+02
2.550000000000000000e+02 2.197351673427992012e+02 2.499714756592292133e+02
2.550000000000000000e+02 2.203069219066937023e+02 2.502460699797160260e+02
2.550000000000000000e+02 2.200993914807302190e+02 2.501398326572007988e+02
2.550000000000000000e+02 2.206532707910750446e+02 2.503268255578093431e+02
2.550000000000000000e+02 2.210368914807302190e+02 2.507108265720081022e+02
2.550000000000000000e+02 2.213453346855983739e+02 2.506220841784989943e+02
2.550000000000000000e+02 2.220162271805273804e+02 2.506313387423934955e+02
2.550000000000000000e+02 2.224153144016227088e+02 2.508330375253549676e+02
2.550000000000000000e+02 2.232989350912778832e+02 2.508199797160243349e+02
2.550000000000000000e+02 2.223848884381338848e+02 2.502342799188641038e+02
2.550000000000000000e+02 2.179717292089249554e+02 2.500193965517241281e+02
2.550000000000000000e+02 2.149052991886409814e+02 2.496360294117646959e+02
2.550000000000000000e+02 2.133800709939148135e+02 2.494781947261663220e+02
2.550000000000000000e+02 2.139135395537525426e+02 2.494764198782961557e+02
2.550000000000000000e+02 2.140181288032454461e+02 2.496790060851926967e+02
2.550000000000000000e+02 2.136418610547667356e+02 2.495496957403651095e+02
2.550000000000000000e+02 2.135920385395537551e+02 2.495862068965517153e+02
2.550000000000000000e+02 2.138571247464502960e+02 2.495917849898580130e+02
2.550000000000000000e+02 2.135495689655172384e+02 2.498585192697768775e+02
2.550000000000000000e+02 2.131503549695740389e+02 2.497971602434077170e+02
2.550000000000000000e+02 2.131584685598377291e+02 2.494459939148073033e+02
2.550000000000000000e+02 2.134702079107505028e+02 2.493872971602434063e+02
2.550000000000000000e+02 2.138601673427992012e+02 2.496883874239350973e+02
2.550000000000000000e+02 2.146393255578093431e+02 2.497231237322515085e+02
2.550000000000000000e+02 2.152757352941176521e+02 2.498012170385395621e+02
2.550000000000000000e+02 2.154968306288032522e+02 2.501161257606490835e+02
2.550000000000000000e+02 2.161310851926977818e+02 2.500358772819472506e+02
2.550000000000000000e+02 2.162605223123732117e+02 2.499595588235294201e+02
2.550000000000000000e+02 2.163529411764705799e+02 2.502204614604462449e+02
2.550000000000000000e+02 2.169774340770790957e+02 2.503751267748478710e+02
2.550000000000000000e+02 2.173033722109533414e+02 2.504530933062880251e+02
2.550000000000000000e+02 2.182799188640973682e+02 2.504756592292089294e+02
2.550000000000000000e+02 2.182620436105476642e+02 2.506438894523326439e+02
2.550000000000000000e+02 2.193373478701825547e+02 2.505635141987829684e+02
2.550000000000000000e+02 2.196611308316429927e+02 2.508202332657200770e+02
2.550000000000000000e+02 2.205510902636916910e+02 2.507849898580121817e+02
2.550000000000000000e+02 2.196209432048681549e+02 2.505193965517241281e+02
2.550000000000000000e+02 2.148386156186612652e+02 2.502941176470588118e+02
2.550000000000000000e+02 2.108448275862068897e+02 2.499612068965517153e+02
2.550000000000000000e+02 2.102766227180527494e+02 2.494269776876267883e+02
2.550000000000000000e+02 2.099515720081136010e+02 2.496853448275862206e+02
2.549996196754563869e+02 2.107141227180527494e+02 2.495172413793103487e+02
2.550000000000000000e+02 2.103771551724137794e+02 2.492036004056795093e+02
2.550000000000000000e+02 2.102207150101419870e+02 2.494929006085192782e+02
2.550000000000000000e+02 2.110548935091277940e+02 2.495306795131845945e+02
2.550000000000000000e+02 2.107160243407707867e+02 2.497404918864097283e+02
2.550000000000000000e+02 2.106275354969573925e+02 2.493747464503042579e+02
2.550000000000000000e+02 2.104960699797160260e+02 2.495849391480730333e+02
2.550000000000000000e+02 2.107794117647058840e+02 2.497369421906693674e+02
2.550000000000000000e+02 2.111384381338742458e+02 2.497375760649087226e+02
2.550000000000000000e+02 2.109785750507099351e+02 2.497112068965517153e+02
2.550000000000000000e+02 2.116296906693712003e+02 2.499378803245436131e+02
2.550000000000000000e+02 2.130815162271805150e+02 2.494345841784989943e+02
2.550000000000000000e+02 2.134604462474644890e+02 2.500183823529411882e+02
2.550000000000000000e+02 2.142690162271805150e+02 2.499897312373225020e+02
2.550000000000000000e+02 2.145985040567951216e+02 2.499282454361054704e+02
2.550000000000000000e+02 2.143132606490872263e+02 2.504856744421906569e+02
2.550000000000000000e+02 2.153088235294117680e+02 2.501596095334685685e+02
2.550000000000000000e+02 2.160490618661257542e+02 2.503407707910750446e+02
2.550000000000000000e+02 2.170081135902636902e+02 2.505243407707910706e+02
2.550000000000000000e+02 2.174413032454361030e+02 2.508188387423934955e+02
2.550000000000000000e+02 2.185670638945233293e+02 2.504760395537525426e+02
2.550000000000000000e+02 2.188459685598377291e+02 2.506948529411764639e+02
2.550000000000000000e+02 2.180399340770790957e+02 2.504516987829614720e+02
2.549994929006085158e+02 2.131944726166328508e+02 2.501455375253549676e+02
2.550000000000000000e+02 2.099683062880324655e+02 2.490694726166328508e+02
2.550000000000000000e+02 2.079051724137931103e+02 2.491334939148073033e+02
2.550000000000000000e+02 2.085090010141987875e+02 2.489665314401622709e+02
2.550000000000000000e+02 2.082195740365111476e+02 2.489269776876267883e+02
2.550000000000000000e+02 2.079123985801217032e+02 2.488454614604462449e+02
2.550000000000000000e+02 2.068392494929006205e+02 2.488070486815415734e+02
2.550000000000000000e+02 2.083022312373225020e+02 2.489631085192697810e+02
2.550000000000000000e+02 2.083145283975659368e+02 2.487456896551724128e+02
2.550000000000000000e+02 2.078763945233265815e+02 2.486208164300202839e+02
2.550000000000000000e+02 2.077256592292089294e+02 2.486939655172413666e+02
2.550000000000000000e+02 2.090789807302231225e+02 2.488388691683570073e+02
2.550000000000000000e+02 2.094162018255578062e+02 2.491293103448275872e+02
2.550000000000000000e+02 2.103538286004056772e+02 2.492659736308316383e+02
2.550000000000000000e+02 2.112730730223123601e+02 2.491516227180527494e+02
2.550000000000000000e+02 2.117549442190669424e+02 2.491682302231237429e+02
2.550000000000000000e+02 2.123785496957403609e+02 2.494524594320486699e+02
2.550000000000000000e+02 2.129789553752535483e+02 2.496423681541582198e+02
2.550000000000000000e+02 2.137127281947261679e+02 2.498723377281947364e+02
2.550000000000000000e+02 2.149175963488843877e+02 2.498838742393509165e+02
2.550000000000000000e+02 2.153112322515212895e+02 2.498250507099391484e+02
2.550000000000000000e+02 2.157677484787018329e+02 2.501426217038539619e+02
2.550000000000000000e+02 2.166921906693712003e+02 2.500490618661257542e+02
2.550000000000000000e+02 2.171159989858012125e+02 2.501151115618661152e+02
2.550000000000000000e+02 2.176324797160243349e+02 2.500801217038539619e+02
2.550000000000000000e+02 2.181630324543610584e+02 2.503268255578093431e+02
2.550000000000000000e+02 2.187749746450304258e+02 2.506007860040568005e+02
2.550000000000000000e+02 2.193070486815415734e+02 2.505559077079107624e+02
2.550000000000000000e+02 2.200196501014198702e+02 2.505693458417849797e+02
2.550000000000000000e+02 2.202893002028397689e+02 2.505943204868154055e+02
2.550000000000000000e+02 2.209779411764705799e+02 2.507025862068965409e+02
2.550000000000000000e+02 2.218798174442190714e+02 2.509321754563894444e+02
2.550000000000000000e+02 2.222913286004056772e+02 2.508292342799188646e+02
2.550000000000000000e+02 2.213481237322515085e+02 2.505472870182555880e+02
2.550000000000000000e+02 2.153395030425963625e+02 2.500410750507099351e+02
2.550000000000000000e+02 2.108176977687626845e+02 2.490526115618661152e+02
2.550000000000000000e+02 2.093296146044624777e+02 2.489944219066937023e+02
2.550000000000000000e+02 2.096875000000000000e+02 2.492430273833671492e+02
2.550000000000000000e+02 2.100992647058823479e+02 2.489736308316429927e+02
2.550000000000000000e+02 2.100941937119675345e+02 2.489156947261663220e+02
2.550000000000000000e+02 2.092502535496957421e+02 2.491802738336714071e+02
2.550000000000000000e+02 2.092368154158214963e+02 2.491938387423934955e+02
2.550000000000000000e+02 2.094349645030426075e+02 2.491930780933062977e+02
2.550000000000000000e+02 2.098444472616632765e+02 2.488736054766734185e+02
2.550000000000000000e+02 2.094001014198782968e+02 2.492081643002028386e+02
2.550000000000000000e+02 2.101992900608519221e+02 2.492306034482758719e+02
2.550000000000000000e+02 2.112936105476673561e+02 2.493102180527383496e+02
2.550000000000000000e+02 2.125005070993914842e+02 2.493268255578093431e+02
2.550000000000000000e+02 2.135015212981744526e+02 2.499503042596348905e+02
2.550000000000000000e+02 2.135935598377282076e+02 2.500466531440162328e+02
2.550000000000000000e+02 2.142202079107505028e+02 2.502844827586206975e+02
2.550000000000000000e+02 2.147879056795131874e+02 2.504342038539553812e+02
2.550000000000000000e+02 2.157970334685598459e+02 2.502280679513184509e+02
2.550000000000000000e+02 2.154709685598377291e+02 2.503400101419878183e+02
2.550000000000000000e+02 2.157332657200811354e+02 2.503614350912778832e+02
2.550000000000000000e+02 2.162650862068965409e+02 2.498947768762677413e+02
2.550000000000000000e+02 2.173553498985801298e+02 2.497176724137931103e+02
2.550000000000000000e+02 2.176760902636916910e+02 2.502494929006085158e+02
2.550000000000000000e+02 2.185794878296146067e+02 2.500502028397565937e+02
2.550000000000000000e+02 2.189314148073022182e+02 2.503373478701825547e+02
2.550000000000000000e+02 2.194274847870182441e+02 2.507117139959431995e+02
2.550000000000000000e+02 2.194357251521298053e+02 2.509503042596348905e+02
2.550000000000000000e+02 2.205778397565922830e+02 2.507427738336714071e+02
2.550000000000000000e+02 2.213340517241379359e+02 2.510507099391480779e+02
2.550000000000000000e+02 2.218260649087221168e+02 2.512273073022312246e+02
2.550000000000000000e+02 2.204680527383367235e+02 2.508152890466531346e+02
2.550000000000000000e+02 2.148559837728194850e+02 2.498313894523326439e+02
2.550000000000000000e+02 2.109936612576065045e+02 2.492551977687626845e+02
2.550000000000000000e+02 2.100690922920892376e+02 2.490628803245436131e+02
2.550000000000000000e+02 2.100403144016227088e+02 2.495161004056795093e+02
2.550000000000000000e+02 2.112122210953346837e+02 2.492371957403651095e+02
2.550000000000000000e+02 2.111305780933062977e+02 2.490342292089249554e+02
2.550000000000000000e+02 2.106717799188641038e+02 2.490204107505070965e+02
2.549998732251521290e+02 2.118878042596348905e+02 2.494651369168356894e+02
2.550000000000000000e+02 2.126228448275862206e+02 2.496829361054766707e+02
2.550000000000000000e+02 2.131603701825557948e+02 2.492938640973630697e+02
2.550000000000000000e+02 2.127654665314401541e+02 2.498810851926977818e+02
2.550000000000000000e+02 2.135409482758620641e+02 2.497757352941176521e+02
2.550000000000000000e+02 2.146023073022312246e+02 2.500301724137931103e+02
2.550000000000000000e+02 2.156437626774847729e+02 2.501438894523326439e+02
2.550000000000000000e+02 2.166823022312373155e+02 2.500788539553752514e+02
2.550000000000000000e+02 2.172716784989858070e+02 2.500652890466531346e+02
2.550000000000000000e+02 2.170082403651115612e+02 2.502034736308316383e+02
2.550000000000000000e+02 2.177307302231237429e+02 2.501028144016227088e+02
2.550000000000000000e+02 2.175297920892494972e+02 2.504859279918863990e+02
2.550000000000000000e+02 2.179721095334685685e+02 2.504606997971602311e+02
2.550000000000000000e+02 2.180826572008113544e+02 2.503633367139959489e+02
2.550000000000000000e+02 2.190399340770790957e+02 2.502640720081136010e+02
2.550000000000000000e+02 2.194503042596348905e+02 2.505069726166328508e+02
2.550000000000000000e+02 2.203141480730223236e+02 2.506981490872210827e+02
2.550000000000000000e+02 2.208831135902636902e+02 2.508439401622717924e+02
2.550000000000000000e+02 2.216230983772819343e+02 2.511508620689655231e+02
2.550000000000000000e+02 2.225498225152129805e+02 2.507513945233265815e+02
2.550000000000000000e+02 2.233548427991886456e+02 2.509192444219066829e+02
2.550000000000000000e+02 2.242522819472616504e+02 2.506673427991886456e+02
2.550000000000000000e+02 2.234051724137931103e+02 2.507562119675456529e+02
2.550000000000000000e+02 2.168572515212981671e+02 2.496792596348884388e+02
2.550000000000000000e+02 2.117705375253549676e+02 2.489088488843813423e+02
2.550000000000000000e+02 2.106347616632860138e+02 2.488297413793103487e+02
2.550000000000000000e+02 2.108834939148073033e+02 2.489807302231237429e+02
2.550000000000000000e+02 2.109958164300202839e+02 2.491712728194726196e+02
2.550000000000000000e+02 2.114097363083164396e+02 2.494552484787018329e+02
2.550000000000000000e+02 2.115167342799188646e+02 2.491129563894523358e+02
2.550000000000000000e+02 2.121992900608519221e+02 2.491684837728194850e+02
2.550000000000000000e+02 2.127295892494929035e+02 2.490214249492900649e+02
2.550000000000000000e+02 2.128217545638945296e+02 2.493474898580121817e+02
2.550000000000000000e+02 2.126869929006085158e+02 2.492711713995943228e+02
2.550000000000000000e+02 2.135940669371196634e+02 2.494127789046653163e+02
2.550000000000000000e+02 2.147231237322515085e+02 2.495689655172413666e+02
2.550000000000000000e+02 2.160902636916835604e+02 2.493940162271805150e+02
2.550000000000000000e+02 2.172401115618661152e+02 2.495712474645030454e+02
2.550000000000000000e+02 2.179145537525355110e+02 2.501805273833671492e+02
2.550000000000000000e+02 2.188597870182555880e+02 2.499888438133874331e+02
2.550000000000000000e+02 2.194634888438133942e+02 2.501023073022312246e+02
2.550000000000000000e+02 2.201572008113590186e+02 2.500477941176470722e+02
2.550000000000000000e+02 2.208055273833671492e+02 2.501574543610547607e+02
2.550000000000000000e+02 2.212023326572007988e+02 2.503922413793103487e+02
2.550000000000000000e+02 2.213823529411764639e+02 2.503973123732251622e+02
2.550000000000000000e+02 2.220358772819472506e+02 2.506383113590263747e+02
2.550000000000000000e+02 2.226765973630831752e+02 2.507673681541582198e+02
2.550000000000000000e+02 2.235718813387424007e+02 2.506402129817444120e+02
2.550000000000000000e+02 2.244894776876267883e+02 2.509361054766734185e+02
2.550000000000000000e+02 2.255206643002028386e+02 2.512081643002028386e+02
2.550000000000000000e+02 2.261925709939148135e+02 2.514001014198782968e+02
2.550000000000000000e+02 2.255566683569979602e+02 2.510906440162271736e+02
2.550000000000000000e+02 2.189426977687626845e+02 2.499137931034482847e+02
2.550000000000000000e+02 2.130086206896551744e+02 2.488981997971602311e+02
2.550000000000000000e+02 2.113990872210953285e+02 2.487752281947261679e+02
2.550000000000000000e+02 2.117397312373225020e+02 2.487110801217038443e+02
2.550000000000000000e+02 2.123000760649087226e+02 2.487429006085192782e+02
2.550000000000000000e+02 2.124150608519269667e+02 2.490722616632860138e+02
2.550000000000000000e+02 2.120315669371196634e+02 2.488317697768762571e+02
2.550000000000000000e+02 2.128118661257606448e+02 2.488865365111561800e+02
2.550000000000000000e+02 2.131015466531440268e+02 2.494145537525355110e+02
2.550000000000000000e+02 2.125513438133874331e+02 2.489023833671399473e+02
2.550000000000000000e+02 2.128264452332657299e+02 2.491535243407707867e+02
2.550000000000000000e+02 2.131461713995943228e+02 2.487460699797160260e+02
2.550000000000000000e+02 2.136411004056795093e+02 2.488632099391480779e+02
2.550000000000000000e+02 2.145721348884381428e+02 2.493867900608519221e+02
2.550000000000000000e+02 2.159776876267748378e+02 2.495542596348884388e+02
2.550000000000000000e+02 2.167226166328600527e+02 2.496894016227180657e+02
2.550000000000000000e+02 2.173670131845841809e+02 2.496800202839756651e+02
2.550000000000000000e+02 2.182560851926977818e+02 2.498734787018255474e+02
2.550000000000000000e+02 2.186416075050709935e+02 2.504733772819472506e+02
2.550000000000000000e+02 2.191905425963488767e+02 2.501692444219066829e+02
2.550000000000000000e+02 2.192957657200811354e+02 2.502934837728194850e+02
2.550000000000000000e+02 2.206111815415821411e+02 2.502697768762677413e+02
2.550000000000000000e+02 2.204956896551724128e+02 2.505097616632860138e+02
2.550000000000000000e+02 2.213455882352941160e+02 2.503493914807302190e+02
2.550000000000000000e+02 2.225998985801217032e+02 2.506116886409736253e+02
2.550000000000000000e+02 2.234835192697768775e+02 2.507815669371196634e+02
2.550000000000000000e+02 2.236101673427992012e+02 2.508507860040568005e+02
2.550000000000000000e+02 2.214646298174442052e+02 2.503454614604462449e+02
2.550000000000000000e+02 2.144158215010141930e+02 2.494492900608519221e+02
2.550000000000000000e+02 2.105505831643002068e+02 2.486612576064908637e+02
2.550000000000000000e+02 2.094595588235294201e+02 2.487412525354969546e+02
2.550000000000000000e+02 2.099084685598377291e+02 2.487198275862068897e+02
2.550000000000000000e+02 2.105470334685598459e+02 2.490791075050709935e+02
2.550000000000000000e+02 2.104613336713995864e+02 2.488625760649087226e+02
2.550000000000000000e+02 2.110237068965517153e+02 2.491564401622717924e+02
2.550000000000000000e+02 2.123989604462474574e+02 2.491345081135902717e+02
2.550000000000000000e+02 2.132751014198782968e+02 2.492616632860040511e+02
2.550000000000000000e+02 2.131435091277890592e+02 2.493265720081136010e+02
2.550000000000000000e+02 2.137590010141987875e+02 2.497197008113590186e+02
2.550000000000000000e+02 2.148426724137931103e+02 2.496539046653143998e+02
2.550000000000000000e+02 2.159945486815415734e+02 2.497535496957403609e+02
2.550000000000000000e+02 2.174773073022312246e+02 2.501585953346856002e+02
2.550000000000000000e+02 2.187691430020283860e+02 2.504429513184584266e+02
2.550000000000000000e+02 2.197918356997971614e+02 2.506466784989858070e+02
2.550000000000000000e+02 2.208169371196754582e+02 2.505112829614604379e+02
2.550000000000000000e+02 2.213507860040568005e+02 2.507198275862068897e+02
2.550000000000000000e+02 2.216378042596348905e+02 2.507588742393509165e+02
2.550000000000000000e+02 2.219352180527383496e+02 2.508627028397565937e+02
2.550000000000000000e+02 2.224434584178499108e+02 2.505536257606490835e+02
2.550000000000000000e+02 2.229375000000000000e+02 2.505147058823529278e+02
2.550000000000000000e+02 2.235609787018255474e+02 2.511015466531440268e+02
2.550000000000000000e+02 2.241291835699797161e+02 2.509055527383367235e+02
2.550000000000000000e+02 2.245141987829614720e+02 2.511190415821500892e+02
2.550000000000000000e+02 2.248441937119675345e+02 2.510879817444219100e+02
2.550000000000000000e+02 2.256436359026369303e+02 2.512799188640973682e+02
2.550000000000000000e+02 2.263747464503042579e+02 2.513675202839756651e+02
2.550000000000000000e+02 2.273588995943204907e+02 2.514908722109533414e+02
2.550000000000000000e+02 2.263980730223123601e+02 2.515204107505070965e+02
2.550000000000000000e+02 2.186724137931034591e+02 2.502581135902636902e+02
2.550000000000000000e+02 2.129936612576065045e+02 2.493086967545638970e+02
2.550000000000000000e+02 2.108320233265719992e+02 2.490607251521298053e+02
2.550000000000000000e+02 2.114821247464502960e+02 2.491073782961460381e+02
2.550000000000000000e+02 2.117033468559837672e+02 2.490775862068965409e+02
2.550000000000000000e+02 2.116935851926977818e+02 2.488005831643002068e+02
2.550000000000000000e+02 2.115438640973630697e+02 2.487195740365111476e+02
2.550000000000000000e+02 2.117451825557809286e+02 2.489432048681541687e+02
2.550000000000000000e+02 2.125569219066937023e+02 2.491142241379310462e+02
2.550000000000000000e+02 2.123042596348884388e+02 2.490796146044624777e+02
2.550000000000000000e+02 2.126378042596348905e+02 2.491675963488843877e+02
2.550000000000000000e+02 2.131251267748478710e+02 2.495058316430020398e+02
2.550000000000000000e+02 2.137207150101419870e+02 2.490335953346856002e+02
2.550000000000000000e+02 2.143857758620689538e+02 2.492730730223123601e+02
2.550000000000000000e+02 2.152541835699797161e+02 2.495759381338742458e+02
2.550000000000000000e+02 2.161269016227180657e+02 2.497231237322515085e+02
2.550000000000000000e+02 2.169159482758620641e+02 2.498127535496957421e+02
2.550000000000000000e+02 2.177814401622717924e+02 2.499596855983772912e+02
2.550000000000000000e+02 2.185859533468559732e+02 2.498845081135902717e+02
2.550000000000000000e+02 2.189761663286004136e+02 2.499311612576065045e+02
2.550000000000000000e+02 2.194581643002028386e+02 2.497626774847870195e+02
2.550000000000000000e+02 2.200536257606490835e+02 2.499234279918863990e+02
2.550000000000000000e+02 2.206028144016227088e+02 2.501281693711967478e+02
2.550000000000000000e+02 2.209394016227180657e+02 2.503867900608519221e+02
2.550000000000000000e+02 2.223633367139959489e+02 2.503163032454361030e+02
2.550000000000000000e+02 2.231532707910750446e+02 2.504541075050709935e+02
2.550000000000000000e+02 2.237879056795131874e+02 2.507143762677484915e+02
2.550000000000000000e+02 2.239954361054766707e+02 2.511113083164300122e+02
2.550000000000000000e+02 2.245245943204868126e+02 2.510521044624746310e+02
2.550000000000000000e+02 2.244731237322515085e+02 2.512145030425963625e+02
2.550000000000000000e+02 2.254345841784989943e+02 2.511034482758620641e+02
2.550000000000000000e+02 2.224806034482758719e+02 2.507250253549695742e+02
2.550000000000000000e+02 2.141970081135902717e+02 2.494457403651115612e+02
2.550000000000000000e+02 2.098482505070993795e+02 2.487735801217038443e+02
2.550000000000000000e+02 2.091643002028397689e+02 2.483108519269776764e+02
2.550000000000000000e+02 2.092602687626774980e+02 2.487711713995943228e+02
2.550000000000000000e+02 2.097084178498985807e+02 2.485503296146044647e+02
2.550000000000000000e+02 2.098436866125760787e+02 2.486071247464502960e+02
2.550000000000000000e+02 2.103512931034482847e+02 2.484679259634888524e+02
2.550000000000000000e+02 2.105441176470588118e+02 2.487726926977687754e+02
2.550000000000000000e+02 2.104129056795131874e+02 2.485695993914807218e+02
2.550000000000000000e+02 2.095399340770790957e+02 2.486159989858012125e+02
2.550000000000000000e+02 2.098600405679513301e+02 2.481211967545638970e+02
2.550000000000000000e+02 2.097960192697768775e+02 2.482983012170385280e+02
2.550000000000000000e+02 2.099580375253549676e+02 2.487550709939148135e+02
2.550000000000000000e+02 2.113851419878296269e+02 2.489164553752535483e+02
2.550000000000000000e+02 2.123128803245436131e+02 2.491961206896551744e+02
2.550000000000000000e+02 2.133306288032454461e+02 2.492773833671399473e+02
2.550000000000000000e+02 2.139279918864097283e+02 2.494252028397565937e+02
2.550000000000000000e+02 2.147503803245436131e+02 2.495410750507099351e+02
2.550000000000000000e+02 2.146483265720081022e+02 2.495914046653143998e+02
2.550000000000000000e+02 2.155481744421906569e+02 2.494619675456389416e+02
2.550000000000000000e+02 2.162486054766734185e+02 2.499132860040568005e+02
2.550000000000000000e+02 2.167839756592292133e+02 2.499884634888438200e+02
2.550000000000000000e+02 2.177136156186612652e+02 2.498411511156186577e+02
2.550000000000000000e+02 2.186945993914807218e+02 2.502126014198782968e+02
2.550000000000000000e+02 2.192248985801217032e+02 2.504904918864097283e+02
2.550000000000000000e+02 2.203098377281947364e+02 2.504620943204868126e+02
2.550000000000000000e+02 2.212409989858012125e+02 2.505477941176470722e+02
2.550000000000000000e+02 2.187544371196754582e+02 2.499980983772819343e+02
2.550000000000000000e+02 2.111218306288032522e+02 2.490088742393509165e+02
2.550000000000000000e+02 2.066151115618661152e+02 2.482033468559837672e+02
2.550000000000000000e+02 2.055892494929006205e+02 2.479072008113590186e+02
