2.549983888292158838e+02 3.276071130206468496e+01 2.062647690655209374e+02
2.549992839240959484e+02 2.778857858933046998e+01 2.064686120062060013e+02
2.549938536818235946e+02 6.253502804630624468e+01 2.128779687313521833e+02
2.550000000000000000e+02 9.704272586227473596e+01 2.206654135338345952e+02
2.550000000000000000e+02 9.079544098341091285e+01 2.190229144289294538e+02
2.549998806540159819e+02 9.119847237140470497e+01 2.186618928273063602e+02
2.549998209810239871e+02 1.014104905119942686e+02 2.210099057166726482e+02
2.550000000000000000e+02 1.113110156343239083e+02 2.242920992958586908e+02
2.549994629430719613e+02 1.113142379758921123e+02 2.244517245494689064e+02
2.549997613080319923e+02 1.122727652464494525e+02 2.241429764888411569e+02
2.550000000000000000e+02 1.060439789951068121e+02 2.225554958825635481e+02
2.549976727533118606e+02 8.686466165413533247e+01 2.173267693042129167e+02
2.549991049051199354e+02 6.277103472968134668e+01 2.099246330110991892e+02
2.549997613080319923e+02 5.526787206110514461e+01 2.073615586585511323e+02
2.550000000000000000e+02 6.050853323785654680e+01 2.086624895572263938e+02
2.549999403270080052e+02 7.461958467597565914e+01 2.138992123165055546e+02
2.549998806540159819e+02 8.834735648645423112e+01 2.182540279269602479e+02
2.549994629430719613e+02 1.010305525719059574e+02 2.223128654970760181e+02
2.550000000000000000e+02 1.073378684807256178e+02 2.238284998209810226e+02
2.549998209810239871e+02 1.119711779448621485e+02 2.252829096550900942e+02
2.549994032700799664e+02 1.138828619166964984e+02 2.256975772765246404e+02
2.549999403270080052e+02 1.152197756295500710e+02 2.260687432867883899e+02
2.550000000000000000e+02 1.172157178660938115e+02 2.269743406134383577e+02
2.550000000000000000e+02 1.193990332975295416e+02 2.270804988662131620e+02
2.549992242511039535e+02 1.218261129013008741e+02 2.273342881012054022e+02
2.549987468671679096e+02 1.245397422126745397e+02 2.282676333691371156e+02
2.549998806540159819e+02 1.262852965747702569e+02 2.284357321876118760e+02
2.549997613080319923e+02 1.283132832080200387e+02 2.288159684926602324e+02
2.549992839240959484e+02 1.297240720849743525e+02 2.289818594104308431e+02
2.549994629430719613e+02 1.237778374507697805e+02 2.280062656641603951e+02
2.550000000000000000e+02 1.239632414369256423e+02 2.283000358037951969e+02
2.549998806540159819e+02 1.250917173887098670e+02 2.279838882921589800e+02
2.550000000000000000e+02 1.261096789593030252e+02 2.273424036281179212e+02
2.549999403270080052e+02 1.258688387635756101e+02 2.269491586108127592e+02
2.549999403270080052e+02 1.258970044158014048e+02 2.267028284998209813e+02
2.550000000000000000e+02 1.199375223773720052e+02 2.253323785654612834e+02
2.549998209810239871e+02 1.207613677049767205e+02 2.256985917173887231e+02
2.549998806540159819e+02 1.208397183434777418e+02 2.253754624656880310e+02
2.549998209810239871e+02 1.215966702470461911e+02 2.253969447428094099e+02
2.549999403270080052e+02 1.219305406373075584e+02 2.255300155149779187e+02
2.549997613080319923e+02 1.221055615228547566e+02 2.249395512591001420e+02
2.549998806540159819e+02 1.225824680749492757e+02 2.249921828380475120e+02
2.550000000000000000e+02 1.211959661057405384e+02 2.242120778135815726e+02
2.549999403270080052e+02 1.113274853801169542e+02 2.215117555794247437e+02
2.549991645781119587e+02 8.240870032223415365e+01 2.134643752237737147e+02
2.550000000000000000e+02 6.570038190714882376e+01 2.094314954051796178e+02
2.549996419620479742e+02 6.612501491824799871e+01 2.096017424513665048e+02
2.549998209810239871e+02 8.015180809165771336e+01 2.135971476309822208e+02
2.550000000000000000e+02 8.787104666427974564e+01 2.172296216732306959e+02
2.550000000000000000e+02 1.018793412101682776e+02 2.209209929585869361e+02
2.550000000000000000e+02 1.151414846640410587e+02 2.245834228428213351e+02
2.549989258861439225e+02 1.180011934598400813e+02 2.253808927079603848e+02
2.549997613080319923e+02 1.184263038548752860e+02 2.252074829931972886e+02
2.550000000000000000e+02 1.179546485260770936e+02 2.251250745912400077e+02
2.550000000000000000e+02 1.184825158133428857e+02 2.247474638978398502e+02
2.549997613080319923e+02 1.201244181883279651e+02 2.255316266857620349e+02
2.549998209810239871e+02 1.220684449218283874e+02 2.262485380116958993e+02
2.549999403270080052e+02 1.246848669292278373e+02 2.262657238333929968e+02
2.550000000000000000e+02 1.272878625134264183e+02 2.272965150972669903e+02
2.550000000000000000e+02 1.298282014560209916e+02 2.276044874089986934e+02
2.549993435970879716e+02 1.240631340255400374e+02 2.272283088674066107e+02
2.549994629430719613e+02 1.249369853204439664e+02 2.268941401121852266e+02
2.550000000000000000e+02 1.252787922186418399e+02 2.272337391096789645e+02
2.550000000000000000e+02 1.258197875641484700e+02 2.264615705931495313e+02
2.549992839240959484e+02 1.258213987349325720e+02 2.259871703067191788e+02
2.550000000000000000e+02 1.264837689461749619e+02 2.254570951187492653e+02
2.549998806540159819e+02 1.194496956677407837e+02 2.249169351951306908e+02
2.549998209810239871e+02 1.201238811313999264e+02 2.249181286549707579e+02
2.550000000000000000e+02 1.210024465926721575e+02 2.247619047619047592e+02
2.550000000000000000e+02 1.218579186060389077e+02 2.246286549707602376e+02
2.549997016350399690e+02 1.216433345267931685e+02 2.256103353622150678e+02
2.549998806540159819e+02 1.227841627879221846e+02 2.249576918486692989e+02
2.550000000000000000e+02 1.224769662250865281e+02 2.248619166965031582e+02
2.549993435970879716e+02 1.185863468194295223e+02 2.233072562358276514e+02
2.550000000000000000e+02 1.036247165532879819e+02 2.188582766439909335e+02
2.549992839240959484e+02 8.322049170545410846e+01 2.135537653657954422e+02
2.549997016350399690e+02 7.601921470342523435e+01 2.116447070056092628e+02
2.549995822890559793e+02 8.110890321040696449e+01 2.128245017305167721e+02
2.549995822890559793e+02 8.907286072323665849e+01 2.164963599474877753e+02
2.549994629430719613e+02 1.051561642200739897e+02 2.200023869196801627e+02
2.550000000000000000e+02 1.176299677765843228e+02 2.242403628117913854e+02
2.550000000000000000e+02 1.211696503162668535e+02 2.258982575486334952e+02
2.550000000000000000e+02 1.226094999403270123e+02 2.258460436806301459e+02
2.549999403270080052e+02 1.237777777777777715e+02 2.256638023630504790e+02
2.549998806540159819e+02 1.244075665353860813e+02 2.254977920992958502e+02
2.549998806540159819e+02 1.263231292517006779e+02 2.260021482277121265e+02
2.549998209810239871e+02 1.273428213390619419e+02 2.268600668337510342e+02
2.549998806540159819e+02 1.300471416636830213e+02 2.273120897481799716e+02
2.550000000000000000e+02 1.250735767991407101e+02 2.262601145721446585e+02
2.549998209810239871e+02 1.260347296813462208e+02 2.264038071368898386e+02
2.549985678481918967e+02 1.269335839598997495e+02 2.275516171380833157e+02
2.550000000000000000e+02 1.281674424155627037e+02 2.269516052034849167e+02
2.550000000000000000e+02 1.281865974459959432e+02 2.272390500059673002e+02
2.549998806540159819e+02 1.284946891037116643e+02 2.272800453514739161e+02
2.550000000000000000e+02 1.285902852369017921e+02 2.265350877192982466e+02
2.550000000000000000e+02 1.218868600071607631e+02 2.257024704618689555e+02
2.549995822890559793e+02 1.223975414727294435e+02 2.255253013486096165e+02
2.550000000000000000e+02 1.230387874448024803e+02 2.257604726100966843e+02
2.549999403270080052e+02 1.233041532402434655e+02 2.260661176751402195e+02
2.549989855591359458e+02 1.241964434896765681e+02 2.255027449576321885e+02
2.550000000000000000e+02 1.241272824919441433e+02 2.257755698770736501e+02
2.549997613080319923e+02 1.247524764291681549e+02 2.254453992123165165e+02
2.550000000000000000e+02 1.251336078290965474e+02 2.248391812865497172e+02
2.549994629430719613e+02 1.195543024227234810e+02 2.238239646735887334e+02
2.550000000000000000e+02 1.051849862752118412e+02 2.196041890440386624e+02
2.549999403270080052e+02 8.679562000238692576e+01 2.144042845208258825e+02
2.549997613080319923e+02 7.454624656880295674e+01 2.113940804391932318e+02
2.549999403270080052e+02 8.729979711182718916e+01 2.143564864542308044e+02
2.549997016350399690e+02 9.545560329394915300e+01 2.176127819548872253e+02
2.550000000000000000e+02 1.082074829931972744e+02 2.217571905955364571e+02
2.549997016350399690e+02 1.123188327962764106e+02 2.231285952977682427e+02
2.550000000000000000e+02 1.232920396228666959e+02 2.254091180331781743e+02
2.550000000000000000e+02 1.246764530373552873e+02 2.255300155149779187e+02
2.549998209810239871e+02 1.254146676214345320e+02 2.256186895810955946e+02
2.550000000000000000e+02 1.259567370807972253e+02 2.256760353264112666e+02
2.549997016350399690e+02 1.270529299439073867e+02 2.254825754863348948e+02
2.550000000000000000e+02 1.286096789593030110e+02 2.262814775032820194e+02
2.550000000000000000e+02 1.318182957393483719e+02 2.271505549588256372e+02
2.550000000000000000e+02 1.332319489199188354e+02 2.272231173171022931e+02
2.549997016350399690e+02 1.274599594223654435e+02 2.262547440028642995e+02
2.549997613080319923e+02 1.291405298961689994e+02 2.265647451963241394e+02
2.549997613080319923e+02 1.295836615347893428e+02 2.267289652703186675e+02
2.550000000000000000e+02 1.301219715956557934e+02 2.266597445995942337e+02
2.549982098102398993e+02 1.296633249791144635e+02 2.266680391454827657e+02
2.550000000000000000e+02 1.297269363885905307e+02 2.256928631101563383e+02
2.550000000000000000e+02 1.301505549588256372e+02 2.257324263038548793e+02
2.550000000000000000e+02 1.235263157894736850e+02 2.246071726936388586e+02
2.550000000000000000e+02 1.243043322592194784e+02 2.247544456379042970e+02
2.550000000000000000e+02 1.246968015276285939e+02 2.244058956916099703e+02
2.549994629430719613e+02 1.250724430122926378e+02 2.247453753431196901e+02
2.550000000000000000e+02 1.249381787802840478e+02 2.243641245972073079e+02
2.549999403270080052e+02 1.257443609022556359e+02 2.242663802363050536e+02
2.549989855591359458e+02 1.260651032342761653e+02 2.246179138321995481e+02
2.550000000000000000e+02 1.242165532879818528e+02 2.237274734455185694e+02
2.549994032700799664e+02 1.127337987826709593e+02 2.207644707005609348e+02
2.549997016350399690e+02 9.642654254684329374e+01 2.167576679794725010e+02
2.550000000000000000e+02 8.844527986633249839e+01 2.139429526196443589e+02
2.549997613080319923e+02 9.137074829931972886e+01 2.151407089151450123e+02
2.550000000000000000e+02 9.808754027926960362e+01 2.182955006564029077e+02
2.549997613080319923e+02 1.108397780164697508e+02 2.215007160759040516e+02
2.549991645781119587e+02 1.145653419262441872e+02 2.227537892349922402e+02
2.549997613080319923e+02 1.173062417949635972e+02 2.240727413772526688e+02
2.549999403270080052e+02 1.192343955125910071e+02 2.244015395631936940e+02
2.550000000000000000e+02 1.197512232963360788e+02 2.248206826590285345e+02
2.549997613080319923e+02 1.203361976369495210e+02 2.245074591240004906e+02
2.549998209810239871e+02 1.202977085571070575e+02 2.246975772765246404e+02
2.549998209810239871e+02 1.217369614512471685e+02 2.251907745554362066e+02
2.549997016350399690e+02 1.229517842224609154e+02 2.255483351235230884e+02
2.550000000000000000e+02 1.249744599594223615e+02 2.258216970998925888e+02
2.549996419620479742e+02 1.257203126864780955e+02 2.264277360066833751e+02
2.549998806540159819e+02 1.270935075784699819e+02 2.263439551259100142e+02
2.549995822890559793e+02 1.278685403986155933e+02 2.264541711421410639e+02
2.549998806540159819e+02 1.283823248597684596e+02 2.265944623463420555e+02
2.550000000000000000e+02 1.286850459482038502e+02 2.265944026733500323e+02
2.549997613080319923e+02 1.290777539085809735e+02 2.265109201575367024e+02
2.550000000000000000e+02 1.219045232127938903e+02 2.252993197278911452e+02
2.549996419620479742e+02 1.224139515455304945e+02 2.249801288936627373e+02
2.550000000000000000e+02 1.238163862036042531e+02 2.252383339300632485e+02
2.550000000000000000e+02 1.239791144527986688e+02 2.255507220432032511e+02
2.550000000000000000e+02 1.244700441580140762e+02 2.251748418665711995e+02
2.550000000000000000e+02 1.248293949158610872e+02 2.256552094522019445e+02
2.549997613080319923e+02 1.255917770617018761e+02 2.253079126387397082e+02
2.550000000000000000e+02 1.232986633249791169e+02 2.249689103711660039e+02
2.549990452321279406e+02 1.117870867645303719e+02 2.214541114691490691e+02
2.549996419620479742e+02 9.416732306957871401e+01 2.166848669292278373e+02
2.549987468671679096e+02 8.717257429287504067e+01 2.136122448979591866e+02
2.549999403270080052e+02 9.039598997493733634e+01 2.153614989855591375e+02
2.550000000000000000e+02 9.698573815491108974e+01 2.179169948681226856e+02
2.550000000000000000e+02 1.092087957990213596e+02 2.218356605800214822e+02
2.550000000000000000e+02 1.130893901420217276e+02 2.229217687074829826e+02
2.550000000000000000e+02 1.244134144886024558e+02 2.257713330946413635e+02
2.549996419620479742e+02 1.263237259816207114e+02 2.263613796395751194e+02
2.550000000000000000e+02 1.269835899271989490e+02 2.262167323069578799e+02
2.549998209810239871e+02 1.274356725146198812e+02 2.267064685523332059e+02
2.549998209810239871e+02 1.284182480009547760e+02 2.268607232366630910e+02
2.549999403270080052e+02 1.302468074949277934e+02 2.272945458885308483e+02
2.550000000000000000e+02 1.315616422007399535e+02 2.279280940446354009e+02
2.549995822890559793e+02 1.272475832438238399e+02 2.267392290249433131e+02
2.550000000000000000e+02 1.281289533357202401e+02 2.273900226757369580e+02
2.550000000000000000e+02 1.289655686836138102e+02 2.275292994390738670e+02
2.549996419620479742e+02 1.301389187253848831e+02 2.282187611886859884e+02
2.549999403270080052e+02 1.304938536818235946e+02 2.275717866093805810e+02
2.549992242511039535e+02 1.304159207542666081e+02 2.276531805704738076e+02
2.550000000000000000e+02 1.308709273182957418e+02 2.275295978040338980e+02
2.550000000000000000e+02 1.306246568802959871e+02 2.276037713330946417e+02
2.550000000000000000e+02 1.318775510204081627e+02 2.277149421171977508e+02
2.550000000000000000e+02 1.251046664279746921e+02 2.265190356844492214e+02
2.550000000000000000e+02 1.251471535982814203e+02 2.264108485499462802e+02
2.549998806540159819e+02 1.257221625492302195e+02 2.261461988304093609e+02
2.550000000000000000e+02 1.267836257309941459e+02 2.262170306719178825e+02
2.549995822890559793e+02 1.273038548752834487e+02 2.263789234992242427e+02
2.549998806540159819e+02 1.274050602697219290e+02 2.262427497314715481e+02
2.549998209810239871e+02 1.240474400286430381e+02 2.252745554362095675e+02
2.550000000000000000e+02 1.108279627640529839e+02 2.215414130564506365e+02
2.549998806540159819e+02 8.865616422007398967e+01 2.158642439431912976e+02
2.549995226160639561e+02 8.020593149540518141e+01 2.131682778374507734e+02
2.549990452321279406e+02 8.481423797589211233e+01 2.149024346580737586e+02
2.549998806540159819e+02 9.341890440386680439e+01 2.172325456498388689e+02
2.550000000000000000e+02 1.070026256116481704e+02 2.219084616302661459e+02
2.549994032700799664e+02 1.197897123761785423e+02 2.256629669411624377e+02
2.549998806540159819e+02 1.229976727533118463e+02 2.266535386084258334e+02
2.550000000000000000e+02 1.245365795440983447e+02 2.271186895810955946e+02
2.550000000000000000e+02 1.261667860126506753e+02 2.266999641962048031e+02
2.549999403270080052e+02 1.262155985201097934e+02 2.270291204200978541e+02
2.549998806540159819e+02 1.277391096789593092e+02 2.271882682897720542e+02
2.550000000000000000e+02 1.293085093686597418e+02 2.278321398734932473e+02
2.549999403270080052e+02 1.319209332855949413e+02 2.285981620718462750e+02
2.549998209810239871e+02 1.344470103831006043e+02 2.288305883757011543e+02
2.549998209810239871e+02 1.358215180809165759e+02 2.296723356009070187e+02
2.550000000000000000e+02 1.363748060627759742e+02 2.295920754266618928e+02
2.549997613080319923e+02 1.298435374149659935e+02 2.282536698890082221e+02
2.549993435970879716e+02 1.304138918725384997e+02 2.277637546246568832e+02
2.549989855591359458e+02 1.299411624298842298e+02 2.281408282611290019e+02
2.550000000000000000e+02 1.302575486334884829e+02 2.280513187731232847e+02
2.549998806540159819e+02 1.299360305525719070e+02 2.272491944146079561e+02
2.549998209810239871e+02 1.298310657596371982e+02 2.271811075307315946e+02
2.550000000000000000e+02 1.303603651987110652e+02 2.272255042367824274e+02
2.549997016350399690e+02 1.235548991526435145e+02 2.253364960019095236e+02
2.549996419620479742e+02 1.239843060031030006e+02 2.255366392170903396e+02
2.549997016350399690e+02 1.248672275927915081e+02 2.254834705812149309e+02
2.549994629430719613e+02 1.245109201575367024e+02 2.256238214584079174e+02
2.549992242511039535e+02 1.246978756414846572e+02 2.253428213390619419e+02
2.550000000000000000e+02 1.241932808211003731e+02 2.253613796395751194e+02
2.549996419620479742e+02 1.196352189998806494e+02 2.232714524406253815e+02
2.549995226160639561e+02 1.057689461749612150e+02 2.204288697935314474e+02
2.549995226160639561e+02 8.995631936985320465e+01 2.149047619047618980e+02
2.549997016350399690e+02 8.587826709631221433e+01 2.140539443847714551e+02
2.550000000000000000e+02 9.159004654493375597e+01 2.158593507578470110e+02
2.549991645781119587e+02 9.756850459482038218e+01 2.181279388948561859e+02
2.550000000000000000e+02 1.092843418068981975e+02 2.216246568802959871e+02
2.549997016350399690e+02 1.119921828380474977e+02 2.232781358157297973e+02
2.549997016350399690e+02 1.235315670127700258e+02 2.258828022437045036e+02
2.550000000000000000e+02 1.184158610812746133e+02 2.245664160401002505e+02
2.550000000000000000e+02 1.260440386680988212e+02 2.267678123881131285e+02
2.549994629430719613e+02 1.188070772168516527e+02 2.252049767275331078e+02
2.550000000000000000e+02 1.199068504594820439e+02 2.247915622389306520e+02
2.550000000000000000e+02 1.214011815252416824e+02 2.246738274257071168e+02
2.550000000000000000e+02 1.229346580737558128e+02 2.257968134622269929e+02
2.550000000000000000e+02 1.239078649003460981e+02 2.254791144527986546e+02
2.550000000000000000e+02 1.247479412817758657e+02 2.260503640052512253e+02
2.549995226160639561e+02 1.260448740899868767e+02 2.257324263038548793e+02
2.549998806540159819e+02 1.271241794963599432e+02 2.256006683375104558e+02
2.550000000000000000e+02 1.262135696383816708e+02 2.254300632533715145e+02
2.550000000000000000e+02 1.261913712853562544e+02 2.258250387874448109e+02
2.550000000000000000e+02 1.269554839479651491e+02 2.260244062537295520e+02
2.550000000000000000e+02 1.274255877789712343e+02 2.255110991765127153e+02
2.550000000000000000e+02 1.279400883160281666e+02 2.256343239050005991e+02
2.550000000000000000e+02 1.288852488363766611e+02 2.254242153001551401e+02
2.549998209810239871e+02 1.217805227354099600e+02 2.246298484306003047e+02
2.550000000000000000e+02 1.231152882205513777e+02 2.243429406850459600e+02
2.549997613080319923e+02 1.234391335481561072e+02 2.241062775987587941e+02
2.550000000000000000e+02 1.217460317460317469e+02 2.240236305048335055e+02
2.550000000000000000e+02 1.116686358754027992e+02 2.210985797827902957e+02
2.549996419620479742e+02 9.189539324501730277e+01 2.159044635398018954e+02
2.549998209810239871e+02 7.976435135457691672e+01 2.113981382026494771e+02
2.549998806540159819e+02 8.172866690535863654e+01 2.120842582647094048e+02
2.550000000000000000e+02 8.897851772287862104e+01 2.153612006205991065e+02
2.550000000000000000e+02 1.038138202649480775e+02 2.188668098818474732e+02
2.550000000000000000e+02 1.157890559732664997e+02 2.217849982098102259e+02
2.549997016350399690e+02 1.190893901420217276e+02 2.241173171022795145e+02
2.550000000000000000e+02 1.218326172574292912e+02 2.240725026852846327e+02
2.550000000000000000e+02 1.227969328082109968e+02 2.242682897720491724e+02
2.549999403270080052e+02 1.225904045828857818e+02 2.250493495643871711e+02
2.549999403270080052e+02 1.241081274615109180e+02 2.252477025898078580e+02
2.549998806540159819e+02 1.257934717746747850e+02 2.258245614035087669e+02
2.549997016350399690e+02 1.278630504833512305e+02 2.258245017305167721e+02
2.550000000000000000e+02 1.299206945936269335e+02 2.266328320802005010e+02
2.549997613080319923e+02 1.321376655925528212e+02 2.267047977085570949e+02
2.549999403270080052e+02 1.328823845327604829e+02 2.267623224728487799e+02
2.550000000000000000e+02 1.335449934359708664e+02 2.267767036639217224e+02
2.549998209810239871e+02 1.344849624060150290e+02 2.272186418427019987e+02
2.549992242511039535e+02 1.275454111469149012e+02 2.259680152762859393e+02
2.549999403270080052e+02 1.277193579186060362e+02 2.262861319966582982e+02
2.550000000000000000e+02 1.283443131638620400e+02 2.266074710585988896e+02
2.549998209810239871e+02 1.287956200023869258e+02 2.263484306003103086e+02
2.550000000000000000e+02 1.292974101921470265e+02 2.255997732426303912e+02
2.549997016350399690e+02 1.290881370091896372e+02 2.259779806659505823e+02
2.549997613080319923e+02 1.298598281417830265e+02 2.259410430839002402e+02
2.550000000000000000e+02 1.308683613796395662e+02 2.260127700202888263e+02
2.550000000000000000e+02 1.310108604845447076e+02 2.259517842224609012e+02
2.549997613080319923e+02 1.313251581334288005e+02 2.261802124358515300e+02
2.550000000000000000e+02 1.244026136770497715e+02 2.246606993674662931e+02
2.549989855591359458e+02 1.197897720491705513e+02 2.237750328201456114e+02
2.549998209810239871e+02 1.047657835063850058e+02 2.195056689342403615e+02
2.549998209810239871e+02 8.397272944265425565e+01 2.131200023869196798e+02
2.549991049051199354e+02 7.745136651151688056e+01 2.116670843776107063e+02
2.549999403270080052e+02 8.208521303258144997e+01 2.129251103950352046e+02
2.550000000000000000e+02 9.833393006325337637e+01 2.168526673827425668e+02
2.549997613080319923e+02 1.043739706408879329e+02 2.199097147630982079e+02
2.549998806540159819e+02 1.156747821935791904e+02 2.236151092015753648e+02
2.549999403270080052e+02 1.200630743525480426e+02 2.248340494092373660e+02
2.549992839240959484e+02 1.216288339897362505e+02 2.250924334646139187e+02
2.549997613080319923e+02 1.227953813104189038e+02 2.248261129013008599e+02
2.549999403270080052e+02 1.231425587778971220e+02 2.255658193101802169e+02
2.550000000000000000e+02 1.235622389306599871e+02 2.256123045709511814e+02
2.549994032700799664e+02 1.253739109678959238e+02 2.257868480725623499e+02
2.550000000000000000e+02 1.273924095954171207e+02 2.260307315908819703e+02
2.550000000000000000e+02 1.291192863110156281e+02 2.270102637546246456e+02
2.550000000000000000e+02 1.306319966583124597e+02 2.273363766559255339e+02
2.550000000000000000e+02 1.316592672156581898e+02 2.270649838882921472e+02
2.549993435970879716e+02 1.330792457333810717e+02 2.269948084496956540e+02
2.549998209810239871e+02 1.259078052273541033e+02 2.264373433583959923e+02
2.549999403270080052e+02 1.265061463181763912e+02 2.257730039384174745e+02
2.550000000000000000e+02 1.264751163623344041e+02 2.259326888650196850e+02
2.549998806540159819e+02 1.267263396586704829e+02 2.259248717030671969e+02
2.549999403270080052e+02 1.267447786131996708e+02 2.253620957154791711e+02
2.550000000000000000e+02 1.273291562238930652e+02 2.253881728129848341e+02
2.549997613080319923e+02 1.280289414011218412e+02 2.258732545649838812e+02
2.550000000000000000e+02 1.286721565819310058e+02 2.258825038787444726e+02
2.549998209810239871e+02 1.288885905239288832e+02 2.256893424036281317e+02
2.550000000000000000e+02 1.297259816207184713e+02 2.256729323308270807e+02
2.550000000000000000e+02 1.227499701635040026e+02 2.252243704499343551e+02
2.549995226160639561e+02 1.234456975772765190e+02 2.250426661892827269e+02
2.550000000000000000e+02 1.232352309344790484e+02 2.252988423439551298e+02
2.549996419620479742e+02 1.182346342045590148e+02 2.232795679675379006e+02
2.549995226160639561e+02 1.028893662728249154e+02 2.188751641007280000e+02
2.549999403270080052e+02 8.599289891395154939e+01 2.141100966702470600e+02
2.549998209810239871e+02 8.407924573338107166e+01 2.138132235350280439e+02
2.549994032700799664e+02 9.092952619644348999e+01 2.153486096192863215e+02
2.550000000000000000e+02 1.048820861678004519e+02 2.195147392290249400e+02
2.549997016350399690e+02 1.085633130445160504e+02 2.212173290368779135e+02
2.549998806540159819e+02 1.206565222580260155e+02 2.248211003699725552e+02
2.550000000000000000e+02 1.231664876476906585e+02 2.251734693877550910e+02
2.549997613080319923e+02 1.247259219477264622e+02 2.259820384294068560e+02
2.550000000000000000e+02 1.259085213032581407e+02 2.258140589569161136e+02
2.550000000000000000e+02 1.263364363289175287e+02 2.257276524644945823e+02
2.550000000000000000e+02 1.275098460436806249e+02 2.260222580260174254e+02
2.550000000000000000e+02 1.288619166965031582e+02 2.266710824680749568e+02
2.549997613080319923e+02 1.302255639097744222e+02 2.275254803675856294e+02
2.549997016350399690e+02 1.311488244420575313e+02 2.273907984246330045e+02
2.549995822890559793e+02 1.322814775032820194e+02 2.278456259696861252e+02
2.549998209810239871e+02 1.332252655448144196e+02 2.284109082229383034e+02
2.549995822890559793e+02 1.268594104308390058e+02 2.275726817042606456e+02
2.550000000000000000e+02 1.264757727652464467e+02 2.270040577634562737e+02
2.549991645781119587e+02 1.271987110633727127e+02 2.274643752237737147e+02
2.549995822890559793e+02 1.279640171858217030e+02 2.276199427139276850e+02
2.549999403270080052e+02 1.278817878028404351e+02 2.270616422007399535e+02
2.549992242511039535e+02 1.287298603651987037e+02 2.274333452679317418e+02
2.549999403270080052e+02 1.288304690297171362e+02 2.275615228547559354e+02
2.550000000000000000e+02 1.299460556152285449e+02 2.275554958825635481e+02
2.550000000000000000e+02 1.298963480128893764e+02 2.277304570951187372e+02
2.550000000000000000e+02 1.305325217806420710e+02 2.278850101444086533e+02
2.549995822890559793e+02 1.314521422604129270e+02 2.281195250029836359e+02
2.549992839240959484e+02 1.239699844850220813e+02 2.268245017305167721e+02
2.549997613080319923e+02 1.156221506146318205e+02 2.248833989736245371e+02
2.549994032700799664e+02 9.968802959780403228e+01 2.197520587182241343e+02
2.550000000000000000e+02 8.362752118391216527e+01 2.161117078410311478e+02
2.550000000000000000e+02 8.418265902852368754e+01 2.158955125910013066e+02
2.550000000000000000e+02 9.152178064208139574e+01 2.195134264232008547e+02
2.550000000000000000e+02 1.066291323546962673e+02 2.217984843060031039e+02
2.549990452321279406e+02 1.176727533118510536e+02 2.256558061821219781e+02
2.549997613080319923e+02 1.221367108246807476e+02 2.260806778851891750e+02
2.549991645781119587e+02 1.243910967895930355e+02 2.273828022437045036e+02
2.549994032700799664e+02 1.258878744480248173e+02 2.283992719894975494e+02
2.550000000000000000e+02 1.268357202530134913e+02 2.286380833034968418e+02
2.549995822890559793e+02 1.275880773361976424e+02 2.287589211123045629e+02
2.549997016350399690e+02 1.293818474758324442e+02 2.286679794724907424e+02
2.549999403270080052e+02 1.307565341926244287e+02 2.291104547081990574e+02
2.550000000000000000e+02 1.317975295381310445e+02 2.294061343835780065e+02
2.550000000000000000e+02 1.330838405537653557e+02 2.299220670724430136e+02
2.550000000000000000e+02 1.342582647093925345e+02 2.302722281895214280e+02
2.549997613080319923e+02 1.342869077455543732e+02 2.305872419143095726e+02
2.549998806540159819e+02 1.280056092612483667e+02 2.291408282611290019e+02
2.550000000000000000e+02 1.284860961928631014e+02 2.291346819429526249e+02
2.550000000000000000e+02 1.283804749970163641e+02 2.287780761427378025e+02
2.550000000000000000e+02 1.295057882802243796e+02 2.283268886501969348e+02
2.549996419620479742e+02 1.288734932569519174e+02 2.281600429645542363e+02
2.549998806540159819e+02 1.289067907864900349e+02 2.283341687552213841e+02
2.550000000000000000e+02 1.293921112304570897e+02 2.283262919202768728e+02
2.549998806540159819e+02 1.302087361260293505e+02 2.284630624179496294e+02
2.550000000000000000e+02 1.304752357083184222e+02 2.281582527747941356e+02
2.549999403270080052e+02 1.304891395154552924e+02 2.285696383816684545e+02
2.549994629430719613e+02 1.249018379281537108e+02 2.274028523690177792e+02
2.549998209810239871e+02 1.247992600548991504e+02 2.279707602339181278e+02
2.549995226160639561e+02 1.232099295858694319e+02 2.265840792457333919e+02
2.549997016350399690e+02 1.119349564387158438e+02 2.247131519274376501e+02
2.549998806540159819e+02 9.343686597445996256e+01 2.193996300274495752e+02
2.549990452321279406e+02 8.283548156104546933e+01 2.164399092970521679e+02
2.549998806540159819e+02 8.663647213271273984e+01 2.179274376417233441e+02
2.549997613080319923e+02 9.422311731710227889e+01 2.199175915980427192e+02
2.549992242511039535e+02 1.077712137486573596e+02 2.241333094641365449e+02
2.549998806540159819e+02 1.196576560448740878e+02 2.272118391216135649e+02
2.549988662131519277e+02 1.225424871703067140e+02 2.285557345745315558e+02
2.550000000000000000e+02 1.253262322472848780e+02 2.289909297052154216e+02
2.550000000000000000e+02 1.270042964554242815e+02 2.297596968612006094e+02
2.549997016350399690e+02 1.286890440386681007e+02 2.305703544575725061e+02
2.550000000000000000e+02 1.291721565819310058e+02 2.307261606396944842e+02
2.549999403270080052e+02 1.302021720969089529e+02 2.303394199785177250e+02
2.549997613080319923e+02 1.310149779209929477e+02 2.304209929585869361e+02
2.549989855591359458e+02 1.326421410669530871e+02 2.300414130564506365e+02
2.550000000000000000e+02 1.329565580618212266e+02 2.307593388232485836e+02
2.550000000000000000e+02 1.264933762978875791e+02 2.299231411862990910e+02
2.549989855591359458e+02 1.267371404702231814e+02 2.296752595775152201e+02
2.550000000000000000e+02 1.271475713092254409e+02 2.301048454469507192e+02
2.550000000000000000e+02 1.267322472848788664e+02 2.294806062775987527e+02
2.550000000000000000e+02 1.263031984723714061e+02 2.293127461510920284e+02
2.550000000000000000e+02 1.268275450531089632e+02 2.292413175796634448e+02
2.549997613080319923e+02 1.270325814536340800e+02 2.289904523212793777e+02
2.550000000000000000e+02 1.270719059553645991e+02 2.285806778851891750e+02
2.550000000000000000e+02 1.279602577873254603e+02 2.285406969805466133e+02
2.550000000000000000e+02 1.281291920276882763e+02 2.291638620360424738e+02
2.549998806540159819e+02 1.218228308867406611e+02 2.277775987588017585e+02
2.549999403270080052e+02 1.216985917173887088e+02 2.279343000358038012e+02
2.549989258861439225e+02 1.224914070891514513e+02 2.282987826709631349e+02
2.549996419620479742e+02 1.212793292755698786e+02 2.278994510084735623e+02
2.549998806540159819e+02 1.133990332975295416e+02 2.252577873254564906e+02
2.549988065401599329e+02 1.013684210526315752e+02 2.219138918725384997e+02
2.550000000000000000e+02 9.334526793173409942e+01 2.196824800095476746e+02
2.550000000000000000e+02 9.374698651390380633e+01 2.197746151092015623e+02
2.550000000000000000e+02 9.843788041532403099e+01 2.220581811672037134e+02
2.549998209810239871e+02 1.099625850340135997e+02 2.241944742809404545e+02
2.549995822890559793e+02 1.133410908222938360e+02 2.260409953455066159e+02
2.549999403270080052e+02 1.167456737080797211e+02 2.276942355889724183e+02
2.550000000000000000e+02 1.182774794128177547e+02 2.277403031387993906e+02
2.549998806540159819e+02 1.196359947487767101e+02 2.275072801050244777e+02
2.549998806540159819e+02 1.192900704141305681e+02 2.270390858097624971e+02
2.550000000000000000e+02 1.198397780164697508e+02 2.279515455304928935e+02
2.550000000000000000e+02 1.211080081155269141e+02 2.282544456379042970e+02
2.549995226160639561e+02 1.230145602100489270e+02 2.296031746031746081e+02
2.549998806540159819e+02 1.252004415801408328e+02 2.296663683017066546e+02
2.550000000000000000e+02 1.260405776345625952e+02 2.296537176274018464e+02
2.550000000000000000e+02 1.268103592314118657e+02 2.298368540398615494e+02
2.549992839240959484e+02 1.279467716911325965e+02 2.292479412817758657e+02
2.550000000000000000e+02 1.278544575725026817e+02 2.293653777300393983e+02
2.550000000000000000e+02 1.279586466165413583e+02 2.288572025301348560e+02
2.550000000000000000e+02 1.211382623224728547e+02 2.281166010263754629e+02
2.550000000000000000e+02 1.212693042129132408e+02 2.274459362692445268e+02
2.549996419620479742e+02 1.218540995345506559e+02 2.279628237259816217e+02
2.549998209810239871e+02 1.213995106814655713e+02 2.280538250387874371e+02
2.550000000000000000e+02 1.219731471535982763e+02 2.280615825277479303e+02
2.550000000000000000e+02 1.217964554242749671e+02 2.276831960854517263e+02
2.549993435970879716e+02 1.224770258980785229e+02 2.272330230337749128e+02
2.550000000000000000e+02 1.220307912638739651e+02 2.264681346222699574e+02
2.550000000000000000e+02 1.145370569280343744e+02 2.251067549826948380e+02
2.550000000000000000e+02 1.033090464255877805e+02 2.209931972789115662e+02
2.549982694832318941e+02 9.578869793531447385e+01 2.191102160162310497e+02
2.550000000000000000e+02 9.512507459124000775e+01 2.195955364601981046e+02
2.549999403270080052e+02 9.929054779806659781e+01 2.211639813820264919e+02
2.549985678481918967e+02 1.110892111230457147e+02 2.241954290488125139e+02
2.550000000000000000e+02 1.135181405895691569e+02 2.249733858455662983e+02
2.550000000000000000e+02 1.165945816923260594e+02 2.257805824084019548e+02
2.550000000000000000e+02 1.184400286430361575e+02 2.267827306361140813e+02
2.549994032700799664e+02 1.189075665353860813e+02 2.264963002744957521e+02
2.549997613080319923e+02 1.184209929585869503e+02 2.270176035326411181e+02
2.549997613080319923e+02 1.187110633727175042e+02 2.264975534073278425e+02
2.549997613080319923e+02 1.193546962644707037e+02 2.268853085093686559e+02
2.549998209810239871e+02 1.203950352070652769e+02 2.266297887576083099e+02
2.549998806540159819e+02 1.217619644348967682e+02 2.267752118391216243e+02
2.549999403270080052e+02 1.235873015873015817e+02 2.273391812865497172e+02
2.549999403270080052e+02 1.245883757011576591e+02 2.279435493495643925e+02
2.550000000000000000e+02 1.256281775868242079e+02 2.280045351473922892e+02
2.549999403270080052e+02 1.264412817758682479e+02 2.276905955364601937e+02
2.549998806540159819e+02 1.267484186657118954e+02 2.279205752476429154e+02
2.550000000000000000e+02 1.267872657835063848e+02 2.276339061940565784e+02
2.549992839240959484e+02 1.270090702947845784e+02 2.270957751521661407e+02
2.549999403270080052e+02 1.270278076142737831e+02 2.276081871345029128e+02
2.549997613080319923e+02 1.283626924453992046e+02 2.271877312328440155e+02
2.550000000000000000e+02 1.282108246807494822e+02 2.275670127700202841e+02
2.549996419620479742e+02 1.291157656044874216e+02 2.276928034371643434e+02
2.549996419620479742e+02 1.295429048812507347e+02 2.278278434180689942e+02
2.550000000000000000e+02 1.222923976608187075e+02 2.264936746628475817e+02
2.550000000000000000e+02 1.185593149540517999e+02 2.253204439670604984e+02
2.549998806540159819e+02 1.070315073397780168e+02 2.220303735529299445e+02
2.549983291562238890e+02 9.054475474400285862e+01 2.175887934121016940e+02
2.549997613080319923e+02 8.271273421649361524e+01 2.150519155030433183e+02
2.550000000000000000e+02 8.606068743286787992e+01 2.165634323905000542e+02
2.550000000000000000e+02 9.962561164816803227e+01 2.194125790667144145e+02
2.550000000000000000e+02 1.031459004654493441e+02 2.212825516171380968e+02
2.549994629430719613e+02 1.148339300632533764e+02 2.249047619047618980e+02
2.549995226160639561e+02 1.182739587062895339e+02 2.253857262203126766e+02
2.550000000000000000e+02 1.203337510442773635e+02 2.262806420813939496e+02
2.550000000000000000e+02 1.222445995942236578e+02 2.267500298364959974e+02
2.550000000000000000e+02 1.241287146437522324e+02 2.274346580737558270e+02
2.549976130803198373e+02 1.243586943549349542e+02 2.273891275808568935e+02
2.549999403270080052e+02 1.263670485738154952e+02 2.275206468552333092e+02
2.549999403270080052e+02 1.279595417114214086e+02 2.277648884115049555e+02
2.549999403270080052e+02 1.291571786609380581e+02 2.282397660818713518e+02
2.550000000000000000e+02 1.296521064566177301e+02 2.284888411504952899e+02
2.550000000000000000e+02 1.308316624895572318e+02 2.292297410192147140e+02
2.550000000000000000e+02 1.312463897839837728e+02 2.286159446234634345e+02
2.550000000000000000e+02 1.326018021243585281e+02 2.288680630146795636e+02
2.549997016350399690e+02 1.252117197756295468e+02 2.282697815968492705e+02
2.549999403270080052e+02 1.263135815729800697e+02 2.274724907506862337e+02
2.549999403270080052e+02 1.266949516648764700e+02 2.279250507220432098e+02
2.550000000000000000e+02 1.269994629430719613e+02 2.279740422484783267e+02
2.550000000000000000e+02 1.274137725265544816e+02 2.276004893185344429e+02
2.550000000000000000e+02 1.283376297887575959e+02 2.271443489676572369e+02
2.550000000000000000e+02 1.286580737558181227e+02 2.275513187731232847e+02
2.550000000000000000e+02 1.291265664160401059e+02 2.277925766797947347e+02
2.550000000000000000e+02 1.282894736842105203e+02 2.273637665592552821e+02
2.549993435970879716e+02 1.146818832796276411e+02 2.244757130922544377e+02
2.550000000000000000e+02 1.040163503998090420e+02 2.209628833989736165e+02
2.550000000000000000e+02 9.792743764172335830e+01 2.198063014679555920e+02
2.550000000000000000e+02 9.964667621434539058e+01 2.199735648645423112e+02
2.550000000000000000e+02 1.019259458169232602e+02 2.208664518438954474e+02
2.550000000000000000e+02 1.129211719775629490e+02 2.231883279627640491e+02
2.549999403270080052e+02 1.152422126745434952e+02 2.242680510800811646e+02
2.549994629430719613e+02 1.171793173409714797e+02 2.257971715001790187e+02
2.549994629430719613e+02 1.186701873731948922e+02 2.262519990452321395e+02
2.549998209810239871e+02 1.188757011576560387e+02 2.256981740064446740e+02
2.549999403270080052e+02 1.187363050483351259e+02 2.255882563551736553e+02
2.549997016350399690e+02 1.189024943310657534e+02 2.256762143453872795e+02
2.550000000000000000e+02 1.198677646497195326e+02 2.254071488244420607e+02
2.550000000000000000e+02 1.209982098102398851e+02 2.254330469029717108e+02
2.549992839240959484e+02 1.216006086645184325e+02 2.258973027807614358e+02
2.549985081751999019e+02 1.223284401479890136e+02 2.263970640887933996e+02
2.549997016350399690e+02 1.230787683494450420e+02 2.263032581453634009e+02
2.549998806540159819e+02 1.229652106456617702e+02 2.267598758801766223e+02
2.549988662131519277e+02 1.236190476190476204e+02 2.263615586585511323e+02
2.549989258861439225e+02 1.237061105143811943e+02 2.261826590285236875e+02
2.549998806540159819e+02 1.241339658670485733e+02 2.258203842940685036e+02
2.550000000000000000e+02 1.244212316505549580e+02 2.257912638739706495e+02
2.550000000000000000e+02 1.243541592075426649e+02 2.256996061582527773e+02
2.550000000000000000e+02 1.253235469626447127e+02 2.254900346103353570e+02
2.550000000000000000e+02 1.257593984962406068e+02 2.257709153836973428e+02
2.549999403270080052e+02 1.247330230337749128e+02 2.255658193101802169e+02
2.550000000000000000e+02 1.162828499820980994e+02 2.234786370688626391e+02
2.549999403270080052e+02 1.001895214226041304e+02 2.194255877789712486e+02
2.549997016350399690e+02 8.769298245614035636e+01 2.147333810717269387e+02
2.549999403270080052e+02 9.079567967537892059e+01 2.159100131280582389e+02
2.549992242511039535e+02 9.737033058837570820e+01 2.188963480128893764e+02
2.549997016350399690e+02 1.022661415443370316e+02 2.212750328201456114e+02
2.549994032700799664e+02 1.145807375581811698e+02 2.247370211242391633e+02
2.550000000000000000e+02 1.182366630862871517e+02 2.259584079245733506e+02
2.549998806540159819e+02 1.210756056808688328e+02 2.265261964434896811e+02
2.550000000000000000e+02 1.222752118391216101e+02 2.268139992839240904e+02
2.549999403270080052e+02 1.237895333572025294e+02 2.271240601503759535e+02
2.550000000000000000e+02 1.256629072681704287e+02 2.274489199188447230e+02
2.550000000000000000e+02 1.260910013128058296e+02 2.277441818832796230e+02
2.549996419620479742e+02 1.275439789951068121e+02 2.279027330230337611e+02
2.550000000000000000e+02 1.280472610096670110e+02 2.282604129371046611e+02
2.549997016350399690e+02 1.296463181763933505e+02 2.282090941639813764e+02
2.549998806540159819e+02 1.300481561045470755e+02 2.290546604606755068e+02
2.550000000000000000e+02 1.308438357799259961e+02 2.285167681107530768e+02
2.549999403270080052e+02 1.311427377968731491e+02 2.280907029478458128e+02
2.549994032700799664e+02 1.237289055973266443e+02 2.270495285833631840e+02
2.549997613080319923e+02 1.232616063969447424e+02 2.267509846043680568e+02
2.549995226160639561e+02 1.232045590165890872e+02 2.264762501491824764e+02
2.549999403270080052e+02 1.237232963360782918e+02 2.264847237140470213e+02
2.550000000000000000e+02 1.237846998448502234e+02 2.262711540756653505e+02
2.549995822890559793e+02 1.243456259696861252e+02 2.266618331543143654e+02
2.549998209810239871e+02 1.254542308151330730e+02 2.264711779448621485e+02
2.550000000000000000e+02 1.229757130922544519e+02 2.253483709273182853e+02
2.549998806540159819e+02 1.104526793173409658e+02 2.227866093805943422e+02
2.550000000000000000e+02 9.500405776345625952e+01 2.183321398734932473e+02
2.550000000000000000e+02 9.072550423678242737e+01 2.171290726817042582e+02
2.549980904642558812e+02 9.558407924573337766e+01 2.188482515813342957e+02
2.550000000000000000e+02 1.012091538369733854e+02 2.203019453395393157e+02
2.550000000000000000e+02 1.122857142857142918e+02 2.240487528344671091e+02
2.549998806540159819e+02 1.145221386800334216e+02 2.257635159326888754e+02
2.550000000000000000e+02 1.170671321160043021e+02 2.253671082468075042e+02
2.549994032700799664e+02 1.195017305167681059e+02 2.256607590404582879e+02
2.549998209810239871e+02 1.207000835421888070e+02 2.261257309941520361e+02
2.549998806540159819e+02 1.222688865019692059e+02 2.265901062179257792e+02
2.550000000000000000e+02 1.236395154553049309e+02 2.266040100250626494e+02
2.549998806540159819e+02 1.252585034013605423e+02 2.273925289414011104e+02
2.549998806540159819e+02 1.268321398734932615e+02 2.275353860842582776e+02
2.550000000000000000e+02 1.276706647571309219e+02 2.279845446950710084e+02
2.549995822890559793e+02 1.287376178541591969e+02 2.281774078052273467e+02
2.550000000000000000e+02 1.296943549349564364e+02 2.279613319011815236e+02
2.549999403270080052e+02 1.299741019214703499e+02 2.279450411743644906e+02
2.550000000000000000e+02 1.304826351593268896e+02 2.279298842343955016e+02
2.549998806540159819e+02 1.230128296932808212e+02 2.271625492302184171e+02
2.549999403270080052e+02 1.237944265425468444e+02 2.268575008950948870e+02
2.550000000000000000e+02 1.240426661892827269e+02 2.268750447547440103e+02
2.549997016350399690e+02 1.244956438715837237e+02 2.271706050841389128e+02
2.549997016350399690e+02 1.245039980904642505e+02 2.269588853085093660e+02
2.549994032700799664e+02 1.251777061701873777e+02 2.271457214464733170e+02
2.550000000000000000e+02 1.252588017663205591e+02 2.272398257548633467e+02
2.549996419620479742e+02 1.263304690297171504e+02 2.276087838644229748e+02
2.549998806540159819e+02 1.253549349564387114e+02 2.273572025301348560e+02
2.549997613080319923e+02 1.150858097625014977e+02 2.245424274973147192e+02
2.549996419620479742e+02 9.628684807256236411e+01 2.188829215896884932e+02
2.549998209810239871e+02 8.370115765604487024e+01 2.159421171977562892e+02
2.549995226160639561e+02 8.507375581811672305e+01 2.164485618808926972e+02
2.549986871941759148e+02 9.102446592672156100e+01 2.178074352548036643e+02
2.549992242511039535e+02 1.049932569519035752e+02 2.219689700441580271e+02
2.550000000000000000e+02 1.092335004177109425e+02 2.241572980069220762e+02
2.549999403270080052e+02 1.205339539324501743e+02 2.264991645781119587e+02
2.549998806540159819e+02 1.225112781954887282e+02 2.266726339658670497e+02
2.549998806540159819e+02 1.231617138083303473e+02 2.274606158252774719e+02
2.550000000000000000e+02 1.233151330707721627e+02 2.270865258384055494e+02
2.550000000000000000e+02 1.251761546723952705e+02 2.273758205036400568e+02
2.549999403270080052e+02 1.265330588375701097e+02 2.280865258384055494e+02
2.550000000000000000e+02 1.284642558777897250e+02 2.285849146676214332e+02
2.550000000000000000e+02 1.308290965509010562e+02 2.290609261248359019e+02
2.549993435970879716e+02 1.322568325575844312e+02 2.295871822413175778e+02
2.549992839240959484e+02 1.257842821339061885e+02 2.281284759517842247e+02
2.549995822890559793e+02 1.268277837450769852e+02 2.282631578947368496e+02
2.549999403270080052e+02 1.273434777419739845e+02 2.283647810001193363e+02
2.549997016350399690e+02 1.267423320205275132e+02 2.285866451843895391e+02
2.549990452321279406e+02 1.278829215896885074e+02 2.280562716314595946e+02
2.549983888292158838e+02 1.271075307315908844e+02 2.280375939849623990e+02
2.550000000000000000e+02 1.272552213868003292e+02 2.282459124000477289e+02
2.549997613080319923e+02 1.205751282969328031e+02 2.263208020050125242e+02
2.549999403270080052e+02 1.205599713569638425e+02 2.265787683494450278e+02
2.549998806540159819e+02 1.217077813581572912e+02 2.266634443250984532e+02
2.550000000000000000e+02 1.220543620957154758e+02 2.266503759398496243e+02
2.549997613080319923e+02 1.210489318534431362e+02 2.260873612602935907e+02
2.549998209810239871e+02 1.116262083780880801e+02 2.234694474280940426e+02
2.549996419620479742e+02 9.728863826232247902e+01 2.187153598281417715e+02
2.550000000000000000e+02 8.822598162071845707e+01 2.167424513665115171e+02
2.549996419620479742e+02 9.065240482157774693e+01 2.173944384771452576e+02
2.549989855591359458e+02 9.703890679078648418e+01 2.199126387397064093e+02
2.549998806540159819e+02 1.083957512829693286e+02 2.231331901181525268e+02
2.550000000000000000e+02 1.118841747225205836e+02 2.241500179018975984e+02
2.549986275211839200e+02 1.134641365318057069e+02 2.248832199546485242e+02
2.549995226160639561e+02 1.131959661057405384e+02 2.247284878863826236e+02
2.550000000000000000e+02 1.125066833751044300e+02 2.243627521183912279e+02
2.550000000000000000e+02 1.133104785773958696e+02 2.246461988304093609e+02
2.549989258861439225e+02 1.146999045232127941e+02 2.242871464375223809e+02
2.550000000000000000e+02 1.167323069578708612e+02 2.246101563432390549e+02
2.549997016350399690e+02 1.179478458049886598e+02 2.256450053705692937e+02
2.549999403270080052e+02 1.193945578231292473e+02 2.256750805585392072e+02
2.549999403270080052e+02 1.202657835063850058e+02 2.258176393364363150e+02
2.549990452321279406e+02 1.215169471297290897e+02 2.254874089986871866e+02
2.549992839240959484e+02 1.221636233440744661e+02 2.259813223535028044e+02
2.549999403270080052e+02 1.224230218403150730e+02 2.254933762978875791e+02
2.550000000000000000e+02 1.231083661534789400e+02 2.256642797469865229e+02
2.549996419620479742e+02 1.158164458765962479e+02 2.249326291920276901e+02
2.550000000000000000e+02 1.162135099653896617e+02 2.243243227115407592e+02
2.549998209810239871e+02 1.170163503998090420e+02 2.243559493973027941e+02
2.549997613080319923e+02 1.182292039622866753e+02 2.246314596013844209e+02
2.549999403270080052e+02 1.187528344671201808e+02 2.247033058837570252e+02
2.549989855591359458e+02 1.180877192982456165e+02 2.243366750208855365e+02
2.549997613080319923e+02 1.103361976369495210e+02 2.221873135218999948e+02
2.550000000000000000e+02 9.548520109798305100e+01 2.177888769542904868e+02
2.549989258861439225e+02 8.683040935672514138e+01 2.153613199665831246e+02
2.549998209810239871e+02 8.710759040458287927e+01 2.162736603413295029e+02
2.549985081751999019e+02 9.214798902016947579e+01 2.168856665473206817e+02
2.550000000000000000e+02 1.037031865377730071e+02 2.201609977324262957e+02
2.550000000000000000e+02 1.062966344432509800e+02 2.215281059792337999e+02
2.550000000000000000e+02 1.096585511397541524e+02 2.231316982933524287e+02
2.550000000000000000e+02 1.115983410908222879e+02 2.235409356725146210e+02
2.549998806540159819e+02 1.195345506623702079e+02 2.248773720014321498e+02
2.550000000000000000e+02 1.194517842224609154e+02 2.249726100966702518e+02
2.550000000000000000e+02 1.203427616660699329e+02 2.247687671559851879e+02
2.549999403270080052e+02 1.140655806182121950e+02 2.243039742212674525e+02
2.550000000000000000e+02 1.233735529299439122e+02 2.255936865974460090e+02
2.549996419620479742e+02 1.257092135099653945e+02 2.259356725146198812e+02
2.549998209810239871e+02 1.266635636710824713e+02 2.266837331423797650e+02
2.549996419620479742e+02 1.207560568086883848e+02 2.256544337033058696e+02
2.549998806540159819e+02 1.215292397660818722e+02 2.258018259935553260e+02
2.549998806540159819e+02 1.225001193459840039e+02 2.259165174841866701e+02
2.549995226160639561e+02 1.232060508413891853e+02 2.257608903210407050e+02
2.550000000000000000e+02 1.227408401957274151e+02 2.260358037952022983e+02
2.549995822890559793e+02 1.234229024943310691e+02 2.256510323427616527e+02
2.549999403270080052e+02 1.235275092493137663e+02 2.254589449815013609e+02
2.550000000000000000e+02 1.239587062895333531e+02 2.254881250745912382e+02
2.550000000000000000e+02 1.247027091538369774e+02 2.254377610693400129e+02
2.549986275211839200e+02 1.247408998687194241e+02 2.251467955603293944e+02
2.550000000000000000e+02 1.251405298961689994e+02 2.249462943071965526e+02
2.549999403270080052e+02 1.251230457095118709e+02 2.258616183315431556e+02
2.549998806540159819e+02 1.091954887218045087e+02 2.225002386919680077e+02
2.549997613080319923e+02 9.135666547320683151e+01 2.168944384771452576e+02
2.550000000000000000e+02 7.632086167800453325e+01 2.121695309702828638e+02
2.550000000000000000e+02 7.479949874686717237e+01 2.126087241914309516e+02
2.549995226160639561e+02 8.004391932211481731e+01 2.138564864542308044e+02
2.549983888292158838e+02 9.518922305764411362e+01 2.176546127222818825e+02
2.549994032700799664e+02 1.077727652464494525e+02 2.213268289772049116e+02
2.549996419620479742e+02 1.126170784103114926e+02 2.224628833989736165e+02
2.549997016350399690e+02 1.148285594939730316e+02 2.234466523451485784e+02
2.549998209810239871e+02 1.157425707124955210e+02 2.244332855949397185e+02
2.549998806540159819e+02 1.163619166965031582e+02 2.246306838524883744e+02
2.549989258861439225e+02 1.170816326530612201e+02 2.243062417949635972e+02
2.550000000000000000e+02 1.186993077932927605e+02 2.239295858694354990e+02
2.550000000000000000e+02 1.207620241078887631e+02 2.252626805108008057e+02
2.549997016350399690e+02 1.240686239408043861e+02 2.259800692206707140e+02
2.550000000000000000e+02 1.262752715121136191e+02 2.261236424394319044e+02
2.549998209810239871e+02 1.283950352070652912e+02 2.262781954887217921e+02
2.550000000000000000e+02 1.301285356247762195e+02 2.261083661534789258e+02
2.549991049051199354e+02 1.312721685165294048e+02 2.265434419381787734e+02
2.549995822890559793e+02 1.326121852249671917e+02 2.257690655209452189e+02
2.549994629430719613e+02 1.335423678243227243e+02 2.235177825516171310e+02
2.550000000000000000e+02 1.269274973147153531e+02 2.203110753073159174e+02
2.550000000000000000e+02 1.286337271750805655e+02 2.176923260532282995e+02
2.550000000000000000e+02 1.293649600190953493e+02 2.158135815729800697e+02
2.550000000000000000e+02 1.305708915145005449e+02 2.149248717030671969e+02
2.549992242511039535e+02 1.322725265544814306e+02 2.129013008712256863e+02
2.550000000000000000e+02 1.328212793889485681e+02 2.114020766201217327e+02
2.550000000000000000e+02 1.338690774555436178e+02 2.097324263038548793e+02
2.550000000000000000e+02 1.349752357083184222e+02 2.085797231173171156e+02
2.549990452321279406e+02 1.357395870628953389e+02 2.090553168635875352e+02
2.549999403270080052e+02 1.360713092254445655e+02 2.097074829931972886e+02
2.550000000000000000e+02 1.359007041413056527e+02 2.111476309822174358e+02
2.549999403270080052e+02 1.307563551736484158e+02 2.098995703544575804e+02
2.549997613080319923e+02 1.140035207065282208e+02 2.068743286788399587e+02
2.549999403270080052e+02 9.778917531925050355e+01 2.028404940923738025e+02
2.549982694832318941e+02 9.445691609977323822e+01 2.025255997135696475e+02
2.550000000000000000e+02 9.956784819190833957e+01 2.042782551617138154e+02
2.550000000000000000e+02 1.144367466284759587e+02 2.094070891514500659e+02
2.549998806540159819e+02 1.178348251581334267e+02 2.121074710585988896e+02
2.550000000000000000e+02 1.287729442654254797e+02 2.160067430480964390e+02
2.550000000000000000e+02 1.304052392886979419e+02 2.174720730397422130e+02
2.549997613080319923e+02 1.309594820384293996e+02 2.180827664399093067e+02
2.549991645781119587e+02 1.300546604606755068e+02 2.181714405060269826e+02
2.549992839240959484e+02 1.290516171380833157e+02 2.184458765962525320e+02
2.550000000000000000e+02 1.295147989020169348e+02 2.189339419978517753e+02
2.549997016350399690e+02 1.313347058121494229e+02 2.195774555436209710e+02
2.549994032700799664e+02 1.328834586466165320e+02 2.206354576918486714e+02
2.550000000000000000e+02 1.357388113139992925e+02 2.221133190118152640e+02
2.549989855591359458e+02 1.381884473087480671e+02 2.230420097863706985e+02
2.550000000000000000e+02 1.398836973385845681e+02 2.238012292636352925e+02
2.549983888292158838e+02 1.353347654851414177e+02 2.233184150853323899e+02
2.549995822890559793e+02 1.365413533834586417e+02 2.235030433225921911e+02
2.549997613080319923e+02 1.371776464971953828e+02 2.250896885069817301e+02
2.549998209810239871e+02 1.374344193817877908e+02 2.248086883876357547e+02
2.550000000000000000e+02 1.375236305048335055e+02 2.247597565341926327e+02
2.549995822890559793e+02 1.378952738990332989e+02 2.249015992361856888e+02
2.550000000000000000e+02 1.307750924931376062e+02 2.239348967657238347e+02
2.549999403270080052e+02 1.311329514261845191e+02 2.228205036400525216e+02
2.549999403270080052e+02 1.308242630385487644e+02 2.229983291562238890e+02
2.549999403270080052e+02 1.314568564267812292e+02 2.234566774078052163e+02
2.549997613080319923e+02 1.314721327127342079e+02 2.238319608545172343e+02
2.549962406015037573e+02 1.319009428332736604e+02 2.235569877073636462e+02
2.549992242511039535e+02 1.321238811313999406e+02 2.237414369256474629e+02
2.550000000000000000e+02 1.333289175319250432e+02 2.241507936507936449e+02
2.549998209810239871e+02 1.242298006922067088e+02 2.229360305525719070e+02
2.549997613080319923e+02 1.131581334288101175e+02 2.189660460675498257e+02
2.550000000000000000e+02 9.683864422962167851e+01 2.149057166726339574e+02
2.549990452321279406e+02 9.058294545888530536e+01 2.132312328440148121e+02
2.549995822890559793e+02 9.247511636233440413e+01 2.137457930540637392e+02
2.549982694832318941e+02 9.763360782909654745e+01 2.163613796395751194e+02
2.550000000000000000e+02 1.106006683375104416e+02 2.193853681823606507e+02
2.549988065401599329e+02 1.217047977085571091e+02 2.224641962047977017e+02
2.550000000000000000e+02 1.233284998209810226e+02 2.233293949158610872e+02
2.550000000000000000e+02 1.233425229741019251e+02 2.230786490034610381e+02
2.549997613080319923e+02 1.230150375939849567e+02 2.229355531686358631e+02
2.549999403270080052e+02 1.231151688745673738e+02 2.232928153717627424e+02
2.550000000000000000e+02 1.236972192385726288e+02 2.232966344432509800e+02
2.550000000000000000e+02 1.244439073875164041e+02 2.237056928034371595e+02
2.549999403270080052e+02 1.261684568564267863e+02 2.240769184866929322e+02
2.549997016350399690e+02 1.280340732784341924e+02 2.246814655686836204e+02
2.549995226160639561e+02 1.295168874567370949e+02 2.248191908342284364e+02
2.550000000000000000e+02 1.301626089032104119e+02 2.249433106575963848e+02
2.549992242511039535e+02 1.304736842105263293e+02 2.255446353980188690e+02
2.550000000000000000e+02 1.310931495405179703e+02 2.253577395870628948e+02
2.549998806540159819e+02 1.242356486454230833e+02 2.246867764649719561e+02
2.550000000000000000e+02 1.243498030791263886e+02 2.239092970521541872e+02
2.549996419620479742e+02 1.243212197159565591e+02 2.244066117675140219e+02
2.549992242511039535e+02 1.245169471297290897e+02 2.239320324621076566e+02
2.550000000000000000e+02 1.244976130803198515e+02 2.241778255161713673e+02
2.550000000000000000e+02 1.248786251342642259e+02 2.241224489795918373e+02
2.550000000000000000e+02 1.256001312805824028e+02 2.243425826470939342e+02
2.549999403270080052e+02 1.255686836137963951e+02 2.242491944146079561e+02
2.549995226160639561e+02 1.263647213271273415e+02 2.245281656522257947e+02
2.549998209810239871e+02 1.273730158730158735e+02 2.241738870986991401e+02
2.549995226160639561e+02 1.264303019453395365e+02 2.240994748776703602e+02
2.550000000000000000e+02 1.168254564983888315e+02 2.222095118749253970e+02
2.549999403270080052e+02 9.294426542546842995e+01 2.155836018617973480e+02
2.550000000000000000e+02 8.338554720133667786e+01 2.128295739348371001e+02
2.549998209810239871e+02 8.481352189998806068e+01 2.138323785654612834e+02
2.550000000000000000e+02 1.005878983172216294e+02 2.174184270199307889e+02
2.550000000000000000e+02 1.060910013128058296e+02 2.203273660341329503e+02
2.549988662131519277e+02 1.179887218045112718e+02 2.229486215538847205e+02
2.550000000000000000e+02 1.208145363408521291e+02 2.241488244420575313e+02
2.549992242511039535e+02 1.220714882444205784e+02 2.249751760353263990e+02
2.549989855591359458e+02 1.226349206349206327e+02 2.247386322950232795e+02
2.549998209810239871e+02 1.228220551378446146e+02 2.240667740780522763e+02
2.550000000000000000e+02 1.234883637665592602e+02 2.246484664041055055e+02
2.549999403270080052e+02 1.239377013963480181e+02 2.250736364721327050e+02
2.549996419620479742e+02 1.261049647929347231e+02 2.256254923021840284e+02
2.549994629430719613e+02 1.288311254326291930e+02 2.257838047499701588e+02
2.549999403270080052e+02 1.304893185344313054e+02 2.258818474758324442e+02
2.550000000000000000e+02 1.318890679078648986e+02 2.268862036042487205e+02
2.550000000000000000e+02 1.329269005847953338e+02 2.268056450650435636e+02
2.549998806540159819e+02 1.262294426542546830e+02 2.262234156820622957e+02
2.550000000000000000e+02 1.263955125910013066e+02 2.261556271631459651e+02
2.549998806540159819e+02 1.261394557823129219e+02 2.261963838166845733e+02
2.549995226160639561e+02 1.267866093805943422e+02 2.263008115526912434e+02
2.549997613080319923e+02 1.272209094163981433e+02 2.262385726220312563e+02
2.549998806540159819e+02 1.275995942236543783e+02 2.257204917054541227e+02
2.550000000000000000e+02 1.278533834586466185e+02 2.259405060269722014e+02
2.549997016350399690e+02 1.282081393961093170e+02 2.259482038429406714e+02
2.549999403270080052e+02 1.238356605800214822e+02 2.246546723952739057e+02
2.550000000000000000e+02 1.038486096192863073e+02 2.197761069340016604e+02
2.549997016350399690e+02 9.232879818594103938e+01 2.171517484186657043e+02
2.549995226160639561e+02 8.900936865974459522e+01 2.158557703783267812e+02
2.549995226160639561e+02 9.309690893901419884e+01 2.172683494450411672e+02
2.550000000000000000e+02 1.049957035445757185e+02 2.202261009667024609e+02
2.549993435970879716e+02 1.093442534908700310e+02 2.219197994987468689e+02
2.550000000000000000e+02 1.134688506981740090e+02 2.234248717030671969e+02
2.550000000000000000e+02 1.231091419023749864e+02 2.262821935791860710e+02
2.550000000000000000e+02 1.248184150853323757e+02 2.258339300632533764e+02
2.550000000000000000e+02 1.249826351593268896e+02 2.257944265425468302e+02
2.549999403270080052e+02 1.179441460794844261e+02 2.248965867048573841e+02
2.550000000000000000e+02 1.186077097505668974e+02 2.243780284043442066e+02
2.550000000000000000e+02 1.202098699128774371e+02 2.253397780164697508e+02
2.549996419620479742e+02 1.212682897720491724e+02 2.251263277240720981e+02
2.550000000000000000e+02 1.218338107172693583e+02 2.254813820264947992e+02
2.549998806540159819e+02 1.236306838524883602e+02 2.248763575605680956e+02
2.549994032700799664e+02 1.239817997374388341e+02 2.259372240124119742e+02
2.549999403270080052e+02 1.247304570951187515e+02 2.260615825277479303e+02
2.549998806540159819e+02 1.250167681107530768e+02 2.260452321279389025e+02
2.550000000000000000e+02 1.262882205513784442e+02 2.255699367466284855e+02
2.549999403270080052e+02 1.259551855830051323e+02 2.253397780164697508e+02
2.550000000000000000e+02 1.265104427736006727e+02 2.258266499582288986e+02
2.549998209810239871e+02 1.261475713092254409e+02 2.255962525361021562e+02
2.550000000000000000e+02 1.270016708437761110e+02 2.256768707482993079e+02
2.550000000000000000e+02 1.191086048454469477e+02 2.247102876238214719e+02
2.550000000000000000e+02 1.156005489915264377e+02 2.239827545053109077e+02
2.549999403270080052e+02 1.022163742690058541e+02 2.198590523928869800e+02
2.550000000000000000e+02 9.093901420217210330e+01 2.161941162429884287e+02
2.549998209810239871e+02 8.836012650674304325e+01 2.152840434419381666e+02
2.550000000000000000e+02 9.312686478100012266e+01 2.167539085809762582e+02
2.549997016350399690e+02 1.066537773003938412e+02 2.206667860126506753e+02
2.549999403270080052e+02 1.102835063850101420e+02 2.219964196204797702e+02
2.549997016350399690e+02 1.218822055137844558e+02 2.251192863110156281e+02
2.550000000000000000e+02 1.240046544933762931e+02 2.246445279866332498e+02
2.549997016350399690e+02 1.245934479054779871e+02 2.259257071249552382e+02
2.549998806540159819e+02 1.245818116720372331e+02 2.257437044993436075e+02
2.550000000000000000e+02 1.261254326291920336e+02 2.258283804749970045e+02
2.550000000000000000e+02 1.278209810239885371e+02 2.263236066356367076e+02
2.550000000000000000e+02 1.288479532163742647e+02 2.264029717150017973e+02
2.550000000000000000e+02 1.301957870867645397e+02 2.265455304928989051e+02
2.550000000000000000e+02 1.311559852010979910e+02 2.271969805466046068e+02
2.550000000000000000e+02 1.312374388351831840e+02 2.273160281656522272e+02
2.550000000000000000e+02 1.259088196682181575e+02 2.258448502207900788e+02
2.550000000000000000e+02 1.262369614512471685e+02 2.263739706408879329e+02
2.549999403270080052e+02 1.265308509368659742e+02 2.260465449337629877e+02
2.549998806540159819e+02 1.269225444563790433e+02 2.266282969328082117e+02
2.550000000000000000e+02 1.263327366034132950e+02 2.251911922663802272e+02
2.549999403270080052e+02 1.263740899868719367e+02 2.259190834228428173e+02
2.549998806540159819e+02 1.268779090583601885e+02 2.251563432390500168e+02
2.550000000000000000e+02 1.269325695190356811e+02 2.258132832080200387e+02
2.549996419620479742e+02 1.279403866809881833e+02 2.254791741257906779e+02
2.549995226160639561e+02 1.282689461749612008e+02 2.260382503878744558e+02
2.550000000000000000e+02 1.182777181047857766e+02 2.236645781119465255e+02
2.550000000000000000e+02 1.068164458765962479e+02 2.211646974579305436e+02
2.549991645781119587e+02 9.250638501014441317e+01 2.163228905597326559e+02
2.549999403270080052e+02 8.669757727652464041e+01 2.158595894498150187e+02
2.549993435970879716e+02 9.112865497076023757e+01 2.165304928989139626e+02
2.550000000000000000e+02 1.045699964196204803e+02 2.196994868122687592e+02
2.550000000000000000e+02 1.090545411146914887e+02 2.210211839121613480e+02
2.549995226160639561e+02 1.192267573696145178e+02 2.248921112304570897e+02
2.549993435970879716e+02 1.220862274734455184e+02 2.253962883398973531e+02
2.549989258861439225e+02 1.231620121732903641e+02 2.257819548872180349e+02
2.549994032700799664e+02 1.234423558897243112e+02 2.255126506743048083e+02
2.549989855591359458e+02 1.240399212316505526e+02 2.252114214106695442e+02
2.550000000000000000e+02 1.251364124597207308e+02 2.256945339539324493e+02
2.549997016350399690e+02 1.266834944504117431e+02 2.265466046067549826e+02
2.549989258861439225e+02 1.279586466165413583e+02 2.267663205633130303e+02
2.550000000000000000e+02 1.290954171142141149e+02 2.273455662966941304e+02
2.549999403270080052e+02 1.305921947726459109e+02 2.268038548752834345e+02
2.550000000000000000e+02 1.321068743286788276e+02 2.273187731232843873e+02
2.549999403270080052e+02 1.327227592791502673e+02 2.273867406611767592e+02
2.550000000000000000e+02 1.329564983888292033e+02 2.278114333452679432e+02
2.550000000000000000e+02 1.265192743764172292e+02 2.260068623940804287e+02
2.550000000000000000e+02 1.257335004177109425e+02 2.267229979711182750e+02
2.549982098102398993e+02 1.255664160401002505e+02 2.265767394677169193e+02
2.549998209810239871e+02 1.257706170187373260e+02 2.262378565461272331e+02
2.549997613080319923e+02 1.261503759398496243e+02 2.259217090344909877e+02
2.550000000000000000e+02 1.260856307435254848e+02 2.252610096670246946e+02
2.550000000000000000e+02 1.261518677646497224e+02 2.250066833751044157e+02
2.549997613080319923e+02 1.261734693877551052e+02 2.250729800692206766e+02
2.549997016350399690e+02 1.269656283566058050e+02 2.252543859649122737e+02
2.550000000000000000e+02 1.196891633846521046e+02 2.244502923976608315e+02
2.550000000000000000e+02 1.162506862394080400e+02 2.234948084496956540e+02
2.550000000000000000e+02 1.042116004296455429e+02 2.198667502088554784e+02
2.549991645781119587e+02 8.959917651271034345e+01 2.153227712137486662e+02
2.549996419620479742e+02 8.567704976727533506e+01 2.142639933166248909e+02
2.549998806540159819e+02 8.928845924334646611e+01 2.153200262561164777e+02
2.550000000000000000e+02 9.519715956558061976e+01 2.176980546604606843e+02
2.550000000000000000e+02 1.081255519751760374e+02 2.210899271989497663e+02
2.549999403270080052e+02 1.106213151927437650e+02 2.225824084019572808e+02
2.549989855591359458e+02 1.200016708437761110e+02 2.245833631698293402e+02
2.549991049051199354e+02 1.205557345745315700e+02 2.240091896407685965e+02
2.549995822890559793e+02 1.200877192982456165e+02 2.243298722997971026e+02
2.549992839240959484e+02 1.199135935075784687e+02 2.241377849385368108e+02
2.550000000000000000e+02 1.210895094880057314e+02 2.246025182002625513e+02
2.550000000000000000e+02 1.224203365556749077e+02 2.251978159684926482e+02
2.549997613080319923e+02 1.240002983649600168e+02 2.257682300990571775e+02
2.549997016350399690e+02 1.254267215658193066e+02 2.259578111946532886e+02
2.549997016350399690e+02 1.269855591359350768e+02 2.263006922067072537e+02
2.549993435970879716e+02 1.279634801288936643e+02 2.260389067907864842e+02
2.549998806540159819e+02 1.288684210526315894e+02 2.263603055257190704e+02
2.550000000000000000e+02 1.221434538727771866e+02 2.253153717627401704e+02
2.549995226160639561e+02 1.221584317937701343e+02 2.251770497672753208e+02
2.549994629430719613e+02 1.219065520945220129e+02 2.248404940923738025e+02
2.550000000000000000e+02 1.230028046306241833e+02 2.253475951784222389e+02
2.550000000000000000e+02 1.231766320563313002e+02 2.255971476309822208e+02
2.549993435970879716e+02 1.231504356128416333e+02 2.248057644110275817e+02
2.549972550423678115e+02 1.238129251700680271e+02 2.254922425110395068e+02
2.549994032700799664e+02 1.247702589807853002e+02 2.248507578469984480e+02
2.549998209810239871e+02 1.228040935672514564e+02 2.241634443250984532e+02
2.549999403270080052e+02 1.134480248239646727e+02 2.221486454230815184e+02
2.549997613080319923e+02 9.633870390261367334e+01 2.177900107411385591e+02
2.549996419620479742e+02 8.355137844611529374e+01 2.132789115646258438e+02
2.549993435970879716e+02 8.401891633846521756e+01 2.139077455543620943e+02
2.550000000000000000e+02 9.085415920754266494e+01 2.157642320085928986e+02
2.549991645781119587e+02 9.681393961093209555e+01 2.178644229621673105e+02
2.550000000000000000e+02 1.099755340732784390e+02 2.217855352667382647e+02
