2.549999278499278432e+02 1.545122655122655075e+01 1.948181818181818130e+02
2.549997835497835581e+02 1.339098124098124032e+01 1.990704184704184740e+02
2.550000000000000000e+02 3.727640692640692777e+01 2.024120490620490500e+02
2.549974025974025835e+02 1.267272727272727195e+01 1.951781385281385326e+02
2.550000000000000000e+02 3.933953823953824269e+01 2.005596681096681095e+02
2.550000000000000000e+02 5.165613275613275590e+01 2.040648629148629141e+02
2.549996392496392446e+02 8.005036075036075260e+01 2.146566378066378036e+02
2.549992784992784891e+02 1.022520923520923475e+02 2.213266955266955165e+02
2.549987012987012918e+02 1.098273448773448706e+02 2.223188311688311671e+02
2.549994227994228027e+02 1.152758297258297233e+02 2.236883838383838281e+02
2.550000000000000000e+02 1.173155122655122682e+02 2.243354256854256903e+02
2.549989898989898904e+02 1.182831890331890321e+02 2.242524531024531029e+02
2.549998556998556865e+02 1.187380952380952408e+02 2.247078643578643664e+02
2.549996392496392446e+02 1.206153679653679660e+02 2.253080086580086459e+02
2.550000000000000000e+02 1.235424242424242465e+02 2.254699855699855675e+02
2.549994949494949594e+02 1.257001443001443022e+02 2.259002886002886044e+02
2.550000000000000000e+02 1.283520923520923418e+02 2.266444444444444457e+02
2.549999278499278432e+02 1.302293650793650670e+02 2.273048340548340605e+02
2.550000000000000000e+02 1.319329725829725817e+02 2.269412698412698433e+02
2.549999278499278432e+02 1.184694083694083702e+02 2.246527417027417073e+02
2.549997835497835581e+02 1.193331890331890293e+02 2.246658730158730179e+02
2.549997113997114013e+02 1.192670274170274212e+02 2.254927128427128480e+02
2.549997113997114013e+02 1.200781385281385241e+02 2.252300144300144211e+02
2.549997113997114013e+02 1.209132756132756157e+02 2.249168831168831275e+02
2.550000000000000000e+02 1.222408369408369424e+02 2.252824675324675354e+02
2.550000000000000000e+02 1.231935064935064901e+02 2.253712842712842814e+02
2.549998556998556865e+02 1.237055555555555486e+02 2.250851370851370916e+02
2.549989177489177621e+02 1.246741702741702795e+02 2.249342712842712899e+02
2.549987734487734485e+02 1.241284271284271341e+02 2.255615440115440151e+02
2.549997835497835581e+02 1.241630591630591596e+02 2.253061327561327687e+02
2.549987012987012918e+02 1.254611832611832654e+02 2.253339105339105402e+02
2.550000000000000000e+02 1.256667388167388140e+02 2.252416305916305816e+02
2.549999278499278432e+02 1.227765512265512200e+02 2.253823953823953730e+02
2.549981962481962512e+02 1.106272005772005826e+02 2.219402597402597337e+02
2.549988455988456053e+02 7.503174603174603874e+01 2.137560606060606005e+02
2.549994949494949594e+02 6.371630591630591312e+01 2.105893939393939434e+02
2.549995670995670878e+02 6.581010101010100755e+01 2.099787157287157413e+02
2.549998556998556865e+02 8.177734487734487345e+01 2.146822510822510708e+02
2.549999278499278432e+02 8.690028860028860436e+01 2.165772005772005855e+02
2.549997113997114013e+02 9.115793650793651182e+01 2.176536075036075033e+02
2.549992063492063608e+02 9.704797979797979224e+01 2.203272727272727138e+02
2.549998556998556865e+02 1.010440115440115392e+02 2.206810966810966761e+02
2.550000000000000000e+02 1.020575036075036053e+02 2.208257575757575637e+02
2.549994227994228027e+02 1.022543290043290085e+02 2.209281385281385326e+02
2.549997113997114013e+02 1.038538961038961048e+02 2.206215728715728801e+02
2.550000000000000000e+02 1.060514430014430047e+02 2.209720779220779150e+02
2.549999278499278432e+02 1.077223665223665279e+02 2.219419913419913541e+02
2.549994227994228027e+02 1.099957431457431483e+02 2.223384559884559906e+02
2.550000000000000000e+02 1.113805916305916242e+02 2.238509379509379471e+02
2.549999278499278432e+02 1.142927849927849877e+02 2.232886724386724495e+02
2.549999278499278432e+02 1.158053391053391010e+02 2.245340548340548423e+02
2.550000000000000000e+02 1.178421356421356450e+02 2.245536075036075090e+02
2.550000000000000000e+02 1.184358585858585826e+02 2.252510101010101096e+02
2.550000000000000000e+02 1.193540404040404042e+02 2.247485569985570066e+02
2.549995670995670878e+02 1.202338383838383891e+02 2.256518759018759113e+02
2.549987012987012918e+02 1.217349927849927838e+02 2.249290043290043286e+02
2.549999278499278432e+02 1.226078643578643579e+02 2.254353535353535278e+02
2.550000000000000000e+02 1.230626984126984098e+02 2.251150072150072106e+02
2.550000000000000000e+02 1.239121212121212068e+02 2.258485569985570010e+02
2.549995670995670878e+02 1.245700577200577186e+02 2.262321789321789254e+02
2.549997835497835581e+02 1.256769119769119811e+02 2.262725108225108102e+02
2.549997113997114013e+02 1.259827561327561369e+02 2.268324675324675184e+02
2.549989177489177621e+02 1.257948051948051926e+02 2.262615440115440038e+02
2.549997113997114013e+02 1.228910533910533900e+02 2.247007215007214995e+02
2.550000000000000000e+02 1.053955988455988404e+02 2.211108946608946724e+02
2.549997835497835581e+02 7.896277056277055806e+01 2.142482683982684080e+02
2.549998556998556865e+02 7.228802308802308119e+01 2.115541125541125496e+02
2.549992063492063608e+02 7.824112554112554108e+01 2.129454545454545382e+02
2.549997835497835581e+02 8.643852813852814165e+01 2.157831168831168895e+02
2.550000000000000000e+02 9.140281385281384985e+01 2.178778499278499226e+02
2.550000000000000000e+02 9.761580086580086402e+01 2.193405483405483380e+02
2.549999278499278432e+02 1.030003607503607554e+02 2.213510822510822607e+02
2.550000000000000000e+02 1.065913419913419915e+02 2.215523088023088008e+02
2.549987012987012918e+02 1.078918470418470434e+02 2.227547619047618923e+02
2.550000000000000000e+02 1.095288600288600236e+02 2.230764069264069178e+02
2.549997113997114013e+02 1.109745310245310179e+02 2.236288600288600321e+02
2.549994949494949594e+02 1.138457431457431426e+02 2.240838383838383834e+02
2.550000000000000000e+02 1.178559884559884523e+02 2.247629870129870255e+02
2.550000000000000000e+02 1.206246031746031804e+02 2.259034632034631898e+02
2.549995670995670878e+02 1.226860750360750387e+02 2.265639249639249613e+02
2.549992784992784891e+02 1.246092352092352087e+02 2.269752525252525288e+02
2.550000000000000000e+02 1.249110389610389547e+02 2.268216450216450255e+02
2.549998556998556865e+02 1.249858585858585798e+02 2.266554112554112521e+02
2.550000000000000000e+02 1.254660894660894712e+02 2.261113997113997129e+02
2.549992784992784891e+02 1.247998556998556978e+02 2.259714285714285609e+02
2.550000000000000000e+02 1.250613275613275590e+02 2.255548340548340605e+02
2.550000000000000000e+02 1.257572150072150095e+02 2.257662337662337677e+02
2.550000000000000000e+02 1.262914862914862937e+02 2.259268398268398244e+02
2.550000000000000000e+02 1.273626262626262644e+02 2.260688311688311671e+02
2.550000000000000000e+02 1.279463203463203484e+02 2.261004329004329065e+02
2.549997113997114013e+02 1.281666666666666572e+02 2.263330447330447441e+02
2.550000000000000000e+02 1.295668831168831048e+02 2.267685425685425571e+02
2.549998556998556865e+02 1.295207792207792181e+02 2.267807359307359434e+02
2.549987734487734485e+02 1.287053391053391067e+02 2.266587301587301511e+02
2.549998556998556865e+02 1.214476190476190425e+02 2.241961760461760491e+02
2.549997835497835581e+02 9.656587301587300942e+01 2.191098124098124060e+02
2.549976911976912106e+02 8.180223665223665819e+01 2.150388167388167346e+02
2.549980519480519376e+02 8.232330447330447498e+01 2.143535353535353636e+02
2.549987012987012918e+02 1.004491341991341926e+02 2.190743145743145703e+02
2.549979797979798093e+02 1.070166666666666657e+02 2.208020202020202021e+02
2.549992063492063608e+02 1.102674603174603192e+02 2.221945887445887422e+02
2.549999278499278432e+02 1.121411255411255468e+02 2.233681096681096676e+02
2.549997113997114013e+02 1.135831168831168867e+02 2.239842712842712729e+02
2.549985569985570066e+02 1.133196969696969632e+02 2.235729437229437337e+02
2.549996392496392446e+02 1.128834054834054825e+02 2.237605339105339226e+02
2.549996392496392446e+02 1.150175324675324617e+02 2.239757575757575694e+02
2.549998556998556865e+02 1.176998556998557035e+02 2.239651515151515184e+02
2.549992063492063608e+02 1.199161616161616166e+02 2.251905483405483324e+02
2.550000000000000000e+02 1.219277056277056346e+02 2.254119047619047649e+02
2.549996392496392446e+02 1.226869408369408347e+02 2.258119769119768989e+02
2.550000000000000000e+02 1.234729437229437252e+02 2.255661616161616223e+02
2.549999278499278432e+02 1.236805194805194787e+02 2.252494949494949594e+02
2.549998556998556865e+02 1.232854256854256789e+02 2.251284992784992767e+02
2.550000000000000000e+02 1.224759018759018829e+02 2.256308080808080945e+02
2.549990620490620472e+02 1.231422077922077989e+02 2.243702020202020151e+02
2.550000000000000000e+02 1.229064935064935042e+02 2.246601010101010161e+02
2.550000000000000000e+02 1.237772727272727309e+02 2.250114718614718754e+02
2.550000000000000000e+02 1.245827561327561313e+02 2.258110389610389745e+02
2.550000000000000000e+02 1.257616161616161605e+02 2.253941558441558470e+02
2.550000000000000000e+02 1.269461038961038923e+02 2.256611111111110972e+02
2.549987734487734485e+02 1.183426406926406997e+02 2.249397546897546931e+02
2.549992063492063608e+02 1.184423520923520954e+02 2.244374458874458753e+02
2.550000000000000000e+02 1.188938672438672484e+02 2.245731601731601756e+02
2.549991341991342040e+02 1.190254689754689821e+02 2.244266955266955392e+02
2.549995670995670878e+02 1.129004329004329037e+02 2.235078643578643494e+02
2.550000000000000000e+02 1.005388167388167346e+02 2.193216450216450255e+02
2.549999278499278432e+02 8.255642135642135315e+01 2.151112554112553994e+02
2.549994227994228027e+02 7.810591630591630974e+01 2.133650072150072106e+02
2.549992063492063608e+02 8.435995670995670537e+01 2.158239538239538149e+02
2.549967532467532578e+02 9.105894660894661286e+01 2.181235930735930708e+02
2.549997113997114013e+02 1.055390331890331908e+02 2.214859307359307365e+02
2.550000000000000000e+02 1.087791486291486223e+02 2.226329004329004420e+02
2.549999278499278432e+02 1.107569264069264108e+02 2.234292929292929273e+02
2.550000000000000000e+02 1.110064935064935128e+02 2.234124098124098055e+02
2.549996392496392446e+02 1.105988455988455996e+02 2.238082251082251162e+02
2.550000000000000000e+02 1.102702020202020208e+02 2.235652236652236695e+02
2.549997113997114013e+02 1.108541847041847035e+02 2.236523809523809518e+02
2.549997835497835581e+02 1.131696969696969717e+02 2.237607503607503645e+02
2.550000000000000000e+02 1.146777777777777771e+02 2.243374458874458810e+02
2.550000000000000000e+02 1.163537518037518055e+02 2.245179653679653597e+02
2.549998556998556865e+02 1.187645021645021615e+02 2.248493506493506402e+02
2.549994949494949594e+02 1.197525252525252455e+02 2.253785714285714334e+02
2.550000000000000000e+02 1.195814574314574372e+02 2.250821789321789197e+02
2.549985569985570066e+02 1.194645021645021643e+02 2.248002886002886100e+02
2.549999278499278432e+02 1.197036796536796572e+02 2.248406926406926516e+02
2.550000000000000000e+02 1.207532467532467564e+02 2.245860750360750444e+02
2.550000000000000000e+02 1.207095959595959584e+02 2.244093795093795052e+02
2.549994949494949594e+02 1.208814574314574344e+02 2.242479797979798093e+02
2.549998556998556865e+02 1.214928571428571473e+02 2.250850649350649348e+02
2.550000000000000000e+02 1.218610389610389575e+02 2.250849206349206213e+02
2.550000000000000000e+02 1.222847763347763390e+02 2.251862914862914806e+02
2.549998556998556865e+02 1.216411255411255468e+02 2.246365079365079396e+02
2.549990620490620472e+02 1.109678210678210633e+02 2.222097402597402720e+02
2.549987734487734485e+02 8.379682539682539755e+01 2.145772005772005855e+02
2.549995670995670878e+02 6.752849927849928235e+01 2.098307359307359263e+02
2.549997113997114013e+02 6.759177489177488951e+01 2.094523809523809632e+02
2.549994949494949594e+02 7.156767676767677244e+01 2.122399711399711464e+02
2.549998556998556865e+02 7.732308802308801887e+01 2.141578643578643550e+02
2.549992784992784891e+02 7.865743145743145703e+01 2.148641414141414145e+02
2.549984126984126931e+02 8.108946608946608592e+01 2.155550505050505024e+02
2.549997835497835581e+02 8.488347763347763930e+01 2.160499278499278546e+02
2.550000000000000000e+02 8.534884559884559962e+01 2.157462481962481888e+02
2.549989898989898904e+02 8.279314574314574315e+01 2.163463203463203399e+02
2.549999278499278432e+02 8.386103896103895750e+01 2.164133477633477582e+02
2.549988455988456053e+02 8.745670995670995751e+01 2.172119047619047478e+02
2.549999278499278432e+02 9.497171717171717376e+01 2.181593073593073484e+02
2.550000000000000000e+02 1.010561327561327545e+02 2.199370129870129915e+02
2.550000000000000000e+02 1.050070707070707101e+02 2.210214285714285722e+02
2.549997113997114013e+02 1.088744588744588810e+02 2.220845598845598943e+02
2.549989898989898904e+02 1.113748196248196223e+02 2.227095238095238017e+02
2.549994227994228027e+02 1.127966089466089414e+02 2.237549062049062059e+02
2.549998556998556865e+02 1.144238816738816809e+02 2.233939393939394051e+02
2.550000000000000000e+02 1.157846320346320397e+02 2.246553391053390953e+02
2.549988455988456053e+02 1.170301587301587318e+02 2.248588023088022965e+02
2.549996392496392446e+02 1.175549783549783598e+02 2.240808080808080831e+02
2.549996392496392446e+02 1.192590187590187583e+02 2.243018037518037602e+02
2.549997835497835581e+02 1.192321789321789254e+02 2.241591630591630633e+02
2.549980519480519376e+02 1.195886002886002899e+02 2.234231601731601700e+02
2.550000000000000000e+02 1.144805916305916327e+02 2.232919191919191917e+02
2.550000000000000000e+02 8.699603174603174693e+01 2.160004329004329122e+02
2.549984848484848499e+02 6.087258297258297546e+01 2.084422077922077960e+02
2.549991341991342040e+02 5.325324675324675638e+01 2.060816017316017223e+02
2.550000000000000000e+02 5.561183261183261095e+01 2.073025252525252426e+02
2.549998556998556865e+02 6.049422799422799102e+01 2.092407647907647856e+02
2.550000000000000000e+02 6.356284271284271625e+01 2.097170995670995808e+02
2.549997835497835581e+02 6.598253968253968083e+01 2.113575036075036166e+02
2.549999278499278432e+02 7.035375180375180548e+01 2.126847041847041737e+02
2.550000000000000000e+02 7.277525252525252597e+01 2.132463924963925024e+02
2.550000000000000000e+02 7.198001443001443533e+01 2.134207070707070670e+02
2.549997113997114013e+02 7.189502164502164305e+01 2.131388167388167290e+02
2.549997835497835581e+02 7.385894660894661001e+01 2.139727272727272691e+02
2.550000000000000000e+02 7.825945165945165627e+01 2.150460317460317583e+02
2.549986291486291350e+02 8.478845598845599341e+01 2.161999278499278603e+02
2.549996392496392446e+02 9.184141414141414828e+01 2.179683982683982606e+02
2.549989177489177621e+02 9.691652236652237207e+01 2.194959595959595902e+02
2.549996392496392446e+02 1.003476190476190482e+02 2.201934343434343475e+02
2.549996392496392446e+02 1.022388167388167375e+02 2.209259018759018716e+02
2.550000000000000000e+02 1.043410533910533928e+02 2.213661616161616053e+02
2.549990620490620472e+02 1.063656565656565647e+02 2.215374458874458981e+02
2.550000000000000000e+02 1.082245310245310179e+02 2.222279942279942304e+02
2.550000000000000000e+02 1.114584415584415638e+02 2.226870129870129915e+02
2.549996392496392446e+02 1.124912698412698404e+02 2.232202020202020094e+02
2.550000000000000000e+02 1.137195526695526695e+02 2.242173881673881795e+02
2.549997835497835581e+02 1.165165223665223664e+02 2.239717171717171595e+02
2.549999278499278432e+02 1.177082251082251076e+02 2.244145743145743097e+02
2.549993506493506459e+02 1.188085137085137148e+02 2.247302308802308914e+02
2.549998556998556865e+02 1.170961038961038980e+02 2.241181818181818244e+02
2.549999278499278432e+02 9.315252525252525118e+01 2.181060606060605949e+02
2.549996392496392446e+02 5.837330447330447214e+01 2.086174603174603135e+02
2.549998556998556865e+02 4.713492063492063266e+01 2.042297258297258225e+02
2.550000000000000000e+02 4.849076479076479274e+01 2.042659451659451690e+02
2.550000000000000000e+02 5.238751803751803493e+01 2.057126984126984155e+02
2.549997835497835581e+02 5.408751803751803777e+01 2.042694805194805099e+02
2.549992784992784891e+02 5.589155844155844477e+01 2.015558441558441700e+02
2.550000000000000000e+02 6.031132756132755901e+01 1.997544011544011653e+02
2.550000000000000000e+02 6.325043290043289801e+01 1.974680375180375052e+02
2.550000000000000000e+02 6.451976911976912277e+01 1.956539682539682588e+02
2.549967532467532578e+02 6.612792207792207932e+01 1.926595238095238187e+02
2.550000000000000000e+02 6.882085137085137205e+01 1.895556998556998565e+02
2.549996392496392446e+02 7.305382395382395089e+01 1.898614718614718697e+02
2.549999278499278432e+02 7.949516594516595092e+01 1.890718614718614674e+02
2.549999278499278432e+02 8.688037518037518225e+01 1.888759018759018886e+02
2.550000000000000000e+02 9.312092352092352598e+01 1.910740981240981284e+02
2.549998556998556865e+02 9.852633477633477810e+01 1.952311688311688442e+02
2.549995670995670878e+02 1.031994949494949481e+02 1.974862193362193352e+02
2.550000000000000000e+02 1.056872294372294334e+02 2.000202020202020208e+02
2.549999278499278432e+02 1.076696248196248149e+02 2.017992784992785005e+02
2.550000000000000000e+02 1.085805916305916270e+02 2.030678932178932143e+02
2.549997835497835581e+02 1.090945165945165911e+02 2.048010101010100925e+02
2.549990620490620472e+02 1.115159451659451690e+02 2.065712842712842701e+02
2.549998556998556865e+02 1.133023809523809575e+02 2.080418470418470349e+02
2.549984848484848499e+02 1.152525252525252455e+02 2.079138528138528272e+02
2.549997835497835581e+02 1.161034632034632068e+02 2.099215728715728631e+02
2.549984848484848499e+02 1.172684704184704145e+02 2.111222943722943626e+02
2.549992784992784891e+02 1.185396825396825449e+02 2.118012265512265628e+02
2.549999278499278432e+02 1.194463924963924910e+02 2.128955266955266836e+02
2.550000000000000000e+02 1.198613275613275562e+02 2.143135642135642058e+02
2.549997113997114013e+02 1.193717893217893220e+02 2.143053391053391010e+02
2.549987734487734485e+02 1.029145021645021671e+02 2.105028138528138584e+02
2.549981962481962512e+02 6.571320346320347028e+01 2.004191197691197601e+02
2.549979797979798093e+02 5.057481962481962512e+01 1.948025974025973994e+02
2.549994949494949594e+02 5.068347763347763646e+01 1.956117604617604684e+02
2.549999278499278432e+02 5.554047619047619122e+01 1.978427849927849991e+02
2.550000000000000000e+02 5.946363636363636118e+01 1.993256854256854353e+02
2.550000000000000000e+02 6.160750360750360954e+01 2.015285714285714391e+02
2.550000000000000000e+02 6.458073593073592633e+01 2.027572871572871520e+02
2.550000000000000000e+02 6.712106782106782532e+01 2.039108946608946553e+02
2.549992063492063608e+02 6.617950937950938339e+01 2.033146464646464722e+02
2.549996392496392446e+02 6.501464646464646080e+01 2.031780663780663758e+02
2.550000000000000000e+02 6.602720057720057412e+01 2.037691919191919112e+02
2.549995670995670878e+02 7.003989898989898677e+01 2.061492784992784948e+02
2.549997113997114013e+02 7.532496392496392446e+01 2.076813852813852748e+02
2.549994949494949594e+02 8.278982683982684421e+01 2.101727272727272862e+02
2.549992784992784891e+02 8.927063492063491879e+01 2.122548340548340491e+02
2.549981962481962512e+02 9.390930735930736262e+01 2.132992784992785005e+02
2.549994227994228027e+02 9.752366522366521906e+01 2.150410533910533957e+02
2.549997113997114013e+02 9.950952380952381304e+01 2.159873015873015731e+02
2.549997835497835581e+02 1.021438672438672484e+02 2.168886724386724438e+02
2.549998556998556865e+02 1.033240981240981284e+02 2.168850649350649462e+02
2.549997113997114013e+02 1.053555555555555543e+02 2.182987012987013031e+02
2.549997835497835581e+02 1.069209235209235231e+02 2.187517316017315920e+02
2.549992784992784891e+02 1.079405483405483466e+02 2.187983405483405477e+02
2.550000000000000000e+02 1.101019480519480567e+02 2.184303030303030368e+02
2.550000000000000000e+02 1.121687590187590189e+02 2.193566378066378206e+02
2.549998556998556865e+02 1.133623376623376657e+02 2.202582972582972616e+02
2.550000000000000000e+02 1.150357864357864344e+02 2.214849927849927838e+02
2.549989177489177621e+02 1.149163059163059160e+02 2.215113997113997186e+02
2.549994227994228027e+02 9.714242424242424079e+01 2.166202741702741719e+02
2.549987734487734485e+02 6.012965367965367847e+01 2.064112554112554108e+02
2.549997835497835581e+02 4.418290043290043201e+01 2.022007215007214995e+02
2.549999278499278432e+02 4.362886002886003212e+01 2.016996392496392616e+02
2.549997835497835581e+02 4.828470418470418224e+01 2.031286435786435902e+02
2.550000000000000000e+02 5.187279942279942446e+01 2.037240259740259773e+02
2.549994949494949594e+02 5.132604617604617658e+01 2.044932900432900453e+02
2.549999278499278432e+02 5.474538239538239282e+01 2.053857864357864287e+02
2.549991341991342040e+02 5.793701298701298441e+01 2.066297979797979849e+02
2.550000000000000000e+02 5.797712842712842729e+01 2.068089466089465986e+02
2.549995670995670878e+02 5.760245310245310435e+01 2.059990620490620472e+02
2.549984848484848499e+02 5.879898989898990180e+01 2.065121933621933579e+02
2.549978354978354957e+02 6.278203463203463031e+01 2.091860750360750387e+02
2.549999278499278432e+02 6.895959595959595845e+01 2.105271284271284173e+02
2.549985569985570066e+02 7.554098124098123890e+01 2.119711399711399622e+02
2.550000000000000000e+02 8.259033189033189615e+01 2.139012987012987139e+02
2.549998556998556865e+02 8.883073593073592633e+01 2.158124098124098111e+02
2.549985569985570066e+02 9.496262626262625872e+01 2.177217171717171595e+02
2.549984126984126931e+02 9.812020202020201509e+01 2.185887445887445892e+02
2.549995670995670878e+02 1.004970418470418423e+02 2.193888167388167290e+02
2.549992784992784891e+02 1.029655844155844164e+02 2.197669552669552786e+02
2.549994227994228027e+02 1.044807359307359320e+02 2.205299422799422757e+02
2.550000000000000000e+02 1.066600288600288593e+02 2.206921356421356393e+02
2.550000000000000000e+02 1.088761183261183305e+02 2.208803030303030255e+02
2.549997113997114013e+02 1.099450937950937970e+02 2.219683982683982606e+02
2.550000000000000000e+02 1.125194083694083673e+02 2.226565656565656468e+02
2.549999278499278432e+02 1.144039682539682588e+02 2.228808080808080945e+02
2.550000000000000000e+02 1.156607503607503560e+02 2.236515873015873126e+02
2.549976190476190538e+02 1.109569264069264136e+02 2.223981962481962569e+02
2.549985569985570066e+02 8.222748917748917563e+01 2.148948051948052012e+02
2.550000000000000000e+02 5.174018759018758828e+01 2.049559884559884608e+02
2.549987734487734485e+02 4.305699855699855760e+01 2.030320346320346232e+02
2.549992784992784891e+02 4.631370851370851227e+01 2.031134920634920604e+02
2.549986291486291350e+02 5.062272727272727479e+01 2.059652236652236752e+02
2.549997835497835581e+02 5.096955266955266950e+01 2.060498556998556978e+02
2.549979797979798093e+02 5.475800865800865580e+01 2.060810245310245250e+02
2.549994949494949594e+02 5.923369408369408262e+01 2.077979076479076355e+02
2.549998556998556865e+02 6.139264069264068979e+01 2.086281385281385212e+02
2.549997835497835581e+02 6.198412698412698063e+01 2.091913419913420000e+02
2.549997113997114013e+02 6.224365079365079367e+01 2.088699855699855732e+02
2.549993506493506459e+02 6.403419913419912746e+01 2.093126984126984098e+02
2.550000000000000000e+02 6.889494949494950049e+01 2.111438672438672484e+02
2.549999278499278432e+02 7.481435786435785928e+01 2.131703463203463116e+02
2.549998556998556865e+02 8.055512265512265913e+01 2.141981962481962398e+02
2.550000000000000000e+02 8.633333333333332860e+01 2.153949494949494863e+02
2.549996392496392446e+02 9.024126984126984041e+01 2.170287878787878810e+02
2.550000000000000000e+02 9.425108225108225213e+01 2.180246753246753144e+02
2.549989177489177621e+02 9.636969696969697452e+01 2.183756854256854183e+02
2.549997113997114013e+02 9.915007215007214825e+01 2.188733766233766289e+02
2.549997835497835581e+02 1.012906204906204977e+02 2.186886724386724268e+02
2.550000000000000000e+02 1.022334054834054768e+02 2.197159451659451577e+02
2.549997835497835581e+02 1.043141414141414174e+02 2.204082251082251105e+02
2.549997113997114013e+02 1.060853535353535335e+02 2.221222943722943626e+02
2.549999278499278432e+02 1.081564213564213617e+02 2.217955988455988461e+02
2.549989177489177621e+02 1.103667388167388168e+02 2.227087301587301624e+02
2.549994949494949594e+02 1.122586580086580028e+02 2.227562770562770424e+02
2.549999278499278432e+02 1.132819624819624806e+02 2.232834054834054882e+02
2.549994227994228027e+02 1.141607503607503560e+02 2.234715728715728744e+02
2.549987012987012918e+02 1.150279220779220850e+02 2.238755411255411332e+02
2.549991341991342040e+02 1.094982683982683938e+02 2.223660173160173201e+02
2.549999278499278432e+02 7.704646464646464210e+01 2.139321067821067857e+02
2.549999278499278432e+02 4.915844155844155949e+01 2.054702741702741662e+02
2.549989898989898904e+02 4.415569985569985789e+01 2.030237373737373616e+02
2.549986291486291350e+02 4.781212121212121247e+01 2.060298701298701189e+02
2.549990620490620472e+02 5.217633477633477668e+01 2.060627705627705666e+02
2.549997835497835581e+02 5.306962481962482059e+01 2.068249639249639245e+02
2.549997835497835581e+02 5.636890331890332106e+01 2.076677489177489235e+02
2.549997835497835581e+02 6.024451659451659680e+01 2.092564213564213560e+02
2.549996392496392446e+02 6.150707070707071011e+01 2.095454545454545325e+02
2.549979076479076525e+02 6.074494949494949481e+01 2.088536796536796487e+02
2.549992063492063608e+02 6.044494949494949765e+01 2.090072871572871520e+02
2.549994227994228027e+02 6.228441558441558357e+01 2.102350649350649405e+02
2.550000000000000000e+02 6.752568542568542398e+01 2.117668109668109651e+02
2.549992784992784891e+02 7.623658008658009066e+01 2.136668109668109707e+02
2.549981962481962512e+02 8.493614718614718129e+01 2.171124098124098225e+02
2.550000000000000000e+02 9.179314574314574315e+01 2.185129870129870255e+02
2.549994949494949594e+02 9.524769119769119641e+01 2.192466089466089443e+02
2.549994227994228027e+02 9.845411255411255524e+01 2.198862193362193409e+02
2.550000000000000000e+02 9.922525252525252881e+01 2.203800865800865836e+02
2.549998556998556865e+02 1.004295093795093834e+02 2.203817460317460188e+02
2.549987012987012918e+02 1.012469696969696997e+02 2.205339826839826856e+02
2.549997113997114013e+02 1.016865079365079367e+02 2.206286435786435902e+02
2.550000000000000000e+02 1.025578643578643607e+02 2.202278499278499169e+02
2.549999278499278432e+02 1.038952380952380992e+02 2.208649350649350538e+02
2.550000000000000000e+02 1.048889610389610425e+02 2.216986291486291520e+02
2.549997113997114013e+02 1.077298701298701360e+02 2.219603896103895977e+02
2.549994949494949594e+02 1.107962481962482002e+02 2.232180375180375052e+02
2.549989177489177621e+02 1.140060606060606005e+02 2.239384559884559849e+02
2.549994227994228027e+02 1.108067821067821086e+02 2.238660173160173201e+02
2.549993506493506459e+02 9.072258297258296977e+01 2.185626262626262530e+02
2.550000000000000000e+02 6.067330447330447640e+01 2.100082251082251048e+02
2.549997113997114013e+02 5.184451659451659111e+01 2.060574314574314485e+02
2.549998556998556865e+02 5.287150072150072333e+01 2.070492063492063437e+02
2.549982683982684080e+02 5.842597402597402834e+01 2.085904040404040529e+02
2.549992063492063608e+02 6.111681096681096648e+01 2.103195526695526780e+02
2.549993506493506459e+02 6.472489177489177337e+01 2.109222222222222172e+02
2.550000000000000000e+02 6.997792207792207364e+01 2.135905483405483380e+02
2.550000000000000000e+02 7.368268398268398300e+01 2.134027417027417073e+02
2.549998556998556865e+02 7.123932178932179227e+01 2.129308802308802342e+02
2.549999278499278432e+02 7.021212121212121815e+01 2.123201298701298754e+02
2.549997113997114013e+02 7.341132756132756754e+01 2.138807359307359377e+02
2.550000000000000000e+02 7.810093795093794711e+01 2.145950216450216317e+02
2.549994949494949594e+02 8.369242424242423795e+01 2.157462481962481888e+02
2.550000000000000000e+02 8.975735930735930879e+01 2.183964646464646364e+02
2.549996392496392446e+02 9.456637806637806420e+01 2.192651515151515014e+02
2.550000000000000000e+02 9.675526695526696130e+01 2.196810245310245193e+02
2.549997113997114013e+02 9.916984126984127101e+01 2.198691919191919055e+02
2.549999278499278432e+02 1.008318181818181785e+02 2.202674603174603192e+02
2.549997113997114013e+02 1.026258297258297318e+02 2.214448051948051841e+02
2.549999278499278432e+02 1.050644300144300161e+02 2.221000721500721511e+02
2.550000000000000000e+02 1.079716450216450170e+02 2.230011544011543947e+02
2.549985569985570066e+02 1.105803030303030283e+02 2.232036796536796430e+02
2.549996392496392446e+02 1.130497835497835553e+02 2.234167388167388140e+02
2.549998556998556865e+02 1.145285714285714249e+02 2.241727272727272862e+02
2.549987734487734485e+02 1.170789321789321775e+02 2.249297979797979679e+02
2.549998556998556865e+02 1.188716450216450227e+02 2.249560606060606176e+02
2.549995670995670878e+02 1.197230880230880246e+02 2.245943722943723060e+02
2.550000000000000000e+02 1.205532467532467535e+02 2.246546897546897412e+02
2.549999278499278432e+02 1.146751803751803749e+02 2.234314574314574315e+02
2.549995670995670878e+02 9.580793650793650329e+01 2.197417748917748952e+02
2.549987734487734485e+02 7.607034632034631727e+01 2.137265512265512371e+02
2.549998556998556865e+02 7.510064935064934843e+01 2.124682539682539755e+02
2.549994949494949594e+02 8.109004329004328326e+01 2.144583694083694070e+02
2.550000000000000000e+02 8.702150072150071480e+01 2.166225108225108329e+02
2.549998556998556865e+02 9.144653679653679035e+01 2.171837662337662209e+02
2.549997113997114013e+02 9.619797979797979792e+01 2.189965367965367875e+02
2.549997113997114013e+02 1.000230880230880217e+02 2.207691919191919112e+02
2.549995670995670878e+02 1.021857864357864401e+02 2.208311688311688386e+02
2.550000000000000000e+02 1.032357864357864372e+02 2.211793650793650841e+02
2.549999278499278432e+02 1.035680375180375137e+02 2.216788600288600151e+02
2.549994949494949594e+02 1.052813852813852833e+02 2.220337662337662437e+02
2.549998556998556865e+02 1.078382395382395345e+02 2.223784271284271199e+02
2.549982683982684080e+02 1.107702020202020208e+02 2.233715007215007233e+02
2.549995670995670878e+02 1.132582972582972616e+02 2.235407647907647970e+02
2.550000000000000000e+02 1.159497835497835467e+02 2.238326839826839887e+02
2.549998556998556865e+02 1.180160173160173116e+02 2.245632756132756072e+02
2.549997113997114013e+02 1.191888888888888829e+02 2.247342712842712729e+02
2.549998556998556865e+02 1.194158008658008612e+02 2.249333333333333371e+02
2.549998556998556865e+02 1.199107503607503560e+02 2.240174603174603192e+02
2.549993506493506459e+02 1.205146464646464608e+02 2.241665223665223721e+02
2.550000000000000000e+02 1.204335497835497790e+02 2.242860028860028763e+02
2.549999278499278432e+02 1.210785714285714221e+02 2.240217171717171709e+02
2.550000000000000000e+02 1.220265512265512200e+02 2.240299422799422757e+02
2.550000000000000000e+02 1.219626984126984155e+02 2.235683982683982549e+02
2.549997113997114013e+02 1.226617604617604655e+02 2.235958874458874561e+02
2.549998556998556865e+02 1.231707070707070670e+02 2.240999278499278375e+02
2.549999278499278432e+02 1.237645743145743182e+02 2.237763347763347781e+02
2.550000000000000000e+02 1.242082972582972644e+02 2.241570707070707158e+02
2.549999278499278432e+02 1.237734487734487772e+02 2.239417748917748838e+02
2.549996392496392446e+02 1.185685425685425685e+02 2.229367243867243928e+02
2.549994227994228027e+02 9.997193362193361565e+01 2.183670995670995580e+02
2.550000000000000000e+02 6.793896103896103966e+01 2.105580808080808026e+02
2.549995670995670878e+02 6.375346320346320539e+01 2.091878066378066308e+02
2.549993506493506459e+02 7.650317460317459961e+01 2.111665945165945288e+02
2.549995670995670878e+02 8.146183261183260527e+01 2.139831890331890349e+02
2.549998556998556865e+02 8.431204906204905569e+01 2.149837662337662323e+02
2.550000000000000000e+02 8.779581529581530219e+01 2.164367243867243928e+02
2.549992784992784891e+02 9.338145743145743438e+01 2.187723665223665250e+02
2.549997835497835581e+02 9.687806637806637866e+01 2.186782828282828177e+02
2.550000000000000000e+02 9.779076479076479700e+01 2.190664502164502210e+02
2.550000000000000000e+02 1.002308080808080746e+02 2.196989898989899075e+02
2.549998556998556865e+02 1.048555555555555543e+02 2.208575757575757450e+02
2.549998556998556865e+02 1.097133477633477696e+02 2.217484126984126931e+02
2.549998556998556865e+02 1.136102453102453040e+02 2.230393217893217752e+02
2.550000000000000000e+02 1.173848484848484901e+02 2.235643578643578735e+02
2.549981962481962512e+02 1.196391053391053418e+02 2.243688311688311785e+02
2.550000000000000000e+02 1.214212842712842644e+02 2.240652236652236695e+02
2.550000000000000000e+02 1.227409812409812417e+02 2.243999278499278489e+02
2.549994949494949594e+02 1.225486291486291464e+02 2.249743867243867328e+02
2.549991341991342040e+02 1.219797979797979792e+02 2.241131313131313050e+02
2.550000000000000000e+02 1.219914862914862965e+02 2.237496392496392446e+02
2.550000000000000000e+02 1.217791486291486223e+02 2.227366522366522474e+02
2.550000000000000000e+02 1.218943722943722889e+02 2.233200577200577186e+02
2.549999278499278432e+02 1.230121212121212153e+02 2.225885281385281473e+02
2.550000000000000000e+02 1.238036075036075090e+02 2.229207070707070670e+02
2.549992784992784891e+02 1.249432178932178914e+02 2.230955988455988575e+02
2.549999278499278432e+02 1.257385281385281388e+02 2.234396103896103796e+02
2.549999278499278432e+02 1.244883116883116827e+02 2.228229437229437337e+02
2.549996392496392446e+02 1.122375901875901860e+02 2.200337662337662437e+02
2.549998556998556865e+02 8.483607503607503020e+01 2.123640692640692578e+02
2.549989898989898904e+02 5.946847041847041737e+01 2.061150793650793673e+02
2.549995670995670878e+02 5.828290043290043343e+01 2.050746753246753258e+02
2.549998556998556865e+02 7.051522366522365814e+01 2.083132756132756072e+02
2.549994949494949594e+02 7.136875901875902173e+01 2.085620490620490557e+02
2.549996392496392446e+02 7.395209235209235032e+01 2.094173881673881681e+02
2.549984848484848499e+02 7.770303030303030312e+01 2.108559163059163097e+02
2.550000000000000000e+02 8.124704184704184229e+01 2.117320346320346403e+02
2.549999278499278432e+02 8.374292929292928989e+01 2.129214285714285779e+02
2.549997113997114013e+02 8.635836940836941267e+01 2.140538961038961077e+02
2.549982683982684080e+02 8.994350649350649007e+01 2.152375901875902002e+02
2.549999278499278432e+02 9.662085137085136921e+01 2.153082972582972445e+02
2.549997835497835581e+02 1.016492063492063522e+02 2.174716450216450312e+02
2.549999278499278432e+02 1.050361471861471898e+02 2.190154401154401285e+02
2.549996392496392446e+02 1.086212121212121247e+02 2.199216450216450198e+02
2.550000000000000000e+02 1.107880230880230812e+02 2.205121212121212011e+02
2.549994227994228027e+02 1.118174603174603163e+02 2.205347763347763248e+02
2.549999278499278432e+02 1.123360750360750302e+02 2.211603174603174580e+02
2.549994949494949594e+02 1.124940836940836988e+02 2.209024531024531086e+02
2.549999278499278432e+02 1.121698412698412710e+02 2.202707792207792181e+02
2.550000000000000000e+02 1.121584415584415524e+02 2.203393939393939434e+02
2.549992063492063608e+02 1.114166666666666714e+02 2.208227272727272634e+02
2.549969696969696997e+02 1.107370129870129887e+02 2.204446608946608990e+02
2.549997835497835581e+02 1.114420634920634967e+02 2.203395382395382285e+02
2.549984126984126931e+02 1.125567099567099518e+02 2.203168831168831048e+02
2.549996392496392446e+02 1.061636363636363569e+02 2.183605339105339169e+02
2.549999278499278432e+02 7.608593073593073086e+01 2.105234487734487629e+02
2.549994949494949594e+02 4.884718614718615015e+01 2.013142857142857167e+02
2.549999278499278432e+02 4.269249639249639472e+01 2.001869408369408347e+02
2.549991341991342040e+02 4.607835497835498018e+01 2.011588023088023078e+02
2.550000000000000000e+02 4.832532467532467280e+01 2.026619769119769217e+02
2.549992063492063608e+02 4.708823953823954156e+01 2.016505772005772030e+02
2.549997113997114013e+02 4.795800865800865864e+01 2.023778499278499226e+02
2.550000000000000000e+02 5.178217893217892964e+01 2.039683261183261322e+02
2.549981240981240944e+02 5.463297258297258452e+01 2.038891774891774844e+02
2.549994227994228027e+02 5.264999999999999858e+01 2.036025974025974108e+02
2.550000000000000000e+02 5.177460317460317185e+01 2.034760461760461681e+02
2.549992063492063608e+02 5.459653679653679603e+01 2.050945887445887479e+02
2.550000000000000000e+02 5.971349206349206185e+01 2.062163780663780699e+02
2.550000000000000000e+02 6.390786435786435504e+01 2.076183261183261095e+02
2.550000000000000000e+02 6.994076479076478847e+01 2.097427128427128480e+02
2.549990620490620472e+02 7.608686868686868365e+01 2.106563492063492049e+02
2.549993506493506459e+02 7.937258297258297546e+01 2.114823232323232389e+02
2.549998556998556865e+02 8.195988455988455712e+01 2.131889610389610255e+02
2.550000000000000000e+02 8.516399711399711236e+01 2.138330447330447441e+02
2.549994227994228027e+02 8.798347763347763362e+01 2.142161616161616280e+02
2.549994227994228027e+02 9.024747474747475451e+01 2.146891774891774958e+02
2.549997113997114013e+02 9.317842712842713127e+01 2.150841269841269821e+02
2.549995670995670878e+02 9.593138528138527477e+01 2.156745310245310350e+02
2.550000000000000000e+02 9.939170274170274411e+01 2.168054834054834146e+02
2.549997113997114013e+02 1.019472582972583012e+02 2.179134199134199150e+02
2.549996392496392446e+02 9.745187590187590843e+01 2.168054834054834146e+02
2.549997113997114013e+02 6.313593073593073512e+01 2.067385281385281246e+02
2.549999278499278432e+02 3.377698412698412511e+01 1.967890331890331765e+02
2.549992784992784891e+02 2.942871572871572994e+01 1.944384559884559849e+02
2.549997113997114013e+02 2.955584415584415581e+01 1.953698412698412596e+02
2.550000000000000000e+02 3.096883116883116926e+01 1.956740259740259660e+02
2.549994949494949594e+02 3.099393939393939235e+01 1.959414862914862852e+02
2.550000000000000000e+02 3.371839826839826770e+01 1.959016594516594409e+02
2.549997835497835581e+02 3.748614718614718555e+01 1.974243867243867214e+02
2.549994949494949594e+02 3.947121212121211897e+01 1.981684704184704060e+02
2.549992784992784891e+02 3.987063492063492021e+01 1.981813131313131180e+02
2.550000000000000000e+02 4.099480519480519547e+01 1.998638528138528159e+02
2.549997113997114013e+02 4.328073593073592917e+01 2.005799422799422871e+02
2.549999278499278432e+02 4.844401154401154486e+01 2.011500000000000057e+02
2.549996392496392446e+02 5.370959595959595845e+01 2.043917027417027441e+02
2.549990620490620472e+02 5.815353535353535364e+01 2.049577922077922096e+02
2.550000000000000000e+02 6.185606060606060908e+01 2.058181096681096562e+02
2.549988455988456053e+02 6.560230880230879791e+01 2.071846320346320454e+02
2.549997835497835581e+02 6.926457431457431824e+01 2.085165223665223664e+02
2.549998556998556865e+02 7.114184704184704344e+01 2.095393217893217752e+02
2.549998556998556865e+02 7.351204906204905853e+01 2.099302308802308801e+02
2.549997835497835581e+02 7.655490620490620302e+01 2.110597402597402663e+02
2.549993506493506459e+02 7.917186147186147593e+01 2.116670995670995694e+02
2.550000000000000000e+02 8.157258297258297830e+01 2.127066378066378149e+02
2.549981962481962512e+02 8.468318903318903779e+01 2.133966089466089500e+02
2.549998556998556865e+02 8.755295815295815487e+01 2.147828282828282909e+02
2.549995670995670878e+02 9.176601731601731160e+01 2.157290764790764683e+02
2.549997113997114013e+02 9.473167388167388481e+01 2.164215728715728631e+02
2.550000000000000000e+02 9.691623376623375918e+01 2.168159451659451520e+02
2.550000000000000000e+02 9.108975468975468459e+01 2.150620490620490557e+02
2.549997835497835581e+02 6.701046176046176583e+01 2.080808080808080831e+02
2.549996392496392446e+02 3.773347763347763362e+01 1.982342712842712729e+02
2.549998556998556865e+02 3.338614718614718413e+01 1.968632756132756185e+02
2.549992063492063608e+02 3.542424242424242209e+01 1.972737373737373616e+02
2.550000000000000000e+02 3.698874458874458782e+01 1.980861471861471728e+02
2.549996392496392446e+02 3.696212121212121104e+01 1.977062770562770595e+02
2.549998556998556865e+02 3.731233766233766147e+01 1.979068542568542455e+02
2.550000000000000000e+02 4.151255411255411332e+01 1.997538239538239679e+02
2.550000000000000000e+02 4.327958152958152738e+01 1.993960317460317526e+02
2.549988455988456053e+02 4.201284271284271199e+01 1.994875901875902002e+02
2.549997835497835581e+02 4.285440115440115250e+01 1.987164502164502267e+02
2.550000000000000000e+02 4.395158730158730265e+01 2.002932900432900567e+02
2.550000000000000000e+02 4.695649350649350851e+01 2.008778499278499226e+02
2.549989898989898904e+02 5.253917748917749009e+01 2.031036075036074919e+02
2.549994227994228027e+02 5.825757575757575779e+01 2.047212121212121190e+02
2.549985569985570066e+02 6.345728715728715486e+01 2.068664502164502039e+02
2.549997113997114013e+02 6.759675324675325214e+01 2.075041125541125666e+02
2.550000000000000000e+02 7.056883116883116713e+01 2.082474025974025835e+02
2.549995670995670878e+02 7.299754689754689707e+01 2.101119047619047535e+02
2.550000000000000000e+02 7.517388167388168085e+01 2.102907647907647970e+02
2.550000000000000000e+02 7.754098124098123890e+01 2.108774891774891671e+02
2.550000000000000000e+02 8.140952380952380452e+01 2.115149350649350595e+02
2.549999278499278432e+02 8.577272727272726627e+01 2.123860750360750274e+02
2.549994949494949594e+02 8.892626262626262701e+01 2.141249639249639358e+02
2.549997835497835581e+02 9.244891774891775071e+01 2.148180375180375279e+02
2.550000000000000000e+02 9.507864357864357885e+01 2.166029581529581662e+02
2.550000000000000000e+02 9.741168831168830877e+01 2.170314574314574259e+02
2.550000000000000000e+02 1.009992063492063465e+02 2.170742424242424136e+02
2.549999278499278432e+02 1.032737373737373758e+02 2.180868686868686837e+02
2.549987012987012918e+02 1.059179653679653654e+02 2.191315295815295769e+02
2.550000000000000000e+02 1.067536796536796544e+02 2.188467532467532521e+02
2.550000000000000000e+02 8.690670995670996035e+01 2.142994227994227856e+02
2.549979076479076525e+02 4.424451659451659680e+01 2.009300865800865665e+02
2.549999278499278432e+02 2.856450216450216573e+01 1.952540404040404098e+02
2.549997835497835581e+02 2.932683982683982649e+01 1.955920634920634882e+02
2.549993506493506459e+02 3.212027417027417187e+01 1.970479797979797922e+02
2.550000000000000000e+02 3.258030303030302832e+01 1.967149350649350765e+02
2.549997835497835581e+02 3.212784992784992966e+01 1.965621212121212125e+02
2.550000000000000000e+02 3.396623376623376345e+01 1.968864357864357828e+02
2.549999278499278432e+02 3.587287157287157413e+01 1.982886002886002927e+02
2.549991341991342040e+02 3.490346320346320397e+01 1.981709235209235089e+02
2.549975468975468971e+02 3.450021645021644900e+01 1.974250360750360755e+02
2.550000000000000000e+02 3.355865800865800708e+01 1.980551948051948159e+02
2.549996392496392446e+02 3.675894660894660859e+01 1.986699855699855561e+02
2.549994227994228027e+02 4.061168831168831161e+01 2.000297979797979906e+02
2.549996392496392446e+02 4.401010101010101039e+01 2.010796536796536884e+02
2.549997113997114013e+02 4.830014430014430360e+01 2.023603896103896034e+02
2.549989177489177621e+02 5.126904761904761898e+01 2.036259740259740170e+02
2.550000000000000000e+02 5.352525252525252597e+01 2.044880952380952408e+02
2.549995670995670878e+02 5.532929292929292586e+01 2.050266955266955335e+02
2.550000000000000000e+02 5.732994227994227998e+01 2.055329725829725760e+02
2.549999278499278432e+02 5.984920634920634797e+01 2.056027417027416959e+02
2.550000000000000000e+02 6.290230880230880217e+01 2.067836940836940869e+02
2.550000000000000000e+02 6.667763347763347781e+01 2.078848484848484759e+02
2.549997113997114013e+02 7.139819624819624266e+01 2.097008658008658131e+02
2.549997113997114013e+02 7.549177489177489520e+01 2.109022366522366383e+02
2.549997835497835581e+02 7.980050505050505194e+01 2.122108946608946667e+02
2.550000000000000000e+02 8.350836940836940414e+01 2.134015873015873126e+02
2.549994949494949594e+02 8.623412698412698774e+01 2.142119047619047478e+02
2.550000000000000000e+02 9.060245310245309724e+01 2.151316017316017337e+02
2.549999278499278432e+02 9.388008658008658358e+01 2.159023809523809518e+02
2.549994949494949594e+02 9.026255411255411332e+01 2.145240259740259603e+02
2.549998556998556865e+02 5.408694083694084043e+01 2.048594516594516506e+02
2.549996392496392446e+02 2.841948051948051912e+01 1.939946608946608819e+02
2.549996392496392446e+02 2.397979797979797922e+01 1.927430735930736034e+02
2.549997113997114013e+02 2.613001443001443036e+01 1.938033910533910671e+02
2.550000000000000000e+02 2.845981240981241100e+01 1.951848484848484873e+02
2.549994227994228027e+02 2.783210678210678068e+01 1.946507936507936449e+02
2.549977633477633390e+02 2.803593073593073726e+01 1.948299422799422871e+02
2.549994227994228027e+02 3.163499278499278589e+01 1.966230158730158735e+02
2.549999278499278432e+02 3.387301587301587347e+01 1.986354256854256732e+02
2.549997835497835581e+02 3.277777777777777857e+01 1.966137806637806591e+02
2.549997113997114013e+02 3.282359307359307365e+01 1.974364357864357942e+02
2.549986291486291350e+02 3.544610389610389944e+01 1.976877344877344740e+02
2.549983405483405363e+02 3.991075036075036309e+01 2.008051948051948159e+02
2.549990620490620472e+02 4.488809523809523938e+01 2.026669552669552559e+02
2.550000000000000000e+02 5.016269841269841123e+01 2.048324675324675184e+02
2.549997113997114013e+02 5.664148629148628800e+01 2.059311688311688329e+02
2.549995670995670878e+02 6.274163059163058875e+01 2.082199134199134107e+02
2.549999278499278432e+02 6.774942279942280265e+01 2.096722222222222172e+02
2.549988455988456053e+02 7.175303030303030027e+01 2.115981240981240887e+02
2.549998556998556865e+02 7.559437229437229178e+01 2.117567099567099547e+02
2.549998556998556865e+02 7.739559884559884040e+01 2.123707070707070841e+02
2.549999278499278432e+02 8.152626262626262132e+01 2.136176046176046270e+02
2.549992784992784891e+02 8.509877344877344285e+01 2.146887445887445836e+02
2.549999278499278432e+02 8.881147186147185835e+01 2.161086580086580113e+02
2.549999278499278432e+02 9.226580086580086970e+01 2.171660894660894598e+02
2.550000000000000000e+02 9.672193362193361565e+01 2.186047619047619150e+02
2.550000000000000000e+02 1.002126262626262587e+02 2.191221500721500774e+02
2.550000000000000000e+02 1.025994949494949537e+02 2.190697691197691199e+02
2.549958874458874334e+02 1.044377344877344882e+02 2.195686868686868820e+02
2.549992784992784891e+02 1.051632756132756157e+02 2.210104617604617658e+02
2.549999278499278432e+02 1.077962481962482002e+02 2.210206349206349330e+02
2.550000000000000000e+02 1.091002886002886072e+02 2.211006493506493484e+02
2.550000000000000000e+02 9.645728715728715486e+01 2.179317460317460302e+02
2.549998556998556865e+02 5.354682539682539755e+01 2.057235209235209368e+02
2.550000000000000000e+02 3.138383838383838409e+01 1.984251803751803891e+02
2.549997113997114013e+02 2.987813852813852833e+01 1.969238816738816809e+02
2.549998556998556865e+02 3.110735930735930665e+01 1.979241702741702795e+02
2.550000000000000000e+02 3.206933621933622192e+01 1.979176767676767668e+02
2.550000000000000000e+02 3.147099567099566997e+01 1.977193362193362134e+02
2.549999278499278432e+02 3.318160173160173088e+01 1.983556998556998678e+02
2.549984126984126931e+02 3.708347763347763504e+01 1.998921356421356563e+02
2.550000000000000000e+02 3.928448773448773323e+01 2.005847763347763362e+02
2.549979076479076525e+02 4.056406926406926061e+01 2.010691919191919226e+02
2.549999278499278432e+02 4.091933621933621623e+01 2.016811688311688329e+02
2.549992784992784891e+02 4.400259740259740227e+01 2.018762626262626156e+02
2.549999278499278432e+02 4.679949494949494948e+01 2.032529581529581435e+02
2.549996392496392446e+02 5.214184704184704344e+01 2.045984848484848442e+02
2.550000000000000000e+02 5.833217893217893391e+01 2.074640692640692521e+02
2.549997835497835581e+02 6.328383838383838622e+01 2.089541847041847120e+02
2.549992063492063608e+02 6.834256854256854297e+01 2.104049062049062115e+02
2.550000000000000000e+02 7.373932178932179227e+01 2.112272727272727195e+02
2.549976911976912106e+02 7.714754689754690276e+01 2.125056277056277168e+02
2.549978354978354957e+02 7.922748917748917563e+01 2.145007215007215109e+02
2.549994949494949594e+02 8.371608946608947122e+01 2.146329004329004420e+02
2.549997835497835581e+02 8.829148629148629368e+01 2.151243145743145817e+02
2.549997113997114013e+02 9.200093795093795279e+01 2.162486291486291350e+02
2.549999278499278432e+02 9.646911976911977149e+01 2.177734487734487629e+02
2.549995670995670878e+02 1.000533910533910529e+02 2.191068542568542625e+02
2.549998556998556865e+02 1.028450216450216459e+02 2.198201298701298754e+02
2.549994227994228027e+02 1.057111832611832654e+02 2.208007215007214938e+02
2.550000000000000000e+02 1.074818903318903267e+02 2.213902597402597507e+02
2.550000000000000000e+02 1.094752525252525288e+02 2.211271284271284401e+02
2.549999278499278432e+02 1.116014430014430019e+02 2.207530303030303003e+02
2.550000000000000000e+02 1.124775613275613324e+02 2.221763347763347838e+02
2.549996392496392446e+02 1.010005050505050548e+02 2.196004329004329065e+02
2.549996392496392446e+02 6.138059163059163126e+01 2.084772727272727195e+02
2.549997113997114013e+02 3.859098124098124316e+01 2.009612554112554221e+02
2.549994227994228027e+02 3.618261183261183334e+01 2.001183261183261095e+02
2.550000000000000000e+02 4.083701298701299010e+01 2.020405483405483267e+02
2.549992063492063608e+02 4.376854256854257130e+01 2.033711399711399679e+02
2.549993506493506459e+02 4.404884559884559536e+01 2.041485569985570123e+02
2.549989898989898904e+02 4.753917748917749009e+01 2.046774891774891785e+02
2.549999278499278432e+02 5.152049062049061945e+01 2.064112554112554108e+02
2.549999278499278432e+02 5.359098124098124316e+01 2.066455266955266836e+02
2.550000000000000000e+02 5.204545454545454675e+01 2.056984848484848385e+02
2.550000000000000000e+02 5.175238095238095326e+01 2.059271284271284230e+02
2.549997113997114013e+02 5.522987012987012889e+01 2.070252525252525118e+02
2.549997113997114013e+02 5.877633477633477810e+01 2.081979797979797979e+02
2.549998556998556865e+02 6.475367965367965439e+01 2.101932900432900340e+02
2.549996392496392446e+02 7.114855699855699811e+01 2.114541847041847120e+02
2.550000000000000000e+02 7.690324675324674786e+01 2.135111111111111200e+02
2.549995670995670878e+02 8.222106782106781964e+01 2.146292207792207876e+02
2.549999278499278432e+02 8.510887445887445324e+01 2.157510822510822379e+02
2.550000000000000000e+02 8.794783549783549859e+01 2.163866522366522247e+02
2.549998556998556865e+02 8.960021645021645043e+01 2.176320346320346459e+02
2.549996392496392446e+02 9.297424242424241925e+01 2.184236652236652105e+02
2.549987012987012918e+02 9.642092352092352314e+01 2.183157287157287101e+02
2.549999278499278432e+02 9.964668109668109253e+01 2.194324675324675411e+02
2.550000000000000000e+02 1.029401154401154344e+02 2.200115440115440038e+02
2.549999278499278432e+02 1.053139249639249613e+02 2.207158730158730293e+02
2.549999278499278432e+02 1.070155844155844136e+02 2.210062770562770424e+02
2.549997835497835581e+02 1.081635642135642144e+02 2.216762626262626270e+02
2.549994949494949594e+02 1.094891774891774929e+02 2.225774891774891842e+02
2.549981240981240944e+02 1.111604617604617573e+02 2.222212121212121190e+02
2.549992784992784891e+02 1.116939393939393881e+02 2.223448773448773466e+02
2.550000000000000000e+02 9.710937950937950802e+01 2.195914862914862908e+02
2.549991341991342040e+02 5.728520923520923702e+01 2.083177489177489292e+02
2.549999278499278432e+02 3.667777777777777715e+01 2.023263347763347895e+02
2.549999278499278432e+02 3.653131313131313362e+01 2.008793650793650727e+02
2.550000000000000000e+02 3.967770562770562748e+01 2.015591630591630690e+02
2.550000000000000000e+02 4.079538239538239708e+01 2.028884559884560019e+02
2.549996392496392446e+02 4.094047619047618980e+01 2.025892496392496298e+02
2.549996392496392446e+02 4.356168831168831446e+01 2.037059884559884608e+02
2.549989898989898904e+02 4.814148629148628800e+01 2.053998556998556921e+02
2.549994949494949594e+02 4.731341991341991360e+01 2.050479076479076355e+02
2.550000000000000000e+02 4.606861471861471813e+01 2.046973304473304438e+02
2.549993506493506459e+02 4.739264069264068979e+01 2.046471861471861473e+02
2.549996392496392446e+02 5.087171717171717233e+01 2.057033189033189160e+02
2.550000000000000000e+02 5.555519480519480169e+01 2.074770562770562776e+02
2.550000000000000000e+02 6.202842712842712558e+01 2.098116161616161719e+02
2.550000000000000000e+02 6.913780663780663360e+01 2.114959595959595902e+02
2.550000000000000000e+02 7.522792207792207364e+01 2.133067099567099660e+02
2.549994227994228027e+02 8.019393939393938808e+01 2.153136363636363626e+02
2.549997835497835581e+02 8.432200577200576674e+01 2.167726551226551237e+02
2.549995670995670878e+02 8.921399711399710952e+01 2.171979797979797979e+02
2.549997113997114013e+02 9.141486291486290838e+01 2.193769841269841265e+02
2.550000000000000000e+02 9.615620490620490557e+01 2.194465367965368046e+02
2.549989898989898904e+02 9.947474747474747403e+01 2.195924242424242436e+02
2.549989898989898904e+02 1.020842712842712814e+02 2.204410533910534014e+02
2.549996392496392446e+02 1.046387445887445864e+02 2.212593073593073711e+02
2.550000000000000000e+02 1.075893939393939434e+02 2.216666666666666572e+02
2.549983405483405363e+02 1.096137806637806591e+02 2.217712121212121303e+02
2.550000000000000000e+02 1.107381673881673834e+02 2.231128427128427063e+02
2.549996392496392446e+02 1.130145021645021615e+02 2.235982683982684023e+02
2.550000000000000000e+02 1.144256854256854297e+02 2.239452380952380963e+02
2.550000000000000000e+02 1.088748917748917791e+02 2.226739538239538376e+02
2.549995670995670878e+02 7.715772005772005571e+01 2.147715007215007290e+02
2.550000000000000000e+02 4.525360750360750473e+01 2.036349927849927894e+02
2.549998556998556865e+02 3.634372294372294476e+01 2.012194805194805269e+02
2.549995670995670878e+02 3.927113997113997357e+01 2.015451659451659339e+02
2.549990620490620472e+02 4.229213564213564069e+01 2.027295815295815373e+02
2.549979797979798093e+02 4.116681096681096363e+01 2.020640692640692748e+02
2.549994227994228027e+02 4.164480519480519405e+01 2.026103174603174466e+02
2.550000000000000000e+02 4.726291486291486166e+01 2.043394660894661001e+02
2.550000000000000000e+02 4.993405483405483380e+01 2.054885281385281246e+02
2.550000000000000000e+02 5.050173160173159914e+01 2.059010101010100868e+02
2.550000000000000000e+02 5.102445887445887251e+01 2.060643578643578735e+02
2.549990620490620472e+02 5.282222222222222285e+01 2.064543290043289971e+02
2.550000000000000000e+02 5.745310245310245278e+01 2.078673160173160284e+02
2.550000000000000000e+02 6.365432900432900709e+01 2.091910533910534014e+02
2.549996392496392446e+02 6.944451659451659964e+01 2.111538239538239452e+02
2.549997113997114013e+02 7.434141414141414828e+01 2.127902597402597280e+02
2.549999278499278432e+02 8.074199134199133709e+01 2.146810245310245193e+02
2.550000000000000000e+02 8.600288600288600094e+01 2.162611111111111200e+02
2.549991341991342040e+02 9.073160173160172803e+01 2.165445887445887365e+02
2.549997113997114013e+02 9.464754689754690276e+01 2.178800144300144268e+02
2.549995670995670878e+02 9.849646464646464494e+01 2.195161616161616109e+02
2.550000000000000000e+02 1.023329725829725874e+02 2.206322510822510878e+02
2.549994227994228027e+02 1.052746031746031719e+02 2.212700577200577072e+02
2.549994227994228027e+02 1.086739538239538234e+02 2.214362914862914806e+02
2.549999278499278432e+02 1.102139971139971095e+02 2.216697691197691142e+02
2.549996392496392446e+02 1.112121212121212182e+02 2.224059884559884495e+02
2.549986291486291350e+02 1.134113275613275675e+02 2.228995670995670935e+02
2.549997835497835581e+02 1.149429292929292927e+02 2.230250360750360699e+02
2.550000000000000000e+02 1.163367965367965411e+02 2.227805194805194731e+02
2.549997113997114013e+02 1.175518759018759027e+02 2.235831168831168725e+02
2.549995670995670878e+02 1.165743867243867271e+02 2.235984126984126874e+02
2.550000000000000000e+02 9.848167388167388481e+01 2.189006493506493598e+02
2.549999278499278432e+02 6.206046176046176299e+01 2.092487012987012918e+02
2.549995670995670878e+02 4.654935064935065014e+01 2.043751082251082209e+02
2.550000000000000000e+02 4.570223665223664966e+01 2.043615440115439981e+02
2.549998556998556865e+02 5.017770562770562748e+01 2.042999278499278546e+02
2.549991341991342040e+02 5.101500721500721625e+01 2.056145021645021700e+02
2.549994949494949594e+02 5.134372294372294476e+01 2.049380952380952294e+02
2.549995670995670878e+02 5.493831168831168554e+01 2.062707070707070613e+02
2.549979076479076525e+02 5.717972582972583240e+01 2.076992784992785062e+02
2.549998556998556865e+02 5.633989898989899103e+01 2.071340548340548366e+02
2.549999278499278432e+02 5.484812409812409584e+01 2.064552669552669499e+02
2.549993506493506459e+02 5.520353535353535079e+01 2.067028860028860038e+02
2.550000000000000000e+02 5.825901875901875826e+01 2.072637085137085080e+02
2.549991341991342040e+02 6.237590187590187440e+01 2.096158008658008782e+02
2.549995670995670878e+02 6.745606060606060339e+01 2.101546176046176129e+02
2.549994949494949594e+02 7.264235209235209823e+01 2.114006493506493598e+02
2.549992063492063608e+02 7.815678210678210291e+01 2.129816738816738848e+02
2.549991341991342040e+02 8.342301587301587062e+01 2.145939393939393938e+02
2.550000000000000000e+02 8.894783549783549859e+01 2.164984848484848499e+02
2.550000000000000000e+02 9.363333333333333997e+01 2.178748196248196223e+02
2.549996392496392446e+02 9.796616161616161378e+01 2.184090909090909065e+02
2.549999278499278432e+02 1.013748917748917791e+02 2.190770562770562719e+02
2.550000000000000000e+02 1.040214285714285722e+02 2.208931457431457375e+02
2.549991341991342040e+02 1.066268398268398272e+02 2.215295093795093919e+02
2.549987734487734485e+02 1.088800865800865836e+02 2.215685425685425685e+02
2.550000000000000000e+02 1.093238095238095298e+02 2.220872294372294391e+02
2.550000000000000000e+02 1.116337662337662380e+02 2.227064935064935014e+02
2.550000000000000000e+02 1.128737373737373701e+02 2.231472582972583041e+02
2.550000000000000000e+02 1.131851370851370859e+02 2.224987734487734485e+02
2.549999278499278432e+02 9.695793650793650897e+01 2.183148629148629141e+02
2.549998556998556865e+02 5.938549783549783712e+01 2.080960317460317412e+02
2.549985569985570066e+02 4.245151515151515298e+01 2.027013708513708536e+02
2.550000000000000000e+02 4.087813852813852833e+01 2.017839826839826856e+02
2.549999278499278432e+02 4.336529581529581634e+01 2.024484848484848385e+02
2.549989177489177621e+02 4.322914862914863221e+01 2.027884559884559792e+02
2.549992063492063608e+02 4.215685425685425969e+01 2.025968975468975373e+02
2.549987012987012918e+02 4.466984126984127101e+01 2.031751082251082323e+02
2.549999278499278432e+02 4.674235209235209254e+01 2.041316017316017337e+02
2.550000000000000000e+02 4.819502164502164732e+01 2.045494949494949424e+02
2.549994949494949594e+02 4.803174603174603163e+01 2.045486291486291464e+02
2.549999278499278432e+02 4.889408369408369737e+01 2.050164502164502096e+02
2.550000000000000000e+02 5.280418470418470633e+01 2.069958874458874334e+02
2.549999278499278432e+02 5.896103896103895892e+01 2.082797979797979906e+02
2.549997113997114013e+02 6.585432900432900283e+01 2.104262626262626270e+02
2.550000000000000000e+02 7.211753246753247026e+01 2.124448773448773409e+02
2.549992784992784891e+02 7.828881673881673464e+01 2.143745310245310236e+02
2.549984126984126931e+02 8.287669552669552786e+01 2.158664502164502039e+02
2.549998556998556865e+02 8.704574314574314542e+01 2.168598845598845628e+02
2.549989177489177621e+02 9.222575757575756938e+01 2.178003607503607384e+02
2.549999278499278432e+02 9.563816738816738905e+01 2.190186868686868706e+02
2.550000000000000000e+02 9.853874458874459208e+01 2.198704184704184570e+02
2.549998556998556865e+02 1.017161616161616138e+02 2.211206349206349273e+02
2.549993506493506459e+02 1.036696248196248149e+02 2.216038961038960906e+02
2.549999278499278432e+02 1.056780663780663758e+02 2.218031024531024400e+02
2.549999278499278432e+02 1.066125541125541076e+02 2.216769119769119811e+02
2.550000000000000000e+02 1.074445887445887422e+02 2.224590187590187611e+02
2.549996392496392446e+02 1.080821789321789339e+02 2.225336219336219301e+02
2.550000000000000000e+02 1.079820346320346260e+02 2.229360028860028820e+02
2.549994227994228027e+02 1.098159451659451662e+02 2.227390331890331936e+02
2.549998556998556865e+02 1.107562770562770567e+02 2.225880230880230783e+02
2.550000000000000000e+02 1.001085137085137120e+02 2.211668109668109707e+02
2.549997835497835581e+02 7.109603174603174125e+01 2.129647907647907630e+02
2.549995670995670878e+02 5.630281385281385553e+01 2.080899711399711407e+02
2.549999278499278432e+02 5.636284271284271341e+01 2.080692640692640794e+02
2.550000000000000000e+02 6.193095238095238386e+01 2.089018037518037545e+02
2.550000000000000000e+02 6.700627705627705666e+01 2.103762626262626156e+02
2.550000000000000000e+02 6.907568542568542114e+01 2.116004329004329065e+02
2.549997113997114013e+02 7.310425685425686027e+01 2.127688311688311558e+02
2.550000000000000000e+02 8.064776334776334465e+01 2.145272727272727309e+02
2.549999278499278432e+02 8.713088023088023704e+01 2.172360750360750501e+02
2.549996392496392446e+02 9.160663780663780642e+01 2.184061327561327630e+02
2.550000000000000000e+02 9.567698412698412369e+01 2.191906926406926459e+02
2.549994949494949594e+02 1.004695526695526695e+02 2.206020202020202134e+02
2.550000000000000000e+02 1.046124098124098083e+02 2.219803030303030198e+02
2.550000000000000000e+02 1.081352813852813881e+02 2.223364357864357999e+02
2.549995670995670878e+02 1.102103174603174551e+02 2.239648629148629198e+02
2.550000000000000000e+02 1.134301587301587233e+02 2.243105339105339056e+02
2.550000000000000000e+02 1.149349927849927866e+02 2.241937950937951030e+02
2.549985569985570066e+02 1.160896825396825420e+02 2.252150793650793617e+02
2.549995670995670878e+02 1.170313852813852833e+02 2.254477633477633560e+02
2.550000000000000000e+02 1.186758297258297290e+02 2.248191197691197658e+02
2.549990620490620472e+02 1.195198412698412653e+02 2.257652958152958149e+02
2.549993506493506459e+02 1.201525974025974079e+02 2.265485569985569896e+02
2.549985569985570066e+02 1.065965367965367960e+02 2.237694083694083815e+02
2.550000000000000000e+02 1.070413419913419943e+02 2.246406204906204778e+02
2.549989177489177621e+02 1.083768398268398272e+02 2.241466089466089500e+02
2.549989177489177621e+02 1.083999278499278489e+02 2.242847041847041965e+02
2.550000000000000000e+02 1.090357864357864344e+02 2.237119769119769046e+02
2.549993506493506459e+02 1.094387445887445836e+02 2.235308802308802285e+02
2.550000000000000000e+02 1.094893939393939348e+02 2.236475468975469028e+02
2.550000000000000000e+02 1.090868686868686837e+02 2.230760461760461624e+02
2.549984848484848499e+02 1.097782828282828262e+02 2.235320346320346232e+02
2.549995670995670878e+02 1.092528860028860009e+02 2.231300865800865836e+02
2.549997835497835581e+02 9.958593073593073086e+01 2.207439393939393995e+02
2.549958874458874334e+02 7.481443001443001606e+01 2.145098124098124117e+02
2.549984126984126931e+02 5.736717171717171482e+01 2.093857864357864287e+02
2.550000000000000000e+02 5.669494949494949765e+01 2.087887445887445779e+02
2.549999278499278432e+02 6.087301587301587347e+01 2.095941558441558357e+02
2.549990620490620472e+02 6.487518037518037772e+01 2.108546897546897583e+02
2.549999278499278432e+02 6.560317460317460814e+01 2.117350649350649405e+02
2.549994227994228027e+02 6.793232323232322756e+01 2.134590187590187611e+02
2.549980519480519376e+02 7.242626262626262701e+01 2.140958152958152994e+02
2.549998556998556865e+02 7.401955266955266666e+01 2.141491341991342097e+02
2.549999278499278432e+02 7.479126984126983757e+01 2.144444444444444571e+02
2.549999278499278432e+02 7.597626262626262417e+01 2.153075036075036053e+02
2.549981240981240944e+02 7.919227994227993861e+01 2.163433621933621964e+02
2.549994227994228027e+02 8.296089466089466669e+01 2.171786435786435732e+02
2.549997835497835581e+02 8.895057720057720019e+01 2.181613275613275675e+02
2.549996392496392446e+02 9.216681096681097074e+01 2.203368686868686837e+02
2.550000000000000000e+02 9.451558441558441359e+01 2.203759740259740170e+02
2.550000000000000000e+02 9.680440115440114823e+01 2.201616883116883230e+02
2.549994227994228027e+02 9.808196248196247780e+01 2.209601731601731558e+02
2.549999278499278432e+02 9.946450216450216431e+01 2.213762626262626156e+02
2.549997835497835581e+02 1.004321067821067857e+02 2.216414862914863022e+02
2.550000000000000000e+02 1.029503607503607441e+02 2.211085858585858546e+02
2.549998556998556865e+02 1.032241702741702767e+02 2.217384559884559962e+02
2.550000000000000000e+02 1.042268398268398215e+02 2.225941558441558357e+02
2.549994227994228027e+02 1.060643578643578593e+02 2.229051948051948102e+02
2.549999278499278432e+02 1.069426406926406941e+02 2.233139971139971180e+02
2.550000000000000000e+02 1.081306637806637809e+02 2.230396825396825307e+02
2.549989898989898904e+02 1.094984126984126931e+02 2.234606060606060680e+02
2.549997835497835581e+02 1.096671717171717120e+02 2.235419191919191917e+02
2.550000000000000000e+02 1.080864357864357856e+02 2.234514430014430104e+02
2.550000000000000000e+02 9.446305916305915673e+01 2.193083694083694013e+02
2.550000000000000000e+02 6.551183261183261664e+01 2.112501443001443135e+02
2.549983405483405363e+02 5.109682539682539471e+01 2.069808080808080888e+02
2.549988455988456053e+02 4.971839826839826770e+01 2.069581529581529651e+02
2.549987734487734485e+02 5.361075036075035882e+01 2.082824675324675354e+02
2.549994227994228027e+02 5.558831168831169123e+01 2.088703463203463286e+02
2.549997835497835581e+02 5.531060606060606233e+01 2.084215728715728631e+02
2.550000000000000000e+02 5.804163059163059302e+01 2.093504329004329065e+02
2.550000000000000000e+02 6.317366522366522474e+01 2.108232323232323324e+02
2.549966089466089443e+02 6.521717171717172334e+01 2.105328282828282909e+02
2.549979076479076525e+02 6.517683982683982435e+01 2.117093795093795165e+02
2.549998556998556865e+02 6.700043290043289801e+01 2.126150072150072106e+02
2.549989177489177621e+02 7.033802308802309255e+01 2.135197691197691086e+02
2.550000000000000000e+02 7.513924963924964118e+01 2.148617604617604684e+02
2.549994949494949594e+02 8.132958152958153164e+01 2.163433621933621964e+02
2.549999278499278432e+02 8.551024531024530972e+01 2.164975468975468971e+02
2.550000000000000000e+02 8.859689754689755148e+01 2.179445165945165854e+02
2.549998556998556865e+02 9.178759018759018318e+01 2.188527417027416959e+02
2.549998556998556865e+02 9.426428571428571956e+01 2.192889610389610482e+02
2.549995670995670878e+02 9.634567099567100001e+01 2.201558441558441643e+02
2.549999278499278432e+02 9.774458874458873936e+01 2.200906204906204948e+02
2.549990620490620472e+02 9.846507936507936165e+01 2.204876623376623286e+02
2.549997113997114013e+02 1.006305916305916242e+02 2.211075757575757450e+02
2.550000000000000000e+02 1.022881673881673947e+02 2.210546897546897469e+02
