2.549239040529363081e+02 1.021546732837055487e+02 2.188823407775020655e+02
2.549522332506203384e+02 1.007394540942928103e+02 2.180794044665012450e+02
2.549964846980975892e+02 1.383087262200165526e+02 2.275504549214226699e+02
2.549925558312655198e+02 1.485777502067824685e+02 2.297479321753515364e+02
2.549942100909842964e+02 1.485905707196029653e+02 2.291164185277088450e+02
2.549995864350703130e+02 1.486923076923076792e+02 2.286633581472291041e+02
2.549997932175351423e+02 1.546918941273779922e+02 2.323213399503722201e+02
2.549991728701406259e+02 1.550713399503722201e+02 2.323835814722911550e+02
2.549913151364764303e+02 1.549129445822994171e+02 2.329034325889164734e+02
2.549958643507030729e+02 1.550856079404466641e+02 2.320545905707195971e+02
2.549977253928866787e+02 1.547744003308519325e+02 2.315332919768403599e+02
2.549985525227460812e+02 1.556743176178659951e+02 2.315446650124069379e+02
2.550000000000000000e+02 1.551381306865177692e+02 2.322531017369726953e+02
2.549997932175351423e+02 1.551736972704714503e+02 2.326776261373035481e+02
2.549977253928866787e+02 1.548904052936310904e+02 2.323746898263027276e+02
2.549991728701406259e+02 1.543300248138957897e+02 2.317696443341604606e+02
2.550000000000000000e+02 1.536881720430107521e+02 2.307702646815550054e+02
2.549975186104218494e+02 1.528306451612903345e+02 2.311304797353184313e+02
2.550000000000000000e+02 1.534156327543424254e+02 2.314890405293631090e+02
2.550000000000000000e+02 1.548047973531844548e+02 2.320202646815550054e+02
2.549985525227460812e+02 1.550277088502894856e+02 2.320394954507857790e+02
2.549950372208436704e+02 1.544751861042183521e+02 2.323101736972704714e+02
2.549971050454921340e+02 1.554259718775847716e+02 2.321180727874276215e+02
2.549958643507030729e+02 1.551962365591397770e+02 2.313808933002481467e+02
2.549929693961952069e+02 1.551623242349048724e+02 2.328899917287014034e+02
2.549886269644334220e+02 1.550754755996691472e+02 2.329495450785773301e+02
2.549995864350703130e+02 1.548535980148883482e+02 2.315539702233250523e+02
2.549958643507030729e+02 1.535651364764268010e+02 2.315179900744416841e+02
2.549973118279569917e+02 1.528045905707195971e+02 2.316397849462365457e+02
2.549975186104218494e+02 1.539739454094292910e+02 2.317018196856906513e+02
2.549923490488006621e+02 1.544485111662530983e+02 2.318289909015715580e+02
2.549944168734491257e+02 1.544055004135649369e+02 2.320734077750206836e+02
2.549940033085194386e+02 1.554553349875930621e+02 2.321331679073614680e+02
2.549958643507030729e+02 1.556007030603804822e+02 2.323494623655913927e+02
2.549940033085194386e+02 1.547167080231596401e+02 2.313165839536807198e+02
2.549985525227460812e+02 1.534437551695616264e+02 2.313050041356492841e+02
2.549942100909842964e+02 1.529148056244830514e+02 2.311887923904052968e+02
2.549952440033085281e+02 1.529917287014061174e+02 2.307717121588089242e+02
2.549917287014061174e+02 1.531040115798180352e+02 2.302841191066997624e+02
2.549952440033085281e+02 1.523618693134822308e+02 2.302671629445823100e+02
2.549954507857733574e+02 1.530924317617865995e+02 2.314743589743589780e+02
2.549964846980975892e+02 1.532448304383788127e+02 2.313769644334160489e+02
2.549973118279569917e+02 1.536412324234904929e+02 2.315105459057072039e+02
2.549995864350703130e+02 1.541147642679900684e+02 2.309836641852770924e+02
2.549987593052109105e+02 1.544915219189412596e+02 2.311935483870967687e+02
2.549958643507030729e+02 1.531257237386269594e+02 2.314971050454921340e+02
2.549873862696443325e+02 1.531203473945409428e+02 2.307022332506203384e+02
2.549921422663358044e+02 1.525922249793217418e+02 2.311980976013234113e+02
2.549985525227460812e+02 1.523054177005789995e+02 2.313595947063689096e+02
2.550000000000000000e+02 1.538012820512820440e+02 2.319406534325889027e+02
2.549979321753515364e+02 1.544549214226633467e+02 2.318765508684863619e+02
2.549917287014061174e+02 1.551149710504549262e+02 2.313784119106699677e+02
2.549929693961952069e+02 1.542752274607113350e+02 2.313451199338296078e+02
2.549977253928866787e+02 1.544061207609594817e+02 2.307187758478081037e+02
2.549937965260545809e+02 1.543087262200165526e+02 2.306736972704714503e+02
2.549958643507030729e+02 1.544760132340777545e+02 2.317249793217535228e+02
2.549958643507030729e+02 1.540837468982630298e+02 2.315122001654259805e+02
2.549985525227460812e+02 1.532547559966914719e+02 2.310407361455748685e+02
2.549944168734491257e+02 1.534805624483043971e+02 2.311253101736972724e+02
2.549979321753515364e+02 1.538413978494623677e+02 2.312007857733664196e+02
2.549940033085194386e+02 1.552940446650123931e+02 2.322452440033085281e+02
2.549989660876757682e+02 1.557107113316790787e+02 2.322349048800661819e+02
2.549917287014061174e+02 1.561697684036393809e+02 2.320531430934656782e+02
2.549884201819685643e+02 1.555649296939619433e+02 2.320889164598841887e+02
2.549811827956989134e+02 1.555816790736145663e+02 2.317377998345740195e+02
2.549977253928866787e+02 1.547822580645161281e+02 2.312361455748552430e+02
2.549952440033085281e+02 1.545959470636890103e+02 2.315734077750206836e+02
2.550000000000000000e+02 1.543397435897435912e+02 2.311670802315963726e+02
2.549979321753515364e+02 1.537626137303556675e+02 2.313744830438378699e+02
2.549962779156327599e+02 1.532938378825475638e+02 2.305208850289495501e+02
2.549886269644334220e+02 1.538666253101737027e+02 2.317198097601323354e+02
2.549964846980975892e+02 1.547107113316790787e+02 2.313070719602977761e+02
2.549989660876757682e+02 1.546786600496277799e+02 2.319896608767576538e+02
2.549981389578163657e+02 1.555287427626137173e+02 2.323937138130686435e+02
2.549958643507030729e+02 1.558540115798180352e+02 2.325107526881720332e+02
2.549813895781637711e+02 1.551306865177832890e+02 2.316588089330024900e+02
2.549987593052109105e+02 1.546830024813895648e+02 2.312733664185277007e+02
2.549968982630273047e+02 1.533697270471463980e+02 2.315740281224152284e+02
2.549975186104218494e+02 1.539220430107527022e+02 2.317349048800661819e+02
2.549979321753515364e+02 1.531995450785773301e+02 2.317152605459057213e+02
2.549991728701406259e+02 1.532047146401985174e+02 2.313180314309346670e+02
2.549995864350703130e+02 1.532996277915632675e+02 2.316054590570719540e+02
2.549987593052109105e+02 1.538294044665012450e+02 2.319236972704714503e+02
2.549991728701406259e+02 1.537640612076095863e+02 2.314276261373035481e+02
2.549937965260545809e+02 1.544679487179487296e+02 2.314179073614557467e+02
2.549979321753515364e+02 1.544015715467328391e+02 2.318434656741108313e+02
2.549973118279569917e+02 1.538573200992555883e+02 2.313124483043837927e+02
2.549991728701406259e+02 1.531294458229941995e+02 2.311865177832919755e+02
2.549981389578163657e+02 1.532735732009925584e+02 2.305095119933829722e+02
2.549979321753515364e+02 1.522117452440033105e+02 2.315295698924731198e+02
2.549991728701406259e+02 1.530225392886683267e+02 2.308523573200992587e+02
2.549973118279569917e+02 1.538033498759305076e+02 2.311691480562448362e+02
2.549997932175351423e+02 1.540256410256410220e+02 2.309904880066170278e+02
2.549997932175351423e+02 1.538418114143920548e+02 2.312479321753515364e+02
2.549981389578163657e+02 1.542936311000827061e+02 2.308999172870140626e+02
2.549987593052109105e+02 1.534321753515301907e+02 2.314352770885028860e+02
2.549975186104218494e+02 1.539377584780810650e+02 2.313914392059553222e+02
2.549958643507030729e+02 1.547857733664185389e+02 2.314652605459057213e+02
2.549997932175351423e+02 1.543151364764268010e+02 2.316354425144747609e+02
2.549946236559139834e+02 1.533713813068651746e+02 2.317818444995864411e+02
2.550000000000000000e+02 1.530980148883374738e+02 2.315748552522746024e+02
2.549987593052109105e+02 1.531790736145574954e+02 2.317884615384615472e+02
2.549975186104218494e+02 1.531058726220016410e+02 2.311869313482216626e+02
2.549935897435897516e+02 1.533335401157981721e+02 2.318674524400330768e+02
2.549975186104218494e+02 1.531089743589743648e+02 2.318395368072787335e+02
2.549917287014061174e+02 1.529720843672456567e+02 2.319104631927212665e+02
2.549950372208436704e+02 1.533240281224152284e+02 2.311468155500413673e+02
2.549971050454921340e+02 1.532105045492142210e+02 2.319673283705541849e+02
2.549906947890818856e+02 1.533496691480562504e+02 2.318147229114971140e+02
2.549960711331679022e+02 1.532878411910670025e+02 2.314985525227460812e+02
2.549993796526054552e+02 1.527925971877584743e+02 2.315363937138130552e+02
2.550000000000000000e+02 1.531211745244003168e+02 2.311195202646815687e+02
2.549987593052109105e+02 1.524615384615384528e+02 2.305161290322580783e+02
2.549977253928866787e+02 1.521404052936310904e+02 2.308436724565756890e+02
2.549977253928866787e+02 1.535698924731182728e+02 2.313949545078577330e+02
2.549966914805624469e+02 1.523734491315136381e+02 2.307764681555004245e+02
2.549950372208436704e+02 1.518953680727874200e+02 2.312514474772539188e+02
2.549966914805624469e+02 1.524044665012407052e+02 2.307239454094292910e+02
2.549948304383788127e+02 1.537950785773366533e+02 2.314104631927212665e+02
2.549964846980975892e+02 1.556418527708850377e+02 2.316805210918114142e+02
2.549977253928866787e+02 1.562834987593052176e+02 2.322173283705541849e+02
2.549950372208436704e+02 1.556035980148883482e+02 2.317442100909842964e+02
2.549981389578163657e+02 1.537098842018196763e+02 2.312237386269644333e+02
2.549989660876757682e+02 1.520405293631100108e+02 2.299034325889164734e+02
2.549991728701406259e+02 1.508258891645988342e+02 2.293428453267162865e+02
2.549985525227460812e+02 1.504834574028122347e+02 2.296166253101737027e+02
2.549993796526054552e+02 1.510607940446650161e+02 2.300570719602977761e+02
2.550000000000000000e+02 1.500994623655913927e+02 2.296404052936310904e+02
2.550000000000000000e+02 1.502038875103391149e+02 2.301958229942100900e+02
2.550000000000000000e+02 1.500324648469809858e+02 2.302193961952026484e+02
2.549995864350703130e+02 1.508521505376344010e+02 2.296575682382134005e+02
2.549950372208436704e+02 1.502411083540115726e+02 2.301573614557485428e+02
2.550000000000000000e+02 1.500341191066997624e+02 2.295738213399503707e+02
2.549987593052109105e+02 1.503120347394541056e+02 2.293581472291149623e+02
2.549977253928866787e+02 1.507988006617038934e+02 2.290601736972704714e+02
2.549991728701406259e+02 1.521654259718775961e+02 2.300312241521918963e+02
2.549966914805624469e+02 1.509836641852770924e+02 2.305012406947890895e+02
2.549995864350703130e+02 1.508149296939619433e+02 2.299722911497105144e+02
2.550000000000000000e+02 1.500980148883374738e+02 2.305111662531017487e+02
2.550000000000000000e+02 1.504412737799834474e+02 2.293172043010752645e+02
2.549991728701406259e+02 1.504902812241521985e+02 2.295589330024813819e+02
2.550000000000000000e+02 1.501929280397022239e+02 2.292797766749379775e+02
2.549997932175351423e+02 1.506526054590570709e+02 2.294600909842845340e+02
2.549942100909842964e+02 1.516594292803970347e+02 2.307903225806451530e+02
2.549993796526054552e+02 1.527034739454094279e+02 2.305192307692307736e+02
2.549993796526054552e+02 1.527022332506203384e+02 2.303587675765095071e+02
2.549991728701406259e+02 1.531486765922249731e+02 2.308703473945409428e+02
2.549968982630273047e+02 1.530734077750206836e+02 2.304456162117452322e+02
2.549997932175351423e+02 1.525324648469809858e+02 2.301761786600496293e+02
2.549997932175351423e+02 1.524330024813895648e+02 2.297750206782464772e+02
2.549993796526054552e+02 1.513691066997518533e+02 2.295306038047973516e+02
2.549977253928866787e+02 1.516050454921422670e+02 2.300560380479735443e+02
2.550000000000000000e+02 1.523314722911497086e+02 2.307553763440860166e+02
2.549989660876757682e+02 1.519809760132340841e+02 2.303306451612903345e+02
2.549983457402812235e+02 1.521687344913151492e+02 2.307340777502067795e+02
2.549995864350703130e+02 1.523887510339123139e+02 2.304509925558312773e+02
2.550000000000000000e+02 1.536949958643507159e+02 2.307462779156327599e+02
2.549966914805624469e+02 1.546881720430107521e+02 2.305957402812241526e+02
2.550000000000000000e+02 1.548304383788254768e+02 2.314836641852770924e+02
2.549971050454921340e+02 1.545736145574855129e+02 2.315184036393713711e+02
2.549985525227460812e+02 1.533695202646815687e+02 2.308794458229941995e+02
2.549958643507030729e+02 1.539156327543424254e+02 2.314137717121588196e+02
2.549937965260545809e+02 1.548722084367245770e+02 2.312735732009925584e+02
2.549987593052109105e+02 1.544199751861042103e+02 2.319838709677419217e+02
2.549979321753515364e+02 1.540434243176178768e+02 2.319114971050454983e+02
2.549942100909842964e+02 1.534774607113316733e+02 2.305872622001654122e+02
2.549973118279569917e+02 1.534187344913151492e+02 2.312634408602150415e+02
2.549989660876757682e+02 1.538143093465673985e+02 2.317191894127377907e+02
2.549950372208436704e+02 1.545777502067824685e+02 2.316619106699751853e+02
2.550000000000000000e+02 1.544185277088502914e+02 2.309613316790736235e+02
2.549956575682382152e+02 1.544778742762613604e+02 2.311191066997518533e+02
2.549964846980975892e+02 1.539389991728701546e+02 2.310969809760132421e+02
2.549977253928866787e+02 1.546325475599669232e+02 2.299673283705541849e+02
2.549940033085194386e+02 1.559590570719603022e+02 2.310239867659222455e+02
2.549865591397849585e+02 1.565589330024813819e+02 2.320233664185277007e+02
2.549997932175351423e+02 1.561071133167907306e+02 2.312177419354838719e+02
2.549991728701406259e+02 1.554557485525227492e+02 2.308318858560793956e+02
2.549995864350703130e+02 1.556699751861042103e+02 2.307557899090157036e+02
2.550000000000000000e+02 1.549762200165425838e+02 2.310326716294458151e+02
2.550000000000000000e+02 1.543691066997518533e+02 2.309421009098428499e+02
2.549863523573201007e+02 1.544968982630273047e+02 2.313538047973531775e+02
2.549993796526054552e+02 1.543974358974358836e+02 2.313376757650951276e+02
2.549929693961952069e+02 1.547371794871794748e+02 2.306900330851943863e+02
2.549892473118279668e+02 1.544795285359801369e+02 2.309551282051282044e+02
2.549921422663358044e+02 1.552710918114143794e+02 2.310291563275434328e+02
2.549913151364764303e+02 1.559942100909842964e+02 2.309005376344086073e+02
2.549935897435897516e+02 1.560874689826302699e+02 2.308010752688172147e+02
2.549937965260545809e+02 1.552545492142266426e+02 2.309253515301902269e+02
2.549977253928866787e+02 1.544294871794871824e+02 2.309778742762613604e+02
2.549973118279569917e+02 1.539350703060380567e+02 2.305808519437551638e+02
2.549942100909842964e+02 1.534052936311000792e+02 2.300781637717121555e+02
2.549973118279569917e+02 1.535920181968569125e+02 2.297630272952853545e+02
2.549968982630273047e+02 1.539001240694789203e+02 2.300062034739454191e+02
2.549973118279569917e+02 1.534249379652605398e+02 2.292669561621174523e+02
2.549944168734491257e+02 1.527481389578163657e+02 2.288426385442514572e+02
2.549981389578163657e+02 1.520533498759305076e+02 2.289636062861869448e+02
2.549940033085194386e+02 1.517233250620347462e+02 2.286269644334160489e+02
2.549962779156327599e+02 1.520738213399503707e+02 2.293306451612903345e+02
2.549975186104218494e+02 1.525595533498759266e+02 2.290258478081058797e+02
2.549981389578163657e+02 1.527894954507857790e+02 2.289100496277915511e+02
2.549931761786600362e+02 1.519681555004135589e+02 2.291275847808105937e+02
2.549950372208436704e+02 1.519127377998345878e+02 2.285134408602150415e+02
2.549983457402812235e+02 1.514638130686517741e+02 2.284416873449131629e+02
2.549985525227460812e+02 1.514445822994210005e+02 2.282684036393713711e+02
2.549925558312655198e+02 1.511191066997518533e+02 2.290899503722084489e+02
2.549985525227460812e+02 1.519884201819685643e+02 2.290353598014888235e+02
2.549983457402812235e+02 1.521048387096774093e+02 2.287644747725393017e+02
2.549964846980975892e+02 1.517646815550041310e+02 2.288413978494623677e+02
2.549971050454921340e+02 1.527915632754342425e+02 2.291170388751033897e+02
2.549968982630273047e+02 1.533227874276261389e+02 2.285849875930521193e+02
2.549995864350703130e+02 1.536852770885028860e+02 2.290713399503722201e+02
2.549997932175351423e+02 1.539669148056244694e+02 2.303887510339123139e+02
2.550000000000000000e+02 1.536350289495450738e+02 2.295359801488833682e+02
2.549995864350703130e+02 1.531674937965260597e+02 2.293085194375516949e+02
2.549993796526054552e+02 1.526435070306038142e+02 2.279772539288668440e+02
2.550000000000000000e+02 1.526736972704714503e+02 2.282588916459884274e+02
2.549987593052109105e+02 1.530913978494623677e+02 2.291255169561621301e+02
2.549997932175351423e+02 1.534538875103391149e+02 2.289774607113316733e+02
2.550000000000000000e+02 1.537526881720430083e+02 2.289772539288668440e+02
2.549981389578163657e+02 1.543130686517783374e+02 2.294563688999172939e+02
2.549991728701406259e+02 1.548498759305210797e+02 2.297684036393713711e+02
2.549983457402812235e+02 1.552837055417700469e+02 2.292998345740281252e+02
2.549987593052109105e+02 1.561900330851943863e+02 2.297355252274606983e+02
2.549995864350703130e+02 1.561066997518610435e+02 2.298238213399503707e+02
2.549867659222497878e+02 1.559354838709677438e+02 2.298440860215053760e+02
2.549997932175351423e+02 1.551995450785773301e+02 2.297481389578163657e+02
2.549911083540115726e+02 1.554067411083539980e+02 2.292706782464846924e+02
2.549851116625310112e+02 1.546652191894127384e+02 2.297255996691480675e+02
2.549977253928866787e+02 1.547150537634408636e+02 2.291592224979321770e+02
2.549960711331679022e+02 1.549352770885028860e+02 2.292640612076095863e+02
2.549940033085194386e+02 1.547107113316790787e+02 2.298767576509511912e+02
2.549956575682382152e+02 1.542952853598014826e+02 2.289797353184449946e+02
2.549966914805624469e+02 1.540310173697270386e+02 2.281000827129859374e+02
2.549989660876757682e+02 1.547934243176178768e+02 2.278856492969396186e+02
2.549952440033085281e+02 1.552899090157154660e+02 2.282595119933829722e+02
2.549977253928866787e+02 1.547866004962779130e+02 2.285006203473945448e+02
2.549942100909842964e+02 1.546242762613730406e+02 2.281668734491315149e+02
2.549991728701406259e+02 1.541635649296939619e+02 2.279261786600496293e+02
2.549971050454921340e+02 1.534404466501240734e+02 2.285769230769230660e+02
2.549991728701406259e+02 1.533492555831265634e+02 2.289102564102564088e+02
2.549795285359801369e+02 1.534371381306865203e+02 2.289497518610421878e+02
2.549909015715467433e+02 1.530010339123242318e+02 2.281751447477253976e+02
2.549940033085194386e+02 1.532545492142266426e+02 2.286619106699751853e+02
2.549952440033085281e+02 1.527791563275434328e+02 2.288209263854425046e+02
2.549985525227460812e+02 1.540955334987592948e+02 2.289501654259718748e+02
2.549989660876757682e+02 1.542150537634408636e+02 2.283234077750206836e+02
2.549968982630273047e+02 1.544456162117452322e+02 2.290339123242349046e+02
2.549964846980975892e+02 1.545022746071133213e+02 2.284141852770885066e+02
2.549995864350703130e+02 1.545366004962779130e+02 2.293732423490488088e+02
2.549995864350703130e+02 1.531422663358147247e+02 2.282491728701406259e+02
2.549979321753515364e+02 1.530719602977667364e+02 2.280456989247311697e+02
2.550000000000000000e+02 1.530831265508684851e+02 2.286966501240694924e+02
2.549995864350703130e+02 1.530494210090984382e+02 2.278804797353184313e+02
2.549952440033085281e+02 1.535363937138130552e+02 2.278413978494623677e+02
2.549950372208436704e+02 1.534365177832919755e+02 2.284540942928039726e+02
2.549995864350703130e+02 1.531898263027295286e+02 2.287758478081058797e+02
2.549979321753515364e+02 1.527626137303556675e+02 2.284727047146402015e+02
2.549909015715467433e+02 1.534137717121588196e+02 2.283881306865177692e+02
2.549987593052109105e+02 1.532787427626137173e+02 2.284782878411910758e+02
2.549991728701406259e+02 1.531195202646815687e+02 2.280221257237386396e+02
2.549956575682382152e+02 1.530825062034739403e+02 2.282528949545078660e+02
2.549968982630273047e+02 1.528291976840363873e+02 2.274342431761786543e+02
2.549979321753515364e+02 1.519640198511166318e+02 2.284112903225806406e+02
2.549995864350703130e+02 1.511091811414391941e+02 2.281224152191894063e+02
2.550000000000000000e+02 1.507965260545905721e+02 2.282468982630273047e+02
2.549977253928866787e+02 1.508147229114971140e+02 2.289267990074441741e+02
2.549966914805624469e+02 1.495086848635235697e+02 2.277549627791563296e+02
2.549958643507030729e+02 1.489578163771712127e+02 2.273564929693961858e+02
2.549966914805624469e+02 1.486995450785773301e+02 2.272419354838709751e+02
2.549995864350703130e+02 1.490016542597187765e+02 2.270153019023986758e+02
2.549935897435897516e+02 1.495763027295285497e+02 2.274350703060380567e+02
2.549956575682382152e+02 1.502783291976840303e+02 2.285035153019024108e+02
2.549981389578163657e+02 1.515909842845326807e+02 2.282425558312655198e+02
2.549983457402812235e+02 1.519813895781637711e+02 2.281389578163771716e+02
2.549973118279569917e+02 1.522808105872622093e+02 2.285835401157981721e+02
2.550000000000000000e+02 1.515895368072787335e+02 2.276600496277915511e+02
2.549968982630273047e+02 1.513664185277088450e+02 2.277959057071960274e+02
2.549991728701406259e+02 1.517493796526054552e+02 2.283116211745243902e+02
2.549968982630273047e+02 1.515891232423490464e+02 2.279017783291976968e+02
2.549975186104218494e+02 1.512663358147229076e+02 2.274026054590570709e+02
2.549962779156327599e+02 1.515643093465673985e+02 2.280475599669148039e+02
2.549975186104218494e+02 1.518566997518610435e+02 2.283465674110835266e+02
2.550000000000000000e+02 1.522762613730355667e+02 2.288674524400330768e+02
2.549991728701406259e+02 1.522191894127377907e+02 2.282388337468982513e+02
2.549993796526054552e+02 1.521732837055417633e+02 2.284015715467328391e+02
2.549995864350703130e+02 1.526803143093465565e+02 2.284373449131513780e+02
2.549997932175351423e+02 1.523664185277088450e+02 2.280318444995864411e+02
2.549968982630273047e+02 1.528947477253928753e+02 2.288496691480562504e+02
2.549981389578163657e+02 1.512878411910670025e+02 2.278490488006617056e+02
2.549933829611248939e+02 1.511581885856079452e+02 2.283428453267162865e+02
2.549997932175351423e+02 1.512524813895781506e+02 2.273804797353184313e+02
2.550000000000000000e+02 1.508533912324234905e+02 2.270192307692307736e+02
2.550000000000000000e+02 1.514270057899090034e+02 2.280454921422663404e+02
2.549971050454921340e+02 1.523587675765095071e+02 2.284404466501240734e+02
2.549983457402812235e+02 1.530645161290322562e+02 2.286577750206782582e+02
2.549983457402812235e+02 1.528972291149710543e+02 2.286838296112489672e+02
2.549942100909842964e+02 1.536552936311000792e+02 2.292152605459057213e+02
2.549950372208436704e+02 1.538926799007444117e+02 2.288072787427626054e+02
2.549991728701406259e+02 1.548304383788254768e+02 2.285022746071133213e+02
2.549977253928866787e+02 1.548961952026468225e+02 2.285409429280396978e+02
2.549958643507030729e+02 1.533012820512820440e+02 2.296009098428453399e+02
2.549956575682382152e+02 1.522129859387924000e+02 2.280177832919768264e+02
2.549942100909842964e+02 1.527404880066170278e+02 2.285210918114143794e+02
2.549995864350703130e+02 1.529114971050454983e+02 2.279092224979321770e+02
2.549987593052109105e+02 1.527483457402812235e+02 2.278738626964433536e+02
2.549983457402812235e+02 1.532874276261373154e+02 2.281445409429280460e+02
2.549995864350703130e+02 1.527801902398676646e+02 2.289011579818031521e+02
2.549983457402812235e+02 1.532553763440860166e+02 2.285312241521918963e+02
2.549997932175351423e+02 1.526052522746071247e+02 2.280841604631927169e+02
2.549987593052109105e+02 1.526921009098428499e+02 2.284791149710504499e+02
2.549987593052109105e+02 1.530308105872622093e+02 2.283391232423490464e+02
2.549997932175351423e+02 1.533312655086848508e+02 2.288314722911497086e+02
2.549979321753515364e+02 1.531257237386269594e+02 2.285876757650951276e+02
2.549991728701406259e+02 1.517084367245657575e+02 2.285909842845326807e+02
2.549993796526054552e+02 1.512737799834574162e+02 2.277663358147229076e+02
2.549991728701406259e+02 1.506401985111662611e+02 2.273639371381306944e+02
2.549993796526054552e+02 1.510930521091811443e+02 2.268043837882547678e+02
2.549904880066170278e+02 1.507793631100082621e+02 2.269325889164598777e+02
2.549946236559139834e+02 1.504642266335814611e+02 2.280031017369726953e+02
2.549997932175351423e+02 1.514083953680727745e+02 2.282886683209263765e+02
2.549985525227460812e+02 1.521832092638544225e+02 2.277535153019024108e+02
2.549995864350703130e+02 1.521122828784119179e+02 2.278763440860215042e+02
2.549997932175351423e+02 1.516856906534326015e+02 2.267516542597187765e+02
2.549985525227460812e+02 1.505308105872622093e+02 2.271561207609594817e+02
2.549975186104218494e+02 1.513511166253101692e+02 2.274929693961952069e+02
2.549983457402812235e+02 1.515314309346567541e+02 2.269973118279569917e+02
2.549991728701406259e+02 1.516009098428453399e+02 2.267117452440033105e+02
2.549997932175351423e+02 1.508002481389578122e+02 2.260436311000827061e+02
2.549983457402812235e+02 1.495603804797353291e+02 2.262677832919768264e+02
2.549975186104218494e+02 1.502553763440860166e+02 2.262638544251447570e+02
2.549877998345740195e+02 1.498598014888337389e+02 2.259588502894954445e+02
2.549956575682382152e+02 1.502468982630273047e+02 2.269439619520264557e+02
2.549989660876757682e+02 1.504859387923904137e+02 2.267601323407774885e+02
2.549956575682382152e+02 1.503149296939619433e+02 2.268091397849462396e+02
2.549962779156327599e+02 1.506155913978494709e+02 2.270043424317617848e+02
2.549968982630273047e+02 1.514108767576509536e+02 2.265618279569892479e+02
2.549983457402812235e+02 1.511182795698924792e+02 2.259493382961125008e+02
2.549997932175351423e+02 1.518751033912324147e+02 2.267901157981803237e+02
2.549993796526054552e+02 1.523614557485525154e+02 2.276141439205955237e+02
2.549942100909842964e+02 1.517661290322580783e+02 2.272806038047973516e+02
2.549964846980975892e+02 1.511927212572373946e+02 2.275150951199338181e+02
2.549940033085194386e+02 1.509205955334987550e+02 2.271157981803143002e+02
2.549960711331679022e+02 1.520543837882547678e+02 2.278945409429280460e+02
2.549985525227460812e+02 1.524582299421008997e+02 2.279545078577336596e+02
2.549993796526054552e+02 1.526360628618693056e+02 2.275796112489660743e+02
2.549975186104218494e+02 1.533083126550868371e+02 2.278924731182795824e+02
2.549985525227460812e+02 1.528672456575682475e+02 2.271976840363937242e+02
2.549993796526054552e+02 1.526885856079404391e+02 2.278141025641025692e+02
2.549958643507030729e+02 1.522080231596360704e+02 2.279330024813895648e+02
2.550000000000000000e+02 1.525570719602977761e+02 2.278897849462365457e+02
2.549995864350703130e+02 1.534296939619520401e+02 2.278130686517783374e+02
2.549979321753515364e+02 1.539098428453267218e+02 2.277185690653432459e+02
2.550000000000000000e+02 1.543232009925558259e+02 2.280206782464846924e+02
2.549973118279569917e+02 1.539867659222497878e+02 2.281443341604631883e+02
2.549991728701406259e+02 1.524015715467328391e+02 2.280845740281224039e+02
2.549975186104218494e+02 1.525682382133994963e+02 2.277481389578163657e+02
2.549964846980975892e+02 1.521532258064516157e+02 2.275514888337469017e+02
2.549991728701406259e+02 1.520434243176178768e+02 2.274782878411910758e+02
2.550000000000000000e+02 1.511716294458229868e+02 2.273465674110835266e+02
2.549993796526054552e+02 1.520643093465673985e+02 2.270659636062861750e+02
2.549981389578163657e+02 1.521929280397022239e+02 2.281344086021505291e+02
2.549968982630273047e+02 1.515200578990901477e+02 2.276739040529363081e+02
2.549983457402812235e+02 1.518374689826302699e+02 2.273660049627791579e+02
2.549983457402812235e+02 1.522766749379652538e+02 2.268974358974358836e+02
2.549985525227460812e+02 1.524720843672456567e+02 2.274675351530190142e+02
2.549989660876757682e+02 1.533203060380479599e+02 2.277084367245657575e+02
2.549993796526054552e+02 1.532291149710504499e+02 2.281834160463192802e+02
2.549991728701406259e+02 1.530351530190239941e+02 2.276683209263854337e+02
2.549983457402812235e+02 1.529299007444168694e+02 2.280128205128205252e+02
2.549987593052109105e+02 1.523471877584780714e+02 2.275008271298593741e+02
2.549995864350703130e+02 1.519660876757650954e+02 2.274820099255583159e+02
2.549960711331679022e+02 1.517952853598014826e+02 2.273722084367245770e+02
2.549946236559139834e+02 1.513122415219189350e+02 2.273538047973531775e+02
2.549948304383788127e+02 1.519669148056244694e+02 2.266666666666666572e+02
2.549966914805624469e+02 1.519104631927212665e+02 2.273885442514474846e+02
2.549960711331679022e+02 1.518912324234904929e+02 2.272659222497932205e+02
2.549973118279569917e+02 1.524909015715467433e+02 2.273831679073614680e+02
2.549973118279569917e+02 1.521842431761786543e+02 2.272119520264681682e+02
2.549997932175351423e+02 1.524617452440033105e+02 2.282915632754342425e+02
2.549977253928866787e+02 1.523362282878411804e+02 2.284121174524400431e+02
2.549983457402812235e+02 1.532921836228287873e+02 2.276501240694789203e+02
2.549995864350703130e+02 1.529704301075268802e+02 2.273420181968569125e+02
2.550000000000000000e+02 1.523050041356492841e+02 2.267731596360628714e+02
2.549995864350703130e+02 1.510291563275434328e+02 2.277442100909842964e+02
2.549968982630273047e+02 1.508777915632754230e+02 2.270488006617038934e+02
2.549973118279569917e+02 1.505337055417700469e+02 2.267040942928039726e+02
2.549985525227460812e+02 1.507489660876757682e+02 2.266801075268817272e+02
2.549983457402812235e+02 1.508229942100909966e+02 2.274081885856079452e+02
2.549971050454921340e+02 1.503895781637717164e+02 2.270500413564929829e+02
2.549985525227460812e+02 1.508870967741935374e+02 2.276749379652605398e+02
2.549995864350703130e+02 1.515694789081885858e+02 2.279150124069478807e+02
2.549948304383788127e+02 1.514189412737799785e+02 2.275002067824648577e+02
2.549985525227460812e+02 1.522338709677419217e+02 2.273728287841190934e+02
2.549989660876757682e+02 1.521736972704714503e+02 2.278730355665839511e+02
2.549968982630273047e+02 1.518294044665012450e+02 2.272268403639371286e+02
2.549991728701406259e+02 1.510320512820512704e+02 2.276519851116625262e+02
2.549995864350703130e+02 1.501755583126550846e+02 2.274344499586435120e+02
2.549983457402812235e+02 1.506602564102564088e+02 2.269274193548387188e+02
2.549989660876757682e+02 1.497562034739454191e+02 2.267777088502894856e+02
2.549931761786600362e+02 1.501974772539288665e+02 2.266478494623655990e+02
2.549884201819685643e+02 1.496248966087675853e+02 2.264286600496277799e+02
2.549971050454921340e+02 1.503213399503722201e+02 2.266441273779983590e+02
2.549985525227460812e+02 1.501778329197684059e+02 2.273211331679073623e+02
2.549962779156327599e+02 1.499059139784946240e+02 2.279532671629445701e+02
2.550000000000000000e+02 1.508500827129859374e+02 2.276286186931348254e+02
2.549981389578163657e+02 1.502417287014061174e+02 2.275860215053763511e+02
2.549995864350703130e+02 1.508147229114971140e+02 2.281918941273779922e+02
2.549985525227460812e+02 1.513715880893300323e+02 2.277694375516956029e+02
2.550000000000000000e+02 1.519787014061207628e+02 2.280938792390405183e+02
2.549985525227460812e+02 1.511720430107527022e+02 2.276906534325889027e+02
2.549940033085194386e+02 1.503653846153846132e+02 2.274230769230769340e+02
2.549948304383788127e+02 1.504815963606286289e+02 2.273182382133994963e+02
2.549993796526054552e+02 1.504249379652605398e+02 2.273002481389578122e+02
2.549997932175351423e+02 1.506627377998345878e+02 2.279514061207609643e+02
2.549985525227460812e+02 1.501201406120760851e+02 2.279791149710504499e+02
2.549981389578163657e+02 1.507464846980975892e+02 2.281877584780810650e+02
2.549960711331679022e+02 1.508227874276261389e+02 2.280008271298593741e+02
2.549971050454921340e+02 1.509172870140612019e+02 2.285771298593879237e+02
2.549952440033085281e+02 1.514633995037220870e+02 2.281652191894127384e+02
2.549956575682382152e+02 1.505475599669148039e+02 2.285990488006617056e+02
2.549871794871794748e+02 1.519375516956162073e+02 2.281013234077750269e+02
2.549987593052109105e+02 1.520988420181968479e+02 2.278451199338296078e+02
2.550000000000000000e+02 1.518844086021505291e+02 2.280705128205128176e+02
2.550000000000000000e+02 1.514753928866832098e+02 2.280657568238213457e+02
2.549995864350703130e+02 1.510767162944582367e+02 2.282954921422663404e+02
2.549977253928866787e+02 1.507795698924731198e+02 2.277909429280396978e+02
2.550000000000000000e+02 1.505244003308519325e+02 2.289993796526054552e+02
2.549966914805624469e+02 1.507741935483871032e+02 2.281590157154673193e+02
2.549991728701406259e+02 1.506958229942100900e+02 2.282750206782464772e+02
2.549989660876757682e+02 1.510771298593879237e+02 2.279102564102564088e+02
2.549995864350703130e+02 1.515105459057072039e+02 2.283016956162117594e+02
2.549997932175351423e+02 1.515347394540942787e+02 2.283041770057899100e+02
2.550000000000000000e+02 1.515217121588089242e+02 2.279948304383788127e+02
2.549979321753515364e+02 1.524456162117452322e+02 2.282909429280396978e+02
2.549904880066170278e+02 1.528525641025641164e+02 2.286048387096774093e+02
2.549937965260545809e+02 1.529772539288668440e+02 2.280725806451612812e+02
2.549985525227460812e+02 1.526695616211745232e+02 2.280105459057072039e+02
2.549995864350703130e+02 1.522382133995037350e+02 2.278215467328370494e+02
2.549985525227460812e+02 1.520241935483871032e+02 2.282808105872622093e+02
2.550000000000000000e+02 1.513203060380479599e+02 2.275543837882547678e+02
2.549971050454921340e+02 1.513308519437551638e+02 2.284119106699751853e+02
2.549944168734491257e+02 1.515508684863523570e+02 2.282826716294458151e+02
2.549966914805624469e+02 1.519131513647642748e+02 2.282760545905707090e+02
2.549964846980975892e+02 1.520796112489660743e+02 2.272708850289495501e+02
2.549985525227460812e+02 1.517522746071133213e+02 2.273904052936310904e+02
2.549979321753515364e+02 1.522572373862696509e+02 2.275676178660049516e+02
2.549995864350703130e+02 1.522086435070306152e+02 2.269714640198511120e+02
2.550000000000000000e+02 1.510283291976840303e+02 2.278786186931348254e+02
2.549989660876757682e+02 1.510155086848635335e+02 2.275386683209263765e+02
2.550000000000000000e+02 1.508480148883374738e+02 2.268424317617865995e+02
2.549995864350703130e+02 1.497384201819685643e+02 2.272590984284532567e+02
2.549993796526054552e+02 1.494716708023159697e+02 2.258045905707195971e+02
2.549993796526054552e+02 1.492344913151364665e+02 2.263525641025641164e+02
2.549979321753515364e+02 1.493014888337469017e+02 2.263769644334160489e+02
2.549995864350703130e+02 1.487415219189412596e+02 2.266098014888337389e+02
2.550000000000000000e+02 1.491193134822167110e+02 2.268908188585608059e+02
2.550000000000000000e+02 1.485705128205128176e+02 2.272125723738626846e+02
2.549993796526054552e+02 1.494549214226633467e+02 2.263465674110835266e+02
2.550000000000000000e+02 1.495874689826302699e+02 2.265620347394541056e+02
2.549960711331679022e+02 1.496956162117452322e+02 2.267512406947890895e+02
2.549993796526054552e+02 1.501970636889991795e+02 2.276038047973531775e+02
2.549979321753515364e+02 1.504971050454921340e+02 2.274869727047146455e+02
2.549966914805624469e+02 1.507642679900744440e+02 2.270200578990901477e+02
2.550000000000000000e+02 1.502921836228287873e+02 2.269369313482216626e+02
2.549962779156327599e+02 1.492828784119106729e+02 2.256757650951199423e+02
2.549979321753515364e+02 1.491614971050454983e+02 2.259079818031430875e+02
2.549991728701406259e+02 1.490196443341604606e+02 2.265047559966914719e+02
2.550000000000000000e+02 1.487264267990074416e+02 2.261776261373035481e+02
2.549993796526054552e+02 1.486075268817204176e+02 2.264414805624483051e+02
2.549991728701406259e+02 1.487659222497932205e+02 2.256534325889164734e+02
2.549995864350703130e+02 1.488707609594706298e+02 2.257270471464019863e+02
2.549993796526054552e+02 1.495920181968569125e+02 2.265808519437551638e+02
2.550000000000000000e+02 1.491852770885028860e+02 2.267363523573201007e+02
2.549995864350703130e+02 1.490897435897435912e+02 2.268250620347394602e+02
2.549991728701406259e+02 1.494495450785773301e+02 2.264309346567411012e+02
2.550000000000000000e+02 1.496360628618693056e+02 2.269387923904052968e+02
2.549983457402812235e+02 1.496315136476426915e+02 2.271350289495450738e+02
2.550000000000000000e+02 1.489102564102564088e+02 2.262913564929693848e+02
2.549937965260545809e+02 1.478302315963606191e+02 2.254677419354838719e+02
2.550000000000000000e+02 1.479199751861042103e+02 2.264427212572373946e+02
2.549993796526054552e+02 1.487396608767576538e+02 2.248012820512820440e+02
2.549991728701406259e+02 1.482917700578991003e+02 2.258070719602977761e+02
2.549997932175351423e+02 1.487512406947890895e+02 2.252717121588089242e+02
2.549989660876757682e+02 1.485574855252274631e+02 2.259797353184449946e+02
2.549855252274606983e+02 1.492423490488006621e+02 2.257160876757650954e+02
2.549989660876757682e+02 1.486404052936310904e+02 2.263740694789081829e+02
2.549989660876757682e+02 1.491401985111662611e+02 2.269530603804797408e+02
2.549942100909842964e+02 1.487983870967742064e+02 2.268496691480562504e+02
2.550000000000000000e+02 1.493881306865177692e+02 2.269342431761786543e+02
2.549995864350703130e+02 1.502706782464846924e+02 2.263734491315136381e+02
2.550000000000000000e+02 1.496854838709677438e+02 2.266995450785773301e+02
2.550000000000000000e+02 1.486126964433416049e+02 2.268734491315136381e+02
2.549960711331679022e+02 1.492491728701406259e+02 2.268970223325061966e+02
2.549925558312655198e+02 1.487853598014888235e+02 2.264042597187758474e+02
2.549807692307692264e+02 1.489751861042183521e+02 2.263308519437551638e+02
2.550000000000000000e+02 1.496430934656740988e+02 2.255519023986765887e+02
2.549983457402812235e+02 1.498205128205128176e+02 2.264824234904880029e+02
2.549991728701406259e+02 1.499354838709677438e+02 2.267888751033912342e+02
2.549964846980975892e+02 1.496906534325889027e+02 2.262681968569065418e+02
2.549981389578163657e+02 1.500192307692307736e+02 2.271033912324234905e+02
2.549993796526054552e+02 1.504540942928039726e+02 2.275938792390405183e+02
2.549989660876757682e+02 1.504755996691480675e+02 2.274257650951199423e+02
2.549826302729528607e+02 1.511418527708850377e+02 2.270734077750206836e+02
2.549971050454921340e+02 1.509549214226633467e+02 2.263476013234077868e+02
2.549987593052109105e+02 1.503817204301075208e+02 2.270742349048800577e+02
2.549995864350703130e+02 1.500709263854425046e+02 2.270492142266335804e+02
2.549958643507030729e+02 1.490978081058726161e+02 2.268267162944582367e+02
2.549973118279569917e+02 1.491492969396195178e+02 2.263339536807278876e+02
2.549997932175351423e+02 1.490547973531844548e+02 2.267626137303556675e+02
2.549989660876757682e+02 1.492450372208436704e+02 2.268145161290322562e+02
2.549987593052109105e+02 1.499499586435070171e+02 2.266954094292804029e+02
2.549987593052109105e+02 1.498943341604631883e+02 2.266197270471463980e+02
2.550000000000000000e+02 1.496197270471463980e+02 2.267512406947890895e+02
2.549940033085194386e+02 1.489977253928866787e+02 2.273709677419354875e+02
2.549985525227460812e+02 1.498327129859387981e+02 2.267899090157154660e+02
2.550000000000000000e+02 1.504700165425971932e+02 2.265277088502894856e+02
2.549989660876757682e+02 1.503552522746071247e+02 2.268897849462365457e+02
2.549942100909842964e+02 1.496331679073614680e+02 2.277076095947063550e+02
2.549968982630273047e+02 1.488269230769230660e+02 2.266329611248966103e+02
2.549983457402812235e+02 1.487921836228287873e+02 2.269594706368899892e+02
2.549997932175351423e+02 1.485860215053763511e+02 2.264216294458229868e+02
2.549954507857733574e+02 1.483163771712158905e+02 2.265812655086848508e+02
2.549973118279569917e+02 1.483769644334160489e+02 2.265004135649296870e+02
2.550000000000000000e+02 1.483050041356492841e+02 2.265206782464846924e+02
2.549989660876757682e+02 1.482584780810587404e+02 2.261180727874276215e+02
2.549989660876757682e+02 1.477640612076095863e+02 2.258825475599669232e+02
2.549964846980975892e+02 1.482706782464846924e+02 2.257462779156327599e+02
2.549935897435897516e+02 1.483019023986765887e+02 2.268891645988420294e+02
2.549987593052109105e+02 1.489230769230769340e+02 2.265411497105045555e+02
2.550000000000000000e+02 1.485409429280396978e+02 2.273424317617865995e+02
2.549952440033085281e+02 1.486879652605458944e+02 2.273232009925558259e+02
2.549983457402812235e+02 1.480316377171215834e+02 2.264168734491315149e+02
2.549997932175351423e+02 1.469143920595533359e+02 2.266736972704714503e+02
2.549981389578163657e+02 1.470911910669975100e+02 2.267617866004962650e+02
2.549948304383788127e+02 1.467636476426798993e+02 2.261751447477253976e+02
2.549991728701406259e+02 1.462917700578991003e+02 2.256077336641852753e+02
2.549997932175351423e+02 1.467956989247311697e+02 2.258724152191894063e+02
2.549960711331679022e+02 1.465334987593052176e+02 2.258511166253101692e+02
2.549896608767576538e+02 1.468351943755169486e+02 2.255597601323407844e+02
2.549962779156327599e+02 1.462700578990901477e+02 2.265330851943755306e+02
2.549968982630273047e+02 1.469973118279569917e+02 2.264640198511166318e+02
2.549983457402812235e+02 1.470111662531017487e+02 2.269402398676592156e+02
2.549997932175351423e+02 1.473172043010752645e+02 2.266313068651778337e+02
2.549985525227460812e+02 1.474319685690653330e+02 2.261203473945409428e+02
2.549985525227460812e+02 1.470516956162117594e+02 2.272171215880893271e+02
2.549884201819685643e+02 1.468742762613730406e+02 2.256404052936310904e+02
2.549968982630273047e+02 1.460554177005789995e+02 2.257942514474772508e+02
2.549971050454921340e+02 1.463281637717121555e+02 2.252762613730355667e+02
2.549935897435897516e+02 1.459046732837055345e+02 2.263935070306038142e+02
2.549937965260545809e+02 1.459919354838709751e+02 2.260539702233250523e+02
2.549937965260545809e+02 1.465246071133167902e+02 2.258145161290322562e+02
2.549869727047146455e+02 1.472001654259718748e+02 2.260700992555831306e+02
2.549985525227460812e+02 1.478866832092638504e+02 2.255378411910670025e+02
2.549987593052109105e+02 1.475483870967742064e+02 2.258682795698924792e+02
2.549929693961952069e+02 1.479805624483043971e+02 2.269197684036393809e+02
2.549892473118279668e+02 1.488130686517783374e+02 2.274720843672456567e+02
2.549929693961952069e+02 1.492121588089329975e+02 2.279288668320926377e+02
2.549915219189412596e+02 1.490574855252274631e+02 2.269168734491315149e+02
2.549911083540115726e+02 1.485934656741108313e+02 2.261282051282051384e+02
2.549952440033085281e+02 1.486075268817204176e+02 2.272878411910670025e+02
2.549997932175351423e+02 1.482531017369726953e+02 2.275674110835401223e+02
2.549977253928866787e+02 1.476133167907361496e+02 2.263926799007444117e+02
2.549962779156327599e+02 1.476736972704714503e+02 2.268145161290322562e+02
2.549993796526054552e+02 1.477144334160463188e+02 2.267142266335814611e+02
2.549877998345740195e+02 1.481902398676592156e+02 2.276339950372208421e+02
2.550000000000000000e+02 1.487739867659222455e+02 2.268560794044664988e+02
2.549989660876757682e+02 1.487127791563275423e+02 2.271672870140612019e+02
2.549983457402812235e+02 1.487963192721257144e+02 2.277082299421008997e+02
2.549997932175351423e+02 1.491174524400330768e+02 2.271497105045492049e+02
2.549991728701406259e+02 1.497297353184449946e+02 2.274644334160463188e+02
2.549991728701406259e+02 1.502874276261373154e+02 2.272464846980975892e+02
2.549935897435897516e+02 1.509361042183622885e+02 2.276170388751033897e+02
2.549997932175351423e+02 1.501579818031430875e+02 2.273010752688172147e+02
2.549904880066170278e+02 1.496809346567411012e+02 2.274702233250620225e+02
2.549977253928866787e+02 1.495101323407774885e+02 2.276499172870140626e+02
2.549946236559139834e+02 1.494208023159636127e+02 2.275072373862696509e+02
2.549935897435897516e+02 1.491637717121588196e+02 2.273887510339123139e+02
2.549997932175351423e+02 1.486319272125723785e+02 2.276745244003308528e+02
2.549940033085194386e+02 1.495942928039702338e+02 2.281381306865177692e+02
2.549966914805624469e+02 1.489704301075268802e+02 2.270998759305210797e+02
2.549979321753515364e+02 1.491592224979321770e+02 2.278773779983457359e+02
2.549979321753515364e+02 1.497167080231596401e+02 2.279646401985111765e+02
2.549944168734491257e+02 1.492628205128205252e+02 2.282193961952026484e+02
2.549995864350703130e+02 1.492808105872622093e+02 2.285196443341604606e+02
2.550000000000000000e+02 1.498476013234077868e+02 2.284410669975186181e+02
2.549952440033085281e+02 1.501033912324234905e+02 2.288070719602977761e+02
2.549946236559139834e+02 1.501286186931348254e+02 2.277545492142266426e+02
2.549958643507030729e+02 1.497193961952026484e+02 2.273403639371381360e+02
2.549993796526054552e+02 1.489410669975186181e+02 2.274720843672456567e+02
2.549940033085194386e+02 1.486523986765922132e+02 2.271060794044664988e+02
2.549948304383788127e+02 1.486106286186931413e+02 2.288238213399503707e+02
2.549987593052109105e+02 1.482572373862696509e+02 2.285957402812241526e+02
2.550000000000000000e+02 1.488548387096774093e+02 2.282669561621174523e+02
2.549995864350703130e+02 1.486499172870140626e+02 2.282500000000000000e+02
2.550000000000000000e+02 1.488502894954507951e+02 2.283655913978494709e+02
2.549983457402812235e+02 1.487973531844499462e+02 2.280452853598014826e+02
2.550000000000000000e+02 1.492659222497932205e+02 2.282119520264681682e+02
2.549977253928866787e+02 1.494534739454094279e+02 2.278883374689826269e+02
2.549952440033085281e+02 1.497640612076095863e+02 2.278395368072787335e+02
2.549983457402812235e+02 1.500020678246484636e+02 2.280163358147229076e+02
2.549931761786600362e+02 1.507043010752688303e+02 2.296410256410256352e+02
2.549956575682382152e+02 1.498790322580645125e+02 2.276482630272952861e+02
2.549987593052109105e+02 1.492125723738626846e+02 2.276983043837882406e+02
2.549975186104218494e+02 1.485978081058726161e+02 2.274778742762613604e+02
2.549977253928866787e+02 1.482423490488006621e+02 2.279094292803970347e+02
2.549950372208436704e+02 1.481751447477253976e+02 2.277822580645161281e+02
2.549989660876757682e+02 1.478014888337469017e+02 2.280709263854425046e+02
2.549975186104218494e+02 1.484195616211745232e+02 2.283771712158809066e+02
2.549927626137303491e+02 1.490132340777502122e+02 2.280959470636890103e+02
2.549985525227460812e+02 1.491528122415219286e+02 2.279363110008271178e+02
2.549985525227460812e+02 1.492797766749379775e+02 2.289559553349876069e+02
2.549923490488006621e+02 1.497704714640198631e+02 2.284607113316790787e+02
2.549995864350703130e+02 1.501600496277915511e+02 2.281232423490488088e+02
2.549964846980975892e+02 1.500541770057899100e+02 2.287442100909842964e+02
2.549962779156327599e+02 1.507295285359801369e+02 2.288099669148056137e+02
2.549931761786600362e+02 1.510665839536807198e+02 2.290105459057072039e+02
2.549968982630273047e+02 1.505368072787427707e+02 2.282528949545078660e+02
2.549983457402812235e+02 1.501761786600496293e+02 2.283176178660049516e+02
2.549993796526054552e+02 1.496364764267990211e+02 2.284940033085194386e+02
2.549933829611248939e+02 1.494418941273779922e+02 2.291530190239867579e+02
2.549975186104218494e+02 1.494253515301902269e+02 2.291509511993382944e+02
2.549983457402812235e+02 1.496329611248966103e+02 2.289774607113316733e+02
2.549884201819685643e+02 1.505827129859387981e+02 2.283310587262200215e+02
2.549931761786600362e+02 1.506269644334160489e+02 2.288209263854425046e+02
2.549958643507030729e+02 1.505796112489660743e+02 2.291726633581472186e+02
2.549944168734491257e+02 1.514702233250620225e+02 2.297775020678246563e+02
2.550000000000000000e+02 1.515616211745243902e+02 2.292992142266335804e+02
2.549973118279569917e+02 1.520012406947890895e+02 2.294110835401158113e+02
2.549948304383788127e+02 1.518107940446650161e+02 2.295303970223324939e+02
2.549956575682382152e+02 1.524110835401158113e+02 2.294427212572373946e+02
2.549964846980975892e+02 1.528806865177832890e+02 2.292723325062034689e+02
2.549968982630273047e+02 1.526637717121588196e+02 2.295723738626964519e+02
2.549968982630273047e+02 1.515825062034739403e+02 2.295587262200165526e+02
2.549946236559139834e+02 1.514354838709677438e+02 2.292047146401985174e+02
2.549979321753515364e+02 1.515198511166253184e+02 2.293569065343259012e+02
2.549971050454921340e+02 1.512384201819685643e+02 2.286534325889164734e+02
2.549971050454921340e+02 1.515775434243176107e+02 2.285870554177005829e+02
2.549940033085194386e+02 1.509724979321753437e+02 2.298058312655086866e+02
2.549991728701406259e+02 1.515822994210091110e+02 2.300810587262200215e+02
2.549987593052109105e+02 1.527276674937965311e+02 2.303327129859387981e+02
2.549882133995037350e+02 1.526672870140612019e+02 2.300860215053763511e+02
2.549977253928866787e+02 1.532504135649296870e+02 2.301466087675765095e+02
2.549977253928866787e+02 1.532599255583126592e+02 2.303641439205955237e+02
2.549958643507030729e+02 1.539234904880066210e+02 2.300272952853597985e+02
2.549975186104218494e+02 1.535157154673283628e+02 2.307965260545905721e+02
2.549979321753515364e+02 1.532640612076095863e+02 2.300783705541770132e+02
2.549987593052109105e+02 1.521546732837055345e+02 2.300481803143093487e+02
2.549966914805624469e+02 1.508209263854425046e+02 2.296470223325061966e+02
2.549950372208436704e+02 1.506137303556658367e+02 2.299968982630273047e+02
2.549956575682382152e+02 1.504693961952026484e+02 2.294720843672456567e+02
2.549923490488006621e+02 1.503761373035566464e+02 2.293227874276261389e+02
2.549954507857733574e+02 1.504472704714640088e+02 2.286788668320926377e+02
2.549917287014061174e+02 1.502531017369726953e+02 2.285756823821340049e+02
2.549966914805624469e+02 1.505204714640198631e+02 2.290773366418527814e+02
2.549960711331679022e+02 1.509396195202646709e+02 2.293641439205955237e+02
2.549946236559139834e+02 1.512315963606286289e+02 2.293008684863523570e+02
2.549973118279569917e+02 1.512725392886683267e+02 2.298552522746071247e+02
2.549944168734491257e+02 1.515399090157154660e+02 2.297452440033085281e+02
2.550000000000000000e+02 1.519381720430107521e+02 2.302812241521918963e+02
2.549995864350703130e+02 1.519605045492142210e+02 2.300370140612076000e+02
2.549913151364764303e+02 1.515140612076095863e+02 2.290715467328370494e+02
2.549983457402812235e+02 1.508767576509511912e+02 2.291753515301902269e+02
2.549985525227460812e+02 1.504822167080231736e+02 2.285043424317617848e+02
2.549944168734491257e+02 1.498134822167080245e+02 2.281782464846980929e+02
2.549954507857733574e+02 1.492152605459057213e+02 2.287547559966914719e+02
2.549892473118279668e+02 1.497576509511993379e+02 2.286346153846153868e+02
2.550000000000000000e+02 1.494753928866832098e+02 2.284625723738626846e+02
2.549983457402812235e+02 1.494292803970223247e+02 2.285574855252274631e+02
2.549884201819685643e+02 1.494623655913978553e+02 2.286414392059553222e+02
2.549929693961952069e+02 1.499174937965260597e+02 2.281536393713813027e+02
2.550000000000000000e+02 1.501821753515301907e+02 2.281139371381306944e+02
2.549950372208436704e+02 1.497171215880893271e+02 2.285308105872622093e+02
2.549981389578163657e+02 1.502684036393713711e+02 2.289944168734491257e+02
2.549985525227460812e+02 1.504288668320926377e+02 2.289958643507030729e+02
2.549993796526054552e+02 1.507522746071133213e+02 2.293556658395368117e+02
2.549975186104218494e+02 1.497983870967742064e+02 2.289507857733664196e+02
2.550000000000000000e+02 1.493693134822167110e+02 2.283174110835401223e+02
2.549987593052109105e+02 1.479203887510339257e+02 2.284884201819685643e+02
2.549983457402812235e+02 1.473265095119933790e+02 2.279416873449131629e+02
2.549971050454921340e+02 1.471594292803970347e+02 2.270669975186104352e+02
2.549971050454921340e+02 1.471069065343259012e+02 2.275545905707195971e+02
2.549958643507030729e+02 1.477504135649296870e+02 2.275417700578991003e+02
2.549971050454921340e+02 1.479673283705541849e+02 2.274410669975186181e+02
2.549950372208436704e+02 1.488496691480562504e+02 2.279495450785773301e+02
2.549991728701406259e+02 1.492826716294458151e+02 2.278463606286186973e+02
2.550000000000000000e+02 1.502235318444995755e+02 2.280874689826302699e+02
2.549995864350703130e+02 1.497346980976013242e+02 2.291474358974358836e+02
2.549991728701406259e+02 1.509203887510339257e+02 2.288728287841190934e+02
2.549925558312655198e+02 1.511141439205955237e+02 2.289011579818031521e+02
2.549995864350703130e+02 1.518643507030603814e+02 2.291794871794871824e+02
2.549975186104218494e+02 1.516294458229941995e+02 2.287568238213399638e+02
2.549997932175351423e+02 1.508186517783292118e+02 2.288333333333333428e+02
2.549989660876757682e+02 1.509214226633581575e+02 2.290595533498759266e+02
2.549987593052109105e+02 1.501257237386269594e+02 2.284377584780810650e+02
2.549985525227460812e+02 1.500072373862696509e+02 2.278660049627791579e+02
2.549977253928866787e+02 1.502524813895781506e+02 2.288062448304383736e+02
2.549985525227460812e+02 1.501892059553349839e+02 2.277142266335814611e+02
2.549971050454921340e+02 1.509911083540115726e+02 2.283492555831265634e+02
2.549892473118279668e+02 1.513393300248139042e+02 2.284619520264681682e+02
2.549987593052109105e+02 1.510713399503722201e+02 2.281511579818031521e+02
2.549968982630273047e+02 1.519683622828784166e+02 2.284784946236559051e+02
2.549931761786600362e+02 1.520281224152192010e+02 2.286143507030603814e+02
2.549942100909842964e+02 1.528103804797353291e+02 2.293234077750206836e+02
2.549983457402812235e+02 1.531637717121588196e+02 2.299586435070306152e+02
2.549968982630273047e+02 1.535829197684036274e+02 2.302653019023986758e+02
2.549962779156327599e+02 1.535239867659222455e+02 2.297249793217535228e+02
2.550000000000000000e+02 1.526064929693961858e+02 2.289600909842845340e+02
2.549975186104218494e+02 1.512464846980975892e+02 2.291898263027295286e+02
2.549927626137303491e+02 1.516505376344086073e+02 2.293639371381306944e+02
2.549966914805624469e+02 1.508726220016542641e+02 2.287191894127377907e+02
2.549962779156327599e+02 1.512088502894954445e+02 2.294065343258891687e+02
2.549927626137303491e+02 1.514189412737799785e+02 2.290361869313482259e+02
2.549981389578163657e+02 1.515653432588916587e+02 2.288221670802315941e+02
2.550000000000000000e+02 1.507415219189412596e+02 2.285035153019024108e+02
2.549991728701406259e+02 1.508029363110008205e+02 2.282222911497105144e+02
2.549991728701406259e+02 1.511495037220843756e+02 2.286288254755996832e+02
2.549989660876757682e+02 1.513775847808105937e+02 2.290868486352357252e+02
2.549937965260545809e+02 1.521464019851116518e+02 2.285674110835401223e+02
2.549948304383788127e+02 1.527841191066997624e+02 2.288138957816377115e+02
2.549985525227460812e+02 1.526385442514474846e+02 2.290729942100909966e+02
2.549886269644334220e+02 1.520740281224152284e+02 2.289789081885856206e+02
2.549968982630273047e+02 1.510072373862696509e+02 2.282336641852770924e+02
2.549995864350703130e+02 1.498511166253101692e+02 2.279398263027295286e+02
2.549989660876757682e+02 1.493852357320099316e+02 2.282349048800661819e+02
2.549985525227460812e+02 1.492609594706368910e+02 2.274778742762613604e+02
2.549964846980975892e+02 1.491726633581472186e+02 2.279960711331679022e+02
2.549931761786600362e+02 1.495876757650951276e+02 2.284873862696443325e+02
2.549956575682382152e+02 1.498662117452440157e+02 2.284187344913151492e+02
2.549964846980975892e+02 1.504929693961952069e+02 2.281038047973531775e+02
2.549983457402812235e+02 1.509547146401985174e+02 2.285508684863523570e+02
2.549964846980975892e+02 1.506724565756823893e+02 2.285014474772539188e+02
2.550000000000000000e+02 1.509906947890818856e+02 2.283207196029776753e+02
2.549950372208436704e+02 1.509830438378825477e+02 2.280891232423490464e+02
2.549977253928866787e+02 1.515368072787427707e+02 2.283651778329197555e+02
2.549975186104218494e+02 1.520796112489660743e+02 2.293277502067824685e+02
2.549987593052109105e+02 1.523122415219189350e+02 2.284046732837055345e+02
2.549919354838709751e+02 1.508645574855252391e+02 2.275521091811414465e+02
2.549960711331679022e+02 1.495558312655086866e+02 2.284249379652605398e+02
2.549971050454921340e+02 1.497386269644334220e+02 2.281102150537634543e+02
2.549960711331679022e+02 1.499646401985111765e+02 2.278531844499586327e+02
2.549962779156327599e+02 1.495719602977667364e+02 2.271284119106699677e+02
2.549962779156327599e+02 1.496997518610421878e+02 2.279458229942100900e+02
2.549913151364764303e+02 1.502020264681555091e+02 2.281236559139784958e+02
2.549946236559139834e+02 1.505167493796525946e+02 2.282119520264681682e+02
2.549964846980975892e+02 1.510965674110835266e+02 2.285163358147229076e+02
2.549979321753515364e+02 1.518157568238213457e+02 2.284741521918941203e+02
2.549997932175351423e+02 1.513943341604631883e+02 2.281104218362282836e+02
2.549917287014061174e+02 1.515713399503722201e+02 2.281447477253928753e+02
2.549973118279569917e+02 1.516830024813895648e+02 2.285332919768403599e+02
2.549983457402812235e+02 1.526575682382134005e+02 2.292665425971877653e+02
2.549989660876757682e+02 1.531896195202646709e+02 2.295026881720430083e+02
2.549931761786600362e+02 1.535655500413564880e+02 2.297601323407774885e+02
2.549997932175351423e+02 1.523366418527708959e+02 2.292593052109181144e+02
2.549995864350703130e+02 1.522748138957816479e+02 2.284414805624483051e+02
2.549993796526054552e+02 1.521490901571546601e+02 2.277983870967742064e+02
2.549997932175351423e+02 1.508577336641852753e+02 2.282574441687344802e+02
2.549997932175351423e+02 1.514648469809760059e+02 2.279867659222497878e+02
2.549997932175351423e+02 1.514832506203474054e+02 2.283471877584780714e+02
2.549995864350703130e+02 1.512437965260545809e+02 2.290241935483871032e+02
2.549995864350703130e+02 1.519582299421008997e+02 2.292661290322580783e+02
2.550000000000000000e+02 1.522675765095119971e+02 2.292911497105045555e+02
2.549929693961952069e+02 1.528221670802315941e+02 2.294933829611248939e+02
2.549956575682382152e+02 1.532549627791563296e+02 2.295200578990901477e+02
2.549975186104218494e+02 1.535382547559966895e+02 2.294915219189412596e+02
2.549973118279569917e+02 1.533339536807278876e+02 2.290159222497932205e+02
2.549966914805624469e+02 1.540961538461538396e+02 2.290818858560793956e+02
2.549977253928866787e+02 1.540463192721257144e+02 2.293029363110008205e+02
2.549983457402812235e+02 1.533579404466501330e+02 2.293726220016542641e+02
2.549952440033085281e+02 1.527477253928866787e+02 2.291923076923076792e+02
2.549987593052109105e+02 1.518569065343259012e+02 2.286230355665839511e+02
2.549921422663358044e+02 1.513598014888337389e+02 2.288645574855252391e+02
2.549981389578163657e+02 1.518281637717121555e+02 2.285922249793217418e+02
2.549993796526054552e+02 1.519704301075268802e+02 2.291263440860215042e+02
2.549997932175351423e+02 1.529638130686517741e+02 2.294698097601323354e+02
2.549989660876757682e+02 1.524706368899917379e+02 2.292324234904880029e+02
2.549973118279569917e+02 1.526602564102564088e+02 2.301054590570719540e+02
2.549987593052109105e+02 1.523275434243176107e+02 2.285227460711331560e+02
2.550000000000000000e+02 1.533873035566583951e+02 2.286749379652605398e+02
2.549995864350703130e+02 1.532636476426798993e+02 2.288426385442514572e+02
2.549987593052109105e+02 1.534069478908188557e+02 2.289846980976013242e+02
2.549971050454921340e+02 1.535417700578991003e+02 2.294439619520264557e+02
2.549917287014061174e+02 1.536619106699751853e+02 2.290446650124069379e+02
2.549995864350703130e+02 1.533711745244003168e+02 2.286515715467328391e+02
2.549888337468982513e+02 1.521848635235731990e+02 2.288566997518610435e+02
2.549956575682382152e+02 1.513575268817204176e+02 2.282018196856906513e+02
2.549954507857733574e+02 1.510281224152192010e+02 2.284689826302729614e+02
2.549927626137303491e+02 1.508449131513647501e+02 2.282196029776675061e+02
2.549913151364764303e+02 1.504602977667493917e+02 2.280390818858560920e+02
2.549960711331679022e+02 1.510574855252274631e+02 2.294015715467328391e+02
2.549987593052109105e+02 1.514567824648469809e+02 2.284278329197684059e+02
2.550000000000000000e+02 1.518376757650951276e+02 2.286304797353184313e+02
2.549979321753515364e+02 1.516728701406120763e+02 2.286385442514474846e+02
2.549989660876757682e+02 1.517462779156327599e+02 2.291184863523573085e+02
2.549991728701406259e+02 1.524352770885028860e+02 2.294518196856906513e+02
2.549989660876757682e+02 1.521395781637717164e+02 2.289813895781637711e+02
2.549995864350703130e+02 1.525928453267162865e+02 2.294689826302729614e+02
2.549993796526054552e+02 1.527491728701406259e+02 2.291561207609594817e+02
2.550000000000000000e+02 1.532841191066997624e+02 2.292243589743589780e+02
2.549968982630273047e+02 1.537442100909842964e+02 2.295212985938792372e+02
2.549973118279569917e+02 1.527630272952853545e+02 2.290589330024813819e+02
2.549997932175351423e+02 1.510035153019024108e+02 2.283540115798180352e+02
2.549995864350703130e+02 1.512061621174524362e+02 2.279586435070306152e+02
2.549993796526054552e+02 1.509094292803970347e+02 2.284925558312655198e+02
2.549977253928866787e+02 1.502357320099255560e+02 2.285589330024813819e+02
2.549983457402812235e+02 1.507586848635235697e+02 2.287270471464019863e+02
2.549966914805624469e+02 1.513480148883374738e+02 2.288411910669975100e+02
2.549989660876757682e+02 1.516364764267990211e+02 2.286590157154673193e+02
2.549971050454921340e+02 1.514216294458229868e+02 2.277361455748552430e+02
2.550000000000000000e+02 1.511987179487179560e+02 2.289617452440033105e+02
2.549985525227460812e+02 1.517934243176178768e+02 2.286914805624483051e+02
2.549975186104218494e+02 1.525808519437551638e+02 2.291360628618693056e+02
2.550000000000000000e+02 1.525992555831265634e+02 2.291885856079404391e+02
2.549979321753515364e+02 1.532063688999172939e+02 2.295911910669975100e+02
2.549993796526054552e+02 1.538205128205128176e+02 2.298598014888337389e+02
2.549987593052109105e+02 1.536761786600496293e+02 2.291064929693961858e+02
2.550000000000000000e+02 1.531507444168734366e+02 2.298318858560793956e+02
2.549937965260545809e+02 1.516007030603804822e+02 2.288598014888337389e+02
2.549913151364764303e+02 1.514294871794871824e+02 2.288740694789081829e+02
2.549983457402812235e+02 1.510334987593052176e+02 2.280856079404466641e+02
2.549987593052109105e+02 1.507781224152192010e+02 2.283459470636890103e+02
2.549929693961952069e+02 1.510752688172042895e+02 2.288885442514474846e+02
2.549989660876757682e+02 1.514330024813895648e+02 2.288122415219189350e+02
2.549952440033085281e+02 1.521172456575682475e+02 2.285380479735318318e+02
2.549995864350703130e+02 1.530837468982630298e+02 2.283935070306038142e+02
2.549997932175351423e+02 1.527983870967742064e+02 2.293252688172042895e+02
2.549975186104218494e+02 1.529507857733664196e+02 2.289141852770885066e+02
2.549966914805624469e+02 1.526379239040529399e+02 2.279416873449131629e+02
2.549991728701406259e+02 1.530856079404466641e+02 2.280382547559966895e+02
2.549991728701406259e+02 1.528507030603804822e+02 2.300961538461538396e+02
2.549981389578163657e+02 1.532605459057072039e+02 2.304294871794871824e+02
2.549997932175351423e+02 1.531368899917287081e+02 2.299722911497105144e+02
2.549962779156327599e+02 1.516883788254756098e+02 2.290297766749379775e+02
2.549993796526054552e+02 1.494780810587262181e+02 2.281455748552522778e+02
2.549966914805624469e+02 1.483703473945409428e+02 2.272791563275434328e+02
2.549946236559139834e+02 1.462725392886683267e+02 2.269888337468982513e+02
2.549927626137303491e+02 1.461145574855252391e+02 2.264826302729528607e+02
2.549960711331679022e+02 1.463418114143920548e+02 2.274059139784946240e+02
2.549985525227460812e+02 1.467377998345740195e+02 2.278248552522746024e+02
2.549935897435897516e+02 1.472208436724565672e+02 2.276918941273779922e+02
2.550000000000000000e+02 1.478056244830438288e+02 2.280934656741108313e+02
2.549940033085194386e+02 1.483232009925558259e+02 2.281993382961125008e+02
2.549991728701406259e+02 1.496213813068651746e+02 2.273200992555831306e+02
2.549993796526054552e+02 1.493432588916460020e+02 2.273901985111662611e+02
2.549960711331679022e+02 1.495018610421836343e+02 2.276488833746898308e+02
2.549993796526054552e+02 1.506637717121588196e+02 2.283606286186931413e+02
2.549995864350703130e+02 1.515461124896608851e+02 2.284563688999172939e+02
2.549979321753515364e+02 1.505787841191067002e+02 2.277320099255583159e+02
2.549946236559139834e+02 1.495171629445823100e+02 2.277789495450785751e+02
2.549971050454921340e+02 1.486302729528536020e+02 2.274114971050454983e+02
2.549995864350703130e+02 1.485062034739454191e+02 2.276635649296939619e+02
2.549960711331679022e+02 1.484288668320926377e+02 2.275421836228287873e+02
2.549991728701406259e+02 1.490357733664185389e+02 2.266534325889164734e+02
2.549931761786600362e+02 1.491850703060380567e+02 2.276898263027295286e+02
2.549886269644334220e+02 1.492208436724565672e+02 2.272640612076095863e+02
2.549952440033085281e+02 1.500971877584780714e+02 2.279201819685690680e+02
2.549995864350703130e+02 1.505529363110008205e+02 2.280037220843672401e+02
2.549983457402812235e+02 1.512148469809760059e+02 2.279452026468155452e+02
2.549985525227460812e+02 1.514952440033085281e+02 2.286765922249793164e+02
2.549991728701406259e+02 1.509286600496277799e+02 2.281900330851943863e+02
2.549991728701406259e+02 1.510473531844499462e+02 2.284377584780810650e+02
2.549985525227460812e+02 1.517936311000827061e+02 2.284675351530190142e+02
2.550000000000000000e+02 1.514698097601323354e+02 2.288695202646815687e+02
2.550000000000000000e+02 1.513234077750206836e+02 2.286255169561621301e+02
2.549987593052109105e+02 1.495672043010752645e+02 2.281662531017369702e+02
2.549995864350703130e+02 1.490093052109181144e+02 2.268877171215880821e+02
2.549991728701406259e+02 1.488763440860215042e+02 2.271693548387096655e+02
2.549979321753515364e+02 1.488688999172870240e+02 2.272675765095119971e+02
2.549985525227460812e+02 1.489797353184449946e+02 2.274017783291976968e+02
2.549966914805624469e+02 1.493910256410256352e+02 2.279753928866832098e+02
2.549975186104218494e+02 1.508256823821340049e+02 2.281668734491315149e+02
2.549937965260545809e+02 1.504485111662530983e+02 2.279586435070306152e+02
2.549964846980975892e+02 1.502140198511166318e+02 2.289050868486352499e+02
2.549989660876757682e+02 1.504662944582299531e+02 2.283256823821340049e+02
2.549973118279569917e+02 1.505175765095119971e+02 2.286091811414391941e+02
2.549973118279569917e+02 1.516670802315963726e+02 2.283329197684036274e+02
2.549997932175351423e+02 1.523629032258064626e+02 2.282679900744416841e+02
2.549997932175351423e+02 1.532287014061207628e+02 2.292227047146402015e+02
2.549995864350703130e+02 1.540074441687344802e+02 2.288591811414391941e+02
2.550000000000000000e+02 1.536129032258064626e+02 2.288589743589743648e+02
2.549993796526054552e+02 1.527237386269644333e+02 2.284683622828784166e+02
2.549946236559139834e+02 1.511176592224979345e+02 2.276989247311827853e+02
2.549917287014061174e+02 1.505229528535980137e+02 2.276441273779983590e+02
2.549944168734491257e+02 1.504580231596360704e+02 2.274443755169561712e+02
2.549973118279569917e+02 1.500022746071133213e+02 2.275674110835401223e+02
2.549931761786600362e+02 1.510452853598014826e+02 2.275132340777502122e+02
2.549964846980975892e+02 1.517578577336641956e+02 2.286259305210918171e+02
2.549985525227460812e+02 1.521635649296939619e+02 2.284205955334987550e+02
2.549968982630273047e+02 1.526753515301902269e+02 2.276799007444168694e+02
2.549979321753515364e+02 1.527113316790736235e+02 2.279600909842845340e+02
2.549968982630273047e+02 1.528531844499586327e+02 2.285777502067824685e+02
2.549977253928866787e+02 1.530703060380479599e+02 2.277876344086021447e+02
2.549977253928866787e+02 1.525440446650123931e+02 2.282113316790736235e+02
2.549966914805624469e+02 1.528407775020678230e+02 2.275870554177005829e+02
