2.432864415584415667e+02 8.851615584415584692e+01 1.836823376623376589e+02
2.431959999999999980e+02 8.956457142857142628e+01 1.858025974025973994e+02
2.432568831168831309e+02 1.270217142857142818e+02 1.972221818181818094e+02
2.433489870129870098e+02 1.316843636363636278e+02 1.992007272727272778e+02
2.433116363636363531e+02 1.313401038961038978e+02 1.991113766233766285e+02
2.434496103896103989e+02 1.305401038961038864e+02 1.987724155844155973e+02
2.443507012987012956e+02 1.466879480519480410e+02 2.073835844155844086e+02
2.444315844155844104e+02 1.474478961038961131e+02 2.080018701298701274e+02
2.443780259740259737e+02 1.483532467532467649e+02 2.085688831168831143e+02
2.444784935064934928e+02 1.498284675324675277e+02 2.088095584415584369e+02
2.447577662337662332e+02 1.535654545454545428e+02 2.111492987012987044e+02
2.449448831168831191e+02 1.560531948051948063e+02 2.126219220779220791e+02
2.450283116883116747e+02 1.607510649350649317e+02 2.142269090909090892e+02
2.450015064935064970e+02 1.623843636363636449e+02 2.148805194805194674e+02
2.451564675324675306e+02 1.629282077922077860e+02 2.150340779220779268e+02
2.452515844155844036e+02 1.634265974025973946e+02 2.156781818181818267e+02
2.452715844155844138e+02 1.661114285714285757e+02 2.166345974025973931e+02
2.452650389610389539e+02 1.669645194805194706e+02 2.169987532467532390e+02
2.452929870129870267e+02 1.661780779220779323e+02 2.163378701298701401e+02
2.452079480519480512e+02 1.638257142857142981e+02 2.160745974025973908e+02
2.451381298701298590e+02 1.619057142857142821e+02 2.155806233766233788e+02
2.450396883116883089e+02 1.619990129870129749e+02 2.151923636363636376e+02
2.450156363636363608e+02 1.625616623376623409e+02 2.153772987012987130e+02
2.450560519480519588e+02 1.637562077922077890e+02 2.159508051948051843e+02
2.451242597402597312e+02 1.653040519480519492e+02 2.169230129870129815e+02
2.450468051948051880e+02 1.654695064935064863e+02 2.166446753246753190e+02
2.450758961038960990e+02 1.639031168831168941e+02 2.166843116883116807e+02
2.452059740259740295e+02 1.639690389610389616e+02 2.163006753246753249e+02
2.451934025974026099e+02 1.645196363636363515e+02 2.163507532467532428e+02
2.452249350649350674e+02 1.648655064935065013e+02 2.163735584415584299e+02
2.451981298701298613e+02 1.652450389610389720e+02 2.161532987012986951e+02
2.454105454545454563e+02 1.658721558441558557e+02 2.170104415584415563e+02
2.454351688311688235e+02 1.669486753246753210e+02 2.173660259740259733e+02
2.454152207792207889e+02 1.672724155844155973e+02 2.174439480519480412e+02
2.453872727272727161e+02 1.655701818181818226e+02 2.166657142857142730e+02
2.454649350649350765e+02 1.642366753246753319e+02 2.162571428571428669e+02
2.454290389610389695e+02 1.627537662337662425e+02 2.161021298701298576e+02
2.454464935064935105e+02 1.638966753246753285e+02 2.161565194805194778e+02
2.454162597402597328e+02 1.653470649350649353e+02 2.163675324675324703e+02
2.455114805194805285e+02 1.646949090909090785e+02 2.163193766233766269e+02
2.455502857142857067e+02 1.648309090909091026e+02 2.166909090909090878e+02
2.456014025974025969e+02 1.661907012987012990e+02 2.171610909090909161e+02
2.455967792207792115e+02 1.670277402597402556e+02 2.171766753246753296e+02
2.456034805194805131e+02 1.664241038961039010e+02 2.167983376623376728e+02
2.456897142857142740e+02 1.653124155844155894e+02 2.169011948051947911e+02
2.454997402597402640e+02 1.647084155844155759e+02 2.164985454545454502e+02
2.455878961038960995e+02 1.644323636363636467e+02 2.162112207792207812e+02
2.454512207792207903e+02 1.641834805194805256e+02 2.161927792207792152e+02
2.452935064935064986e+02 1.649433766233766221e+02 2.163378181818181929e+02
2.451715324675324723e+02 1.642382857142857233e+02 2.158705974025974115e+02
2.450209350649350597e+02 1.625018701298701274e+02 2.151289870129870110e+02
2.450660779220779091e+02 1.632008831168831193e+02 2.155532467532467535e+02
2.451512207792207789e+02 1.641139740259740165e+02 2.161738181818181772e+02
2.451075844155844266e+02 1.638769870129870014e+02 2.158213506493506486e+02
2.450482597402597378e+02 1.631634285714285681e+02 2.154162597402597328e+02
2.450437402597402468e+02 1.634221818181818264e+02 2.155955844155844261e+02
2.450890389610389661e+02 1.640111168831168698e+02 2.156869090909090971e+02
2.450424935064935141e+02 1.642337662337662323e+02 2.161331948051948189e+02
2.450651948051948068e+02 1.645673766233766173e+02 2.159919480519480430e+02
2.451944935064935009e+02 1.650705974025974001e+02 2.161084155844155816e+02
2.451364155844155732e+02 1.653252467532467449e+02 2.156131428571428614e+02
2.451230129870129986e+02 1.656309090909090855e+02 2.157968311688311758e+02
2.452043636363636381e+02 1.646679480519480592e+02 2.156815584415584510e+02
2.450507012987013127e+02 1.625639480519480458e+02 2.148614545454545350e+02
2.449887272727272602e+02 1.604863376623376610e+02 2.145505974025973899e+02
2.450037402597402547e+02 1.613654545454545541e+02 2.144884675324675243e+02
2.450858701298701305e+02 1.618603636363636440e+02 2.148496623376623518e+02
2.450902857142857272e+02 1.614901818181818101e+02 2.143329350649350715e+02
2.449476883116883243e+02 1.612238961038960952e+02 2.141977662337662309e+02
2.449021298701298690e+02 1.616612467532467576e+02 2.143891948051948191e+02
2.448689870129870201e+02 1.622218181818181790e+02 2.147046753246753212e+02
2.450389610389610482e+02 1.681921558441558489e+02 2.164436363636363581e+02
2.450618701298701296e+02 1.682326233766233656e+02 2.166411428571428530e+02
2.451268571428571477e+02 1.684375064935065041e+02 2.164858701298701362e+02
2.451587012987012884e+02 1.695231168831168702e+02 2.171229610389610514e+02
2.452066493506493430e+02 1.690483116883116850e+02 2.166944935064935009e+02
2.452783896103896097e+02 1.688648831168831066e+02 2.170475324675324771e+02
2.452954285714285732e+02 1.686671688311688229e+02 2.168698701298701224e+02
2.452817662337662341e+02 1.678121038961039062e+02 2.163915324675324712e+02
2.453087792207792290e+02 1.658835324675324614e+02 2.155238961038961065e+02
2.453502857142857181e+02 1.657917402597402656e+02 2.157949610389610484e+02
2.454245194805194785e+02 1.671968831168831287e+02 2.161034805194805131e+02
2.454622337662337657e+02 1.673196363636363628e+02 2.166172467532467465e+02
2.454105454545454563e+02 1.681271688311688308e+02 2.169108051948051923e+02
2.455427532467532501e+02 1.696363636363636260e+02 2.174332467532467490e+02
2.455789090909090930e+02 1.701658181818181959e+02 2.172461818181818103e+02
2.456130909090909142e+02 1.695500259740259708e+02 2.171689870129870030e+02
2.455445194805194831e+02 1.698144935064935055e+02 2.171344935064934987e+02
2.456202597402597405e+02 1.703370389610389566e+02 2.172851428571428585e+02
2.456722077922077858e+02 1.711694545454545562e+02 2.175494025974026044e+02
2.456738181818181772e+02 1.720656103896103843e+02 2.185807792207792204e+02
2.455902337662337800e+02 1.716744415584415719e+02 2.182059220779220823e+02
2.456034285714285659e+02 1.695084675324675345e+02 2.171744935064935191e+02
2.456447272727272662e+02 1.662208311688311824e+02 2.157689870129870258e+02
2.454996883116883168e+02 1.642435844155844222e+02 2.152650389610389539e+02
2.454862337662337666e+02 1.642716883116883082e+02 2.153848311688311696e+02
2.454506493506493428e+02 1.657832727272727311e+02 2.155456623376623497e+02
2.453667012987012868e+02 1.658147012987012943e+02 2.154890909090909190e+02
2.453548051948051807e+02 1.651701818181818169e+02 2.152454025974026024e+02
2.453035844155844245e+02 1.669751168831168968e+02 2.157585974025974167e+02
2.453710129870129890e+02 1.678976623376623252e+02 2.159379220779220816e+02
2.453662857142857092e+02 1.687680000000000007e+02 2.162499740259740122e+02
2.454735064935065054e+02 1.701922077922077960e+02 2.168024935064935050e+02
2.455497662337662348e+02 1.716507532467532542e+02 2.177152207792207719e+02
2.454779220779220736e+02 1.731772987012986960e+02 2.178854545454545359e+02
2.455740779220779189e+02 1.725807272727272732e+02 2.177615584415584351e+02
2.456435844155844279e+02 1.721269090909090949e+02 2.173817662337662284e+02
2.455960519480519508e+02 1.720453506493506382e+02 2.173857662337662475e+02
2.455794805194805122e+02 1.719345974025974044e+02 2.170880519480519411e+02
2.455263896103896002e+02 1.716585974025973940e+02 2.175348051948051875e+02
2.454830649350649310e+02 1.719887272727272602e+02 2.178262857142857172e+02
2.454244675324675313e+02 1.707042077922077965e+02 2.168481558441558548e+02
2.452854545454545416e+02 1.658343896103896213e+02 2.149105974025974035e+02
2.452460779220779159e+02 1.629096623376623256e+02 2.137752207792207741e+02
2.452185974025973962e+02 1.629331948051948018e+02 2.140906493506493575e+02
2.451411948051948002e+02 1.644638441558441571e+02 2.144752727272727384e+02
2.451730909090909165e+02 1.669580779220779334e+02 2.151691428571428446e+02
2.452992207792207751e+02 1.683774545454545546e+02 2.158159480519480553e+02
2.452951168831168900e+02 1.682884675324675356e+02 2.156903376623376687e+02
2.453291948051948168e+02 1.672814025974026038e+02 2.155373506493506568e+02
2.453911168831168936e+02 1.678048831168831043e+02 2.161191168831168739e+02
2.454378181818181872e+02 1.676741818181818076e+02 2.160017662337662330e+02
2.454721558441558500e+02 1.658455064935064911e+02 2.152401038961039035e+02
2.454391168831168955e+02 1.637606753246753328e+02 2.146819740259740286e+02
2.453595844155844077e+02 1.628347532467532517e+02 2.134870649350649217e+02
2.453997922077922169e+02 1.647496103896103818e+02 2.145827012987012949e+02
2.454155844155844193e+02 1.675296103896103830e+02 2.152629610389610377e+02
2.454752727272727384e+02 1.680698701298701394e+02 2.156729870129870221e+02
2.455632727272727323e+02 1.694427532467532558e+02 2.167390649350649312e+02
2.455955844155844261e+02 1.704585454545454581e+02 2.168720519480519613e+02
2.455928831168831152e+02 1.689972467532467419e+02 2.161800519480519540e+02
2.457516883116882980e+02 1.699098181818181956e+02 2.165781818181818323e+02
2.457585974025974167e+02 1.697141818181818280e+02 2.170128831168831027e+02
2.456809870129870035e+02 1.692895584415584551e+02 2.161446233766233718e+02
2.456957922077922092e+02 1.697730389610389636e+02 2.166858701298701249e+02
2.456100779220779202e+02 1.684555324675324641e+02 2.159550129870129922e+02
2.455927272727272737e+02 1.682922077922077904e+02 2.161687792207792143e+02
2.456994285714285695e+02 1.690041038961038851e+02 2.161657142857142730e+02
2.455588051948051884e+02 1.668173506493506579e+02 2.154563636363636476e+02
2.455474805194805299e+02 1.665409870129870171e+02 2.155270129870129949e+02
2.455034805194805188e+02 1.672125194805194894e+02 2.157951688311688372e+02
2.454641038961038930e+02 1.678987532467532446e+02 2.159065974025974128e+02
2.455324155844155882e+02 1.690444155844155887e+02 2.163247792207792202e+02
2.455569350649350611e+02 1.683527792207792118e+02 2.162743376623376719e+02
2.455155324675324664e+02 1.682149090909090887e+02 2.163314805194805217e+02
2.456372467532467567e+02 1.700785974025974099e+02 2.169290389610389695e+02
2.454911688311688351e+02 1.700996363636363640e+02 2.167581818181818107e+02
2.455611428571428689e+02 1.681629090909090962e+02 2.163782857142857097e+02
2.455870129870129972e+02 1.686304935064935080e+02 2.166414545454545362e+02
2.455502857142857067e+02 1.687841038961038862e+02 2.167385974025974065e+02
2.455676363636363533e+02 1.682685194805194726e+02 2.163811428571428621e+02
2.455661298701298563e+02 1.681425974025974028e+02 2.164248311688311617e+02
2.456236883116883121e+02 1.680626493506493375e+02 2.159907532467532576e+02
2.455295584415584358e+02 1.659624935064935016e+02 2.153782337662337625e+02
2.455174545454545409e+02 1.642749610389610382e+02 2.145594805194805303e+02
2.455225974025973983e+02 1.657015584415584328e+02 2.153128311688311669e+02
2.456077922077922153e+02 1.672068571428571317e+02 2.158187532467532606e+02
2.456525194805194872e+02 1.671305454545454552e+02 2.155423376623376726e+02
2.456804675324675316e+02 1.668427012987012859e+02 2.156833246753246840e+02
2.457608311688311744e+02 1.675043116883117023e+02 2.160939220779220875e+02
2.456356363636363653e+02 1.683115844155844059e+02 2.161257662337662282e+02
2.456710649350649476e+02 1.678675844155844175e+02 2.161976103896103893e+02
2.456662857142857206e+02 1.684172467532467579e+02 2.162442597402597357e+02
2.455622857142857072e+02 1.688140779220779280e+02 2.165477922077922130e+02
2.455059740259740124e+02 1.687968311688311758e+02 2.162446233766233661e+02
2.455795324675324593e+02 1.688376623376623513e+02 2.165622337662337600e+02
2.455257142857142867e+02 1.695997402597402584e+02 2.165240000000000009e+02
2.454032207792207885e+02 1.698154285714285834e+02 2.160741818181818132e+02
2.453162597402597385e+02 1.683459740259740158e+02 2.156322077922077938e+02
2.453684675324675197e+02 1.660164155844155971e+02 2.155723116883116859e+02
2.453406233766233697e+02 1.651873766233766219e+02 2.152503896103896182e+02
2.453600000000000136e+02 1.658738181818181943e+02 2.156820779220779229e+02
2.454744415584415549e+02 1.659868571428571329e+02 2.151899740259740383e+02
2.455742337662337604e+02 1.666224415584415510e+02 2.156744415584415719e+02
2.456433766233766107e+02 1.668208311688311767e+02 2.161185454545454547e+02
2.456684675324675311e+02 1.667988051948051975e+02 2.155302337662337777e+02
2.456584935064934996e+02 1.657774025974025847e+02 2.147251948051948034e+02
2.455510649350649430e+02 1.642122597402597535e+02 2.144939220779220648e+02
2.456196363636363742e+02 1.676054025974025876e+02 2.159618701298701353e+02
2.458637402597402684e+02 1.762345974025974158e+02 2.192698181818181808e+02
2.460950649350649257e+02 1.796636883116883041e+02 2.203897142857142910e+02
2.461462857142857104e+02 1.784384415584415535e+02 2.200249350649350788e+02
2.461542337662337729e+02 1.767001038961038830e+02 2.197529350649350590e+02
2.462590649350649414e+02 1.754722597402597444e+02 2.191968831168831287e+02
2.462590649350649414e+02 1.752234805194805176e+02 2.188522597402597398e+02
2.462229090909090985e+02 1.730346493506493459e+02 2.183824935064935175e+02
2.461276363636363556e+02 1.698752727272727157e+02 2.168839999999999861e+02
2.461690909090908974e+02 1.691361558441558373e+02 2.173233246753246704e+02
2.460934545454545344e+02 1.718313766233766273e+02 2.176678441558441648e+02
2.460842597402597391e+02 1.736090909090908951e+02 2.185536103896103839e+02
2.460149610389610473e+02 1.726853506493506529e+02 2.178045194805194740e+02
2.460594285714285832e+02 1.735014025974026026e+02 2.183512727272727147e+02
2.460819220779220871e+02 1.747220259740259678e+02 2.188757922077922160e+02
2.461328831168831073e+02 1.749863376623376610e+02 2.191428571428571388e+02
2.460344935064935044e+02 1.749023896103896050e+02 2.186674285714285588e+02
2.461272727272727252e+02 1.749929350649350681e+02 2.187454545454545496e+02
2.460915844155844070e+02 1.763858701298701419e+02 2.191135064935064918e+02
2.460727272727272634e+02 1.753585454545454638e+02 2.192350129870129933e+02
2.458951688311688315e+02 1.718458701298701214e+02 2.176046233766233797e+02
2.458473766233766185e+02 1.693489870129870098e+02 2.170838961038961088e+02
2.458538701298701312e+02 1.680501298701298651e+02 2.163502857142857181e+02
2.459098181818181956e+02 1.693144415584415583e+02 2.162403116883116923e+02
2.459404675324675225e+02 1.684510649350649487e+02 2.164121558441558477e+02
2.459375584415584512e+02 1.684525714285714173e+02 2.165456103896104025e+02
2.459807792207792261e+02 1.699472727272727184e+02 2.167655584415584542e+02
2.460200000000000102e+02 1.701806233766233731e+02 2.171647272727272764e+02
2.459976623376623479e+02 1.698804675324675202e+02 2.171462337662337632e+02
2.460927272727272737e+02 1.704860259740259778e+02 2.174382337662337648e+02
2.462046233766233740e+02 1.716682077922077951e+02 2.175604675324675270e+02
2.462298701298701360e+02 1.730861818181818137e+02 2.182240519480519367e+02
2.462731428571428580e+02 1.740885194805194942e+02 2.183825454545454647e+02
2.463472207792207769e+02 1.752008311688311721e+02 2.188268051948051891e+02
2.464129350649350556e+02 1.766309090909090855e+02 2.197261818181818285e+02
2.464070129870129904e+02 1.750767792207792297e+02 2.192291428571428469e+02
2.463216623376623318e+02 1.718641558441558459e+02 2.182383896103896177e+02
2.462675324675324759e+02 1.700341298701298740e+02 2.180848831168831055e+02
2.461978701298701253e+02 1.694406753246753112e+02 2.175415584415584362e+02
2.460895584415584381e+02 1.689283636363636276e+02 2.170628571428571547e+02
2.460611428571428689e+02 1.694636883116883155e+02 2.172505454545454597e+02
2.460230129870129758e+02 1.720604675324675270e+02 2.183265454545454531e+02
2.460785454545454627e+02 1.715798961038960897e+02 2.179849350649350583e+02
2.460643116883116761e+02 1.692262337662337757e+02 2.175193246753246683e+02
2.459147532467532358e+02 1.656609870129870217e+02 2.161751688311688326e+02
2.459285714285714164e+02 1.646178181818181940e+02 2.158404155844155810e+02
2.460322077922077995e+02 1.671982857142857029e+02 2.174128311688311612e+02
2.460562597402597476e+02 1.685252987012987091e+02 2.174206233766233822e+02
2.459754805194805272e+02 1.672655064935065070e+02 2.166830129870130008e+02
2.457995844155844054e+02 1.657857142857142776e+02 2.161994805194805167e+02
2.454740779220779245e+02 1.604958441558441677e+02 2.139027012987012881e+02
2.452631168831168793e+02 1.576763116883116993e+02 2.133348051948051989e+02
2.452336103896103907e+02 1.562941298701298649e+02 2.128613506493506407e+02
2.453725714285714332e+02 1.582582857142857051e+02 2.138190649350649437e+02
2.455611428571428689e+02 1.624077922077921983e+02 2.150945454545454538e+02
2.456336623376623436e+02 1.633431688311688390e+02 2.154044155844155739e+02
2.457951688311688372e+02 1.643866493506493498e+02 2.154475844155844015e+02
2.459262337662337643e+02 1.668099740259740145e+02 2.166964155844155755e+02
2.459459220779220914e+02 1.692077922077922096e+02 2.177339740259740211e+02
2.459205714285714350e+02 1.697260779220779341e+02 2.177239999999999895e+02
2.458558441558441530e+02 1.696316363636363747e+02 2.172577662337662332e+02
2.459073766233766207e+02 1.705698181818181922e+02 2.178558961038961002e+02
2.458315324675324689e+02 1.705811428571428507e+02 2.182566233766233665e+02
2.457719999999999914e+02 1.695227012987012927e+02 2.177096623376623370e+02
2.457631168831168793e+02 1.678301298701298663e+02 2.170971948051948175e+02
2.456702337662337641e+02 1.649480000000000075e+02 2.157565714285714193e+02
2.455051428571428573e+02 1.638366233766233790e+02 2.155987012987012861e+02
2.455159480519480439e+02 1.657104935064935205e+02 2.160563636363636419e+02
2.454891428571428662e+02 1.682264935064935116e+02 2.167183896103896075e+02
2.455969350649350531e+02 1.692845714285714394e+02 2.172862857142857251e+02
2.455705974025974001e+02 1.674772987012987073e+02 2.167640519480519572e+02
2.455180779220779357e+02 1.666929350649350567e+02 2.165457662337662441e+02
2.456056103896103764e+02 1.671396363636363560e+02 2.166979220779220725e+02
2.454519480519480510e+02 1.674069610389610432e+02 2.167019740259740388e+02
2.454945974025974067e+02 1.672997402597402470e+02 2.165505974025973899e+02
2.453232207792207760e+02 1.660798961038960897e+02 2.161754285714285686e+02
2.454731428571428467e+02 1.678542857142857088e+02 2.171332987012987132e+02
2.453805194805194674e+02 1.685379220779220759e+02 2.171754285714285686e+02
2.453701298701298583e+02 1.680471168831168711e+02 2.170764675324675466e+02
2.453832207792207782e+02 1.677282597402597446e+02 2.172767272727272712e+02
2.452357402597402540e+02 1.663059220779220766e+02 2.164789610389610459e+02
2.450997402597402584e+02 1.658046233766233684e+02 2.164927792207792265e+02
2.452308051948051855e+02 1.643870129870129801e+02 2.157766753246753240e+02
2.454034805194805244e+02 1.626300259740259833e+02 2.156592207792207887e+02
2.454326753246753299e+02 1.660804155844155900e+02 2.165408311688311755e+02
2.455326753246753242e+02 1.681884155844155941e+02 2.175190129870129851e+02
2.454787532467532571e+02 1.682233246753246760e+02 2.171964155844155755e+02
2.454986493506493446e+02 1.693769870129870014e+02 2.179486233766233738e+02
2.455734545454545525e+02 1.697106493506493621e+02 2.180442077922077999e+02
2.455044155844155966e+02 1.686966753246753115e+02 2.177096103896103898e+02
2.454810389610389620e+02 1.686645714285714348e+02 2.173375584415584285e+02
2.455561038961039060e+02 1.700189610389610380e+02 2.179033246753246829e+02
2.455168831168831218e+02 1.692486753246753324e+02 2.177838441558441502e+02
2.455037402597402547e+02 1.679754805194805272e+02 2.171817662337662398e+02
2.454874805194805276e+02 1.683241558441558539e+02 2.174361038961039014e+02
2.454519480519480510e+02 1.675130389610389727e+02 2.172979220779220668e+02
2.454701298701298811e+02 1.654362597402597430e+02 2.164455064935064854e+02
2.455450389610389550e+02 1.647349610389610461e+02 2.166614545454545464e+02
2.455746493506493380e+02 1.671337662337662380e+02 2.172455064935064968e+02
2.455557922077921944e+02 1.686171428571428521e+02 2.174203116883116991e+02
2.456359999999999957e+02 1.693646753246753178e+02 2.177260779220779341e+02
2.455746493506493380e+02 1.697860779220779079e+02 2.179927272727272793e+02
2.457042077922077965e+02 1.694660779220779148e+02 2.178331948051948075e+02
2.458191688311688381e+02 1.696972467532467590e+02 2.179970909090909004e+02
2.458036883116883189e+02 1.696749090909090967e+02 2.180863376623376553e+02
2.459236363636363762e+02 1.694427532467532558e+02 2.179581298701298806e+02
2.459026493506493409e+02 1.700265454545454418e+02 2.183954805194805147e+02
2.459702337662337754e+02 1.722605194805194913e+02 2.187222337662337566e+02
2.460588571428571356e+02 1.722653506493506370e+02 2.183597922077921965e+02
2.460195844155844043e+02 1.706142337662337525e+02 2.178463376623376746e+02
2.460155844155844136e+02 1.696258701298701226e+02 2.178998961038961113e+02
2.458327272727272828e+02 1.687853506493506472e+02 2.176010909090909138e+02
2.456145974025974112e+02 1.673784935064934984e+02 2.172481558441558320e+02
2.455310649350649328e+02 1.666303896103896136e+02 2.168024935064935050e+02
2.455536623376623311e+02 1.676518961038960924e+02 2.170791688311688290e+02
2.455978701298701310e+02 1.691010909090909138e+02 2.177143376623376696e+02
2.456069610389610318e+02 1.697969350649350702e+02 2.180144415584415469e+02
2.455855064935065002e+02 1.688031688311688185e+02 2.175858701298701305e+02
2.456451428571428437e+02 1.689391688311688426e+02 2.176722597402597330e+02
2.455809870129870092e+02 1.690658181818181731e+02 2.174584935064935109e+02
2.456838441558441559e+02 1.692387012987013009e+02 2.176698181818181865e+02
2.456624415584415715e+02 1.710276883116883084e+02 2.183713766233766194e+02
2.457491948051948043e+02 1.721254545454545450e+02 2.184743896103896077e+02
2.458303376623376550e+02 1.729572987012986971e+02 2.187407792207792170e+02
2.457079999999999984e+02 1.739385974025973951e+02 2.186910129870129822e+02
2.456193246753246626e+02 1.724975584415584535e+02 2.184597922077922192e+02
2.456657142857142730e+02 1.699936103896103816e+02 2.179902337662337573e+02
2.455956363636363733e+02 1.691417142857142721e+02 2.180765194805194938e+02
2.456291428571428526e+02 1.699328311688311715e+02 2.184435324675324637e+02
2.456175064935064825e+02 1.697087272727272591e+02 2.182450389610389720e+02
2.455710649350649248e+02 1.700699740259740338e+02 2.180957402597402677e+02
2.454303896103895966e+02 1.706814025974026094e+02 2.182798961038961068e+02
2.454110129870129811e+02 1.708756363636363744e+02 2.186350649350649462e+02
2.454193766233766212e+02 1.702213506493506543e+02 2.183431168831168918e+02
2.452992727272727222e+02 1.698643636363636347e+02 2.182364155844155960e+02
2.453187012987012849e+02 1.693967272727272757e+02 2.179960519480519565e+02
2.454261818181818171e+02 1.697939740259740233e+02 2.183568311688311780e+02
2.454050909090909158e+02 1.694985974025973974e+02 2.180828571428571365e+02
2.455433246753246692e+02 1.706542857142857201e+02 2.185777662337662264e+02
2.454911168831168879e+02 1.711421818181818253e+02 2.184945974025974067e+02
2.455815584415584283e+02 1.704336103896103793e+02 2.184794805194805178e+02
2.455495584415584460e+02 1.693338181818181738e+02 2.180247272727272616e+02
2.455355844155844238e+02 1.685560000000000116e+02 2.182181298701298715e+02
2.455590129870129772e+02 1.704639999999999986e+02 2.189306493506493609e+02
2.455583376623376637e+02 1.717652467532467426e+02 2.192200519480519461e+02
2.455458181818181913e+02 1.706985454545454672e+02 2.190343896103896100e+02
2.454845194805194808e+02 1.710543376623376730e+02 2.185397402597402561e+02
2.453976103896103780e+02 1.705929870129870096e+02 2.186079480519480569e+02
2.454092467532467481e+02 1.703022337662337691e+02 2.187009870129870137e+02
2.454521038961038926e+02 1.690951688311688201e+02 2.184007792207792136e+02
2.454290909090909167e+02 1.694211948051948013e+02 2.181125714285714423e+02
2.453643636363636347e+02 1.706777142857142735e+02 2.186664935064935094e+02
2.454217662337662205e+02 1.702903896103896102e+02 2.186293506493506413e+02
2.454872207792207917e+02 1.691593766233766303e+02 2.181991688311688335e+02
2.454182337662337545e+02 1.665466493506493464e+02 2.177110649350649396e+02
2.453189610389610493e+02 1.638496103896103762e+02 2.164416103896103891e+02
2.454089350649350649e+02 1.622861298701298836e+02 2.164280519480519445e+02
2.452933506493506570e+02 1.622281558441558502e+02 2.164532467532467592e+02
2.452561558441558418e+02 1.622697142857142865e+02 2.166021298701298576e+02
2.451571948051947913e+02 1.605743376623376548e+02 2.152658181818181902e+02
2.451411948051948002e+02 1.606271168831168836e+02 2.152541818181818201e+02
2.451825454545454477e+02 1.638903376623376573e+02 2.164561558441558304e+02
2.451691428571428446e+02 1.655470649350649239e+02 2.167295064935065056e+02
2.452601038961038853e+02 1.665250909090909204e+02 2.171406233766233811e+02
2.453193246753246797e+02 1.676890909090909076e+02 2.179154285714285777e+02
2.451957922077922092e+02 1.687349610389610461e+02 2.184164155844155744e+02
2.453135584415584276e+02 1.692061818181818182e+02 2.182024415584415635e+02
2.454032207792207885e+02 1.686663896103896150e+02 2.182580259740259692e+02
2.454290389610389695e+02 1.682776103896104019e+02 2.178448831168831248e+02
2.454296103896103887e+02 1.686990649350649392e+02 2.182449350649350777e+02
2.454257662337662396e+02 1.692280000000000086e+02 2.184125194805194781e+02
2.454715844155844024e+02 1.695886233766233886e+02 2.188986493506493503e+02
2.454060779220779125e+02 1.707403116883116923e+02 2.194672207792207814e+02
2.456043116883116966e+02 1.718242597402597482e+02 2.197728831168831221e+02
2.455338701298701380e+02 1.715215064935065072e+02 2.195216623376623488e+02
2.455147012987013113e+02 1.712337662337662323e+02 2.193228571428571456e+02
2.454611428571428462e+02 1.711633766233766210e+02 2.197677402597402647e+02
2.454882077922077883e+02 1.705895064935064909e+02 2.191159480519480383e+02
2.455256623376623395e+02 1.676898701298701440e+02 2.177467012987013106e+02
2.455981298701298670e+02 1.662050389610389516e+02 2.175611428571428689e+02
2.456814025974026094e+02 1.668163636363636328e+02 2.175510649350649430e+02
2.457891428571428492e+02 1.659645714285714178e+02 2.177738181818181715e+02
2.457013506493506441e+02 1.638150649350649246e+02 2.169700259740259867e+02
2.456650909090909067e+02 1.629048311688311799e+02 2.164322597402597523e+02
2.456311688311688215e+02 1.625846233766233695e+02 2.162223376623376510e+02
2.456316363636363747e+02 1.636523116883116984e+02 2.168295584415584472e+02
2.456947532467532369e+02 1.653812467532467565e+02 2.175819220779220871e+02
2.457218181818181790e+02 1.669977662337662423e+02 2.184671168831168870e+02
2.456727272727272862e+02 1.692675844155844231e+02 2.185641558441558345e+02
2.455949090909090842e+02 1.687267532467532476e+02 2.183268571428571363e+02
2.456483636363636265e+02 1.681830129870130008e+02 2.181767272727272768e+02
2.457473766233766241e+02 1.695109610389610282e+02 2.189822857142857231e+02
2.457638441558441684e+02 1.686218701298701319e+02 2.185750649350649439e+02
2.458231168831168816e+02 1.679099740259740372e+02 2.185966233766233699e+02
2.458317922077922049e+02 1.686338181818181852e+02 2.187708051948052059e+02
2.457930909090909211e+02 1.695559480519480644e+02 2.188852987012986944e+02
2.459214025974025901e+02 1.703095064935064897e+02 2.192028571428571411e+02
2.458366233766233790e+02 1.688008311688311665e+02 2.187696623376623393e+02
2.458196883116883100e+02 1.670660259740259619e+02 2.185118441558441589e+02
2.456492467532467572e+02 1.668122597402597478e+02 2.180107532467532394e+02
2.455723636363636331e+02 1.663670649350649455e+02 2.182256623376623281e+02
2.455348571428571347e+02 1.679042077922077851e+02 2.184821818181818287e+02
2.455142337662337582e+02 1.698591688311688301e+02 2.191239480519480480e+02
2.454457142857142742e+02 1.696021298701298576e+02 2.192022857142857220e+02
2.454499220779220821e+02 1.681642597402597517e+02 2.188740259740259830e+02
2.454000000000000057e+02 1.666954285714285788e+02 2.185916883116883014e+02
2.454957922077922206e+02 1.661883636363636469e+02 2.185890909090909133e+02
2.454275324675324725e+02 1.654489350649350570e+02 2.181798961038961124e+02
2.454195844155844100e+02 1.665539220779220670e+02 2.183649350649350538e+02
2.454047272727272855e+02 1.665201558441558518e+02 2.180490909090909213e+02
2.453931948051948098e+02 1.663528311688311589e+02 2.181630649350649378e+02
2.453655584415584485e+02 1.653549610389610507e+02 2.176892987012986964e+02
2.452219740259740206e+02 1.628692467532467560e+02 2.169999480519480528e+02
2.451595844155844190e+02 1.613094545454545425e+02 2.169387012987012895e+02
2.451113246753246813e+02 1.620379220779220759e+02 2.165024935064934937e+02
2.451110129870129981e+02 1.616958441558441564e+02 2.166316883116883218e+02
2.451800000000000068e+02 1.617739740259740131e+02 2.168012987012986912e+02
2.452020779220779332e+02 1.624997402597402640e+02 2.168207272727272823e+02
2.452397922077922203e+02 1.622683116883116838e+02 2.171700259740259753e+02
2.451638441558441457e+02 1.618785974025973928e+02 2.171244675324675200e+02
2.452819220779220757e+02 1.639371428571428453e+02 2.176754805194805158e+02
2.453846753246753281e+02 1.659363636363636374e+02 2.186045714285714325e+02
2.454259220779220811e+02 1.651175584415584296e+02 2.184449350649350663e+02
2.454256623376623452e+02 1.643301818181818135e+02 2.182790649350649232e+02
2.455087792207792177e+02 1.672087792207792347e+02 2.192008311688311721e+02
2.454362597402597430e+02 1.656886233766233829e+02 2.184717922077922196e+02
2.454120000000000061e+02 1.639034805194805244e+02 2.178242077922078010e+02
2.454048311688311799e+02 1.627445714285714189e+02 2.176137142857142805e+02
2.452211948051948127e+02 1.598681038961038894e+02 2.166177142857142996e+02
2.452119480519480419e+02 1.596994805194805167e+02 2.161695064935065034e+02
2.453110129870129867e+02 1.617558961038961058e+02 2.168158441558441609e+02
2.454020259740259746e+02 1.611378701298701230e+02 2.168689350649350729e+02
2.452611428571428576e+02 1.610189610389610380e+02 2.170927272727272737e+02
2.453097662337662257e+02 1.620842077922077920e+02 2.172551168831168695e+02
2.453141298701298751e+02 1.624471688311688240e+02 2.172336623376623379e+02
2.453605194805194856e+02 1.635181298701298829e+02 2.177052987012986875e+02
2.454846753246753224e+02 1.640828051948051893e+02 2.182567792207792081e+02
2.454350129870129820e+02 1.631601038961038910e+02 2.178226493506493568e+02
2.453392727272727143e+02 1.628007272727272721e+02 2.173277922077922142e+02
2.454366753246753206e+02 1.640230129870129758e+02 2.179929870129870153e+02
2.453218701298701205e+02 1.627640519480519572e+02 2.172340779220779154e+02
2.452358961038960956e+02 1.600124155844155780e+02 2.166046753246753269e+02
2.451749610389610439e+02 1.573070129870129961e+02 2.153959480519480394e+02
2.451522597402597512e+02 1.574062337662337541e+02 2.153549090909091035e+02
2.450789610389610402e+02 1.564439999999999884e+02 2.153756363636363744e+02
2.449541298701298615e+02 1.548960519480519622e+02 2.144952727272727202e+02
2.450743896103896020e+02 1.563871688311688217e+02 2.154384415584415535e+02
2.451569350649350554e+02 1.590282077922077804e+02 2.161034285714285659e+02
2.451710649350649476e+02 1.602168311688311633e+02 2.168507532467532428e+02
2.453042077922077908e+02 1.607204155844155764e+02 2.169535064935064952e+02
2.452909610389610293e+02 1.617040519480519549e+02 2.171667532467532453e+02
2.455069090909090903e+02 1.628332987012987019e+02 2.179915844155844127e+02
2.454468571428571408e+02 1.629919480519480430e+02 2.175377662337662343e+02
2.454202077922078047e+02 1.632663376623376621e+02 2.178501298701298765e+02
2.455147012987013113e+02 1.655227532467532399e+02 2.185593766233766360e+02
2.455885714285714414e+02 1.656152207792207776e+02 2.186154285714285663e+02
2.454911688311688351e+02 1.614809870129870149e+02 2.174234285714285591e+02
2.453232727272727232e+02 1.593390649350649255e+02 2.167639480519480628e+02
2.454387012987012895e+02 1.595006233766233663e+02 2.165173506493506466e+02
2.455745974025973908e+02 1.610603636363636326e+02 2.176618181818181768e+02
2.455179220779220657e+02 1.623509610389610316e+02 2.176311688311688215e+02
2.457018701298701160e+02 1.650602597402597382e+02 2.187557402597402643e+02
2.457918441558441600e+02 1.668659220779220789e+02 2.188501818181818237e+02
2.457660259740259789e+02 1.673676363636363646e+02 2.191063896103896127e+02
2.458628051948051905e+02 1.680937662337662459e+02 2.195371428571428680e+02
2.458240519480519595e+02 1.683564155844155721e+02 2.194749090909090796e+02
2.456923116883116904e+02 1.659392207792207898e+02 2.184875324675324748e+02
2.456042597402597494e+02 1.638526233766233702e+02 2.176675324675324816e+02
2.455204155844155878e+02 1.631096623376623427e+02 2.174589090909090885e+02
2.455590649350649244e+02 1.652454545454545496e+02 2.182488311688311740e+02
2.456969870129870230e+02 1.688507012987012956e+02 2.196535064935064838e+02
2.454669610389610455e+02 1.668226493506493568e+02 2.185095064935065068e+02
2.454553766233766225e+02 1.634740259740259773e+02 2.172432207792207919e+02
2.453971948051948004e+02 1.629117402597402702e+02 2.176736103896103884e+02
2.454436363636363581e+02 1.635129350649350783e+02 2.181701298701298697e+02
2.454953246753246674e+02 1.634204155844155935e+02 2.178219220779220677e+02
2.454881558441558411e+02 1.638468051948051993e+02 2.176059740259740352e+02
2.454424415584415726e+02 1.642764675324675352e+02 2.177899740259740327e+02
2.455522597402597285e+02 1.652342337662337570e+02 2.185480519480519490e+02
2.455175064935064881e+02 1.652436883116883166e+02 2.182311688311688442e+02
2.454980259740259783e+02 1.667954285714285732e+02 2.191094545454545539e+02
2.455078961038961154e+02 1.675530909090909120e+02 2.190944415584415594e+02
2.454815584415584340e+02 1.663160000000000025e+02 2.185938181818181931e+02
2.453638441558441627e+02 1.635715844155844252e+02 2.176072727272727150e+02
2.452845714285714394e+02 1.629399999999999977e+02 2.172599480519480437e+02
2.453486753246753267e+02 1.650037922077922019e+02 2.183753246753246628e+02
2.453175584415584467e+02 1.635755844155844159e+02 2.175615064935064993e+02
2.452896103896104023e+02 1.621270649350649364e+02 2.174393246753246842e+02
2.452168831168831105e+02 1.615126233766233668e+02 2.170384935064934950e+02
2.451124155844155723e+02 1.603572467532467556e+02 2.167096103896103898e+02
2.452583376623376523e+02 1.618705454545454643e+02 2.175193246753246683e+02
2.452184935064935019e+02 1.630246233766233672e+02 2.178037922077922133e+02
2.452089870129870235e+02 1.625715844155844252e+02 2.174684675324675425e+02
2.451830649350649480e+02 1.640021818181818105e+02 2.175449870129870078e+02
2.452323116883116825e+02 1.655584415584415581e+02 2.183446233766233888e+02
2.451785974025974042e+02 1.648750129870129797e+02 2.182203116883116820e+02
2.453333506493506491e+02 1.662569870129870253e+02 2.184954805194805090e+02
2.453621298701298770e+02 1.659508051948051843e+02 2.183247792207792202e+02
2.452983896103896200e+02 1.643632727272727152e+02 2.180172987012986994e+02
2.453199999999999932e+02 1.654103376623376676e+02 2.177382857142857233e+02
2.454445714285714359e+02 1.675428571428571445e+02 2.183941298701298592e+02
2.452991168831168807e+02 1.677127272727272782e+02 2.183312207792207857e+02
2.452859220779220664e+02 1.643193766233766269e+02 2.176032207792207771e+02
2.452244155844155955e+02 1.610946493506493482e+02 2.166759480519480405e+02
2.450923636363636433e+02 1.565846233766233695e+02 2.151142337662337525e+02
2.450337662337662437e+02 1.562672727272727400e+02 2.151974545454545478e+02
2.452397402597402731e+02 1.593803636363636258e+02 2.163725714285714332e+02
2.452772987012986903e+02 1.607988051948051975e+02 2.167467012987013106e+02
2.453894025974026079e+02 1.623711688311688306e+02 2.173168831168831048e+02
2.453386493506493480e+02 1.635555844155844056e+02 2.175636883116883098e+02
2.453743376623376662e+02 1.628499740259740349e+02 2.170806753246753260e+02
2.453985974025974031e+02 1.620010389610389723e+02 2.169451948051948023e+02
2.453686753246753369e+02 1.619407272727272868e+02 2.171692467532467674e+02
2.453535064935065009e+02 1.627909090909090821e+02 2.170510649350649430e+02
2.453644675324675291e+02 1.633048311688311571e+02 2.173240000000000123e+02
2.452658181818181902e+02 1.645659220779220675e+02 2.178434805194805222e+02
2.452989090909090919e+02 1.651766233766233825e+02 2.177662857142857149e+02
2.452790649350649232e+02 1.644129870129870028e+02 2.178127792207792197e+02
2.451963636363636283e+02 1.608121558441558534e+02 2.164756363636363687e+02
2.450875324675324691e+02 1.549825454545454591e+02 2.144988571428571333e+02
2.448917402597402599e+02 1.507472207792207826e+02 2.127737142857142771e+02
2.449458701298701158e+02 1.525087272727272705e+02 2.133632727272727152e+02
2.452092987012987066e+02 1.581342857142857099e+02 2.154728831168831107e+02
2.452715324675324666e+02 1.628772467532467658e+02 2.172052987012986875e+02
2.453792207792207876e+02 1.641851948051948114e+02 2.176203116883116877e+02
2.454764675324675238e+02 1.647332987012987076e+02 2.176650389610389595e+02
2.454989610389610277e+02 1.698936103896103873e+02 2.193360519480519599e+02
2.457225974025974153e+02 1.732074805194805265e+02 2.206674805194805060e+02
2.457810909090909206e+02 1.730368311688311564e+02 2.206177142857142996e+02
2.457654545454545314e+02 1.706575584415584501e+02 2.195956883116883205e+02
2.456135064935064918e+02 1.652458181818181799e+02 2.177740779220779359e+02
2.454588571428571413e+02 1.630357922077922126e+02 2.171249350649350731e+02
2.455497662337662348e+02 1.650056623376623293e+02 2.178462857142857274e+02
2.454681558441558309e+02 1.664084155844155930e+02 2.180705974025974001e+02
2.454489350649350570e+02 1.642347012987013102e+02 2.176367792207792320e+02
2.454504415584415540e+02 1.629913766233766239e+02 2.173825454545454647e+02
2.453514805194805319e+02 1.629977142857142951e+02 2.172287272727272693e+02
2.454056623376623349e+02 1.630425974025974085e+02 2.171501298701298595e+02
2.454656623376623372e+02 1.632287792207792165e+02 2.171005714285714419e+02
2.454627012987012904e+02 1.642523116883116927e+02 2.175945974025974010e+02
2.453945974025974124e+02 1.643375064935064813e+02 2.174361038961039014e+02
2.454419220779220723e+02 1.639446753246753303e+02 2.171939220779220818e+02
2.453959999999999866e+02 1.648862337662337723e+02 2.174645714285714178e+02
2.454354805194805067e+02 1.659067012987013072e+02 2.178048311688311571e+02
2.453224415584415681e+02 1.647966753246753342e+02 2.171984935064935200e+02
2.452942337662337593e+02 1.642827532467532592e+02 2.171904415584415631e+02
2.452744415584415663e+02 1.651036883116883018e+02 2.174035844155844188e+02
2.452745974025974078e+02 1.645998441558441527e+02 2.177430129870129747e+02
2.451502857142857010e+02 1.622137142857142749e+02 2.168261298701298756e+02
2.451321558441558466e+02 1.605811428571428507e+02 2.162138181818181693e+02
2.450901818181818044e+02 1.604770389610389714e+02 2.162451428571428664e+02
2.450007792207792079e+02 1.606390649350649369e+02 2.161137142857142805e+02
2.451191688311688210e+02 1.608277922077922142e+02 2.161140259740259637e+02
2.452039480519480605e+02 1.598514285714285847e+02 2.163035844155844245e+02
2.452663896103896093e+02 1.597217142857142846e+02 2.158290909090909224e+02
2.452731948051948052e+02 1.605222337662337679e+02 2.161219220779220791e+02
2.452913766233766353e+02 1.620152207792207832e+02 2.169903376623376516e+02
2.453524675324675286e+02 1.637368311688311735e+02 2.172904935064935046e+02
2.451879999999999882e+02 1.635583896103896109e+02 2.170087792207792177e+02
2.451323116883116882e+02 1.618556883116883114e+02 2.166784415584415626e+02
2.451260259740259642e+02 1.617223896103895981e+02 2.164956883116882977e+02
2.451825974025973949e+02 1.619661818181818091e+02 2.166270129870129892e+02
2.451772467532467488e+02 1.613686233766233897e+02 2.161604155844155741e+02
2.452719999999999914e+02 1.613297662337662359e+02 2.162532987012986894e+02
2.452009870129870137e+02 1.607232207792207817e+02 2.160696623376623506e+02
2.451462857142857104e+02 1.581478961038961017e+02 2.156929870129870039e+02
2.451649870129870123e+02 1.569594285714285604e+02 2.149411428571428644e+02
2.451574545454545557e+02 1.581265454545454645e+02 2.154358961038961127e+02
2.451455584415584497e+02 1.600031688311688356e+02 2.166365714285714148e+02
2.451578181818181861e+02 1.613803636363636258e+02 2.167374545454545398e+02
2.452895064935064795e+02 1.619146493506493414e+02 2.169304415584415722e+02
2.453139740259740336e+02 1.610574545454545330e+02 2.168572467532467556e+02
2.453769870129870014e+02 1.609295584415584415e+02 2.167566753246753137e+02
2.454182337662337545e+02 1.617888831168831132e+02 2.171238961038961008e+02
2.453462337662337802e+02 1.615391168831168898e+02 2.165715324675324780e+02
2.452865454545454611e+02 1.617243116883117011e+02 2.168418701298701308e+02
2.453459740259740158e+02 1.616262857142857001e+02 2.170933506493506400e+02
2.453256103896104037e+02 1.626326753246753185e+02 2.170286233766233863e+02
2.454275324675324725e+02 1.627667532467532396e+02 2.169972467532467419e+02
2.454179220779220714e+02 1.611205714285714237e+02 2.164497142857142933e+02
2.453455584415584383e+02 1.578381298701298761e+02 2.154688831168831200e+02
2.453065974025973901e+02 1.559065974025974128e+02 2.146073246753246622e+02
2.453288831168831052e+02 1.571393246753246729e+02 2.151018701298701217e+02
2.453748051948051909e+02 1.583085194805194931e+02 2.157383896103896177e+02
2.453167792207792104e+02 1.582942857142857065e+02 2.155771428571428601e+02
2.452871168831168802e+02 1.596321558441558466e+02 2.161325194805194769e+02
2.452723116883116745e+02 1.599789610389610459e+02 2.161610909090909161e+02
2.453139740259740336e+02 1.604033246753246829e+02 2.159667012987013095e+02
2.453099740259740145e+02 1.608839480519480389e+02 2.160962077922077924e+02
2.453019220779220859e+02 1.606117402597402588e+02 2.162221298701298622e+02
2.453454545454545439e+02 1.610950129870129786e+02 2.164327792207792243e+02
2.453378181818181929e+02 1.618390129870129783e+02 2.167503896103896182e+02
2.453308571428571554e+02 1.620356883116883182e+02 2.170531428571428592e+02
2.453682597402597310e+02 1.613263376623376644e+02 2.166284675324675391e+02
2.453137142857142976e+02 1.596511688311688317e+02 2.159143896103896054e+02
2.452427532467532387e+02 1.571561038961039003e+02 2.150745454545454436e+02
2.452603636363636497e+02 1.558989090909090862e+02 2.146597402597402606e+02
2.452144415584415640e+02 1.557551688311688451e+02 2.143254545454545337e+02
2.451652467532467483e+02 1.555070649350649319e+02 2.147788051948051873e+02
2.452016623376623272e+02 1.563959480519480394e+02 2.148409350649350529e+02
2.451933506493506627e+02 1.553780779220779209e+02 2.141227532467532342e+02
2.451060259740259824e+02 1.550019740259740217e+02 2.139156363636363665e+02
2.450737142857142885e+02 1.547291948051947941e+02 2.137562077922077890e+02
2.451457662337662384e+02 1.545560000000000116e+02 2.139096103896103784e+02
2.452114805194805172e+02 1.567891428571428492e+02 2.149616103896103994e+02
2.451916883116883241e+02 1.575246753246753144e+02 2.152816103896103925e+02
2.452311688311688442e+02 1.588120519480519590e+02 2.157411948051947945e+02
2.452556363636363699e+02 1.599195844155844100e+02 2.159861818181818194e+02
2.452707012987013115e+02 1.595748571428571552e+02 2.157706493506493644e+02
2.452326233766233656e+02 1.576664935064935094e+02 2.146943376623376594e+02
2.451734545454545469e+02 1.553486233766233795e+02 2.140648311688311765e+02
2.451869610389610443e+02 1.537450389610389720e+02 2.135624415584415488e+02
2.450361558441558429e+02 1.505056623376623293e+02 2.122192727272727382e+02
2.450070129870129847e+02 1.513102337662337789e+02 2.129889870129870246e+02
2.450778701298701208e+02 1.540530909090909120e+02 2.141636363636363569e+02
2.451071168831168734e+02 1.555005194805194719e+02 2.140072727272727207e+02
2.451473246753246826e+02 1.562305454545454495e+02 2.142669610389610284e+02
2.451008311688311778e+02 1.568299740259740247e+02 2.141866493506493612e+02
2.451028571428571468e+02 1.564059220779220709e+02 2.146295064935064829e+02
2.450815584415584283e+02 1.564655584415584428e+02 2.147038441558441662e+02
2.450225974025973983e+02 1.551154285714285663e+02 2.139674805194805174e+02
2.450557402597402472e+02 1.558875324675324805e+02 2.143740779220779302e+02
2.451734545454545469e+02 1.568004155844155889e+02 2.138749610389610325e+02
2.452431168831168691e+02 1.572924675324675263e+02 2.147496103896103818e+02
2.452179220779220827e+02 1.566717402597402611e+02 2.148672207792207871e+02
2.451119480519480476e+02 1.542421298701298724e+02 2.134531948051948120e+02
2.451237922077922065e+02 1.531393246753246729e+02 2.135421818181818310e+02
2.451406753246753283e+02 1.527723116883116745e+02 2.132524155844155871e+02
2.452026493506493523e+02 1.542223896103895981e+02 2.137493506493506459e+02
2.452511688311688260e+02 1.561037402597402490e+02 2.145547012987013034e+02
2.452914805194805297e+02 1.562313246753246858e+02 2.146824935064935005e+02
2.452193246753246854e+02 1.552248831168831202e+02 2.142165714285714273e+02
2.453589090909090942e+02 1.562599999999999909e+02 2.145025974025974165e+02
2.455430649350649333e+02 1.593449350649350720e+02 2.159645714285714178e+02
2.457211428571428655e+02 1.594175064935064938e+02 2.159064935064935185e+02
2.459498181818181877e+02 1.613704935064935171e+02 2.164643116883116818e+02
2.460806233766233788e+02 1.655650389610389652e+02 2.177521038961039039e+02
2.462370909090909095e+02 1.681775064935064847e+02 2.187872727272727218e+02
2.462446233766233661e+02 1.697408831168831114e+02 2.194227012987012984e+02
2.461761558441558577e+02 1.677061298701298711e+02 2.190246233766233672e+02
2.460098181818181899e+02 1.624818181818181699e+02 2.169023376623376578e+02
2.458037402597402661e+02 1.601666493506493509e+02 2.164456623376623270e+02
2.456855584415584417e+02 1.614925194805194906e+02 2.168774545454545546e+02
2.458116883116883002e+02 1.626834805194805256e+02 2.167823896103896004e+02
2.457332987012987076e+02 1.633217142857142790e+02 2.171148571428571472e+02
2.455829610389610309e+02 1.631501818181818066e+02 2.170520519480519397e+02
2.455208831168831125e+02 1.627929870129870267e+02 2.168635324675324796e+02
2.455343376623376628e+02 1.625491428571428685e+02 2.170167272727272803e+02
2.454641038961038930e+02 1.629065974025974128e+02 2.167324675324675241e+02
2.454712207792207721e+02 1.633289870129869996e+02 2.170596883116883191e+02
2.455198961038961158e+02 1.630878441558441523e+02 2.172650909090909011e+02
2.454924155844155962e+02 1.620776623376623320e+02 2.168662337662337620e+02
2.454682597402597537e+02 1.623965194805194869e+02 2.168683636363636253e+02
2.454768831168831298e+02 1.627631168831168793e+02 2.167581818181818107e+02
2.455131428571428671e+02 1.606100779220779202e+02 2.165529350649350704e+02
2.454372987012987153e+02 1.586271688311688308e+02 2.160726233766233690e+02
2.453008831168831136e+02 1.581375584415584399e+02 2.156431688311688220e+02
2.453735584415584299e+02 1.580955844155844261e+02 2.161730909090909165e+02
2.453477922077921960e+02 1.582851428571428585e+02 2.159716363636363496e+02
2.454004155844155832e+02 1.591437402597402695e+02 2.161200519480519517e+02
2.453554285714285754e+02 1.593941298701298592e+02 2.161696623376623450e+02
2.453651428571428710e+02 1.594056103896103878e+02 2.163963636363636454e+02
2.452801038961038955e+02 1.608203636363636235e+02 2.166821298701298701e+02
2.453191688311688381e+02 1.617589090909090999e+02 2.166996363636363583e+02
2.453966753246753285e+02 1.613105974025974092e+02 2.168814545454545453e+02
2.453789090909091044e+02 1.617886233766233772e+02 2.170720519480519499e+02
2.452151688311688247e+02 1.616671688311688229e+02 2.165518441558441509e+02
2.451245714285714428e+02 1.622741818181818303e+02 2.165968311688311587e+02
2.451675844155844288e+02 1.633921558441558375e+02 2.175561038961039060e+02
2.451001558441558359e+02 1.612429090909090803e+02 2.168827012987013063e+02
2.450402077922077808e+02 1.584891948051948134e+02 2.160875324675324691e+02
2.449353246753246651e+02 1.567452987012987080e+02 2.149106493506493507e+02
2.449175064935064938e+02 1.560767272727272825e+02 2.149077922077921983e+02
2.449455584415584326e+02 1.568340259740259626e+02 2.151327792207792129e+02
2.450528831168831232e+02 1.577087272727272591e+02 2.152865974025974083e+02
2.449751688311688440e+02 1.585831688311688197e+02 2.151576623376623445e+02
2.451137142857142805e+02 1.600085194805194817e+02 2.162297142857142944e+02
2.450918441558441430e+02 1.602463376623376519e+02 2.165198441558441687e+02
2.451257142857142810e+02 1.606407792207792227e+02 2.165899220779220684e+02
2.452608831168831216e+02 1.614823376623376703e+02 2.165644155844155705e+02
2.452050389610389516e+02 1.625190649350649323e+02 2.168621298701298770e+02
2.451730909090909165e+02 1.640847792207792111e+02 2.170616103896103937e+02
2.453019220779220859e+02 1.653792727272727348e+02 2.177153766233766135e+02
2.453201038961038876e+02 1.657589610389610471e+02 2.175995324675324696e+02
2.452429090909090803e+02 1.643005194805194833e+02 2.168832727272727254e+02
2.451839999999999975e+02 1.602773506493506375e+02 2.161841038961038919e+02
2.450785454545454627e+02 1.581926753246753208e+02 2.153185974025973906e+02
2.450865974025973912e+02 1.597481038961038848e+02 2.158923116883116791e+02
2.450871688311688388e+02 1.616508571428571486e+02 2.165954285714285845e+02
2.452725194805194917e+02 1.629876363636363692e+02 2.168862857142857195e+02
2.452147532467532471e+02 1.628155324675324778e+02 2.168596883116883021e+02
2.452146493506493528e+02 1.631596883116883134e+02 2.168885714285714243e+02
2.453107532467532508e+02 1.641520519480519340e+02 2.168469610389610409e+02
2.452343376623376514e+02 1.655324155844155882e+02 2.170113766233766341e+02
2.451555844155844284e+02 1.654718961038961140e+02 2.171995324675324639e+02
2.450997922077922055e+02 1.652174545454545580e+02 2.174822337662337759e+02
2.449640519480519458e+02 1.656716363636363667e+02 2.174080519480519342e+02
2.450342337662337684e+02 1.655445714285714303e+02 2.175782857142857267e+02
2.450438441558441696e+02 1.637168311688311633e+02 2.170636883116883098e+02
2.446932987012986871e+02 1.604417662337662307e+02 2.159621818181818185e+02
2.445265454545454418e+02 1.584641038961038930e+02 2.151210389610389484e+02
2.445294545454545414e+02 1.568494025974025874e+02 2.145167792207792274e+02
2.446267012987013061e+02 1.565290909090909111e+02 2.144777662337662321e+02
2.446287792207792222e+02 1.578216623376623318e+02 2.145846233766233695e+02
2.447704415584415472e+02 1.584600519480519552e+02 2.147052467532467404e+02
2.448730909090909051e+02 1.582188571428571322e+02 2.151543376623376673e+02
2.449137662337662391e+02 1.596059740259740352e+02 2.154032207792207885e+02
2.449334025974025906e+02 1.598729350649350636e+02 2.157621298701298826e+02
2.449291428571428639e+02 1.614353766233766123e+02 2.163463376623376746e+02
2.449155324675324721e+02 1.627478441558441489e+02 2.165264415584415474e+02
2.450198961038961158e+02 1.621816623376623454e+02 2.161438961038961111e+02
2.448894025974026079e+02 1.625428571428571445e+02 2.162598441558441493e+02
2.449369870129870037e+02 1.631754805194805158e+02 2.165157402597402552e+02
2.448969870129870117e+02 1.608282077922077917e+02 2.160983896103896029e+02
2.448902857142857101e+02 1.577944935064934953e+02 2.145208831168831125e+02
2.448950129870129899e+02 1.571209350649350540e+02 2.145498181818181820e+02
2.448902857142857101e+02 1.568678961038961006e+02 2.147301298701298720e+02
2.449518441558441566e+02 1.564466493506493521e+02 2.145610389610389745e+02
2.450279480519480444e+02 1.575164675324675443e+02 2.148067532467532601e+02
2.450101298701298731e+02 1.590290909090909111e+02 2.148896103896103966e+02
2.450078441558441682e+02 1.602882597402597469e+02 2.156257662337662282e+02
2.450913246753246710e+02 1.609967272727272700e+02 2.158671168831168927e+02
2.451476363636363658e+02 1.602344415584415458e+02 2.154483636363636379e+02
2.452186493506493434e+02 1.605512727272727318e+02 2.154273766233766310e+02
2.452848831168831225e+02 1.620019220779220745e+02 2.159961558441558509e+02
2.452324155844155769e+02 1.620187532467532492e+02 2.164080519480519342e+02
2.453152207792207662e+02 1.634017662337662387e+02 2.165992727272727336e+02
2.454414025974026003e+02 1.649660259740259676e+02 2.172632207792207737e+02
2.454262337662337643e+02 1.651972987012987062e+02 2.175868051948052084e+02
2.453746493506493493e+02 1.633369870129870094e+02 2.164550649350649394e+02
2.453606753246753271e+02 1.607631688311688265e+02 2.162238441558441480e+02
2.453222337662337793e+02 1.603028571428571354e+02 2.159644675324675234e+02
2.453401558441558450e+02 1.599661298701298620e+02 2.157956883116883091e+02
2.453956883116883034e+02 1.609071688311688320e+02 2.156684675324675311e+02
2.453927272727272850e+02 1.619083116883116986e+02 2.162972987012987005e+02
2.454993246753246865e+02 1.628572467532467556e+02 2.165574545454545330e+02
2.455185974025974076e+02 1.641574025974026085e+02 2.173594285714285661e+02
2.454987012987012918e+02 1.658838441558441446e+02 2.174055064935064934e+02
2.456209870129870012e+02 1.660934545454545344e+02 2.177394285714285616e+02
2.456239999999999952e+02 1.666976103896103893e+02 2.180259740259740227e+02
2.457022337662337748e+02 1.679123636363636365e+02 2.186232207792207873e+02
2.456959480519480508e+02 1.695847792207792111e+02 2.185631688311688379e+02
2.456740779220779132e+02 1.699782857142857040e+02 2.186225974025973926e+02
2.457167272727272689e+02 1.697302337662337663e+02 2.190547532467532506e+02
2.456279480519480387e+02 1.688451948051948079e+02 2.185532987012987007e+02
2.454828051948051950e+02 1.665379740259740231e+02 2.177684155844155782e+02
2.453575064935064916e+02 1.638534025974026065e+02 2.171778701298701435e+02
2.453704415584415699e+02 1.633690389610389673e+02 2.170593246753246888e+02
2.455415064935064891e+02 1.660385454545454422e+02 2.183933506493506513e+02
2.456067532467532430e+02 1.688557402597402586e+02 2.192405194805194810e+02
2.455793246753246706e+02 1.687417142857142949e+02 2.191054545454545348e+02
2.455270129870129949e+02 1.687779740259740322e+02 2.187540779220779257e+02
2.454403636363636281e+02 1.704027012987012881e+02 2.191352207792207878e+02
2.453161038961038969e+02 1.732134545454545389e+02 2.200670649350649342e+02
2.454136103896103975e+02 1.756288311688311694e+02 2.209443636363636472e+02
2.453915844155844184e+02 1.734020779220779218e+02 2.201732987012987053e+02
2.453991168831168750e+02 1.724166233766233631e+02 2.199737142857142942e+02
2.453789610389610516e+02 1.703935584415584401e+02 2.189623376623376600e+02
2.454914285714285711e+02 1.675110129870129754e+02 2.179724675324675331e+02
2.453523636363636342e+02 1.641414025974025890e+02 2.167307012987012911e+02
2.453050909090909215e+02 1.630834805194805313e+02 2.166091428571428708e+02
2.453313246753246801e+02 1.634937662337662232e+02 2.167934545454545514e+02
2.451345974025973931e+02 1.637808831168831034e+02 2.170872727272727332e+02
2.451322597402597410e+02 1.651330909090908960e+02 2.173033766233766357e+02
2.451938181818181874e+02 1.646667532467532453e+02 2.173585454545454638e+02
2.452267012987013004e+02 1.648713246753246722e+02 2.176121038961038892e+02
2.452311168831168970e+02 1.672591688311688358e+02 2.181769870129870128e+02
2.452592207792207830e+02 1.680002597402597360e+02 2.181078961038961097e+02
2.452721038961038857e+02 1.675665454545454622e+02 2.183097142857142785e+02
2.452381818181818289e+02 1.667220259740259678e+02 2.179904415584415460e+02
2.452184935064935019e+02 1.662048311688311628e+02 2.173597922077921965e+02
2.451514285714285677e+02 1.654366753246753206e+02 2.171234805194805233e+02
2.450445714285714303e+02 1.655275844155844140e+02 2.171864935064935196e+02
2.451176103896103768e+02 1.660034285714285716e+02 2.174703376623376698e+02
2.451991168831168864e+02 1.667331948051948132e+02 2.179480000000000075e+02
2.450064415584415656e+02 1.637903896103896102e+02 2.172503896103896182e+02
2.449412987012987060e+02 1.617777662337662434e+02 2.156495584415584403e+02
2.449997402597402640e+02 1.618407272727272641e+02 2.163245714285714314e+02
2.449930389610389625e+02 1.633596363636363549e+02 2.170124155844155780e+02
2.450955324675324789e+02 1.673086233766233875e+02 2.184148051948051830e+02
2.451020259740259633e+02 1.698609870129870103e+02 2.188507532467532428e+02
2.448989610389610334e+02 1.714432207792207805e+02 2.196668051948051925e+02
2.448064415584415485e+02 1.749504935064935012e+02 2.207335584415584435e+02
2.448082077922077815e+02 1.752801038961038955e+02 2.206599480519480494e+02
2.448812467532467565e+02 1.720568831168831139e+02 2.198177142857142883e+02
2.450388571428571538e+02 1.700452987012986910e+02 2.192199480519480517e+02
2.449649870129870237e+02 1.661166233766233802e+02 2.183300259740259719e+02
2.449487792207792154e+02 1.665390649350649426e+02 2.184138701298701335e+02
2.449380259740259760e+02 1.700178181818181713e+02 2.195435324675324580e+02
2.450283636363636504e+02 1.700475324675324771e+02 2.194960519480519565e+02
2.448432727272727334e+02 1.688385454545454536e+02 2.186207272727272652e+02
2.448955324675324619e+02 1.672225974025974153e+02 2.186679480519480592e+02
2.448747012987012965e+02 1.655461298701298745e+02 2.184535064935064952e+02
2.448123636363636422e+02 1.652619220779220655e+02 2.179922077922077790e+02
2.448167272727272632e+02 1.664673246753246758e+02 2.185457142857142969e+02
2.448190649350649437e+02 1.679437922077921996e+02 2.189919999999999902e+02
2.448794805194805235e+02 1.687205714285714180e+02 2.187284155844155862e+02
2.449076883116883039e+02 1.683523636363636342e+02 2.185454025974025853e+02
2.449080519480519342e+02 1.678628571428571377e+02 2.184829610389610366e+02
2.448750129870129797e+02 1.680405714285714396e+02 2.186679480519480592e+02
2.448059220779220766e+02 1.683970909090909061e+02 2.189136623376623447e+02
2.447923636363636319e+02 1.700617142857142881e+02 2.191866493506493612e+02
2.450033246753246772e+02 1.716328311688311601e+02 2.193538701298701312e+02
2.450663896103896207e+02 1.702117922077922003e+02 2.189054025974025990e+02
2.450273246753246781e+02 1.694302337662337550e+02 2.187878961038961165e+02
2.450650909090909124e+02 1.693706493506493587e+02 2.189082077922078042e+02
2.448405714285714225e+02 1.666804675324675316e+02 2.180978701298701310e+02
2.446817142857142926e+02 1.653257142857142981e+02 2.176078961038961097e+02
2.446620779220779127e+02 1.665659220779220675e+02 2.179582857142857222e+02
2.447293506493506356e+02 1.683254545454545337e+02 2.183734025974025883e+02
2.448288831168831052e+02 1.701437922077922167e+02 2.190210389610389541e+02
2.448240000000000123e+02 1.704679999999999893e+02 2.192772987012986903e+02
2.447718441558441498e+02 1.711347012987012874e+02 2.195121558441558420e+02
2.449007792207792136e+02 1.717019740259740388e+02 2.196164675324675386e+02
2.448781298701298681e+02 1.717221818181818094e+02 2.196383896103896234e+02
2.448984935064935087e+02 1.718499740259740349e+02 2.193975064935064836e+02
2.450318961038961163e+02 1.714032727272727357e+02 2.191172467532467465e+02
2.450673246753246701e+02 1.741832207792207896e+02 2.201286233766233806e+02
2.450994285714285752e+02 1.761808831168831091e+02 2.208815064935064925e+02
2.450861298701298665e+02 1.752872727272727218e+02 2.205046753246753326e+02
2.451538701298701426e+02 1.729553766233766225e+02 2.198003116883116945e+02
2.451351168831168934e+02 1.708557922077922058e+02 2.192618181818181711e+02
2.450305454545454609e+02 1.651631168831168850e+02 2.174204675324675407e+02
2.450606233766233686e+02 1.637593246753246774e+02 2.168749610389610325e+02
2.449912727272727295e+02 1.621487792207792324e+02 2.165270649350649421e+02
2.450496103896103932e+02 1.637527272727272702e+02 2.167732467532467524e+02
2.451996363636363583e+02 1.651233766233766289e+02 2.173777662337662377e+02
2.453147012987012943e+02 1.644210909090909070e+02 2.172082597402597344e+02
2.452968311688311758e+02 1.637790129870129761e+02 2.166225454545454454e+02
2.452402077922077979e+02 1.656435844155844279e+02 2.174558961038960945e+02
2.452581298701298635e+02 1.672952207792207844e+02 2.183029090909090826e+02
2.452552207792207923e+02 1.671477402597402602e+02 2.180482597402597378e+02
2.452510129870129845e+02 1.678110649350649339e+02 2.183699220779220695e+02
2.452538701298701369e+02 1.684620259740259769e+02 2.183103376623376732e+02
2.451739220779220716e+02 1.699357922077922183e+02 2.187027532467532467e+02
2.452306493506493439e+02 1.705802597402597485e+02 2.191172987012986937e+02
2.451725714285714162e+02 1.688004155844155889e+02 2.184121558441558477e+02
2.451522597402597512e+02 1.657337142857142851e+02 2.175273766233766253e+02
2.450702857142857169e+02 1.633147532467532415e+02 2.167393246753246672e+02
2.450519999999999925e+02 1.629471168831168768e+02 2.166337662337662380e+02
2.450030649350649412e+02 1.646012467532467554e+02 2.167108051948052037e+02
2.450351688311688179e+02 1.659073246753246735e+02 2.174701818181818282e+02
2.451345454545454459e+02 1.656997402597402527e+02 2.173637402597402684e+02
2.452290909090908997e+02 1.655521558441558341e+02 2.177135584415584333e+02
2.453004155844155889e+02 1.663425974025973915e+02 2.178868051948051914e+02
2.454085194805194874e+02 1.663130389610389557e+02 2.176136103896103862e+02
2.454322077922078051e+02 1.670779740259740151e+02 2.180987012987012861e+02
2.456465454545454463e+02 1.676349610389610518e+02 2.184064415584415713e+02
2.457076883116883153e+02 1.681484675324675209e+02 2.184033766233766301e+02
2.457434285714285807e+02 1.674914805194805183e+02 2.185179740259740129e+02
2.456864935064935196e+02 1.681423376623376669e+02 2.188436363636363637e+02
2.455868051948052084e+02 1.684907532467532576e+02 2.189566233766233836e+02
2.453940259740259648e+02 1.668917402597402599e+02 2.184631168831168964e+02
2.452958961038960979e+02 1.645632207792207851e+02 2.171142857142857281e+02
2.453025454545454522e+02 1.647540779220779257e+02 2.171978701298701253e+02
2.452451948051948136e+02 1.663598441558441436e+02 2.173686233766233897e+02
2.453433766233766278e+02 1.662738701298701187e+02 2.175842077922077920e+02
2.453304415584415494e+02 1.660915324675324598e+02 2.172514805194805092e+02
2.453691428571428617e+02 1.662746493506493550e+02 2.171378181818181758e+02
2.452966233766233870e+02 1.660124675324675252e+02 2.172119999999999891e+02
2.454195324675324628e+02 1.661832727272727368e+02 2.178463376623376746e+02
2.454449870129870135e+02 1.664319480519480408e+02 2.178256103896104037e+02
2.453512727272727147e+02 1.666076883116883209e+02 2.178644155844155819e+02
2.453225974025974097e+02 1.666921038961039017e+02 2.176544415584415617e+02
2.452343896103895986e+02 1.668829090909090951e+02 2.172908051948051877e+02
2.451940779220779234e+02 1.678736623376623243e+02 2.177958961038960979e+02
2.454050389610389686e+02 1.676936623376623459e+02 2.177351688311688349e+02
2.454015064935065027e+02 1.644480519480519547e+02 2.167676883116883175e+02
2.452939740259740233e+02 1.623632207792207680e+02 2.161595844155844190e+02
2.453168311688311576e+02 1.621318961038961106e+02 2.164087792207792234e+02
2.453064935064934957e+02 1.633197922077922044e+02 2.167037922077922190e+02
2.453298701298701303e+02 1.640258181818181811e+02 2.172835324675324671e+02
2.454201558441558575e+02 1.643549610389610507e+02 2.172260779220779341e+02
2.453870129870129801e+02 1.650818181818181927e+02 2.173054545454545519e+02
2.453971428571428532e+02 1.659919480519480430e+02 2.175669610389610398e+02
2.454948051948051955e+02 1.665632207792207851e+02 2.176388571428571481e+02
2.456057662337662464e+02 1.662631168831168793e+02 2.176394285714285672e+02
2.457132987012986973e+02 1.662722597402597273e+02 2.181189090909090851e+02
2.455905974025974103e+02 1.674262857142857115e+02 2.180935064935064815e+02
2.456715324675324723e+02 1.673432727272727334e+02 2.181116363636363644e+02
2.456498701298701235e+02 1.669354285714285595e+02 2.179169870129870219e+02
2.456255064935064922e+02 1.659450909090909079e+02 2.178099740259740145e+02
2.454575584415584331e+02 1.634020259740259746e+02 2.169822857142857231e+02
2.453381298701298761e+02 1.615996883116883112e+02 2.161257662337662282e+02
2.453670129870129983e+02 1.612731428571428580e+02 2.159839480519480617e+02
2.454222857142857208e+02 1.619769870129870242e+02 2.161784415584415626e+02
2.454497142857142933e+02 1.630389610389610482e+02 2.166695584415584506e+02
2.455918961038960902e+02 1.636881558441558582e+02 2.173235324675324591e+02
2.454855584415584531e+02 1.644616623376623465e+02 2.173315324675324689e+02
2.455039999999999907e+02 1.654955844155844034e+02 2.171832727272727368e+02
2.455367792207792093e+02 1.664427532467532558e+02 2.177318961038961049e+02
2.455136623376623390e+02 1.658976103896103780e+02 2.173856103896103775e+02
2.454391168831168955e+02 1.653969350649350645e+02 2.177663896103896093e+02
2.454944935064935123e+02 1.666182337662337716e+02 2.180225974025973983e+02
2.454410389610389700e+02 1.674432727272727277e+02 2.182616103896103823e+02
2.455171948051948050e+02 1.681862337662337552e+02 2.188667012987012868e+02
2.454307012987013081e+02 1.673215064935064902e+02 2.180720000000000027e+02
2.452508571428571429e+02 1.637420779220779252e+02 2.173015064935064800e+02
2.451250909090909147e+02 1.609051428571428630e+02 2.158736623376623243e+02
2.451266493506493589e+02 1.595383896103896006e+02 2.152857142857142776e+02
2.451780259740259851e+02 1.604847792207792168e+02 2.158113766233766171e+02
2.452127792207792254e+02 1.613918441558441543e+02 2.160810909090909036e+02
2.451980779220779141e+02 1.621881558441558582e+02 2.167059740259740295e+02
2.452365714285714375e+02 1.633304935064934966e+02 2.168216103896103846e+02
2.452709610389610475e+02 1.636073246753246622e+02 2.170085194805194817e+02
2.453382857142857176e+02 1.638325194805194940e+02 2.171210389610389484e+02
2.453364675324675375e+02 1.644738181818181886e+02 2.169166233766233631e+02
2.453616103896103766e+02 1.641877922077921994e+02 2.172138701298701164e+02
2.453844675324675393e+02 1.639892467532467606e+02 2.172171428571428464e+02
2.454240519480519538e+02 1.646874805194805163e+02 2.174007792207792136e+02
2.455500259740259708e+02 1.655670129870129870e+02 2.176876883116883050e+02
2.455021818181818105e+02 1.657069610389610261e+02 2.177456623376623384e+02
2.454906493506493632e+02 1.631119999999999948e+02 2.171215584415584487e+02
2.453738181818181943e+02 1.605701818181818226e+02 2.160546493506493562e+02
