2.549984877126653942e+02 8.151984877126653828e+01 2.346415879017013140e+02
2.549993698802772428e+02 7.789603024574668666e+01 2.348355387523629361e+02
2.550000000000000000e+02 1.530928796471329463e+02 2.418710775047258892e+02
2.549996219281663627e+02 1.540811594202898505e+02 2.409750472589792025e+02
2.549998739760554542e+02 1.497432892249527470e+02 2.397584120982986633e+02
2.549993698802772428e+02 1.494364209199748075e+02 2.395319470699432998e+02
2.550000000000000000e+02 1.861758034026464941e+02 2.471503465658475136e+02
2.550000000000000000e+02 1.993776937618147542e+02 2.492186515437933281e+02
2.550000000000000000e+02 2.012606175173282850e+02 2.497548834278512970e+02
2.550000000000000000e+02 2.033285444234404622e+02 2.496470069313169517e+02
2.550000000000000000e+02 2.090742281033396353e+02 2.507511027095148108e+02
2.550000000000000000e+02 2.137870195337114012e+02 2.513151858853182148e+02
2.550000000000000000e+02 2.146379332073094020e+02 2.514661625708884571e+02
2.550000000000000000e+02 2.151799621928166459e+02 2.517401386263390179e+02
2.549996219281663627e+02 2.164780088216761271e+02 2.519935727788279678e+02
2.550000000000000000e+02 2.223507246376811679e+02 2.524797731568998245e+02
2.550000000000000000e+02 2.234283553875236237e+02 2.526196597353497282e+02
2.550000000000000000e+02 2.243696282293635704e+02 2.526517958412098324e+02
2.550000000000000000e+02 2.249696282293635932e+02 2.528375551354757533e+02
2.550000000000000000e+02 2.254171392564587393e+02 2.528370510396975419e+02
2.550000000000000000e+02 2.256447385003150714e+02 2.526002520478890858e+02
2.550000000000000000e+02 2.258854442344045310e+02 2.525629489603024638e+02
2.550000000000000000e+02 2.263103969754253342e+02 2.526245746691871545e+02
2.550000000000000000e+02 2.275337114051669687e+02 2.528167611846250793e+02
2.550000000000000000e+02 2.291527410207939397e+02 2.530069313169502152e+02
2.550000000000000000e+02 2.290720856962823007e+02 2.529702583490863219e+02
2.550000000000000000e+02 2.205328292375551484e+02 2.523478260869565304e+02
2.550000000000000000e+02 2.140437303087586542e+02 2.513488342785129248e+02
2.550000000000000000e+02 2.122996849401386328e+02 2.507240075614366788e+02
2.550000000000000000e+02 2.123902961562696987e+02 2.508235664776307488e+02
2.550000000000000000e+02 2.136907372400756060e+02 2.510146187775677333e+02
2.550000000000000000e+02 2.141563957151858801e+02 2.511634530560806695e+02
2.550000000000000000e+02 2.187401386263390179e+02 2.517493383742911135e+02
2.550000000000000000e+02 2.206330182734719472e+02 2.517600504095778149e+02
2.550000000000000000e+02 2.215134215500945061e+02 2.520366729678638933e+02
2.550000000000000000e+02 2.214250787649653489e+02 2.520410838059231367e+02
2.550000000000000000e+02 2.222328922495274242e+02 2.519742911153118996e+02
2.550000000000000000e+02 2.228322621298046613e+02 2.522318840579710013e+02
2.550000000000000000e+02 2.239338374291115201e+02 2.523923125393824876e+02
2.550000000000000000e+02 2.249807183364839318e+02 2.523692501575299332e+02
2.550000000000000000e+02 2.262333963453056072e+02 2.526022684310019031e+02
2.550000000000000000e+02 2.269562696912413458e+02 2.526441083805923142e+02
2.550000000000000000e+02 2.280811594202898505e+02 2.527469439193446874e+02
2.550000000000000000e+02 2.289198487712665440e+02 2.528712035286704349e+02
2.550000000000000000e+02 2.290446124763705029e+02 2.527366099558916233e+02
2.550000000000000000e+02 2.292410838059231253e+02 2.527924385633270390e+02
2.550000000000000000e+02 2.292623818525519823e+02 2.527523629489602968e+02
2.550000000000000000e+02 2.300650283553875113e+02 2.529412728418399468e+02
2.550000000000000000e+02 2.280643982356647825e+02 2.527286704473850136e+02
2.550000000000000000e+02 2.296373030875866448e+02 2.529172022684309979e+02
2.550000000000000000e+02 2.302481411468178862e+02 2.530133585381222474e+02
2.550000000000000000e+02 2.249695022054190190e+02 2.522737240075614409e+02
2.550000000000000000e+02 2.143698802772526903e+02 2.508788909892879531e+02
2.550000000000000000e+02 2.103754253308128455e+02 2.501551354757403942e+02
2.550000000000000000e+02 2.095369880277252719e+02 2.499347195967233688e+02
2.550000000000000000e+02 2.098642722117202197e+02 2.501527410207939397e+02
2.549998739760554542e+02 2.101775677378701914e+02 2.500244486452425861e+02
2.550000000000000000e+02 2.145701323251417705e+02 2.509232514177693645e+02
2.550000000000000000e+02 2.157427851291745355e+02 2.511083805923125283e+02
2.550000000000000000e+02 2.170180214240705823e+02 2.511773156899810999e+02
2.550000000000000000e+02 2.175306868304977854e+02 2.513199747952110954e+02
2.549994959042217886e+02 2.178218021424070514e+02 2.514367989918084447e+02
2.550000000000000000e+02 2.183061121613106366e+02 2.514821676118462506e+02
2.550000000000000000e+02 2.191063642091997394e+02 2.514093257718966470e+02
2.550000000000000000e+02 2.202991808443604214e+02 2.517436672967863842e+02
2.550000000000000000e+02 2.219891619407687529e+02 2.518206679269061112e+02
2.550000000000000000e+02 2.231628229363579123e+02 2.520444864524259572e+02
2.550000000000000000e+02 2.245860113421550182e+02 2.522042848141146862e+02
2.550000000000000000e+02 2.254078134845620696e+02 2.523227473219911872e+02
2.550000000000000000e+02 2.262308758664146069e+02 2.524402016383112652e+02
2.550000000000000000e+02 2.262578449905481932e+02 2.525778197857592886e+02
2.550000000000000000e+02 2.273382482671707692e+02 2.524118462507876473e+02
2.550000000000000000e+02 2.278846880907372281e+02 2.528366729678639047e+02
2.550000000000000000e+02 2.282950220541902979e+02 2.528858223062381967e+02
2.550000000000000000e+02 2.289519848771266481e+02 2.526192816635160625e+02
2.550000000000000000e+02 2.293382482671707692e+02 2.526061751732829350e+02
2.550000000000000000e+02 2.298366729678639047e+02 2.526718336483932035e+02
2.550000000000000000e+02 2.307117832388153715e+02 2.527724007561436679e+02
2.550000000000000000e+02 2.311613106490233065e+02 2.529114051669817229e+02
2.550000000000000000e+02 2.292438563327032170e+02 2.528741020793950725e+02
2.550000000000000000e+02 2.294695652173913061e+02 2.527502205419029622e+02
2.550000000000000000e+02 2.294688090737240032e+02 2.528562066792690644e+02
2.550000000000000000e+02 2.302804032766225646e+02 2.526332703213610671e+02
2.550000000000000000e+02 2.305774417139256514e+02 2.524948960302457408e+02
2.550000000000000000e+02 2.307279143037177107e+02 2.526851921865154509e+02
2.550000000000000000e+02 2.308525519848771239e+02 2.526843100189036022e+02
2.550000000000000000e+02 2.312691871455576518e+02 2.527014492753623074e+02
2.550000000000000000e+02 2.321848771266540723e+02 2.528613736609955822e+02
2.550000000000000000e+02 2.318680529300567059e+02 2.527579080025204803e+02
2.550000000000000000e+02 2.191353497164461146e+02 2.514181474480151337e+02
2.549997479521109085e+02 2.071044738500314963e+02 2.496446124763704972e+02
2.550000000000000000e+02 2.033121613106490315e+02 2.486826717076244506e+02
2.550000000000000000e+02 2.037419029615626869e+02 2.485110270951480800e+02
2.550000000000000000e+02 2.045255198487712676e+02 2.487267800882167705e+02
2.550000000000000000e+02 2.091338374291115372e+02 2.498546943919344585e+02
2.550000000000000000e+02 2.099949590422180279e+02 2.500616257088846908e+02
2.550000000000000000e+02 2.144183994959042252e+02 2.506330182734719472e+02
2.550000000000000000e+02 2.160767485822306355e+02 2.506995589161940643e+02
2.550000000000000000e+02 2.168780088216761044e+02 2.510438563327032000e+02
2.550000000000000000e+02 2.179256458727158190e+02 2.510890989287964601e+02
2.550000000000000000e+02 2.183582860743541403e+02 2.511735349716446137e+02
2.550000000000000000e+02 2.199519848771266481e+02 2.512202898550724512e+02
2.550000000000000000e+02 2.205729048519218622e+02 2.517327032136105913e+02
2.550000000000000000e+02 2.220674228103339658e+02 2.517671077504725758e+02
2.550000000000000000e+02 2.231561436672967886e+02 2.520216761184624943e+02
2.550000000000000000e+02 2.242327662255828500e+02 2.519942028985507250e+02
2.550000000000000000e+02 2.245674858223062245e+02 2.520384373030875906e+02
2.550000000000000000e+02 2.245933207309388706e+02 2.520094517958412155e+02
2.550000000000000000e+02 2.249335853812224286e+02 2.519032136105860218e+02
2.550000000000000000e+02 2.256985507246376699e+02 2.520733459357277866e+02
2.550000000000000000e+02 2.262434782608695514e+02 2.525620667926906151e+02
2.550000000000000000e+02 2.277908002520478874e+02 2.525633270321361010e+02
2.550000000000000000e+02 2.288787649653434073e+02 2.527436672967863842e+02
2.550000000000000000e+02 2.298604914933837335e+02 2.527832388153749150e+02
2.550000000000000000e+02 2.309032136105860218e+02 2.528191556395715054e+02
2.550000000000000000e+02 2.315164461247637178e+02 2.527904221802142501e+02
2.550000000000000000e+02 2.316318840579710070e+02 2.531309388783868997e+02
2.550000000000000000e+02 2.325255198487712676e+02 2.528768746061751642e+02
2.550000000000000000e+02 2.301712665406427334e+02 2.524756143667296726e+02
2.550000000000000000e+02 2.301235034656584730e+02 2.524107120352867071e+02
2.550000000000000000e+02 2.303093887838689398e+02 2.526046628859483292e+02
2.550000000000000000e+02 2.301474480151228761e+02 2.525090107120352911e+02
2.550000000000000000e+02 2.299271581600503964e+02 2.525198487712665383e+02
2.550000000000000000e+02 2.299058601134215394e+02 2.525369880277252719e+02
2.550000000000000000e+02 2.298349086326402073e+02 2.524402016383112652e+02
2.550000000000000000e+02 2.262602394454946477e+02 2.518158790170132306e+02
2.550000000000000000e+02 2.129398865784499151e+02 2.499047258979205992e+02
2.550000000000000000e+02 2.067998739760554372e+02 2.489608065532451064e+02
2.550000000000000000e+02 2.055222432262129928e+02 2.484975425330812868e+02
2.550000000000000000e+02 2.068336483931946930e+02 2.487165721487082521e+02
2.550000000000000000e+02 2.086642722117202311e+02 2.492553245116572214e+02
2.550000000000000000e+02 2.139722747321991108e+02 2.502646502835538627e+02
2.550000000000000000e+02 2.147119092627599173e+02 2.502980466288594812e+02
2.549996219281663627e+02 2.163891619407687585e+02 2.506864524259609368e+02
2.550000000000000000e+02 2.169965973534971511e+02 2.510638941398865711e+02
2.550000000000000000e+02 2.172724637681159550e+02 2.510766225582860613e+02
2.550000000000000000e+02 2.208670447385003115e+02 2.514935097668557091e+02
2.550000000000000000e+02 2.210156269691241278e+02 2.514557025834908757e+02
2.550000000000000000e+02 2.217112791430371885e+02 2.514930056710774977e+02
2.550000000000000000e+02 2.225775677378701971e+02 2.514807813484562189e+02
2.550000000000000000e+02 2.235029615626969246e+02 2.518210459987397485e+02
2.550000000000000000e+02 2.247395085066162608e+02 2.519004410838059300e+02
2.550000000000000000e+02 2.258646502835538854e+02 2.521040957781978591e+02
2.550000000000000000e+02 2.267347195967233802e+02 2.523053560176433621e+02
2.550000000000000000e+02 2.277977315689981026e+02 2.523725267800882079e+02
2.550000000000000000e+02 2.280229363579080086e+02 2.523923125393824876e+02
2.550000000000000000e+02 2.289584120982986803e+02 2.523590422180214148e+02
2.550000000000000000e+02 2.294620037807183337e+02 2.525851291745431695e+02
2.550000000000000000e+02 2.300041587901701234e+02 2.526316320100819155e+02
2.550000000000000000e+02 2.283226212980466414e+02 2.523566477630749887e+02
2.550000000000000000e+02 2.292458727158160059e+02 2.525352236925015745e+02
2.550000000000000000e+02 2.298952741020793837e+02 2.524124763705104044e+02
2.550000000000000000e+02 2.302483931947070062e+02 2.527116572148708258e+02
2.550000000000000000e+02 2.307831127914303693e+02 2.526052930056710863e+02
2.550000000000000000e+02 2.312483931947070062e+02 2.523931947069943362e+02
2.550000000000000000e+02 2.321600504095778206e+02 2.524833018273471907e+02
2.550000000000000000e+02 2.328684310018903716e+02 2.525638311279143124e+02
2.550000000000000000e+02 2.303411468178954067e+02 2.523248897290485218e+02
2.550000000000000000e+02 2.208993068683049898e+02 2.513185885318210353e+02
2.550000000000000000e+02 2.102960302457466923e+02 2.498215500945179599e+02
2.550000000000000000e+02 2.067112791430371885e+02 2.493335853812224343e+02
2.550000000000000000e+02 2.068825456836798935e+02 2.487555135475740258e+02
2.550000000000000000e+02 2.081188405797101382e+02 2.489235034656584844e+02
2.550000000000000000e+02 2.129629489603024695e+02 2.501567737870195458e+02
2.550000000000000000e+02 2.127484562066792648e+02 2.501130434782608631e+02
2.549994959042217886e+02 2.136001260239445401e+02 2.501406427221172066e+02
2.549994959042217886e+02 2.137195967233774354e+02 2.504846880907372508e+02
2.550000000000000000e+02 2.155266540642722077e+02 2.507072463768115824e+02
2.550000000000000000e+02 2.196622558286074423e+02 2.510224322621297972e+02
2.549997479521109085e+02 2.208699432892249490e+02 2.512008821676118373e+02
2.550000000000000000e+02 2.220449905482041686e+02 2.514775047258979157e+02
2.550000000000000000e+02 2.236308758664146126e+02 2.516153749212350306e+02
2.550000000000000000e+02 2.253130434782608802e+02 2.518497794580970321e+02
2.550000000000000000e+02 2.271644612476370639e+02 2.522865784499054769e+02
2.550000000000000000e+02 2.286912413358538174e+02 2.522284814114681808e+02
2.550000000000000000e+02 2.295266540642722077e+02 2.525992438563326914e+02
2.550000000000000000e+02 2.305659735349716470e+02 2.527039697542533077e+02
2.550000000000000000e+02 2.315073724007561395e+02 2.526350346565847644e+02
2.550000000000000000e+02 2.322472589792060376e+02 2.526587271581600476e+02
2.550000000000000000e+02 2.295688720856962846e+02 2.524136105860113446e+02
2.550000000000000000e+02 2.302918714555765689e+02 2.523668557025834787e+02
2.550000000000000000e+02 2.310065532451165780e+02 2.525313169502205426e+02
2.550000000000000000e+02 2.317460617517328387e+02 2.525542533081285512e+02
2.550000000000000000e+02 2.326647763074984141e+02 2.525740390674228024e+02
2.550000000000000000e+02 2.339760554505355969e+02 2.528536862003780641e+02
2.550000000000000000e+02 2.347237555135475873e+02 2.528229363579079916e+02
2.550000000000000000e+02 2.331997479521108971e+02 2.526734719596723266e+02
2.550000000000000000e+02 2.337693761814744846e+02 2.527987397605544970e+02
2.550000000000000000e+02 2.340652804032766312e+02 2.526234404536862144e+02
2.550000000000000000e+02 2.340843100189035795e+02 2.526461247637051031e+02
2.550000000000000000e+02 2.329377441713925521e+02 2.523379962192816777e+02
2.550000000000000000e+02 2.240763705103969698e+02 2.510966603654694325e+02
2.550000000000000000e+02 2.064659105229993656e+02 2.483663516068052957e+02
2.550000000000000000e+02 2.016431001890359198e+02 2.477557655954631457e+02
2.550000000000000000e+02 2.022548204158790099e+02 2.479190926275992410e+02
2.550000000000000000e+02 2.079281663516068193e+02 2.489787019533711430e+02
2.550000000000000000e+02 2.091905482041588016e+02 2.492853182104599910e+02
2.550000000000000000e+02 2.137965973534971624e+02 2.499005671077504758e+02
2.550000000000000000e+02 2.153957151858853081e+02 2.501850031505986180e+02
2.550000000000000000e+02 2.173906742281033360e+02 2.504941398865784379e+02
2.550000000000000000e+02 2.180311279143037098e+02 2.506833018273472078e+02
2.550000000000000000e+02 2.175127914303717773e+02 2.508438563327032114e+02
2.549982356647763027e+02 2.183140516698172746e+02 2.508345305608065416e+02
2.550000000000000000e+02 2.191991178323881400e+02 2.509110270951480857e+02
2.550000000000000000e+02 2.200654064272211770e+02 2.510647763074984198e+02
2.550000000000000000e+02 2.217647132955261498e+02 2.511022054190296160e+02
2.550000000000000000e+02 2.269547574039067399e+02 2.518562066792690644e+02
2.550000000000000000e+02 2.250187775677378568e+02 2.514395715185885365e+02
2.550000000000000000e+02 2.256470069313169517e+02 2.516148708254568476e+02
2.550000000000000000e+02 2.262918714555765689e+02 2.518399495904221794e+02
2.550000000000000000e+02 2.273628229363579010e+02 2.518356647763075102e+02
2.550000000000000000e+02 2.271385003150598720e+02 2.517180844360428580e+02
2.550000000000000000e+02 2.274517958412098437e+02 2.518219281663515972e+02
2.550000000000000000e+02 2.276075614366729667e+02 2.520381852551984991e+02
2.550000000000000000e+02 2.287529930686830539e+02 2.522396975425330936e+02
2.550000000000000000e+02 2.294465028355387517e+02 2.523308128544423425e+02
2.550000000000000000e+02 2.302849401386263253e+02 2.524201638311279225e+02
2.550000000000000000e+02 2.309202268431001812e+02 2.524578449905482103e+02
2.550000000000000000e+02 2.313645872715815983e+02 2.525377441713925748e+02
2.550000000000000000e+02 2.322454946439823686e+02 2.525314429741650883e+02
2.550000000000000000e+02 2.326418399495904339e+02 2.527069943289224909e+02
2.550000000000000000e+02 2.305505986137366108e+02 2.521411468178953896e+02
2.550000000000000000e+02 2.284625078764965451e+02 2.519361058601134289e+02
2.550000000000000000e+02 2.173338374291115258e+02 2.501023314429741617e+02
2.550000000000000000e+02 2.085083805923125340e+02 2.489352236925015802e+02
2.550000000000000000e+02 2.072820415879016878e+02 2.482998109640831785e+02
2.549997479521109085e+02 2.082313799621928183e+02 2.487377441713925634e+02
2.550000000000000000e+02 2.100177693761814623e+02 2.492534341524889783e+02
2.550000000000000000e+02 2.154306238185255324e+02 2.501211090107120469e+02
2.550000000000000000e+02 2.164734719596723380e+02 2.502485192186515519e+02
2.550000000000000000e+02 2.179028355387523561e+02 2.505560176433522486e+02
2.550000000000000000e+02 2.186579710144927446e+02 2.506260869565217320e+02
2.550000000000000000e+02 2.183509766855702594e+02 2.505213610586011441e+02
2.550000000000000000e+02 2.183185885318210353e+02 2.505771896660365599e+02
2.550000000000000000e+02 2.178349086326402073e+02 2.505398865784499094e+02
2.550000000000000000e+02 2.192282293635790893e+02 2.509216131064902413e+02
2.550000000000000000e+02 2.205448015122873358e+02 2.512607435412728307e+02
2.550000000000000000e+02 2.254438563327032057e+02 2.519310649023314568e+02
2.550000000000000000e+02 2.268637681159420367e+02 2.519822306238185377e+02
2.550000000000000000e+02 2.252133585381222360e+02 2.518657844990548256e+02
2.550000000000000000e+02 2.262538122243226155e+02 2.520243226212980403e+02
2.550000000000000000e+02 2.299445494643982215e+02 2.523379962192816777e+02
2.550000000000000000e+02 2.282454946439823686e+02 2.520419659735349853e+02
2.550000000000000000e+02 2.280788909892879701e+02 2.521403906742281151e+02
2.550000000000000000e+02 2.286970384373030925e+02 2.522510396975425238e+02
2.550000000000000000e+02 2.292351606805293045e+02 2.522163831127914193e+02
2.550000000000000000e+02 2.296278512917454293e+02 2.521919344675488333e+02
2.550000000000000000e+02 2.295848771266540780e+02 2.522152488972904791e+02
2.550000000000000000e+02 2.302490233144297349e+02 2.521659735349716414e+02
2.550000000000000000e+02 2.311347195967233858e+02 2.524176433522369223e+02
2.550000000000000000e+02 2.322360428481411532e+02 2.524935097668557091e+02
2.550000000000000000e+02 2.326061751732829350e+02 2.522013862633900487e+02
2.550000000000000000e+02 2.231480781348456333e+02 2.511212350346565927e+02
2.549998739760554542e+02 2.114371770636420820e+02 2.493054820415879078e+02
2.550000000000000000e+02 2.068163831127914420e+02 2.487139256458727061e+02
2.549991178323881513e+02 2.070282293635790722e+02 2.486139886578449989e+02
2.549997479521109085e+02 2.079580340264650147e+02 2.489252678008821817e+02
2.550000000000000000e+02 2.132822936357908077e+02 2.500918714555765519e+02
2.550000000000000000e+02 2.139814744801512347e+02 2.500830497794580936e+02
2.550000000000000000e+02 2.151368620037807204e+02 2.499347195967233688e+02
2.550000000000000000e+02 2.149930686830497848e+02 2.502557025834908586e+02
2.549998739760554542e+02 2.155953371140516595e+02 2.506509136735979837e+02
2.550000000000000000e+02 2.193565217391304429e+02 2.509824826717076292e+02
2.549992438563326971e+02 2.202255828607435433e+02 2.508698172652804033e+02
2.550000000000000000e+02 2.217880277252677956e+02 2.513797101449275431e+02
2.550000000000000000e+02 2.235872715816005041e+02 2.514369250157529905e+02
2.550000000000000000e+02 2.260597353497164477e+02 2.515560176433522486e+02
2.550000000000000000e+02 2.274422180214240825e+02 2.518822936357908020e+02
2.550000000000000000e+02 2.290623818525519937e+02 2.522194076874606310e+02
2.550000000000000000e+02 2.299148078134845719e+02 2.525148078134845662e+02
2.550000000000000000e+02 2.310349086326401959e+02 2.525729048519218622e+02
2.550000000000000000e+02 2.316896030245746658e+02 2.524316320100819269e+02
2.550000000000000000e+02 2.320741020793950895e+02 2.523139256458727289e+02
2.550000000000000000e+02 2.293180844360428523e+02 2.523004410838059357e+02
2.550000000000000000e+02 2.298199117832388083e+02 2.524685570258349117e+02
2.550000000000000000e+02 2.311101449275362256e+02 2.525821045998739862e+02
2.550000000000000000e+02 2.318598613736610048e+02 2.528066792690611351e+02
2.550000000000000000e+02 2.331493383742911192e+02 2.527350976685570174e+02
2.550000000000000000e+02 2.319541272841839827e+02 2.524945179584121036e+02
2.550000000000000000e+02 2.230395715185885308e+02 2.512292375551354837e+02
2.549987397605545141e+02 2.094909892879647089e+02 2.491350976685570231e+02
2.550000000000000000e+02 2.066243226212980346e+02 2.486535601764335297e+02
2.550000000000000000e+02 2.071897920604914987e+02 2.488805293005671047e+02
2.550000000000000000e+02 2.130442344045368657e+02 2.499730308758664137e+02
2.550000000000000000e+02 2.139518588531821024e+02 2.501069943289224966e+02
2.550000000000000000e+02 2.152684310018903489e+02 2.504486452425960863e+02
2.550000000000000000e+02 2.164086956521739182e+02 2.505387523629489692e+02
2.550000000000000000e+02 2.177466918714555675e+02 2.504961562696912551e+02
2.550000000000000000e+02 2.211180844360428353e+02 2.508099558916194098e+02
2.550000000000000000e+02 2.211740390674227967e+02 2.509340894770006400e+02
2.550000000000000000e+02 2.207324511657214998e+02 2.511400126023944495e+02
2.550000000000000000e+02 2.219674858223062301e+02 2.512976685570258439e+02
2.550000000000000000e+02 2.237799621928166403e+02 2.517948330182734651e+02
2.550000000000000000e+02 2.257879017013232499e+02 2.521976055450535625e+02
2.550000000000000000e+02 2.272298676748582125e+02 2.523808443604284832e+02
2.550000000000000000e+02 2.283713925645872678e+02 2.524586011342155132e+02
2.550000000000000000e+02 2.294795211090107045e+02 2.524555765595463015e+02
2.550000000000000000e+02 2.303396345305608008e+02 2.526378071833648278e+02
2.550000000000000000e+02 2.305521109010712166e+02 2.525408947700063038e+02
2.550000000000000000e+02 2.310909892879647032e+02 2.526706994328922633e+02
2.550000000000000000e+02 2.285832388153749264e+02 2.524341524889728987e+02
2.550000000000000000e+02 2.285724007561436792e+02 2.523321991178323742e+02
2.550000000000000000e+02 2.283197227473220039e+02 2.523393824826717093e+02
2.550000000000000000e+02 2.284011342155009459e+02 2.522889729048519314e+02
2.550000000000000000e+02 2.289009451795841130e+02 2.522892249527410229e+02
2.550000000000000000e+02 2.300579710144927503e+02 2.522197857592942682e+02
2.550000000000000000e+02 2.303393824826717093e+02 2.523614366729678693e+02
2.550000000000000000e+02 2.242685570258348946e+02 2.515377441713925748e+02
2.550000000000000000e+02 2.125684940138626473e+02 2.498514177693761837e+02
2.550000000000000000e+02 2.081367359798361747e+02 2.490407057340894710e+02
2.550000000000000000e+02 2.039517328292375566e+02 2.484747321991178239e+02
2.550000000000000000e+02 2.095378701953371205e+02 2.494522999369880267e+02
2.550000000000000000e+02 2.105241335853812359e+02 2.493850031505986067e+02
2.550000000000000000e+02 2.145575299306868260e+02 2.502404536862003681e+02
2.550000000000000000e+02 2.145193446754883553e+02 2.500438563327032000e+02
2.550000000000000000e+02 2.150425960932577141e+02 2.503150598613736690e+02
2.550000000000000000e+02 2.140357908002520446e+02 2.505930686830497791e+02
2.550000000000000000e+02 2.147681159420289987e+02 2.507250157529930732e+02
2.549988657844990598e+02 2.162157529930686906e+02 2.509149338374291176e+02
2.550000000000000000e+02 2.177426591052299898e+02 2.510084436042848210e+02
2.550000000000000000e+02 2.234250787649653489e+02 2.518434782608695741e+02
2.550000000000000000e+02 2.256899810964083315e+02 2.519717706364209278e+02
2.550000000000000000e+02 2.273650913673598097e+02 2.523290485192186452e+02
2.550000000000000000e+02 2.286021424070573289e+02 2.524850661625708881e+02
2.550000000000000000e+02 2.295367359798361804e+02 2.526578449905481989e+02
2.550000000000000000e+02 2.304810333963453104e+02 2.527740390674228195e+02
2.550000000000000000e+02 2.314240705734089545e+02 2.529295526149968509e+02
2.550000000000000000e+02 2.292977945809703897e+02 2.528158790170132306e+02
2.550000000000000000e+02 2.302409577819785795e+02 2.527528670447385082e+02
2.550000000000000000e+02 2.307787019533711543e+02 2.528405797101449366e+02
2.550000000000000000e+02 2.313870195337113955e+02 2.529591682419659833e+02
2.550000000000000000e+02 2.315334593572778772e+02 2.527969754253307997e+02
2.550000000000000000e+02 2.318676748582230687e+02 2.527548834278512970e+02
2.550000000000000000e+02 2.320083175803402753e+02 2.525981096408317512e+02
2.550000000000000000e+02 2.299546313799621942e+02 2.525683679899180731e+02
2.550000000000000000e+02 2.305929426591052334e+02 2.526667926906112029e+02
2.550000000000000000e+02 2.310710775047259062e+02 2.528229363579079916e+02
2.550000000000000000e+02 2.312026465028355346e+02 2.526890989287964828e+02
2.550000000000000000e+02 2.230494013862633835e+02 2.515064902331442909e+02
2.550000000000000000e+02 2.107318210459987426e+02 2.496109640831758156e+02
2.550000000000000000e+02 2.052714555765595321e+02 2.488134845620668045e+02
2.550000000000000000e+02 2.062703213610585919e+02 2.487277882797731650e+02
2.549998739760554542e+02 2.075321991178323913e+02 2.488557025834908529e+02
2.550000000000000000e+02 2.090531821045998697e+02 2.492516698172652809e+02
2.550000000000000000e+02 2.141044738500314963e+02 2.501855072463768010e+02
2.550000000000000000e+02 2.156337744171392501e+02 2.505884057971014443e+02
2.550000000000000000e+02 2.171842470069313151e+02 2.509266540642722134e+02
2.550000000000000000e+02 2.180404536862003795e+02 2.509768115942028999e+02
2.550000000000000000e+02 2.183408947700063152e+02 2.512291115311909380e+02
2.550000000000000000e+02 2.228703213610586147e+02 2.518560806553245186e+02
2.550000000000000000e+02 2.244378071833648391e+02 2.518893509766855630e+02
2.550000000000000000e+02 2.259227473219911815e+02 2.520797731568998188e+02
2.550000000000000000e+02 2.247909262759924331e+02 2.520180214240705823e+02
2.550000000000000000e+02 2.291265280403276563e+02 2.524701953371140632e+02
2.550000000000000000e+02 2.307329552614996828e+02 2.528700693131694948e+02
2.550000000000000000e+02 2.317435412728418385e+02 2.530509136735979894e+02
2.550000000000000000e+02 2.303567737870195344e+02 2.527125393824826745e+02
2.550000000000000000e+02 2.307175803402646466e+02 2.529644612476370469e+02
2.550000000000000000e+02 2.312115942028985387e+02 2.526835538752362993e+02
2.550000000000000000e+02 2.312974165091367240e+02 2.528738500315059810e+02
2.550000000000000000e+02 2.312955261499684809e+02 2.526310018903591583e+02
2.550000000000000000e+02 2.313943289224952764e+02 2.528478890989287891e+02
2.550000000000000000e+02 2.321700063011972190e+02 2.527054820415879135e+02
2.550000000000000000e+02 2.304091997479521012e+02 2.525640831758034039e+02
2.550000000000000000e+02 2.310389413988657736e+02 2.526069313169502095e+02
2.550000000000000000e+02 2.314408317580340224e+02 2.526093257718966640e+02
2.550000000000000000e+02 2.321484562066792705e+02 2.526964083175803353e+02
2.550000000000000000e+02 2.328752362948960410e+02 2.525361058601134232e+02
2.550000000000000000e+02 2.332911153119092660e+02 2.526201638311279112e+02
2.550000000000000000e+02 2.261663516068053070e+02 2.516763705103969642e+02
2.550000000000000000e+02 2.137038437303087619e+02 2.496516698172652866e+02
2.549993698802772428e+02 2.044911153119092546e+02 2.484263390044108348e+02
2.549998739760554542e+02 2.050147448015122791e+02 2.486976685570258212e+02
2.550000000000000000e+02 2.114964083175803466e+02 2.496425960932577084e+02
2.550000000000000000e+02 2.137388783868935036e+02 2.501505986137366051e+02
2.550000000000000000e+02 2.145997479521109028e+02 2.503490863264020163e+02
2.550000000000000000e+02 2.196550724637681071e+02 2.513015752993068759e+02
2.550000000000000000e+02 2.202718336483931978e+02 2.514051669817265235e+02
2.550000000000000000e+02 2.203940768746061849e+02 2.513038437303087562e+02
2.550000000000000000e+02 2.197159420289854950e+02 2.511599243856332748e+02
2.550000000000000000e+02 2.199445494643982215e+02 2.512539382482671613e+02
2.550000000000000000e+02 2.209919344675488446e+02 2.511155639571518634e+02
2.550000000000000000e+02 2.223550094517958371e+02 2.513391304347826178e+02
2.549998739760554542e+02 2.236714555765595378e+02 2.518979206049149298e+02
2.550000000000000000e+02 2.247983616887208598e+02 2.519064902331442966e+02
2.550000000000000000e+02 2.261240075614366845e+02 2.522315059861373641e+02
2.550000000000000000e+02 2.270448645242596228e+02 2.522115942028985387e+02
2.550000000000000000e+02 2.279579080025204689e+02 2.521529930686830596e+02
2.550000000000000000e+02 2.288753623188405868e+02 2.522481411468178862e+02
2.550000000000000000e+02 2.286931316950220605e+02 2.524647763074984255e+02
2.550000000000000000e+02 2.287604284814114806e+02 2.524088216761184640e+02
2.550000000000000000e+02 2.291971014492753511e+02 2.522798991808443532e+02
2.549993698802772428e+02 2.296412098298676767e+02 2.525020793950850759e+02
2.550000000000000000e+02 2.307860113421550068e+02 2.525971014492753568e+02
2.550000000000000000e+02 2.295880277252678070e+02 2.525236294896030245e+02
2.550000000000000000e+02 2.298966603654694438e+02 2.525044738500315020e+02
2.550000000000000000e+02 2.262449905482041572e+02 2.521734089477000680e+02
2.550000000000000000e+02 2.157223692501575272e+02 2.504783868935097644e+02
2.550000000000000000e+02 2.081134215500945288e+02 2.496772526780088128e+02
2.550000000000000000e+02 2.076262129804662777e+02 2.489182104599873924e+02
2.550000000000000000e+02 2.086858223062381796e+02 2.494061751732829180e+02
2.550000000000000000e+02 2.096783868935097530e+02 2.498954001260239579e+02
2.550000000000000000e+02 2.146975425330812755e+02 2.507246376811594075e+02
2.550000000000000000e+02 2.164044108380592206e+02 2.508781348456206786e+02
2.550000000000000000e+02 2.178753623188405868e+02 2.510462507876496545e+02
2.550000000000000000e+02 2.183193446754883382e+02 2.512717076244486520e+02
2.550000000000000000e+02 2.185144297416509005e+02 2.511736609955891595e+02
2.550000000000000000e+02 2.189629489603024695e+02 2.510749842470069382e+02
2.550000000000000000e+02 2.193881537492123641e+02 2.512194076874606310e+02
2.550000000000000000e+02 2.206660365469439284e+02 2.516894770006301201e+02
2.550000000000000000e+02 2.226075614366729667e+02 2.516255828607435490e+02
2.550000000000000000e+02 2.239335853812224286e+02 2.521056080655324649e+02
2.550000000000000000e+02 2.253219911783238842e+02 2.522370510396975476e+02
2.550000000000000000e+02 2.263662255828607499e+02 2.523601764335223834e+02
2.550000000000000000e+02 2.266941398865784549e+02 2.524137366099558903e+02
2.550000000000000000e+02 2.274055450535601892e+02 2.526289855072463695e+02
2.550000000000000000e+02 2.276570888468808960e+02 2.525528670447384911e+02
2.550000000000000000e+02 2.278971644612476268e+02 2.524977945809703783e+02
2.550000000000000000e+02 2.283647132955261441e+02 2.524391934467548708e+02
2.550000000000000000e+02 2.291178323881537438e+02 2.526211720226843056e+02
2.550000000000000000e+02 2.297625708884688152e+02 2.524732199117832465e+02
2.550000000000000000e+02 2.302734719596723494e+02 2.525754253308128625e+02
2.550000000000000000e+02 2.311931947069943192e+02 2.527594202898550861e+02
2.550000000000000000e+02 2.281839949590422236e+02 2.521841209829867694e+02
2.550000000000000000e+02 2.138157529930686849e+02 2.505069943289225023e+02
2.550000000000000000e+02 2.074360428481411418e+02 2.495011972274732273e+02
2.550000000000000000e+02 2.073736609955891481e+02 2.494044108380592206e+02
2.550000000000000000e+02 2.082614996849401336e+02 2.496268431001890349e+02
2.550000000000000000e+02 2.135526149968493996e+02 2.504347826086956559e+02
2.550000000000000000e+02 2.138244486452425974e+02 2.502998109640831785e+02
2.550000000000000000e+02 2.137459357277882930e+02 2.505976055450535682e+02
2.550000000000000000e+02 2.156544423440453784e+02 2.509700063011972304e+02
2.550000000000000000e+02 2.171696282293635818e+02 2.510858223062381853e+02
2.550000000000000000e+02 2.207935727788279792e+02 2.516375551354757363e+02
2.550000000000000000e+02 2.210396975425330766e+02 2.517808443604284889e+02
2.550000000000000000e+02 2.218274732199117807e+02 2.514599873976055449e+02
2.550000000000000000e+02 2.226545683679899241e+02 2.517339634530560772e+02
2.550000000000000000e+02 2.243611846250787778e+02 2.522505356017643408e+02
2.550000000000000000e+02 2.260117202268430958e+02 2.523812224322621205e+02
2.550000000000000000e+02 2.276105860113421500e+02 2.525916824196597474e+02
2.550000000000000000e+02 2.288152488972904735e+02 2.527020793950850646e+02
2.550000000000000000e+02 2.296612476370510478e+02 2.526689350976685660e+02
2.550000000000000000e+02 2.303034656584751190e+02 2.526249527410207918e+02
2.550000000000000000e+02 2.302126023944549331e+02 2.529784499054820515e+02
2.550000000000000000e+02 2.283185885318210353e+02 2.528355387523629361e+02
2.550000000000000000e+02 2.290197857592942796e+02 2.528173913043478365e+02
2.550000000000000000e+02 2.297994959042217999e+02 2.525795841209829860e+02
2.550000000000000000e+02 2.304617517328292422e+02 2.528908632640201688e+02
2.550000000000000000e+02 2.306834278512917535e+02 2.528889729048519257e+02
2.550000000000000000e+02 2.312810333963452933e+02 2.528017643352236803e+02
2.550000000000000000e+02 2.319482041587901620e+02 2.528872085696282284e+02
2.550000000000000000e+02 2.325642091997479497e+02 2.530748582230623924e+02
2.550000000000000000e+02 2.307353497164461373e+02 2.528323881537492070e+02
2.550000000000000000e+02 2.256028985507246318e+02 2.523282923755513423e+02
2.550000000000000000e+02 2.133979836168872168e+02 2.508084436042848040e+02
2.550000000000000000e+02 2.073589161940768690e+02 2.498536862003780641e+02
2.549988657844990598e+02 2.063720226843100249e+02 2.496182734719596681e+02
2.549986137366099683e+02 2.075158160050409606e+02 2.497228733459357386e+02
2.549996219281663627e+02 2.082989287964713299e+02 2.498567107750472474e+02
2.550000000000000000e+02 2.132189035916824196e+02 2.506679269061121715e+02
2.550000000000000000e+02 2.141295526149968396e+02 2.508846880907372281e+02
2.550000000000000000e+02 2.160820415879016991e+02 2.511378701953371149e+02
2.550000000000000000e+02 2.168661625708884628e+02 2.511999999999999886e+02
2.550000000000000000e+02 2.160254568367989805e+02 2.512814114681789590e+02
2.549996219281663627e+02 2.163248897290485218e+02 2.513826086956521806e+02
2.550000000000000000e+02 2.209790800252047802e+02 2.517503465658475079e+02
2.549993698802772428e+02 2.184712035286704577e+02 2.514236925015752888e+02
2.550000000000000000e+02 2.232068052930056581e+02 2.521256458727158076e+02
2.550000000000000000e+02 2.246986767485822440e+02 2.521904221802142274e+02
2.550000000000000000e+02 2.259589161940768633e+02 2.523658475110270842e+02
2.550000000000000000e+02 2.266453686200378002e+02 2.524310018903591697e+02
2.550000000000000000e+02 2.276995589161940643e+02 2.525936988027725363e+02
2.550000000000000000e+02 2.280859483301827311e+02 2.526899810964083315e+02
2.550000000000000000e+02 2.287660995589161814e+02 2.525802142407057431e+02
2.550000000000000000e+02 2.293237555135475816e+02 2.526381852551984935e+02
2.550000000000000000e+02 2.273131695022054259e+02 2.525475740390674275e+02
2.550000000000000000e+02 2.278625078764965224e+02 2.525638311279143124e+02
2.550000000000000000e+02 2.285445494643982443e+02 2.527382482671707749e+02
2.550000000000000000e+02 2.294215500945179542e+02 2.527775677378701857e+02
2.550000000000000000e+02 2.298355387523629361e+02 2.528480151228733348e+02
2.550000000000000000e+02 2.308751102709514669e+02 2.527851291745431581e+02
2.550000000000000000e+02 2.311833648393194665e+02 2.527534971644612369e+02
2.550000000000000000e+02 2.314086956521739182e+02 2.527030875866414590e+02
2.550000000000000000e+02 2.319558916194076801e+02 2.530197857592942796e+02
2.550000000000000000e+02 2.302117202268431129e+02 2.526031505986137233e+02
2.550000000000000000e+02 2.308688090737240088e+02 2.525998739760554486e+02
2.550000000000000000e+02 2.255606805293005550e+02 2.521027095148078274e+02
2.550000000000000000e+02 2.129475740390674332e+02 2.501829867674858292e+02
2.549998739760554542e+02 2.063541272841839884e+02 2.491188405797101382e+02
2.549997479521109085e+02 2.049092627599243883e+02 2.485916824196597474e+02
2.550000000000000000e+02 2.056078134845620582e+02 2.491558916194076971e+02
2.550000000000000000e+02 2.066399495904221908e+02 2.493910522999370016e+02
2.550000000000000000e+02 2.115805923125393804e+02 2.498420919974795140e+02
2.550000000000000000e+02 2.122108380592312642e+02 2.500129804662885817e+02
2.550000000000000000e+02 2.134661625708884571e+02 2.502950220541902979e+02
2.550000000000000000e+02 2.138804032766225589e+02 2.506495274102079520e+02
2.550000000000000000e+02 2.176804032766225703e+02 2.513943289224952764e+02
2.550000000000000000e+02 2.178719596723377379e+02 2.511154379332073177e+02
2.550000000000000000e+02 2.186061751732829350e+02 2.513080025204788797e+02
2.550000000000000000e+02 2.193686200378071760e+02 2.513930686830497905e+02
2.550000000000000000e+02 2.207300567107750453e+02 2.516362948960302504e+02
2.550000000000000000e+02 2.222304977945809696e+02 2.520839319470699422e+02
2.550000000000000000e+02 2.235114051669817172e+02 2.519701323251417762e+02
2.550000000000000000e+02 2.243778197857593000e+02 2.522156269691241448e+02
2.550000000000000000e+02 2.248172652804032907e+02 2.519571518588531944e+02
2.550000000000000000e+02 2.251963453056080766e+02 2.520641461877756910e+02
2.550000000000000000e+02 2.258218021424070514e+02 2.522288594833018180e+02
2.550000000000000000e+02 2.265805923125393804e+02 2.521524889729048482e+02
2.550000000000000000e+02 2.270197857592942796e+02 2.522825456836798992e+02
2.550000000000000000e+02 2.279028355387523561e+02 2.525323251417769370e+02
2.550000000000000000e+02 2.284000000000000057e+02 2.524901071203528602e+02
2.550000000000000000e+02 2.294254568367989862e+02 2.527313169502205312e+02
2.550000000000000000e+02 2.273235034656584617e+02 2.525382482671707578e+02
2.550000000000000000e+02 2.280988027725267671e+02 2.528720856962822836e+02
2.550000000000000000e+02 2.285785759294265915e+02 2.525861373660995639e+02
2.550000000000000000e+02 2.287320730938878341e+02 2.522817895400125963e+02
2.550000000000000000e+02 2.283873976055450612e+02 2.523979836168872168e+02
2.550000000000000000e+02 2.290856962822936396e+02 2.524031505986137347e+02
2.550000000000000000e+02 2.294785129174543101e+02 2.525029615626969246e+02
2.550000000000000000e+02 2.277677378701953330e+02 2.522632640201638310e+02
2.550000000000000000e+02 2.170011342155009402e+02 2.505568998109640972e+02
2.549993698802772428e+02 2.108229363579079916e+02 2.495132955261499603e+02
2.550000000000000000e+02 2.048780088216761044e+02 2.488457466918714545e+02
2.550000000000000000e+02 2.102299936988027866e+02 2.495395085066162437e+02
2.550000000000000000e+02 2.121434152488972984e+02 2.497258979206049219e+02
2.550000000000000000e+02 2.126536862003780755e+02 2.503368620037807091e+02
2.550000000000000000e+02 2.136340264650283416e+02 2.503507246376811679e+02
2.549998739760554542e+02 2.185009451795841073e+02 2.508569628229363673e+02
2.550000000000000000e+02 2.192625078764965281e+02 2.508772526780088299e+02
2.550000000000000000e+02 2.184371770636420820e+02 2.507321991178323799e+02
2.550000000000000000e+02 2.186044108380592377e+02 2.509568998109640745e+02
2.549988657844990598e+02 2.192689350976685603e+02 2.511454316320100872e+02
2.550000000000000000e+02 2.203436672967863785e+02 2.513996219281663400e+02
2.550000000000000000e+02 2.223424070573408926e+02 2.516511657214870752e+02
2.550000000000000000e+02 2.235839949590422293e+02 2.517875236294896126e+02
2.550000000000000000e+02 2.248607435412728535e+02 2.520012602394454859e+02
2.550000000000000000e+02 2.253793320730938774e+02 2.517248897290485274e+02
2.550000000000000000e+02 2.261756773787019483e+02 2.519198487712665440e+02
2.550000000000000000e+02 2.261698802772526733e+02 2.519483301827347077e+02
2.550000000000000000e+02 2.266410838059231310e+02 2.520010081915563944e+02
2.550000000000000000e+02 2.273668557025834787e+02 2.520089477000630040e+02
2.550000000000000000e+02 2.273706364209199648e+02 2.521848771266540723e+02
2.550000000000000000e+02 2.280129804662885817e+02 2.520312539382482555e+02
2.550000000000000000e+02 2.285657214870825555e+02 2.522059231253938378e+02
2.550000000000000000e+02 2.263735349716446024e+02 2.521516068052929995e+02
2.550000000000000000e+02 2.271664776307498528e+02 2.520708254568367863e+02
2.550000000000000000e+02 2.278541902961562755e+02 2.519527410207939511e+02
2.550000000000000000e+02 2.283417769376181354e+02 2.520664146187775714e+02
2.550000000000000000e+02 2.282457466918714601e+02 2.522962822936357838e+02
2.550000000000000000e+02 2.294551984877126642e+02 2.519662255828607442e+02
2.550000000000000000e+02 2.296012602394455087e+02 2.523717706364209334e+02
2.550000000000000000e+02 2.247660995589161814e+02 2.516511657214870752e+02
2.550000000000000000e+02 2.135212350346565984e+02 2.498352867044738446e+02
2.550000000000000000e+02 2.079432892249527356e+02 2.495626969124133723e+02
2.549962192816635138e+02 2.028655324511657341e+02 2.488684310018903716e+02
2.550000000000000000e+02 2.086040327662255720e+02 2.489459357277882816e+02
2.550000000000000000e+02 2.101376181474480234e+02 2.495242596093257816e+02
2.549996219281663627e+02 2.108144927536231990e+02 2.497594202898550861e+02
2.550000000000000000e+02 2.142492753623188264e+02 2.502831758034026564e+02
2.550000000000000000e+02 2.155774417139256514e+02 2.504863264020163740e+02
2.550000000000000000e+02 2.167773156899810942e+02 2.505190926275992354e+02
2.550000000000000000e+02 2.166129804662886045e+02 2.506642722117202311e+02
2.550000000000000000e+02 2.173803402646502718e+02 2.510265910522999491e+02
2.550000000000000000e+02 2.179296786389413967e+02 2.507729048519218793e+02
2.550000000000000000e+02 2.188413358538122111e+02 2.511473219911783303e+02
2.550000000000000000e+02 2.199814744801512347e+02 2.514115942028985557e+02
2.550000000000000000e+02 2.211461877756773902e+02 2.516201638311279112e+02
2.550000000000000000e+02 2.225301827347196024e+02 2.517282923755513480e+02
2.550000000000000000e+02 2.240880907372400657e+02 2.516926275992438491e+02
2.550000000000000000e+02 2.245357277882797860e+02 2.516951480781348494e+02
2.550000000000000000e+02 2.248780088216761044e+02 2.518049149338374377e+02
2.550000000000000000e+02 2.249960932577189681e+02 2.516874606175173312e+02
2.550000000000000000e+02 2.249045998739760535e+02 2.516108380592312415e+02
2.550000000000000000e+02 2.251110270951480743e+02 2.519280403276622451e+02
2.550000000000000000e+02 2.258413358538122111e+02 2.517823566477630663e+02
2.550000000000000000e+02 2.264747321991178239e+02 2.520540642722117184e+02
2.550000000000000000e+02 2.276417139256458597e+02 2.522655324511657113e+02
2.550000000000000000e+02 2.283416509136735897e+02 2.521229993698802900e+02
2.550000000000000000e+02 2.288255828607435376e+02 2.522011342155009572e+02
2.550000000000000000e+02 2.270412098298676824e+02 2.518001260239445571e+02
2.550000000000000000e+02 2.274943919344675578e+02 2.520373030875866505e+02
2.550000000000000000e+02 2.282898550724637801e+02 2.522810333963452933e+02
2.550000000000000000e+02 2.282935097668556921e+02 2.519876496534341470e+02
2.550000000000000000e+02 2.217804662885948233e+02 2.510410838059231367e+02
2.550000000000000000e+02 2.107383742911153206e+02 2.494134845620667988e+02
2.550000000000000000e+02 2.063884057971014556e+02 2.484985507246376812e+02
2.550000000000000000e+02 2.067159420289854950e+02 2.486776307498424785e+02
2.550000000000000000e+02 2.083887838689350929e+02 2.488468809073723946e+02
2.550000000000000000e+02 2.099202268431001812e+02 2.493158160050409720e+02
2.550000000000000000e+02 2.142536862003780698e+02 2.501412728418399354e+02
2.550000000000000000e+02 2.151335853812224457e+02 2.504013862633900374e+02
2.550000000000000000e+02 2.160888468809073686e+02 2.505763074984247112e+02
2.550000000000000000e+02 2.155931947069943249e+02 2.505309388783869053e+02
2.550000000000000000e+02 2.155000630119722871e+02 2.505509766855702480e+02
2.550000000000000000e+02 2.159526149968494053e+02 2.506078134845620582e+02
2.550000000000000000e+02 2.162378071833648505e+02 2.507310649023314397e+02
2.550000000000000000e+02 2.173035916824196647e+02 2.510347826086956502e+02
2.550000000000000000e+02 2.184427221172022655e+02 2.510195337114051597e+02
2.550000000000000000e+02 2.194792690611216130e+02 2.513029615626969075e+02
2.550000000000000000e+02 2.207918084436042818e+02 2.515460617517328217e+02
2.550000000000000000e+02 2.218979206049149298e+02 2.516231884057970944e+02
2.550000000000000000e+02 2.227519848771266595e+02 2.517579080025204803e+02
2.550000000000000000e+02 2.233408947700063152e+02 2.519001890359168101e+02
2.550000000000000000e+02 2.234888468809073743e+02 2.517371140516698063e+02
2.550000000000000000e+02 2.241522369250157567e+02 2.517653434152489069e+02
2.550000000000000000e+02 2.242016383112791402e+02 2.516979206049149411e+02
2.550000000000000000e+02 2.254408317580340224e+02 2.520136105860113389e+02
2.550000000000000000e+02 2.262809073724007476e+02 2.520574669187145673e+02
2.550000000000000000e+02 2.273140516698172746e+02 2.522277252678008779e+02
2.550000000000000000e+02 2.283955891619407623e+02 2.524361688720856876e+02
2.550000000000000000e+02 2.297832388153749150e+02 2.524796471329552503e+02
2.550000000000000000e+02 2.272105860113421443e+02 2.521551354757403942e+02
2.550000000000000000e+02 2.166945179584120922e+02 2.505826086956521692e+02
2.550000000000000000e+02 2.050880907372400657e+02 2.493600504095778092e+02
2.550000000000000000e+02 2.044438563327032057e+02 2.494778827977315814e+02
2.550000000000000000e+02 2.052428481411468226e+02 2.496016383112791459e+02
2.550000000000000000e+02 2.110938878386893407e+02 2.502423440453686112e+02
2.550000000000000000e+02 2.129145557655954519e+02 2.504000000000000057e+02
2.550000000000000000e+02 2.132417139256458825e+02 2.502486452425960977e+02
2.550000000000000000e+02 2.141688720856962789e+02 2.505505986137366108e+02
2.550000000000000000e+02 2.152519218651543724e+02 2.504947700063011951e+02
2.550000000000000000e+02 2.145482041587901563e+02 2.504788909892879758e+02
2.550000000000000000e+02 2.141085066162571025e+02 2.509794580970384459e+02
2.550000000000000000e+02 2.147562696912413287e+02 2.508224322621298086e+02
2.550000000000000000e+02 2.159213610586011214e+02 2.510055450535601835e+02
2.550000000000000000e+02 2.176559546313799558e+02 2.509032136105860218e+02
2.550000000000000000e+02 2.185568998109640972e+02 2.515047258979205935e+02
2.550000000000000000e+02 2.202317580340264556e+02 2.513730308758664194e+02
2.550000000000000000e+02 2.214833018273471907e+02 2.517816005040957918e+02
2.550000000000000000e+02 2.223460617517328330e+02 2.518626339004410966e+02
2.550000000000000000e+02 2.233962192816635195e+02 2.517425330812854440e+02
2.550000000000000000e+02 2.235473219911783360e+02 2.519392564587271579e+02
2.550000000000000000e+02 2.237174543163201008e+02 2.517175803402646466e+02
2.550000000000000000e+02 2.241330812854442343e+02 2.519763074984246884e+02
2.550000000000000000e+02 2.246152488972904848e+02 2.519477000630119790e+02
2.550000000000000000e+02 2.251773156899810999e+02 2.519251417769376076e+02
2.550000000000000000e+02 2.254247006931316832e+02 2.515658475110271013e+02
2.550000000000000000e+02 2.260437303087586542e+02 2.518153749212350476e+02
2.550000000000000000e+02 2.268887208569628342e+02 2.518879647132955313e+02
2.550000000000000000e+02 2.270945179584120979e+02 2.521676118462507930e+02
2.550000000000000000e+02 2.196078134845620582e+02 2.511727788279773108e+02
2.550000000000000000e+02 2.099788279773156887e+02 2.497654694391934527e+02
2.550000000000000000e+02 2.071475740390674218e+02 2.491339634530560829e+02
2.550000000000000000e+02 2.071097668557025884e+02 2.493074984247006967e+02
2.550000000000000000e+02 2.086504095778197723e+02 2.494402016383112652e+02
2.550000000000000000e+02 2.091446754883427843e+02 2.497279143037177107e+02
2.550000000000000000e+02 2.096806553245116618e+02 2.500173913043478251e+02
2.549997479521109085e+02 2.101285444234404451e+02 2.499490863264020106e+02
2.549997479521109085e+02 2.112762444864524127e+02 2.500849401386263366e+02
2.549998739760554542e+02 2.112389413988657907e+02 2.502322621298046670e+02
2.550000000000000000e+02 2.107348456206679259e+02 2.502209199747952084e+02
2.550000000000000000e+02 2.108049149338374377e+02 2.500798991808443645e+02
2.550000000000000000e+02 2.114224322621298029e+02 2.502526780088216753e+02
2.550000000000000000e+02 2.123316950220541912e+02 2.503237555135475816e+02
2.550000000000000000e+02 2.139299306868304882e+02 2.507202268431001926e+02
2.550000000000000000e+02 2.156753623188405697e+02 2.507040957781978534e+02
2.550000000000000000e+02 2.170481411468178976e+02 2.511465658475110274e+02
2.550000000000000000e+02 2.184196597353497111e+02 2.514214240705734085e+02
2.550000000000000000e+02 2.191698802772526733e+02 2.512191556395715111e+02
2.550000000000000000e+02 2.198041587901701348e+02 2.513049779458096964e+02
2.550000000000000000e+02 2.196412098298676767e+02 2.516746061751732952e+02
2.550000000000000000e+02 2.196676748582230516e+02 2.514013862633900374e+02
2.550000000000000000e+02 2.203693761814744789e+02 2.518470069313169404e+02
2.550000000000000000e+02 2.213045998739760591e+02 2.517222432262129814e+02
2.550000000000000000e+02 2.232519218651543724e+02 2.519024574669187189e+02
2.550000000000000000e+02 2.242651543793320741e+02 2.517048519218651563e+02
2.550000000000000000e+02 2.209721487082545650e+02 2.514422180214240825e+02
2.550000000000000000e+02 2.101586641461877889e+02 2.497868935097668555e+02
2.550000000000000000e+02 2.055543793320730970e+02 2.490563327032135987e+02
2.550000000000000000e+02 2.048642722117202197e+02 2.487831127914303693e+02
2.550000000000000000e+02 2.057095148078134912e+02 2.490432262129804712e+02
2.550000000000000000e+02 2.063337114051669801e+02 2.494528040327662382e+02
2.550000000000000000e+02 2.070999369880277357e+02 2.493091367359798483e+02
2.550000000000000000e+02 2.078628859483301881e+02 2.494551984877126642e+02
2.549998739760554542e+02 2.099584120982986803e+02 2.495170762444864465e+02
2.549996219281663627e+02 2.103905482041587902e+02 2.498846880907372281e+02
2.550000000000000000e+02 2.104833018273471907e+02 2.500158790170132193e+02
2.550000000000000000e+02 2.110831758034026393e+02 2.499591682419659833e+02
2.550000000000000000e+02 2.119463137996219189e+02 2.500512917454316266e+02
2.550000000000000000e+02 2.133425330812854384e+02 2.504751102709514896e+02
2.550000000000000000e+02 2.151587901701323347e+02 2.503618147448015065e+02
2.550000000000000000e+02 2.167106490233144314e+02 2.506007561436672972e+02
2.550000000000000000e+02 2.177303087586641368e+02 2.509057340894769936e+02
2.549976055450535739e+02 2.189214870825456956e+02 2.512826717076244449e+02
2.550000000000000000e+02 2.205597983616887348e+02 2.512734719596723494e+02
2.550000000000000000e+02 2.209444234404536758e+02 2.515974795211090225e+02
2.550000000000000000e+02 2.221237555135475645e+02 2.515884057971014443e+02
2.550000000000000000e+02 2.222045368620037777e+02 2.514955261499684980e+02
2.549996219281663627e+02 2.231391304347826008e+02 2.514943919344675578e+02
2.550000000000000000e+02 2.236090737240075725e+02 2.516476370510397089e+02
2.550000000000000000e+02 2.246233144297416402e+02 2.517393824826717150e+02
2.550000000000000000e+02 2.248710775047258892e+02 2.515117832388153829e+02
2.550000000000000000e+02 2.262349086326402130e+02 2.517458097038437188e+02
2.550000000000000000e+02 2.270558286074354157e+02 2.518854442344045310e+02
2.550000000000000000e+02 2.242312539382482726e+02 2.518050409577819835e+02
2.550000000000000000e+02 2.114664146187775771e+02 2.501429111531190870e+02
2.550000000000000000e+02 2.058389413988657850e+02 2.490543163201008099e+02
2.549998739760554542e+02 2.045824826717076235e+02 2.485509766855702480e+02
2.550000000000000000e+02 2.049597983616887120e+02 2.488727158160050408e+02
2.550000000000000000e+02 2.064606175173283020e+02 2.490666666666666629e+02
2.550000000000000000e+02 2.066932577189666063e+02 2.491958412098298652e+02
2.550000000000000000e+02 2.069057340894769936e+02 2.492690611216131060e+02
2.550000000000000000e+02 2.086821676118462392e+02 2.499202268431001812e+02
2.550000000000000000e+02 2.103236294896030358e+02 2.494584751102709390e+02
2.550000000000000000e+02 2.106320100819155527e+02 2.496103339634530585e+02
2.550000000000000000e+02 2.102979206049149354e+02 2.497551354757403885e+02
2.550000000000000000e+02 2.107255198487712562e+02 2.500660365469439057e+02
2.550000000000000000e+02 2.128258349086326291e+02 2.498415879017013310e+02
2.550000000000000000e+02 2.142497794580970378e+02 2.503708884688090848e+02
2.550000000000000000e+02 2.159289224952740938e+02 2.504434782608695684e+02
2.550000000000000000e+02 2.168312539382482669e+02 2.509042218021424162e+02
2.550000000000000000e+02 2.178996849401386271e+02 2.507192186515437982e+02
2.550000000000000000e+02 2.188538122243226098e+02 2.510504095778197780e+02
2.550000000000000000e+02 2.196403276622558280e+02 2.510574669187145673e+02
2.550000000000000000e+02 2.205589161940768861e+02 2.512407057340894880e+02
2.550000000000000000e+02 2.210922495274102175e+02 2.511787019533711316e+02
2.550000000000000000e+02 2.217571518588531774e+02 2.511396345305608122e+02
2.550000000000000000e+02 2.225053560176433507e+02 2.515207309388783870e+02
2.550000000000000000e+02 2.235939508506616278e+02 2.517662255828607556e+02
2.550000000000000000e+02 2.245756773787019540e+02 2.515605545053560093e+02
2.550000000000000000e+02 2.256514177693761951e+02 2.518441083805923029e+02
2.550000000000000000e+02 2.265382482671707578e+02 2.520730938878386951e+02
2.550000000000000000e+02 2.273436672967863785e+02 2.518645242596093397e+02
2.550000000000000000e+02 2.278749842470069211e+02 2.520267170762444948e+02
2.550000000000000000e+02 2.286689350976685660e+02 2.520649023314429655e+02
2.550000000000000000e+02 2.297198487712665269e+02 2.521255198487712619e+02
2.550000000000000000e+02 2.306557025834908643e+02 2.522129804662885988e+02
2.550000000000000000e+02 2.260804032766225475e+02 2.517618147448015122e+02
2.550000000000000000e+02 2.123269061121613106e+02 2.500110901071203671e+02
2.549998739760554542e+02 2.019100189035916912e+02 2.480144927536231876e+02
2.549997479521109085e+02 2.004948960302457408e+02 2.478110901071203500e+02
2.550000000000000000e+02 2.017096408317580369e+02 2.478579710144927617e+02
2.550000000000000000e+02 2.079203528670447270e+02 2.490630119722747224e+02
2.550000000000000000e+02 2.078975425330812925e+02 2.492185255198487823e+02
2.550000000000000000e+02 2.079881537492123584e+02 2.491895400126024072e+02
2.550000000000000000e+02 2.102446124763705200e+02 2.494207939508506513e+02
2.549998739760554542e+02 2.105976055450535682e+02 2.500733459357277866e+02
2.550000000000000000e+02 2.111213610586011384e+02 2.495829867674858349e+02
2.550000000000000000e+02 2.110318840579710127e+02 2.497581600504095718e+02
2.550000000000000000e+02 2.123464398235664703e+02 2.498370510396975419e+02
2.550000000000000000e+02 2.132449905482041572e+02 2.500776307498424842e+02
2.550000000000000000e+02 2.152897290485192059e+02 2.505068683049779565e+02
2.550000000000000000e+02 2.169274102079395163e+02 2.505730308758664080e+02
2.550000000000000000e+02 2.179139256458727232e+02 2.509203528670447270e+02
2.550000000000000000e+02 2.191890359168241957e+02 2.513585381222432318e+02
2.550000000000000000e+02 2.205025834908632589e+02 2.513309388783868883e+02
2.550000000000000000e+02 2.211144297416509232e+02 2.514224322621298029e+02
2.549996219281663627e+02 2.217843730308758552e+02 2.514706994328922463e+02
2.550000000000000000e+02 2.221219911783238956e+02 2.512696912413358632e+02
2.550000000000000000e+02 2.229161940768746035e+02 2.514835538752362822e+02
2.550000000000000000e+02 2.232516698172652809e+02 2.514187775677378625e+02
2.550000000000000000e+02 2.243022054190296046e+02 2.514241965973535002e+02
2.550000000000000000e+02 2.251977315689981083e+02 2.516889729048519087e+02
2.550000000000000000e+02 2.267093887838689454e+02 2.518548204158790043e+02
2.550000000000000000e+02 2.273232514177693702e+02 2.519505986137366165e+02
2.550000000000000000e+02 2.278889729048519257e+02 2.521691241335853704e+02
2.550000000000000000e+02 2.284524259609325725e+02 2.522007561436672916e+02
2.550000000000000000e+02 2.287587901701323290e+02 2.520431001890359255e+02
2.550000000000000000e+02 2.296851921865154509e+02 2.521839949590422236e+02
2.550000000000000000e+02 2.299206049149338469e+02 2.521122873345935602e+02
2.550000000000000000e+02 2.307289224952741051e+02 2.521227473219911701e+02
2.550000000000000000e+02 2.269603024574669234e+02 2.516696912413358405e+02
2.550000000000000000e+02 2.155930686830497791e+02 2.499424070573408869e+02
2.550000000000000000e+02 2.045255198487712676e+02 2.481226212980466244e+02
2.550000000000000000e+02 2.014660365469439114e+02 2.473426591052299841e+02
2.550000000000000000e+02 2.014224322621298029e+02 2.477981096408317683e+02
2.550000000000000000e+02 2.028614996849401280e+02 2.482337744171392444e+02
2.550000000000000000e+02 2.079401386263390066e+02 2.491534971644612426e+02
2.549994959042217886e+02 2.082761184625078670e+02 2.494695652173913061e+02
2.550000000000000000e+02 2.103091367359798483e+02 2.499557655954631343e+02
2.550000000000000000e+02 2.113698802772526903e+02 2.502724637681159550e+02
2.550000000000000000e+02 2.118587271581600646e+02 2.503010712035286645e+02
2.550000000000000000e+02 2.115521109010712166e+02 2.502645242596093169e+02
2.550000000000000000e+02 2.129826086956521749e+02 2.500423440453686226e+02
2.550000000000000000e+02 2.137550094517958428e+02 2.503488342785129248e+02
2.550000000000000000e+02 2.152131064902331445e+02 2.505901701323251416e+02
2.550000000000000000e+02 2.168776307498424671e+02 2.506930056710775148e+02
2.549992438563326971e+02 2.180230623818525544e+02 2.509350976685570345e+02
2.550000000000000000e+02 2.197780718336483972e+02 2.514085696282293725e+02
2.550000000000000000e+02 2.209359798361688831e+02 2.513183364839319438e+02
2.549998739760554542e+02 2.221068683049779509e+02 2.515276622558286022e+02
2.550000000000000000e+02 2.222715816005041063e+02 2.513526149968494110e+02
2.550000000000000000e+02 2.227093887838689454e+02 2.515122873345935659e+02
2.550000000000000000e+02 2.236402016383112823e+02 2.514341524889728987e+02
2.550000000000000000e+02 2.238780088216761044e+02 2.518332703213610557e+02
2.550000000000000000e+02 2.245988657844990541e+02 2.517879017013232499e+02
2.550000000000000000e+02 2.252386893509766992e+02 2.518873345935727741e+02
2.550000000000000000e+02 2.257647132955261498e+02 2.521880277252678013e+02
2.550000000000000000e+02 2.268064272211720152e+02 2.520407057340894710e+02
2.550000000000000000e+02 2.272807813484562018e+02 2.521241335853812302e+02
2.550000000000000000e+02 2.275318210459987256e+02 2.521677378701953387e+02
2.550000000000000000e+02 2.279305608065532454e+02 2.521885318210460127e+02
2.550000000000000000e+02 2.280679269061121488e+02 2.521863894139886497e+02
2.550000000000000000e+02 2.290470069313169574e+02 2.521202268431001983e+02
2.550000000000000000e+02 2.301391304347826008e+02 2.523948330182734594e+02
2.550000000000000000e+02 2.266006301197227515e+02 2.520916194076874604e+02
2.550000000000000000e+02 2.164945179584121036e+02 2.508826717076244393e+02
2.550000000000000000e+02 2.051054820415878908e+02 2.487633270321361181e+02
2.550000000000000000e+02 2.017697542533081219e+02 2.481731568998109765e+02
2.550000000000000000e+02 2.020859483301827311e+02 2.484190296156269824e+02
2.550000000000000000e+02 2.038974165091367468e+02 2.486722117202268407e+02
2.550000000000000000e+02 2.096094517958412098e+02 2.496225582860743657e+02
2.550000000000000000e+02 2.099746691871455653e+02 2.497523629489602968e+02
2.550000000000000000e+02 2.117204788909892841e+02 2.500415879017013197e+02
2.550000000000000000e+02 2.128463768115942116e+02 2.501478260869565133e+02
2.550000000000000000e+02 2.127684940138626359e+02 2.502393194706994279e+02
2.549998739760554542e+02 2.135426591052300012e+02 2.502540642722117070e+02
2.550000000000000000e+02 2.139856332703213582e+02 2.504306238185255324e+02
2.550000000000000000e+02 2.152394454946439737e+02 2.505141776937618090e+02
2.550000000000000000e+02 2.163575299306868374e+02 2.508661625708884628e+02
2.550000000000000000e+02 2.177173282923755551e+02 2.509286704473850023e+02
2.550000000000000000e+02 2.190418399495904112e+02 2.513303087586641595e+02
2.550000000000000000e+02 2.193992438563327028e+02 2.514569628229363616e+02
2.550000000000000000e+02 2.201726528040327651e+02 2.513586641461877775e+02
2.550000000000000000e+02 2.200335223692501643e+02 2.511376181474480234e+02
2.550000000000000000e+02 2.204579710144927560e+02 2.513546313799621998e+02
2.550000000000000000e+02 2.211063642091997394e+02 2.512889729048519314e+02
2.550000000000000000e+02 2.213906742281033360e+02 2.514120982986767388e+02
2.550000000000000000e+02 2.220483931947069891e+02 2.517109010712035229e+02
2.550000000000000000e+02 2.234884688090737370e+02 2.518262129804662948e+02
2.550000000000000000e+02 2.246778827977315700e+02 2.520433522369250170e+02
2.550000000000000000e+02 2.254113421550094642e+02 2.518115942028985614e+02
2.550000000000000000e+02 2.259372400756143691e+02 2.520480151228733519e+02
2.550000000000000000e+02 2.264562066792690587e+02 2.519459357277882816e+02
2.550000000000000000e+02 2.272602394454946477e+02 2.520156269691241278e+02
2.550000000000000000e+02 2.285407687460617581e+02 2.520118462507876416e+02
2.550000000000000000e+02 2.294680529300567002e+02 2.522167611846250850e+02
2.550000000000000000e+02 2.250734719596723323e+02 2.514162570888468906e+02
2.550000000000000000e+02 2.128185255198487766e+02 2.502098298676748698e+02
2.550000000000000000e+02 2.021891619407687415e+02 2.488104599873975928e+02
2.550000000000000000e+02 2.013190926275992467e+02 2.486025204788909946e+02
2.550000000000000000e+02 2.030226843100189171e+02 2.488148708254568362e+02
2.550000000000000000e+02 2.096703213610585976e+02 2.500146187775677333e+02
2.550000000000000000e+02 2.101131695022054089e+02 2.497684940138626359e+02
2.550000000000000000e+02 2.110587271581600532e+02 2.502055450535601722e+02
2.550000000000000000e+02 2.128544423440453670e+02 2.503807183364839375e+02
2.549996219281663627e+02 2.138404536862003908e+02 2.505947069943289307e+02
2.550000000000000000e+02 2.132941398865784493e+02 2.506050409577819664e+02
2.550000000000000000e+02 2.136662885948330199e+02 2.505509766855702480e+02
2.550000000000000000e+02 2.148438563327032114e+02 2.506515437933207409e+02
2.549997479521109085e+02 2.171158160050409549e+02 2.505043478260869563e+02
2.550000000000000000e+02 2.188868304977945911e+02 2.511769376181474343e+02
2.550000000000000000e+02 2.206558286074354100e+02 2.513858853182104554e+02
2.550000000000000000e+02 2.214109640831757986e+02 2.516436042848141028e+02
2.550000000000000000e+02 2.229334593572778829e+02 2.513802142407057261e+02
2.550000000000000000e+02 2.241562696912413344e+02 2.516036546943919348e+02
2.550000000000000000e+02 2.240311279143037098e+02 2.518439823566477571e+02
2.550000000000000000e+02 2.243441713925645900e+02 2.518810333963453161e+02
2.550000000000000000e+02 2.251679899180844302e+02 2.518470069313169404e+02
2.550000000000000000e+02 2.255092627599243826e+02 2.516884688090737257e+02
2.550000000000000000e+02 2.259603024574669234e+02 2.519274102079395163e+02
2.550000000000000000e+02 2.264011342155009459e+02 2.519706364209199876e+02
2.550000000000000000e+02 2.273703843730308733e+02 2.518623818525519766e+02
2.550000000000000000e+02 2.275983616887208711e+02 2.520746061751732725e+02
2.550000000000000000e+02 2.286780088216761158e+02 2.522827977315689907e+02
2.550000000000000000e+02 2.291933207309388649e+02 2.522292375551354837e+02
2.550000000000000000e+02 2.299029615626969019e+02 2.524292375551354723e+02
2.550000000000000000e+02 2.281688720856962789e+02 2.521871455576559526e+02
2.550000000000000000e+02 2.283078764965343339e+02 2.523445494643982272e+02
2.550000000000000000e+02 2.256921235034656661e+02 2.518787649653434073e+02
2.550000000000000000e+02 2.123435412728418328e+02 2.502151228733459334e+02
2.550000000000000000e+02 2.026021424070573289e+02 2.489584120982986803e+02
2.549998739760554542e+02 2.011897920604914987e+02 2.486854442344045424e+02
2.549997479521109085e+02 2.019382482671707635e+02 2.488975425330812925e+02
2.550000000000000000e+02 2.045172022684309923e+02 2.490297416509136781e+02
2.550000000000000000e+02 2.102025204788909889e+02 2.497731568998109708e+02
2.550000000000000000e+02 2.112141146817895390e+02 2.497066162570888537e+02
2.550000000000000000e+02 2.129994959042217886e+02 2.503212350346565813e+02
2.550000000000000000e+02 2.145920604914933847e+02 2.503601764335223834e+02
2.550000000000000000e+02 2.143858853182104554e+02 2.504212980466288627e+02
2.550000000000000000e+02 2.153250157529930675e+02 2.504091997479521012e+02
2.550000000000000000e+02 2.158936357908002606e+02 2.507862633900440983e+02
2.550000000000000000e+02 2.169857592942659039e+02 2.511672337744171273e+02
2.550000000000000000e+02 2.187339634530560772e+02 2.511144297416509232e+02
2.550000000000000000e+02 2.204601134215500906e+02 2.514780088216761271e+02
2.550000000000000000e+02 2.221731568998109765e+02 2.516495274102079520e+02
2.550000000000000000e+02 2.236858223062381796e+02 2.516972904851921840e+02
2.550000000000000000e+02 2.246252047889098833e+02 2.518971644612476268e+02
2.550000000000000000e+02 2.253435412728418328e+02 2.516567107750472587e+02
2.550000000000000000e+02 2.257033396345305505e+02 2.517734089477000623e+02
2.550000000000000000e+02 2.256756143667296897e+02 2.518124763705104101e+02
2.550000000000000000e+02 2.263795841209829973e+02 2.519865154379332068e+02
2.550000000000000000e+02 2.269600504095778319e+02 2.519771896660365371e+02
2.550000000000000000e+02 2.279616887208569551e+02 2.520128544423440360e+02
2.550000000000000000e+02 2.286417139256458597e+02 2.523261499684940077e+02
2.550000000000000000e+02 2.288671707624448572e+02 2.520951480781348550e+02
2.550000000000000000e+02 2.297919344675488276e+02 2.521726528040327651e+02
2.550000000000000000e+02 2.278614996849401280e+02 2.519537492123503455e+02
2.550000000000000000e+02 2.282964083175803296e+02 2.522632640201638310e+02
2.550000000000000000e+02 2.280877126654064284e+02 2.521529930686830596e+02
2.550000000000000000e+02 2.229448015122873414e+02 2.514804032766225532e+02
2.550000000000000000e+02 2.093935727788279735e+02 2.496015122873346002e+02
2.550000000000000000e+02 2.022133585381222360e+02 2.481426591052299955e+02
