2.549956709956709915e+02 5.995790043290043059e+01 2.242062770562770595e+02
2.549996753246753372e+02 4.724188311688311614e+01 2.231687229437229405e+02
2.549992424242424249e+02 1.330202380952380850e+02 2.386121212121212238e+02
2.550000000000000000e+02 1.523431818181818187e+02 2.398712121212121247e+02
2.550000000000000000e+02 1.592877705627705609e+02 2.411500000000000057e+02
2.549987012987012918e+02 1.667179653679653768e+02 2.422020562770562719e+02
2.549998917748917791e+02 1.972713203463203513e+02 2.480321428571428442e+02
2.550000000000000000e+02 2.010147186147186176e+02 2.489972943722943626e+02
2.550000000000000000e+02 2.068441558441558357e+02 2.498942640692640680e+02
2.550000000000000000e+02 2.074219696969697111e+02 2.499185064935064986e+02
2.550000000000000000e+02 2.082214285714285609e+02 2.499272727272727366e+02
2.550000000000000000e+02 2.093931818181818301e+02 2.503088744588744703e+02
2.550000000000000000e+02 2.107083333333333428e+02 2.504156926406926402e+02
2.550000000000000000e+02 2.124813852813852861e+02 2.507700216450216431e+02
2.550000000000000000e+02 2.138168831168831048e+02 2.510334415584415524e+02
2.550000000000000000e+02 2.150016233766233711e+02 2.511449134199134221e+02
2.550000000000000000e+02 2.160373376623376487e+02 2.512766233766233768e+02
2.549997835497835581e+02 2.170647186147186005e+02 2.513498917748917734e+02
2.550000000000000000e+02 2.183443722943723060e+02 2.511966450216450255e+02
2.550000000000000000e+02 2.190948051948051898e+02 2.514158008658008612e+02
2.550000000000000000e+02 2.198390692640692521e+02 2.517942640692640737e+02
2.550000000000000000e+02 2.207063852813852805e+02 2.517748917748917847e+02
2.550000000000000000e+02 2.222534632034632125e+02 2.521316017316017337e+02
2.550000000000000000e+02 2.243288961038961133e+02 2.521508658008658017e+02
2.550000000000000000e+02 2.258584415584415694e+02 2.523195887445887422e+02
2.550000000000000000e+02 2.270273809523809518e+02 2.525653679653679546e+02
2.550000000000000000e+02 2.269293290043289915e+02 2.525737012987013088e+02
2.550000000000000000e+02 2.172046536796536884e+02 2.514467532467532465e+02
2.550000000000000000e+02 2.056622294372294277e+02 2.495325757575757564e+02
2.550000000000000000e+02 2.027569264069263966e+02 2.490477272727272862e+02
2.550000000000000000e+02 2.029739177489177564e+02 2.490170995670995637e+02
2.550000000000000000e+02 2.051238095238095127e+02 2.496154761904761870e+02
2.550000000000000000e+02 2.057721861471861473e+02 2.497048701298701303e+02
2.550000000000000000e+02 2.062882034632034731e+02 2.497149350649350765e+02
2.550000000000000000e+02 2.076984848484848385e+02 2.499859307359307365e+02
2.550000000000000000e+02 2.085726190476190425e+02 2.500621212121212125e+02
2.550000000000000000e+02 2.088971861471861473e+02 2.501813852813852748e+02
2.550000000000000000e+02 2.092682900432900510e+02 2.502273809523809405e+02
2.550000000000000000e+02 2.090156926406926345e+02 2.503840909090909008e+02
2.550000000000000000e+02 2.096944805194805213e+02 2.502965367965367989e+02
2.550000000000000000e+02 2.114806277056277111e+02 2.505306277056276940e+02
2.550000000000000000e+02 2.132584415584415467e+02 2.507141774891775015e+02
2.550000000000000000e+02 2.147115800865800850e+02 2.511330086580086629e+02
2.550000000000000000e+02 2.163225108225108215e+02 2.514575757575757677e+02
2.549994588744588668e+02 2.183243506493506629e+02 2.512206709956709858e+02
2.550000000000000000e+02 2.188061688311688329e+02 2.515594155844155750e+02
2.550000000000000000e+02 2.204089826839826856e+02 2.515765151515151388e+02
2.550000000000000000e+02 2.211121212121212238e+02 2.516590909090909065e+02
2.550000000000000000e+02 2.216715367965367989e+02 2.519303030303030368e+02
2.550000000000000000e+02 2.226869047619047706e+02 2.518353896103895977e+02
2.550000000000000000e+02 2.231550865800865893e+02 2.520602813852813995e+02
2.550000000000000000e+02 2.242581168831168839e+02 2.520670995670995751e+02
2.550000000000000000e+02 2.255820346320346346e+02 2.522379870129870199e+02
2.550000000000000000e+02 2.229242424242424363e+02 2.519616883116883059e+02
2.550000000000000000e+02 2.113242424242424136e+02 2.507392857142857281e+02
2.550000000000000000e+02 2.042760822510822436e+02 2.497101731601731558e+02
2.550000000000000000e+02 2.030076839826839716e+02 2.494667748917748895e+02
2.550000000000000000e+02 2.043613636363636488e+02 2.497847402597402606e+02
2.550000000000000000e+02 2.057095238095238017e+02 2.498849567099566968e+02
2.550000000000000000e+02 2.065430735930735864e+02 2.500134199134199093e+02
2.549991341991342040e+02 2.082822510822510935e+02 2.501543290043290142e+02
2.550000000000000000e+02 2.091584415584415524e+02 2.506817099567099660e+02
2.550000000000000000e+02 2.097891774891774901e+02 2.503758658008657960e+02
2.550000000000000000e+02 2.093635281385281246e+02 2.503675324675324703e+02
2.550000000000000000e+02 2.098224025974026006e+02 2.500022727272727252e+02
2.550000000000000000e+02 2.104298701298701246e+02 2.502147186147186062e+02
2.549998917748917791e+02 2.117286796536796487e+02 2.504159090909090821e+02
2.550000000000000000e+02 2.136130952380952408e+02 2.507264069264069235e+02
2.550000000000000000e+02 2.152762987012987139e+02 2.511913419913420000e+02
2.550000000000000000e+02 2.165055194805194674e+02 2.510110389610389632e+02
2.550000000000000000e+02 2.174216450216450198e+02 2.511613636363636317e+02
2.550000000000000000e+02 2.180432900432900567e+02 2.511748917748917620e+02
2.549995670995670878e+02 2.183837662337662380e+02 2.512295454545454447e+02
2.550000000000000000e+02 2.186212121212121247e+02 2.511998917748917677e+02
2.550000000000000000e+02 2.192904761904761983e+02 2.514107142857142776e+02
2.550000000000000000e+02 2.193711038961039037e+02 2.515995670995671105e+02
2.549997835497835581e+02 2.203420995670995808e+02 2.515603896103896204e+02
2.550000000000000000e+02 2.224903679653679660e+02 2.517916666666666572e+02
2.550000000000000000e+02 2.224354978354978414e+02 2.516964285714285836e+02
2.550000000000000000e+02 2.162427489177489122e+02 2.510417748917748781e+02
2.550000000000000000e+02 2.068306277056277054e+02 2.499154761904761983e+02
2.549996753246753372e+02 2.039242424242424363e+02 2.492492424242424249e+02
2.550000000000000000e+02 2.036170995670995580e+02 2.492386363636363740e+02
2.549998917748917791e+02 2.051771645021645156e+02 2.493869047619047592e+02
2.550000000000000000e+02 2.062115800865800850e+02 2.496353896103896091e+02
2.550000000000000000e+02 2.068380952380952351e+02 2.496744588744588782e+02
2.550000000000000000e+02 2.086185064935064872e+02 2.498587662337662323e+02
2.550000000000000000e+02 2.097411255411255411e+02 2.500275974025973937e+02
2.550000000000000000e+02 2.094779220779220736e+02 2.499316017316017451e+02
2.550000000000000000e+02 2.089431818181818130e+02 2.497702380952380850e+02
2.550000000000000000e+02 2.095036796536796544e+02 2.497780303030303060e+02
2.550000000000000000e+02 2.106412337662337677e+02 2.500909090909090935e+02
2.550000000000000000e+02 2.129067099567099604e+02 2.504686147186147309e+02
2.550000000000000000e+02 2.150007575757575751e+02 2.507073593073592974e+02
2.550000000000000000e+02 2.164467532467532465e+02 2.506832251082251162e+02
2.550000000000000000e+02 2.184581168831168725e+02 2.511100649350649405e+02
2.550000000000000000e+02 2.193482683982684023e+02 2.511017316017316148e+02
2.550000000000000000e+02 2.204477272727272634e+02 2.510836580086580057e+02
2.550000000000000000e+02 2.210702380952380963e+02 2.513215367965368046e+02
2.550000000000000000e+02 2.213439393939393938e+02 2.513827922077922210e+02
2.550000000000000000e+02 2.221104978354978243e+02 2.514357142857142833e+02
2.550000000000000000e+02 2.231029220779220736e+02 2.517130952380952351e+02
2.550000000000000000e+02 2.242888528138528272e+02 2.518445887445887479e+02
2.550000000000000000e+02 2.243009740259740283e+02 2.518611471861471784e+02
2.550000000000000000e+02 2.161503246753246685e+02 2.508358225108225099e+02
2.550000000000000000e+02 2.056938311688311671e+02 2.494456709956710085e+02
2.550000000000000000e+02 2.031086580086580113e+02 2.488232683982683966e+02
2.550000000000000000e+02 2.033281385281385383e+02 2.487932900432900567e+02
2.550000000000000000e+02 2.050585497835497790e+02 2.489467532467532465e+02
2.550000000000000000e+02 2.055949134199134107e+02 2.493000000000000114e+02
2.550000000000000000e+02 2.063330086580086515e+02 2.491529220779220850e+02
2.550000000000000000e+02 2.078564935064935071e+02 2.495095238095238130e+02
2.550000000000000000e+02 2.092253246753246856e+02 2.496230519480519376e+02
2.550000000000000000e+02 2.091506493506493598e+02 2.498969696969697054e+02
2.550000000000000000e+02 2.093115800865800793e+02 2.496575757575757564e+02
2.550000000000000000e+02 2.098848484848484759e+02 2.495760822510822550e+02
2.550000000000000000e+02 2.108400432900432975e+02 2.497873376623376487e+02
2.550000000000000000e+02 2.129070346320346232e+02 2.499943722943722832e+02
2.550000000000000000e+02 2.145731601731601756e+02 2.504886363636363740e+02
2.550000000000000000e+02 2.162411255411255411e+02 2.503099567099567082e+02
2.549995670995670878e+02 2.180502164502164533e+02 2.509887445887445949e+02
2.550000000000000000e+02 2.196599567099567025e+02 2.511586580086580227e+02
2.550000000000000000e+02 2.202200216450216317e+02 2.512622294372294505e+02
2.550000000000000000e+02 2.210003246753246628e+02 2.513613636363636488e+02
2.550000000000000000e+02 2.216673160173160113e+02 2.513305194805194844e+02
2.550000000000000000e+02 2.226413419913419887e+02 2.516220779220779207e+02
2.550000000000000000e+02 2.233431818181818187e+02 2.516048701298701360e+02
2.550000000000000000e+02 2.244660173160173144e+02 2.516345238095238130e+02
2.549996753246753372e+02 2.256900432900432918e+02 2.518231601731601756e+02
2.549983766233766289e+02 2.222905844155844193e+02 2.512661255411255468e+02
2.550000000000000000e+02 2.104337662337662209e+02 2.496721861471861530e+02
2.550000000000000000e+02 2.047191558441558357e+02 2.487130952380952351e+02
2.550000000000000000e+02 2.038465367965368102e+02 2.487160173160173144e+02
2.550000000000000000e+02 2.046753246753246742e+02 2.492361471861471784e+02
2.550000000000000000e+02 2.060645021645021586e+02 2.488850649350649462e+02
2.550000000000000000e+02 2.064196969696969575e+02 2.491824675324675411e+02
2.550000000000000000e+02 2.077070346320346346e+02 2.494277056277056204e+02
2.550000000000000000e+02 2.092558441558441586e+02 2.495901515151515184e+02
2.550000000000000000e+02 2.104694805194805269e+02 2.495743506493506629e+02
2.550000000000000000e+02 2.101175324675324703e+02 2.497448051948051955e+02
2.550000000000000000e+02 2.101495670995670935e+02 2.497660173160173258e+02
2.550000000000000000e+02 2.111599567099567025e+02 2.498517316017316148e+02
2.550000000000000000e+02 2.130161255411255468e+02 2.498598484848484986e+02
2.550000000000000000e+02 2.142163419913419773e+02 2.503188311688311671e+02
2.549997835497835581e+02 2.164213203463203570e+02 2.505023809523809462e+02
2.550000000000000000e+02 2.177561688311688215e+02 2.508126623376623456e+02
2.550000000000000000e+02 2.191879870129870085e+02 2.507920995670995694e+02
2.550000000000000000e+02 2.199744588744588611e+02 2.510233766233766346e+02
2.550000000000000000e+02 2.203627705627705495e+02 2.513849567099566968e+02
2.550000000000000000e+02 2.208822510822510878e+02 2.510012987012987082e+02
2.550000000000000000e+02 2.218762987012987082e+02 2.511610389610389689e+02
2.550000000000000000e+02 2.227959956709956657e+02 2.514639610389610311e+02
2.550000000000000000e+02 2.242716450216450141e+02 2.515216450216450141e+02
2.550000000000000000e+02 2.248933982683982720e+02 2.516344155844155921e+02
2.550000000000000000e+02 2.208467532467532521e+02 2.511737012987013031e+02
2.550000000000000000e+02 2.099049783549783683e+02 2.496380952380952465e+02
2.550000000000000000e+02 2.043489177489177564e+02 2.486505411255411389e+02
2.550000000000000000e+02 2.045676406926406798e+02 2.483735930735930708e+02
2.549991341991342040e+02 2.051550865800865893e+02 2.486436147186147139e+02
2.550000000000000000e+02 2.067199134199134107e+02 2.488297619047619094e+02
2.550000000000000000e+02 2.073514069264069235e+02 2.485476190476190368e+02
2.550000000000000000e+02 2.086806277056276997e+02 2.489591991341991388e+02
2.550000000000000000e+02 2.095564935064934957e+02 2.494418831168831048e+02
2.550000000000000000e+02 2.102124458874458810e+02 2.494146103896104023e+02
2.550000000000000000e+02 2.098916666666666799e+02 2.494283549783549745e+02
2.550000000000000000e+02 2.101123376623376657e+02 2.495590909090909122e+02
2.550000000000000000e+02 2.109531385281385383e+02 2.496774891774891785e+02
2.550000000000000000e+02 2.123635281385281246e+02 2.498502164502164362e+02
2.550000000000000000e+02 2.132714285714285722e+02 2.501709956709956657e+02
2.550000000000000000e+02 2.147740259740259603e+02 2.503431818181818187e+02
2.550000000000000000e+02 2.159853896103896034e+02 2.503246753246753258e+02
2.550000000000000000e+02 2.168625541125541076e+02 2.508905844155844136e+02
2.550000000000000000e+02 2.178810606060606005e+02 2.510069264069263966e+02
2.550000000000000000e+02 2.185437229437229405e+02 2.512597402597402549e+02
2.550000000000000000e+02 2.198638528138528159e+02 2.512728354978355014e+02
2.550000000000000000e+02 2.214060606060606062e+02 2.513972943722943683e+02
2.550000000000000000e+02 2.229676406926406855e+02 2.516227272727272748e+02
2.550000000000000000e+02 2.210724025974026006e+02 2.513817099567099547e+02
2.550000000000000000e+02 2.109822510822510822e+02 2.495182900432900510e+02
2.550000000000000000e+02 2.037836580086580227e+02 2.485698051948051841e+02
2.549995670995670878e+02 2.029123376623376487e+02 2.484436147186147252e+02
2.550000000000000000e+02 2.040691558441558300e+02 2.489549783549783513e+02
2.550000000000000000e+02 2.052246753246753315e+02 2.490432900432900567e+02
2.550000000000000000e+02 2.055607142857142833e+02 2.489664502164502267e+02
2.550000000000000000e+02 2.065069264069263966e+02 2.494862554112553994e+02
2.550000000000000000e+02 2.078340909090909179e+02 2.494742424242424192e+02
2.550000000000000000e+02 2.080326839826839773e+02 2.498608225108225156e+02
2.550000000000000000e+02 2.076782467532467535e+02 2.497651515151515014e+02
2.550000000000000000e+02 2.079517316017316091e+02 2.495691558441558300e+02
2.550000000000000000e+02 2.089850649350649405e+02 2.495667748917748838e+02
2.550000000000000000e+02 2.105467532467532408e+02 2.498435064935064815e+02
2.549995670995670878e+02 2.124932900432900453e+02 2.501396103896103966e+02
2.549998917748917791e+02 2.131561688311688272e+02 2.500953463203463230e+02
2.550000000000000000e+02 2.138733766233766289e+02 2.501016233766233654e+02
2.550000000000000000e+02 2.155562770562770538e+02 2.502902597402597280e+02
2.550000000000000000e+02 2.165003246753246628e+02 2.506760822510822493e+02
2.550000000000000000e+02 2.172396103896103909e+02 2.507347402597402493e+02
2.550000000000000000e+02 2.174059523809523853e+02 2.508285714285714221e+02
2.550000000000000000e+02 2.177593073593073711e+02 2.506961038961038923e+02
2.550000000000000000e+02 2.179011904761904646e+02 2.509138528138528272e+02
2.549998917748917791e+02 2.187616883116883173e+02 2.510169913419913428e+02
2.550000000000000000e+02 2.169271645021645156e+02 2.507033549783549802e+02
2.550000000000000000e+02 2.083516233766233654e+02 2.497541125541125666e+02
2.549997835497835581e+02 2.024234848484848612e+02 2.489540043290043343e+02
2.550000000000000000e+02 2.013442640692640566e+02 2.487222943722943853e+02
2.550000000000000000e+02 2.014615800865800850e+02 2.485130952380952465e+02
2.550000000000000000e+02 2.021167748917748952e+02 2.488567099567099490e+02
2.550000000000000000e+02 2.018117965367965496e+02 2.487332251082250991e+02
2.550000000000000000e+02 2.029740259740259773e+02 2.490709956709956714e+02
2.550000000000000000e+02 2.048024891774891785e+02 2.490379870129870028e+02
2.550000000000000000e+02 2.039597402597402720e+02 2.489284632034631954e+02
2.550000000000000000e+02 2.032232683982684023e+02 2.489202380952380906e+02
2.549998917748917791e+02 2.033024891774891785e+02 2.490566017316017451e+02
2.549997835497835581e+02 2.037880952380952522e+02 2.490704545454545382e+02
2.550000000000000000e+02 2.052572510822510878e+02 2.492420995670995580e+02
2.550000000000000000e+02 2.070269480519480396e+02 2.493851731601731672e+02
2.550000000000000000e+02 2.084889610389610368e+02 2.498580086580086572e+02
2.550000000000000000e+02 2.101310606060606005e+02 2.500993506493506402e+02
2.550000000000000000e+02 2.120163419913419887e+02 2.502140692640692521e+02
2.550000000000000000e+02 2.130153679653679717e+02 2.503414502164502267e+02
2.550000000000000000e+02 2.133363636363636431e+02 2.505015151515151501e+02
2.550000000000000000e+02 2.136574675324675354e+02 2.503858225108225213e+02
2.550000000000000000e+02 2.148600649350649405e+02 2.503168831168831048e+02
2.550000000000000000e+02 2.158036796536796658e+02 2.506419913419913428e+02
2.550000000000000000e+02 2.165515151515151615e+02 2.507392857142857281e+02
2.550000000000000000e+02 2.174304112554112578e+02 2.507162337662337563e+02
2.550000000000000000e+02 2.183830086580086629e+02 2.511218614718614788e+02
2.550000000000000000e+02 2.198811688311688215e+02 2.510956709956709858e+02
2.550000000000000000e+02 2.208270562770562719e+02 2.513145021645021586e+02
2.550000000000000000e+02 2.181248917748917791e+02 2.511391774891774844e+02
2.549997835497835581e+02 2.065627705627705666e+02 2.492728354978355014e+02
2.550000000000000000e+02 1.993820346320346459e+02 2.482070346320346346e+02
2.550000000000000000e+02 1.976402597402597507e+02 2.482062770562770595e+02
2.550000000000000000e+02 1.986734848484848612e+02 2.482790043290043229e+02
2.550000000000000000e+02 1.990145021645021757e+02 2.482666666666666799e+02
2.550000000000000000e+02 1.985760822510822550e+02 2.484936147186147082e+02
2.550000000000000000e+02 1.995646103896103796e+02 2.484612554112554221e+02
2.550000000000000000e+02 2.009253246753246742e+02 2.484055194805194731e+02
2.550000000000000000e+02 2.011269480519480624e+02 2.483594155844155864e+02
2.550000000000000000e+02 2.008151515151515127e+02 2.486716450216450198e+02
2.550000000000000000e+02 2.010443722943722946e+02 2.485771645021644929e+02
2.550000000000000000e+02 2.014680735930735977e+02 2.489029220779220850e+02
2.550000000000000000e+02 2.028494588744588611e+02 2.490640692640692748e+02
2.550000000000000000e+02 2.043740259740259830e+02 2.492648268398268385e+02
2.550000000000000000e+02 2.062962121212121076e+02 2.497840909090909065e+02
2.550000000000000000e+02 2.079497835497835467e+02 2.499628787878787932e+02
2.550000000000000000e+02 2.093226190476190425e+02 2.501725108225108158e+02
2.550000000000000000e+02 2.098220779220779093e+02 2.501375541125541133e+02
2.550000000000000000e+02 2.104691558441558357e+02 2.502965367965367989e+02
2.550000000000000000e+02 2.121923160173160170e+02 2.502391774891774787e+02
2.550000000000000000e+02 2.134038961038961020e+02 2.502570346320346459e+02
2.550000000000000000e+02 2.137965367965367989e+02 2.506604978354978357e+02
2.550000000000000000e+02 2.154608225108225099e+02 2.504464285714285836e+02
2.549993506493506459e+02 2.161384199134199093e+02 2.506640692640692691e+02
2.550000000000000000e+02 2.170057359307359377e+02 2.508700216450216374e+02
2.550000000000000000e+02 2.176468614718614845e+02 2.508395021645021643e+02
2.550000000000000000e+02 2.179180735930735864e+02 2.510984848484848442e+02
2.550000000000000000e+02 2.192511904761904873e+02 2.509057359307359434e+02
2.550000000000000000e+02 2.203388528138528102e+02 2.510777056277056261e+02
2.550000000000000000e+02 2.190163419913419887e+02 2.509795454545454447e+02
2.550000000000000000e+02 2.086811688311688329e+02 2.491452380952380850e+02
2.550000000000000000e+02 1.992773809523809518e+02 2.478348484848484929e+02
2.550000000000000000e+02 1.960419913419913485e+02 2.476670995670995694e+02
2.550000000000000000e+02 1.964139610389610482e+02 2.479136363636363569e+02
2.550000000000000000e+02 1.977813852813852691e+02 2.480783549783549802e+02
2.550000000000000000e+02 1.975070346320346459e+02 2.481528138528138641e+02
2.550000000000000000e+02 1.980300865800865893e+02 2.480142857142857054e+02
2.549998917748917791e+02 1.992741341991342097e+02 2.482393939393939490e+02
2.550000000000000000e+02 2.005489177489177450e+02 2.485022727272727252e+02
2.549989177489177621e+02 2.001637445887445779e+02 2.485138528138528216e+02
2.550000000000000000e+02 1.995653679653679546e+02 2.483832251082251048e+02
2.550000000000000000e+02 2.005150432900432804e+02 2.485869047619047478e+02
2.550000000000000000e+02 2.014170995670995694e+02 2.486093073593073655e+02
2.550000000000000000e+02 2.031313852813852918e+02 2.487861471861471898e+02
2.550000000000000000e+02 2.046270562770562833e+02 2.493014069264069406e+02
2.550000000000000000e+02 2.065392857142857110e+02 2.496216450216450085e+02
2.550000000000000000e+02 2.083982683982683852e+02 2.496591991341991275e+02
2.550000000000000000e+02 2.104957792207792124e+02 2.499166666666666572e+02
2.550000000000000000e+02 2.114277056277056204e+02 2.498915584415584306e+02
2.550000000000000000e+02 2.120468614718614617e+02 2.502961038961038867e+02
2.550000000000000000e+02 2.181542207792207932e+02 2.513651515151515241e+02
2.550000000000000000e+02 2.199226190476190368e+02 2.510426406926407026e+02
2.550000000000000000e+02 2.205062770562770424e+02 2.512859307359307479e+02
2.550000000000000000e+02 2.217534632034632125e+02 2.515693722943723003e+02
2.550000000000000000e+02 2.226658008658008612e+02 2.515461038961038867e+02
2.550000000000000000e+02 2.228716450216450085e+02 2.517603896103896091e+02
2.550000000000000000e+02 2.239635281385281473e+02 2.516708874458874448e+02
2.550000000000000000e+02 2.250364718614718527e+02 2.521189393939393995e+02
2.550000000000000000e+02 2.259914502164502039e+02 2.519209956709956657e+02
2.550000000000000000e+02 2.267431818181818244e+02 2.522003246753246799e+02
2.550000000000000000e+02 2.281221861471861416e+02 2.523580086580086572e+02
2.550000000000000000e+02 2.264187229437229405e+02 2.519943722943722832e+02
2.550000000000000000e+02 2.154066017316017394e+02 2.503625541125541076e+02
2.550000000000000000e+02 2.078451298701298811e+02 2.493028138528138413e+02
2.550000000000000000e+02 2.059251082251082323e+02 2.491560606060606062e+02
2.550000000000000000e+02 2.062191558441558357e+02 2.495720779220779093e+02
2.550000000000000000e+02 2.068034632034631954e+02 2.496523809523809518e+02
2.550000000000000000e+02 2.065596320346320454e+02 2.496721861471861530e+02
2.550000000000000000e+02 2.066141774891774787e+02 2.495529220779220907e+02
2.550000000000000000e+02 2.078264069264069178e+02 2.497861471861471898e+02
2.549993506493506459e+02 2.089588744588744476e+02 2.498889610389610425e+02
2.550000000000000000e+02 2.090967532467532521e+02 2.500932900432900396e+02
2.550000000000000000e+02 2.092579004329004420e+02 2.497272727272727195e+02
2.550000000000000000e+02 2.094795454545454447e+02 2.501239177489177621e+02
2.550000000000000000e+02 2.115340909090909065e+02 2.500029220779220793e+02
2.550000000000000000e+02 2.130598484848484873e+02 2.502873376623376487e+02
2.550000000000000000e+02 2.150717532467532465e+02 2.505428571428571445e+02
2.549996753246753372e+02 2.165814935064935014e+02 2.508926406926406969e+02
2.549995670995670878e+02 2.176336580086580170e+02 2.510287878787878810e+02
2.550000000000000000e+02 2.184045454545454561e+02 2.514549783549783513e+02
2.550000000000000000e+02 2.196623376623376487e+02 2.511882034632034504e+02
2.550000000000000000e+02 2.202467532467532578e+02 2.511937229437229462e+02
2.550000000000000000e+02 2.208574675324675241e+02 2.513699134199134164e+02
2.550000000000000000e+02 2.214190476190476318e+02 2.516271645021645043e+02
2.550000000000000000e+02 2.224944805194805326e+02 2.517415584415584533e+02
2.550000000000000000e+02 2.237810606060606062e+02 2.519024891774891728e+02
2.550000000000000000e+02 2.261273809523809462e+02 2.522875541125541190e+02
2.550000000000000000e+02 2.283215367965368046e+02 2.523371212121212182e+02
2.550000000000000000e+02 2.296346320346320340e+02 2.524718614718614731e+02
2.550000000000000000e+02 2.309119047619047649e+02 2.527476190476190538e+02
2.550000000000000000e+02 2.319801948051947988e+02 2.529718614718614731e+02
2.550000000000000000e+02 2.287507575757575751e+02 2.528047619047619037e+02
2.550000000000000000e+02 2.294528138528138470e+02 2.527500000000000000e+02
2.550000000000000000e+02 2.231162337662337620e+02 2.520280303030303060e+02
2.550000000000000000e+02 2.095115800865800963e+02 2.499433982683982549e+02
2.550000000000000000e+02 2.021872294372294334e+02 2.489468614718614674e+02
2.550000000000000000e+02 2.018876623376623343e+02 2.492183982683982606e+02
2.550000000000000000e+02 2.039175324675324816e+02 2.492904761904761983e+02
2.550000000000000000e+02 2.060404761904761983e+02 2.496135281385281246e+02
2.550000000000000000e+02 2.068442640692640566e+02 2.496465367965367932e+02
2.550000000000000000e+02 2.086885281385281417e+02 2.499792207792207819e+02
2.550000000000000000e+02 2.095559523809523910e+02 2.501957792207792295e+02
2.550000000000000000e+02 2.086793290043289915e+02 2.501456709956709972e+02
2.550000000000000000e+02 2.083505411255411275e+02 2.499244588744588782e+02
2.550000000000000000e+02 2.085010822510822379e+02 2.500112554112554051e+02
2.550000000000000000e+02 2.100541125541125496e+02 2.503509740259740397e+02
2.550000000000000000e+02 2.124519480519480510e+02 2.503585497835497904e+02
2.549991341991342040e+02 2.143334415584415638e+02 2.508373376623376600e+02
2.550000000000000000e+02 2.167260822510822607e+02 2.512633116883116884e+02
2.550000000000000000e+02 2.181678571428571445e+02 2.513943722943722889e+02
2.550000000000000000e+02 2.202195887445887479e+02 2.513459956709956771e+02
2.550000000000000000e+02 2.204642857142857224e+02 2.515908008658008725e+02
2.550000000000000000e+02 2.214507575757575637e+02 2.516661255411255524e+02
2.550000000000000000e+02 2.217779220779220850e+02 2.519221861471861530e+02
2.550000000000000000e+02 2.220660173160173088e+02 2.520553030303030368e+02
2.550000000000000000e+02 2.228482683982684023e+02 2.518352813852813767e+02
2.550000000000000000e+02 2.239099567099567025e+02 2.517141774891775015e+02
2.550000000000000000e+02 2.252064935064935014e+02 2.520540043290043286e+02
2.550000000000000000e+02 2.261445887445887308e+02 2.521524891774891728e+02
2.550000000000000000e+02 2.261765151515151615e+02 2.523169913419913541e+02
2.550000000000000000e+02 2.169931818181818244e+02 2.513878787878787762e+02
2.550000000000000000e+02 2.060069264069263966e+02 2.493376623376623513e+02
2.550000000000000000e+02 2.028964285714285722e+02 2.489428571428571502e+02
2.550000000000000000e+02 2.035020562770562833e+02 2.490310606060606062e+02
2.550000000000000000e+02 2.056716450216450198e+02 2.495701298701298754e+02
2.550000000000000000e+02 2.067141774891775015e+02 2.498532467532467649e+02
2.550000000000000000e+02 2.075645021645021586e+02 2.499081168831168895e+02
2.550000000000000000e+02 2.087415584415584533e+02 2.502705627705627762e+02
2.550000000000000000e+02 2.094101731601731728e+02 2.501685064935064986e+02
2.550000000000000000e+02 2.096088744588744532e+02 2.500746753246753258e+02
2.549998917748917791e+02 2.093574675324675241e+02 2.500919913419913314e+02
2.550000000000000000e+02 2.089433982683982549e+02 2.502597402597402549e+02
2.550000000000000000e+02 2.104093073593073484e+02 2.499620129870129972e+02
2.550000000000000000e+02 2.114956709956709915e+02 2.503456709956709858e+02
2.550000000000000000e+02 2.135745670995671048e+02 2.505402597402597280e+02
2.550000000000000000e+02 2.155230519480519433e+02 2.510615800865800793e+02
2.550000000000000000e+02 2.181004329004329065e+02 2.512418831168831161e+02
2.550000000000000000e+02 2.199122294372294277e+02 2.513803030303030255e+02
2.550000000000000000e+02 2.211909090909090878e+02 2.518616883116883116e+02
2.550000000000000000e+02 2.218136363636363626e+02 2.516933982683982549e+02
2.550000000000000000e+02 2.225160173160173258e+02 2.517367965367965326e+02
2.550000000000000000e+02 2.230892857142857224e+02 2.517133116883116770e+02
2.550000000000000000e+02 2.235607142857142833e+02 2.517647186147186176e+02
2.550000000000000000e+02 2.242878787878787818e+02 2.518191558441558300e+02
2.550000000000000000e+02 2.256590909090909065e+02 2.519414502164502210e+02
2.550000000000000000e+02 2.257634199134199093e+02 2.518863636363636260e+02
2.550000000000000000e+02 2.175847402597402720e+02 2.509295454545454618e+02
2.550000000000000000e+02 2.054972943722943626e+02 2.491825757575757621e+02
2.550000000000000000e+02 2.017427489177489122e+02 2.486532467532467479e+02
2.550000000000000000e+02 2.019579004329004306e+02 2.490008658008657960e+02
2.550000000000000000e+02 2.025943722943723060e+02 2.489650432900432975e+02
2.550000000000000000e+02 2.038909090909091049e+02 2.491335497835497961e+02
2.550000000000000000e+02 2.047872294372294277e+02 2.495337662337662437e+02
2.550000000000000000e+02 2.055182900432900510e+02 2.496327922077922210e+02
2.550000000000000000e+02 2.072929653679653654e+02 2.497928571428571445e+02
2.550000000000000000e+02 2.071782467532467535e+02 2.497100649350649348e+02
2.550000000000000000e+02 2.075375541125541190e+02 2.497006493506493428e+02
2.550000000000000000e+02 2.079726190476190482e+02 2.497457792207792124e+02
2.550000000000000000e+02 2.091207792207792124e+02 2.498655844155844079e+02
2.550000000000000000e+02 2.105683982683982549e+02 2.501924242424242379e+02
2.550000000000000000e+02 2.130450216450216487e+02 2.507011904761904759e+02
2.550000000000000000e+02 2.149054112554112521e+02 2.507744588744588725e+02
2.550000000000000000e+02 2.166260822510822379e+02 2.511203463203463286e+02
2.550000000000000000e+02 2.175611471861471955e+02 2.513709956709956828e+02
2.550000000000000000e+02 2.192480519480519376e+02 2.510140692640692635e+02
2.550000000000000000e+02 2.199094155844155978e+02 2.510910173160173144e+02
2.549998917748917791e+02 2.207761904761904646e+02 2.513535714285714278e+02
2.550000000000000000e+02 2.212533549783549915e+02 2.513400432900432975e+02
2.550000000000000000e+02 2.217744588744588725e+02 2.514428571428571502e+02
2.549997835497835581e+02 2.221860389610389745e+02 2.515850649350649348e+02
2.550000000000000000e+02 2.235478354978355071e+02 2.517700216450216431e+02
2.550000000000000000e+02 2.244853896103896034e+02 2.519724025974026063e+02
2.550000000000000000e+02 2.243998917748917847e+02 2.519409090909090878e+02
2.550000000000000000e+02 2.149846320346320283e+02 2.507821428571428442e+02
2.550000000000000000e+02 2.042138528138528102e+02 2.494766233766233654e+02
2.549996753246753372e+02 2.012290043290043400e+02 2.489585497835497847e+02
2.549995670995670878e+02 2.016036796536796487e+02 2.492066017316017223e+02
2.550000000000000000e+02 2.025079004329004420e+02 2.492180735930735977e+02
2.550000000000000000e+02 2.037836580086580227e+02 2.491523809523809518e+02
2.550000000000000000e+02 2.037258658008657903e+02 2.491908008658008669e+02
2.550000000000000000e+02 2.052624458874458924e+02 2.497754329004328895e+02
2.550000000000000000e+02 2.066557359307359434e+02 2.500841991341991388e+02
2.550000000000000000e+02 2.068810606060606005e+02 2.500349567099567025e+02
2.550000000000000000e+02 2.064142857142857110e+02 2.499556277056277054e+02
2.550000000000000000e+02 2.069977272727272748e+02 2.498995670995670935e+02
2.550000000000000000e+02 2.083484848484848442e+02 2.500134199134199093e+02
2.550000000000000000e+02 2.102872294372294277e+02 2.502153679653679603e+02
2.550000000000000000e+02 2.123286796536796430e+02 2.502739177489177393e+02
2.550000000000000000e+02 2.139254329004328952e+02 2.507598484848484759e+02
2.550000000000000000e+02 2.154193722943722946e+02 2.511455627705627762e+02
2.550000000000000000e+02 2.173387445887445892e+02 2.512518398268398130e+02
2.550000000000000000e+02 2.184877705627705495e+02 2.517264069264069235e+02
2.550000000000000000e+02 2.201241341991342040e+02 2.515832251082251219e+02
2.550000000000000000e+02 2.210203463203463343e+02 2.517877705627705609e+02
2.550000000000000000e+02 2.219353896103896204e+02 2.517891774891774901e+02
2.550000000000000000e+02 2.230404761904761983e+02 2.522168831168831105e+02
2.550000000000000000e+02 2.244138528138528272e+02 2.520590909090909122e+02
2.550000000000000000e+02 2.251009740259740397e+02 2.519827922077922153e+02
2.550000000000000000e+02 2.260609307359307252e+02 2.522740259740259603e+02
2.550000000000000000e+02 2.274930735930736034e+02 2.526681818181818073e+02
2.550000000000000000e+02 2.285306277056276940e+02 2.527150432900432975e+02
2.550000000000000000e+02 2.287617965367965382e+02 2.526194805194805326e+02
2.550000000000000000e+02 2.201680735930735864e+02 2.513530303030302946e+02
2.550000000000000000e+02 2.067821428571428442e+02 2.498066017316017451e+02
2.549997835497835581e+02 2.020916666666666686e+02 2.491917748917748838e+02
2.550000000000000000e+02 2.019175324675324816e+02 2.493809523809523796e+02
2.549998917748917791e+02 2.035655844155844250e+02 2.496454545454545553e+02
2.550000000000000000e+02 2.052979437229437281e+02 2.496560606060606062e+02
2.550000000000000000e+02 2.056214285714285666e+02 2.499719696969696940e+02
2.549992424242424249e+02 2.073522727272727195e+02 2.499878787878787989e+02
2.550000000000000000e+02 2.089216450216450198e+02 2.501366883116883173e+02
2.550000000000000000e+02 2.085860389610389518e+02 2.502992424242424363e+02
2.550000000000000000e+02 2.086229437229437167e+02 2.501012987012987026e+02
2.550000000000000000e+02 2.091878787878787875e+02 2.502079004329004306e+02
2.550000000000000000e+02 2.101270562770562833e+02 2.504484848484848385e+02
2.550000000000000000e+02 2.122075757575757677e+02 2.505169913419913428e+02
2.550000000000000000e+02 2.143765151515151501e+02 2.507966450216450198e+02
2.550000000000000000e+02 2.161345238095238130e+02 2.510924242424242436e+02
2.550000000000000000e+02 2.176291125541125666e+02 2.512397186147186119e+02
2.549996753246753372e+02 2.186700216450216487e+02 2.514761904761904816e+02
2.550000000000000000e+02 2.194146103896104023e+02 2.516071428571428612e+02
2.550000000000000000e+02 2.208111471861471955e+02 2.517145021645021643e+02
2.550000000000000000e+02 2.211336580086580170e+02 2.516058441558441530e+02
2.550000000000000000e+02 2.209687229437229519e+02 2.517259740259740397e+02
2.550000000000000000e+02 2.224854978354978243e+02 2.518687229437229576e+02
2.549998917748917791e+02 2.236418831168831218e+02 2.519680735930735977e+02
2.550000000000000000e+02 2.249734848484848442e+02 2.520993506493506402e+02
2.550000000000000000e+02 2.267320346320346403e+02 2.522237012987012861e+02
2.550000000000000000e+02 2.282653679653679717e+02 2.527329004329004363e+02
2.550000000000000000e+02 2.298864718614718754e+02 2.524196969696969575e+02
2.550000000000000000e+02 2.311084415584415694e+02 2.528972943722943683e+02
2.550000000000000000e+02 2.318202380952380963e+02 2.528839826839826799e+02
2.550000000000000000e+02 2.261115800865800907e+02 2.523392857142857224e+02
2.549989177489177621e+02 2.122884199134199150e+02 2.503083333333333371e+02
2.550000000000000000e+02 2.054896103896103909e+02 2.493290043290043343e+02
2.550000000000000000e+02 2.060530303030303116e+02 2.491722943722943739e+02
2.550000000000000000e+02 2.074089826839826856e+02 2.496630952380952522e+02
2.550000000000000000e+02 2.093598484848484986e+02 2.495562770562770538e+02
2.550000000000000000e+02 2.105412337662337734e+02 2.500528138528138413e+02
2.550000000000000000e+02 2.120181818181818301e+02 2.503498917748917734e+02
2.550000000000000000e+02 2.138455627705627649e+02 2.508124458874458753e+02
2.550000000000000000e+02 2.138311688311688386e+02 2.508389610389610311e+02
2.550000000000000000e+02 2.137834415584415524e+02 2.505189393939394051e+02
2.550000000000000000e+02 2.141664502164502153e+02 2.506498917748917847e+02
2.550000000000000000e+02 2.146865800865800793e+02 2.507865800865800736e+02
2.550000000000000000e+02 2.159627705627705723e+02 2.510496753246753201e+02
2.550000000000000000e+02 2.181819264069264079e+02 2.513142857142857167e+02
2.550000000000000000e+02 2.198609307359307365e+02 2.515124458874458924e+02
2.550000000000000000e+02 2.206188311688311785e+02 2.515040043290043172e+02
2.550000000000000000e+02 2.205327922077921983e+02 2.514306277056276997e+02
2.550000000000000000e+02 2.212997835497835410e+02 2.514946969696969745e+02
2.550000000000000000e+02 2.218237012987013088e+02 2.518475108225108272e+02
2.549998917748917791e+02 2.225187229437229348e+02 2.519269480519480453e+02
2.550000000000000000e+02 2.236359307359307422e+02 2.519063852813852691e+02
2.550000000000000000e+02 2.243204545454545382e+02 2.521248917748917791e+02
2.550000000000000000e+02 2.248848484848484759e+02 2.521726190476190368e+02
2.550000000000000000e+02 2.253889610389610425e+02 2.520269480519480396e+02
2.550000000000000000e+02 2.258073593073593202e+02 2.522451298701298583e+02
2.550000000000000000e+02 2.261640692640692691e+02 2.521242424242424249e+02
2.550000000000000000e+02 2.265278138528138641e+02 2.523369047619047478e+02
2.550000000000000000e+02 2.279066017316017394e+02 2.523860389610389632e+02
2.550000000000000000e+02 2.243165584415584419e+02 2.518000000000000114e+02
2.550000000000000000e+02 2.131292207792207876e+02 2.501142857142857281e+02
2.549998917748917791e+02 2.065096320346320340e+02 2.497641774891774844e+02
2.550000000000000000e+02 2.060640692640692748e+02 2.496260822510822379e+02
2.550000000000000000e+02 2.071158008658008782e+02 2.496930735930735921e+02
2.550000000000000000e+02 2.083610389610389575e+02 2.499057359307359434e+02
2.550000000000000000e+02 2.084641774891775015e+02 2.501759740259740283e+02
2.550000000000000000e+02 2.096569264069264023e+02 2.501353896103896091e+02
2.550000000000000000e+02 2.105933982683982606e+02 2.504596320346320226e+02
2.550000000000000000e+02 2.108600649350649405e+02 2.503669913419913371e+02
2.550000000000000000e+02 2.102398268398268328e+02 2.501558441558441643e+02
2.550000000000000000e+02 2.102705627705627762e+02 2.504071428571428442e+02
2.550000000000000000e+02 2.112761904761904646e+02 2.506062770562770652e+02
2.550000000000000000e+02 2.131191558441558414e+02 2.506681818181818073e+02
2.550000000000000000e+02 2.148140692640692748e+02 2.509849567099567196e+02
2.550000000000000000e+02 2.162615800865800963e+02 2.512018398268398300e+02
2.550000000000000000e+02 2.186459956709956600e+02 2.512459956709956828e+02
2.550000000000000000e+02 2.198963203463203513e+02 2.517130952380952351e+02
2.550000000000000000e+02 2.211268398268398130e+02 2.517926406926407026e+02
2.550000000000000000e+02 2.219161255411255524e+02 2.518843073593073711e+02
2.550000000000000000e+02 2.226463203463203513e+02 2.519326839826839830e+02
2.550000000000000000e+02 2.234920995670995580e+02 2.519228354978355071e+02
2.550000000000000000e+02 2.236442640692640680e+02 2.520874458874458810e+02
2.550000000000000000e+02 2.248068181818181870e+02 2.522581168831168839e+02
2.550000000000000000e+02 2.262696969696969802e+02 2.524454545454545382e+02
2.550000000000000000e+02 2.280503246753246742e+02 2.525356060606060566e+02
2.550000000000000000e+02 2.293491341991341983e+02 2.527762987012987139e+02
2.550000000000000000e+02 2.303728354978354957e+02 2.528797619047618923e+02
2.550000000000000000e+02 2.301230519480519376e+02 2.527487012987012918e+02
2.550000000000000000e+02 2.220974025974026063e+02 2.517959956709956657e+02
2.549993506493506459e+02 2.111702380952380906e+02 2.496748917748917620e+02
2.550000000000000000e+02 2.076024891774891898e+02 2.494897186147186119e+02
2.550000000000000000e+02 2.089872294372294448e+02 2.495991341991341983e+02
2.550000000000000000e+02 2.114321428571428498e+02 2.504180735930735864e+02
2.550000000000000000e+02 2.129022727272727309e+02 2.506006493506493484e+02
2.550000000000000000e+02 2.126715367965367989e+02 2.505294372294372351e+02
2.550000000000000000e+02 2.144534632034632011e+02 2.506910173160173088e+02
2.550000000000000000e+02 2.152004329004329009e+02 2.507028138528138470e+02
2.550000000000000000e+02 2.144034632034631898e+02 2.506103896103896034e+02
2.550000000000000000e+02 2.138054112554112578e+02 2.504895021645021700e+02
2.549991341991342040e+02 2.139461038961038923e+02 2.507448051948051955e+02
2.550000000000000000e+02 2.143261904761904759e+02 2.507137445887445892e+02
2.549997835497835581e+02 2.153685064935064872e+02 2.507800865800865893e+02
2.550000000000000000e+02 2.169080086580086686e+02 2.511233766233766289e+02
2.550000000000000000e+02 2.188887445887446006e+02 2.512883116883116941e+02
2.550000000000000000e+02 2.199825757575757450e+02 2.512837662337662437e+02
2.550000000000000000e+02 2.204540043290043343e+02 2.513448051948051898e+02
2.550000000000000000e+02 2.196764069264069406e+02 2.517338744588744532e+02
2.550000000000000000e+02 2.195260822510822436e+02 2.512586580086580170e+02
2.549998917748917791e+02 2.197629870129870255e+02 2.509484848484848385e+02
2.550000000000000000e+02 2.209904761904761870e+02 2.514463203463203342e+02
2.550000000000000000e+02 2.226867965367965496e+02 2.517069264069264136e+02
2.550000000000000000e+02 2.236474025974025892e+02 2.518058441558441700e+02
2.550000000000000000e+02 2.248205627705627592e+02 2.519330086580086459e+02
2.550000000000000000e+02 2.256377705627705552e+02 2.521642857142857110e+02
2.550000000000000000e+02 2.270224025974025892e+02 2.521897186147186005e+02
2.550000000000000000e+02 2.274387445887445836e+02 2.522796536796536770e+02
2.550000000000000000e+02 2.206324675324675297e+02 2.516179653679653541e+02
2.550000000000000000e+02 2.095255411255411389e+02 2.501959956709956714e+02
2.550000000000000000e+02 2.043215367965368046e+02 2.492042207792207762e+02
2.550000000000000000e+02 2.052212121212121190e+02 2.494838744588744532e+02
2.550000000000000000e+02 2.073219696969696884e+02 2.495744588744588839e+02
2.550000000000000000e+02 2.092324675324675241e+02 2.495843073593073598e+02
2.550000000000000000e+02 2.101064935064935071e+02 2.498825757575757507e+02
2.550000000000000000e+02 2.120944805194805269e+02 2.503295454545454675e+02
2.550000000000000000e+02 2.121465367965367932e+02 2.501871212121212125e+02
2.550000000000000000e+02 2.109365800865800793e+02 2.501834415584415581e+02
2.550000000000000000e+02 2.107463203463203456e+02 2.500500000000000114e+02
2.550000000000000000e+02 2.103336580086580057e+02 2.500757575757575637e+02
2.550000000000000000e+02 2.108410173160173144e+02 2.499764069264069235e+02
2.550000000000000000e+02 2.114930735930736034e+02 2.502567099567099547e+02
2.550000000000000000e+02 2.130388528138528272e+02 2.504175324675324816e+02
2.550000000000000000e+02 2.144727272727272691e+02 2.505871212121212182e+02
2.549996753246753372e+02 2.155628787878787875e+02 2.506401515151515014e+02
2.550000000000000000e+02 2.167059523809523682e+02 2.508075757575757621e+02
2.550000000000000000e+02 2.167574675324675297e+02 2.509602813852813767e+02
2.550000000000000000e+02 2.174208874458874448e+02 2.510035714285714334e+02
2.550000000000000000e+02 2.176361471861471841e+02 2.508931818181818301e+02
2.550000000000000000e+02 2.181603896103896147e+02 2.510146103896103966e+02
2.550000000000000000e+02 2.193228354978354844e+02 2.510202380952380850e+02
2.550000000000000000e+02 2.200948051948051898e+02 2.511165584415584533e+02
2.550000000000000000e+02 2.187281385281385155e+02 2.509826839826839944e+02
2.549997835497835581e+02 2.106511904761904646e+02 2.498047619047619037e+02
2.549995670995670878e+02 2.029458874458874504e+02 2.487681818181818301e+02
2.550000000000000000e+02 2.003721861471861416e+02 2.483725108225108329e+02
2.550000000000000000e+02 2.011154761904761870e+02 2.483864718614718754e+02
2.550000000000000000e+02 2.020321428571428442e+02 2.484390692640692748e+02
2.550000000000000000e+02 2.030752164502164590e+02 2.487352813852813824e+02
2.550000000000000000e+02 2.037715367965367932e+02 2.486389610389610425e+02
2.550000000000000000e+02 2.056790043290043286e+02 2.491287878787878753e+02
2.550000000000000000e+02 2.068503246753246856e+02 2.493501082251082153e+02
2.550000000000000000e+02 2.064103896103896147e+02 2.491925324675324589e+02
2.550000000000000000e+02 2.064977272727272748e+02 2.492096320346320226e+02
2.550000000000000000e+02 2.066109307359307365e+02 2.491706709956710029e+02
2.550000000000000000e+02 2.085883116883116770e+02 2.496085497835497904e+02
2.550000000000000000e+02 2.099340909090909122e+02 2.500906926406926516e+02
2.550000000000000000e+02 2.116133116883116827e+02 2.501576839826839773e+02
2.550000000000000000e+02 2.129550865800865722e+02 2.503023809523809575e+02
2.550000000000000000e+02 2.141820346320346289e+02 2.503260822510822550e+02
2.550000000000000000e+02 2.156379870129870255e+02 2.506705627705627819e+02
2.550000000000000000e+02 2.169275974025973994e+02 2.509988095238095127e+02
2.550000000000000000e+02 2.178558441558441530e+02 2.509269480519480453e+02
2.550000000000000000e+02 2.183179653679653711e+02 2.508708874458874334e+02
2.550000000000000000e+02 2.185561688311688329e+02 2.507378787878787989e+02
2.550000000000000000e+02 2.200338744588744646e+02 2.512604978354978300e+02
2.549997835497835581e+02 2.214148268398268442e+02 2.512497835497835581e+02
2.550000000000000000e+02 2.183902597402597507e+02 2.513660173160173201e+02
2.549996753246753372e+02 2.076450216450216431e+02 2.495336580086580227e+02
2.550000000000000000e+02 2.001613636363636317e+02 2.484110389610389689e+02
2.550000000000000000e+02 1.986291125541125666e+02 2.482691558441558470e+02
2.549984848484848499e+02 1.988048701298701246e+02 2.479550865800865722e+02
2.550000000000000000e+02 1.998285714285714221e+02 2.484222943722943739e+02
2.550000000000000000e+02 2.070234848484848555e+02 2.492575757575757507e+02
2.550000000000000000e+02 2.076350649350649462e+02 2.494400432900432918e+02
2.550000000000000000e+02 2.092626623376623343e+02 2.493779220779220793e+02
2.550000000000000000e+02 2.088799783549783626e+02 2.496882034632034504e+02
2.550000000000000000e+02 2.095199134199134221e+02 2.495980519480519604e+02
2.550000000000000000e+02 2.096410173160173258e+02 2.493967532467532351e+02
2.549992424242424249e+02 2.098729437229437167e+02 2.497600649350649462e+02
2.550000000000000000e+02 2.113428571428571558e+02 2.498292207792207762e+02
2.550000000000000000e+02 2.125508658008658074e+02 2.502218614718614731e+02
2.550000000000000000e+02 2.139192640692640737e+02 2.501037878787878697e+02
2.550000000000000000e+02 2.153016233766233825e+02 2.506340909090909008e+02
2.550000000000000000e+02 2.155208874458874391e+02 2.506061688311688442e+02
2.550000000000000000e+02 2.163970779220779264e+02 2.505620129870129915e+02
2.550000000000000000e+02 2.176610389610389689e+02 2.507385281385281246e+02
2.550000000000000000e+02 2.180591991341991331e+02 2.510046536796536714e+02
2.550000000000000000e+02 2.192449134199134164e+02 2.508112554112554164e+02
2.550000000000000000e+02 2.200665584415584419e+02 2.509966450216450085e+02
2.550000000000000000e+02 2.205313852813852691e+02 2.512181818181818187e+02
2.550000000000000000e+02 2.216577922077921983e+02 2.512663419913419887e+02
2.550000000000000000e+02 2.223716450216450085e+02 2.512879870129870028e+02
2.550000000000000000e+02 2.239823593073593031e+02 2.515870129870129972e+02
2.550000000000000000e+02 2.246441558441558470e+02 2.518850649350649462e+02
2.550000000000000000e+02 2.232503246753246628e+02 2.517837662337662437e+02
2.550000000000000000e+02 2.125274891774891728e+02 2.504064935064935185e+02
2.550000000000000000e+02 2.046678571428571445e+02 2.493230519480519547e+02
2.550000000000000000e+02 2.028564935064935071e+02 2.485920995670995808e+02
2.550000000000000000e+02 2.032734848484848555e+02 2.485727272727272634e+02
2.550000000000000000e+02 2.036419913419913428e+02 2.486812770562770538e+02
2.550000000000000000e+02 2.034452380952380963e+02 2.488337662337662266e+02
2.549997835497835581e+02 2.035226190476190595e+02 2.486641774891774901e+02
2.550000000000000000e+02 2.043020562770562663e+02 2.492238095238095354e+02
2.550000000000000000e+02 2.048871212121212011e+02 2.492829004329004192e+02
2.550000000000000000e+02 2.047670995670995637e+02 2.492204545454545439e+02
2.550000000000000000e+02 2.046106060606060737e+02 2.489259740259740283e+02
2.550000000000000000e+02 2.045391774891774901e+02 2.488166666666666629e+02
2.550000000000000000e+02 2.051374458874458924e+02 2.488321428571428555e+02
2.550000000000000000e+02 2.062885281385281360e+02 2.491760822510822493e+02
2.550000000000000000e+02 2.079102813852813938e+02 2.495247835497835638e+02
2.550000000000000000e+02 2.092440476190476204e+02 2.497124458874458810e+02
2.550000000000000000e+02 2.102470779220779207e+02 2.498929653679653597e+02
2.550000000000000000e+02 2.112970779220779320e+02 2.500227272727272805e+02
2.550000000000000000e+02 2.120331168831168895e+02 2.501596320346320397e+02
2.550000000000000000e+02 2.123219696969696884e+02 2.500820346320346346e+02
2.550000000000000000e+02 2.128860389610389632e+02 2.501233766233766289e+02
2.550000000000000000e+02 2.137564935064935128e+02 2.503901515151515014e+02
2.550000000000000000e+02 2.143073593073593202e+02 2.502867965367965439e+02
2.550000000000000000e+02 2.145198051948052012e+02 2.503931818181818301e+02
2.550000000000000000e+02 2.152314935064935071e+02 2.506316017316017337e+02
2.550000000000000000e+02 2.159308441558441700e+02 2.504561688311688386e+02
2.550000000000000000e+02 2.169941558441558414e+02 2.506792207792207705e+02
2.550000000000000000e+02 2.185492424242424363e+02 2.508753246753246628e+02
2.549994588744588668e+02 2.169387445887445836e+02 2.508204545454545382e+02
2.549995670995670878e+02 2.072424242424242493e+02 2.492956709956710029e+02
2.550000000000000000e+02 2.000090909090909008e+02 2.484607142857142890e+02
2.550000000000000000e+02 1.981889610389610255e+02 2.482959956709956657e+02
2.550000000000000000e+02 1.980353896103896147e+02 2.479296536796536827e+02
2.550000000000000000e+02 1.986772727272727366e+02 2.480832251082251219e+02
2.550000000000000000e+02 1.992958874458874448e+02 2.477572510822510878e+02
2.550000000000000000e+02 1.992913419913419943e+02 2.482111471861471728e+02
2.550000000000000000e+02 1.997626623376623343e+02 2.485050865800865836e+02
2.549996753246753372e+02 2.002346320346320283e+02 2.482891774891774901e+02
2.550000000000000000e+02 1.998554112554112692e+02 2.479220779220779320e+02
2.550000000000000000e+02 1.993212121212121133e+02 2.482125541125541019e+02
2.550000000000000000e+02 1.996183982683982663e+02 2.476570346320346232e+02
2.550000000000000000e+02 2.005760822510822550e+02 2.481139610389610368e+02
2.550000000000000000e+02 2.015893939393939434e+02 2.484599567099567139e+02
2.550000000000000000e+02 2.029216450216450198e+02 2.486094155844155864e+02
2.550000000000000000e+02 2.048219696969696884e+02 2.488218614718614674e+02
2.550000000000000000e+02 2.060450216450216487e+02 2.488179653679653711e+02
2.550000000000000000e+02 2.077616883116883173e+02 2.492443722943722832e+02
2.550000000000000000e+02 2.086008658008657903e+02 2.492916666666666572e+02
2.550000000000000000e+02 2.089296536796536827e+02 2.492534632034632125e+02
2.550000000000000000e+02 2.100332251082251105e+02 2.495787878787878924e+02
2.550000000000000000e+02 2.111413419913419887e+02 2.497528138528138584e+02
2.550000000000000000e+02 2.120760822510822550e+02 2.496099567099567196e+02
2.550000000000000000e+02 2.132951298701298697e+02 2.498838744588744589e+02
2.550000000000000000e+02 2.150011904761904873e+02 2.500097402597402549e+02
2.550000000000000000e+02 2.162594155844155921e+02 2.501829004329004249e+02
2.550000000000000000e+02 2.120739177489177507e+02 2.496363636363636260e+02
2.550000000000000000e+02 2.011807359307359206e+02 2.481738095238095241e+02
2.549993506493506459e+02 1.956933982683982549e+02 2.470403679653679774e+02
2.549993506493506459e+02 1.943904761904761926e+02 2.467261904761904816e+02
2.550000000000000000e+02 1.955004329004329122e+02 2.466954545454545382e+02
2.550000000000000000e+02 1.964445887445887422e+02 2.470280303030303060e+02
2.550000000000000000e+02 1.971715367965367989e+02 2.472382034632034618e+02
2.550000000000000000e+02 1.977997835497835410e+02 2.476574675324675354e+02
2.549996753246753372e+02 1.993312770562770595e+02 2.476205627705627705e+02
2.549995670995670878e+02 1.998698051948051955e+02 2.475932900432900396e+02
2.550000000000000000e+02 1.992647186147186176e+02 2.476272727272727252e+02
2.549998917748917791e+02 1.990874458874458810e+02 2.475051948051948045e+02
2.550000000000000000e+02 1.992956709956710029e+02 2.472683982683982720e+02
2.549992424242424249e+02 1.989923160173160284e+02 2.474691558441558357e+02
2.549997835497835581e+02 2.004298701298701246e+02 2.475529220779220907e+02
2.550000000000000000e+02 2.014058441558441643e+02 2.478931818181818301e+02
2.550000000000000000e+02 2.033377705627705723e+02 2.484019480519480396e+02
2.550000000000000000e+02 2.052899350649350652e+02 2.487316017316017280e+02
2.549998917748917791e+02 2.065221861471861473e+02 2.490652597402597337e+02
2.550000000000000000e+02 2.082400432900433032e+02 2.490791125541125552e+02
2.550000000000000000e+02 2.092885281385281360e+02 2.494435064935065043e+02
2.549997835497835581e+02 2.108813852813852918e+02 2.499270562770562663e+02
2.550000000000000000e+02 2.110126623376623343e+02 2.501320346320346459e+02
2.550000000000000000e+02 2.118726190476190538e+02 2.500286796536796601e+02
2.550000000000000000e+02 2.121916666666666629e+02 2.499775974025974108e+02
2.550000000000000000e+02 2.136015151515151445e+02 2.500624458874458753e+02
2.550000000000000000e+02 2.147483766233766289e+02 2.502354978354978243e+02
2.550000000000000000e+02 2.160251082251082266e+02 2.503417748917748895e+02
2.550000000000000000e+02 2.117743506493506516e+02 2.498224025974026006e+02
2.549996753246753372e+02 2.004870129870129745e+02 2.480204545454545553e+02
2.550000000000000000e+02 1.930700216450216544e+02 2.470349567099567025e+02
2.550000000000000000e+02 1.917292207792207819e+02 2.463336580086580057e+02
2.549995670995670878e+02 1.916401515151515014e+02 2.463893939393939263e+02
2.550000000000000000e+02 1.924726190476190482e+02 2.468044372294372408e+02
2.549989177489177621e+02 1.921572510822510935e+02 2.465664502164502210e+02
2.549993506493506459e+02 1.924707792207792068e+02 2.468584415584415694e+02
2.550000000000000000e+02 1.937049783549783513e+02 2.469762987012987026e+02
2.550000000000000000e+02 1.941524891774891728e+02 2.471464285714285722e+02
2.549983766233766289e+02 1.934204545454545325e+02 2.470323593073593145e+02
2.550000000000000000e+02 1.939985930735930708e+02 2.470889610389610311e+02
2.550000000000000000e+02 1.945304112554112521e+02 2.474574675324675184e+02
2.550000000000000000e+02 1.955619047619047706e+02 2.469712121212121190e+02
2.550000000000000000e+02 1.961196969696969745e+02 2.479015151515151558e+02
2.550000000000000000e+02 1.972792207792207932e+02 2.477688311688311558e+02
2.550000000000000000e+02 1.985226190476190595e+02 2.475261904761904646e+02
2.550000000000000000e+02 1.987879870129870028e+02 2.477347402597402493e+02
2.550000000000000000e+02 1.998541125541125609e+02 2.480543290043289915e+02
2.550000000000000000e+02 2.008958874458874391e+02 2.484663419913419773e+02
2.549998917748917791e+02 2.016766233766233825e+02 2.482323593073593031e+02
2.550000000000000000e+02 2.027765151515151558e+02 2.481123376623376657e+02
2.550000000000000000e+02 2.038143939393939377e+02 2.485391774891774901e+02
2.550000000000000000e+02 2.046989177489177507e+02 2.489260822510822493e+02
2.550000000000000000e+02 2.063517316017316148e+02 2.488629870129870199e+02
2.549992424242424249e+02 2.074192640692640737e+02 2.491232683982684080e+02
2.550000000000000000e+02 2.082346320346320283e+02 2.492340909090908951e+02
2.550000000000000000e+02 2.090138528138528216e+02 2.498161255411255297e+02
2.550000000000000000e+02 2.108400432900432975e+02 2.496966450216450255e+02
2.550000000000000000e+02 2.112364718614718697e+02 2.494518398268398300e+02
2.550000000000000000e+02 2.034941558441558414e+02 2.484364718614718583e+02
2.549996753246753372e+02 1.933257575757575637e+02 2.465319264069264023e+02
2.550000000000000000e+02 1.886676406926407026e+02 2.455970779220779150e+02
2.550000000000000000e+02 1.881667748917748781e+02 2.455260822510822436e+02
2.550000000000000000e+02 1.900106060606060510e+02 2.456672077922077904e+02
2.550000000000000000e+02 1.901562770562770481e+02 2.457066017316017223e+02
2.550000000000000000e+02 1.891983766233766175e+02 2.465061688311688215e+02
2.550000000000000000e+02 1.904445887445887422e+02 2.463410173160173144e+02
2.550000000000000000e+02 1.915823593073592974e+02 2.462205627705627649e+02
2.549984848484848499e+02 1.912306277056277111e+02 2.462729437229437224e+02
2.550000000000000000e+02 1.907825757575757564e+02 2.461117965367965326e+02
2.550000000000000000e+02 1.910377705627705609e+02 2.464295454545454618e+02
2.550000000000000000e+02 1.915546536796536827e+02 2.465468614718614617e+02
2.550000000000000000e+02 1.938764069264069292e+02 2.464953463203463286e+02
2.549998917748917791e+02 1.958490259740259773e+02 2.469609307359307309e+02
2.550000000000000000e+02 1.978106060606060623e+02 2.470796536796536884e+02
2.550000000000000000e+02 1.988333333333333428e+02 2.473156926406926459e+02
2.550000000000000000e+02 1.991629870129870028e+02 2.479100649350649235e+02
2.549997835497835581e+02 1.999095238095238187e+02 2.475825757575757677e+02
2.550000000000000000e+02 2.006607142857142776e+02 2.478009740259740283e+02
2.550000000000000000e+02 2.014079004329004192e+02 2.482767316017315977e+02
2.550000000000000000e+02 2.015768398268398300e+02 2.482261904761904816e+02
2.549998917748917791e+02 2.022893939393939320e+02 2.484554112554112635e+02
2.549982683982684080e+02 2.029816017316017280e+02 2.486158008658008782e+02
2.550000000000000000e+02 2.039266233766233825e+02 2.485708874458874504e+02
2.549998917748917791e+02 2.050240259740259603e+02 2.489851731601731615e+02
2.550000000000000000e+02 2.058114718614718583e+02 2.491604978354978357e+02
2.550000000000000000e+02 2.025667748917748838e+02 2.485090909090909008e+02
2.549995670995670878e+02 1.929432900432900340e+02 2.465872294372294391e+02
2.550000000000000000e+02 1.865663419913420000e+02 2.459058441558441643e+02
2.550000000000000000e+02 1.847300865800865779e+02 2.457403679653679660e+02
2.550000000000000000e+02 1.856141774891774787e+02 2.459767316017316148e+02
2.550000000000000000e+02 1.858427489177489065e+02 2.461154761904761870e+02
2.549998917748917791e+02 1.864375541125541247e+02 2.458938311688311558e+02
2.550000000000000000e+02 1.868892857142857054e+02 2.459993506493506459e+02
2.550000000000000000e+02 1.880136363636363512e+02 2.459266233766233825e+02
2.550000000000000000e+02 1.877706709956709972e+02 2.464147186147186233e+02
2.549998917748917791e+02 1.876467532467532351e+02 2.461010822510822607e+02
2.550000000000000000e+02 1.878832251082251048e+02 2.460426406926407026e+02
2.550000000000000000e+02 1.881814935064934957e+02 2.462113636363636431e+02
2.550000000000000000e+02 1.898773809523809462e+02 2.463432900432900396e+02
2.549995670995670878e+02 1.918195887445887422e+02 2.468821428571428669e+02
2.550000000000000000e+02 1.929814935064935071e+02 2.474508658008658131e+02
2.550000000000000000e+02 1.951097402597402493e+02 2.474068181818181813e+02
2.549996753246753372e+02 1.965568181818181870e+02 2.479188311688311614e+02
2.550000000000000000e+02 1.976111471861471784e+02 2.479209956709956657e+02
2.550000000000000000e+02 1.982937229437229405e+02 2.478599567099567196e+02
2.550000000000000000e+02 1.990957792207792068e+02 2.479312770562770538e+02
2.550000000000000000e+02 1.999142857142857110e+02 2.480676406926406798e+02
2.550000000000000000e+02 2.000298701298701189e+02 2.480488095238095241e+02
2.550000000000000000e+02 2.013732683982684080e+02 2.484603896103895977e+02
2.550000000000000000e+02 2.035073593073593088e+02 2.487895021645021529e+02
2.550000000000000000e+02 2.052833333333333314e+02 2.490622294372294334e+02
2.550000000000000000e+02 2.048606060606060737e+02 2.493212121212121133e+02
2.550000000000000000e+02 1.966186147186147082e+02 2.478249999999999886e+02
2.550000000000000000e+02 1.879211038961038867e+02 2.464174242424242323e+02
2.550000000000000000e+02 1.843403679653679603e+02 2.451475108225108102e+02
2.549996753246753372e+02 1.840386363636363569e+02 2.455319264069264023e+02
2.550000000000000000e+02 1.848910173160173258e+02 2.456413419913419887e+02
2.549997835497835581e+02 1.845685064935065043e+02 2.457477272727272748e+02
2.549977272727272748e+02 1.848177489177489292e+02 2.453890692640692635e+02
2.549998917748917791e+02 1.858137445887445836e+02 2.455878787878787932e+02
2.550000000000000000e+02 1.867183982683982606e+02 2.457359307359307365e+02
2.550000000000000000e+02 1.871232683982684080e+02 2.457485930735930708e+02
2.549998917748917791e+02 1.866142857142857281e+02 2.459383116883116998e+02
2.549996753246753372e+02 1.871082251082250991e+02 2.464189393939393824e+02
2.550000000000000000e+02 1.886491341991342097e+02 2.461873376623376544e+02
2.550000000000000000e+02 1.894954545454545496e+02 2.461550865800865893e+02
2.550000000000000000e+02 1.911703463203463116e+02 2.461834415584415581e+02
2.550000000000000000e+02 1.921294372294372295e+02 2.467801948051948102e+02
2.550000000000000000e+02 1.940835497835497847e+02 2.469072510822510935e+02
2.550000000000000000e+02 1.948357142857142890e+02 2.472835497835497733e+02
2.550000000000000000e+02 1.953404761904761813e+02 2.472916666666666572e+02
2.549995670995670878e+02 1.967222943722943853e+02 2.474284632034631954e+02
2.550000000000000000e+02 1.975030303030303003e+02 2.479449134199134335e+02
2.550000000000000000e+02 1.978303030303030425e+02 2.479832251082250991e+02
2.550000000000000000e+02 1.993792207792207876e+02 2.479256493506493371e+02
2.550000000000000000e+02 2.001232683982684080e+02 2.482229437229437110e+02
2.549987012987012918e+02 2.010623376623376544e+02 2.482428571428571331e+02
2.550000000000000000e+02 2.024572510822510765e+02 2.487159090909090935e+02
2.550000000000000000e+02 2.043569264069264193e+02 2.490798701298701303e+02
2.549997835497835581e+02 2.049155844155844193e+02 2.486787878787878867e+02
2.550000000000000000e+02 2.019369047619047706e+02 2.484449134199134335e+02
2.550000000000000000e+02 1.906690476190476318e+02 2.469734848484848442e+02
2.550000000000000000e+02 1.834570346320346346e+02 2.456346320346320340e+02
2.549994588744588668e+02 1.814609307359307309e+02 2.451161255411255411e+02
2.550000000000000000e+02 1.814740259740259773e+02 2.451303030303030255e+02
2.549998917748917791e+02 1.819914502164502039e+02 2.452799783549783683e+02
2.549992424242424249e+02 1.813705627705627705e+02 2.453712121212121247e+02
2.550000000000000000e+02 1.824584415584415638e+02 2.452002164502164590e+02
2.549992424242424249e+02 1.836822510822510708e+02 2.454112554112554108e+02
2.550000000000000000e+02 1.840501082251082323e+02 2.455556277056276997e+02
2.550000000000000000e+02 1.838147186147186005e+02 2.454834415584415694e+02
2.550000000000000000e+02 1.836958874458874504e+02 2.451497835497835638e+02
2.550000000000000000e+02 1.842518398268398130e+02 2.457688311688311558e+02
2.550000000000000000e+02 1.855265151515151558e+02 2.458455627705627649e+02
2.550000000000000000e+02 1.862889610389610482e+02 2.464415584415584419e+02
2.550000000000000000e+02 1.880066017316017337e+02 2.465512987012986912e+02
2.550000000000000000e+02 1.895350649350649235e+02 2.465704545454545382e+02
2.550000000000000000e+02 1.902235930735930651e+02 2.467725108225108102e+02
2.550000000000000000e+02 1.913571428571428612e+02 2.464523809523809632e+02
2.550000000000000000e+02 1.925240259740259603e+02 2.469662337662337563e+02
2.550000000000000000e+02 1.931321428571428669e+02 2.474332251082251162e+02
2.549998917748917791e+02 1.943515151515151445e+02 2.471590909090909065e+02
2.550000000000000000e+02 1.952431818181818244e+02 2.475522727272727366e+02
2.550000000000000000e+02 1.958891774891774844e+02 2.474333333333333371e+02
2.549994588744588668e+02 1.970863636363636431e+02 2.474636363636363683e+02
2.549997835497835581e+02 1.983516233766233654e+02 2.479721861471861359e+02
2.549997835497835581e+02 1.996903679653679546e+02 2.482794372294372351e+02
2.550000000000000000e+02 2.009243506493506572e+02 2.483247835497835467e+02
2.550000000000000000e+02 2.003022727272727366e+02 2.483234848484848385e+02
2.550000000000000000e+02 1.921143939393939490e+02 2.472760822510822436e+02
2.550000000000000000e+02 1.836775974025973994e+02 2.453938311688311558e+02
2.550000000000000000e+02 1.802931818181818073e+02 2.451775974025973994e+02
2.550000000000000000e+02 1.796692640692640737e+02 2.447784632034631898e+02
2.550000000000000000e+02 1.815291125541125439e+02 2.450322510822510935e+02
2.550000000000000000e+02 1.817080086580086515e+02 2.450087662337662380e+02
2.550000000000000000e+02 1.821377705627705552e+02 2.451073593073593031e+02
2.550000000000000000e+02 1.831485930735930765e+02 2.456109307359307365e+02
2.549997835497835581e+02 1.844615800865800850e+02 2.455715367965368046e+02
2.550000000000000000e+02 1.833191558441558300e+02 2.455413419913419943e+02
2.549988095238095127e+02 1.835269480519480396e+02 2.456648268398268442e+02
2.550000000000000000e+02 1.846926406926406798e+02 2.458094155844155750e+02
2.549998917748917791e+02 1.863121212121212125e+02 2.461364718614718754e+02
2.549997835497835581e+02 1.879898268398268328e+02 2.464537878787878924e+02
2.550000000000000000e+02 1.901987012987013088e+02 2.464689393939393938e+02
2.550000000000000000e+02 1.915887445887445892e+02 2.466521645021645099e+02
2.550000000000000000e+02 1.928265151515151388e+02 2.468112554112554164e+02
2.549995670995670878e+02 1.942343073593073655e+02 2.470297619047618980e+02
2.549991341991342040e+02 1.947728354978355014e+02 2.472373376623376657e+02
2.550000000000000000e+02 1.955464285714285779e+02 2.471450216450216431e+02
2.550000000000000000e+02 1.960450216450216487e+02 2.474856060606060737e+02
2.550000000000000000e+02 1.976957792207792295e+02 2.476547619047618980e+02
2.550000000000000000e+02 1.985581168831168952e+02 2.479873376623376657e+02
2.549997835497835581e+02 1.999415584415584419e+02 2.483824675324675297e+02
2.550000000000000000e+02 2.017653679653679717e+02 2.485940476190476147e+02
2.549997835497835581e+02 2.037909090909090821e+02 2.483948051948052012e+02
2.550000000000000000e+02 2.008927489177489178e+02 2.482468614718614788e+02
2.549994588744588668e+02 1.906948051948051841e+02 2.464232683982683909e+02
2.550000000000000000e+02 1.845987012987012861e+02 2.453399350649350765e+02
2.550000000000000000e+02 1.831441558441558470e+02 2.445520562770562663e+02
2.549996753246753372e+02 1.829466450216450255e+02 2.449267316017316034e+02
2.550000000000000000e+02 1.838521645021644986e+02 2.452533549783549915e+02
2.550000000000000000e+02 1.834919913419913371e+02 2.453702380952381077e+02
2.550000000000000000e+02 1.840806277056277054e+02 2.452142857142857224e+02
2.550000000000000000e+02 1.856876623376623456e+02 2.455532467532467535e+02
2.550000000000000000e+02 1.866098484848484986e+02 2.456172077922077790e+02
2.550000000000000000e+02 1.864418831168831048e+02 2.457845238095238187e+02
2.549993506493506459e+02 1.871510822510822436e+02 2.456720779220779320e+02
2.549996753246753372e+02 1.875154761904761926e+02 2.455741341991341926e+02
2.550000000000000000e+02 1.883661255411255411e+02 2.462136363636363683e+02
2.550000000000000000e+02 1.900158008658008555e+02 2.464265151515151615e+02
2.550000000000000000e+02 1.921128787878787989e+02 2.469554112554112635e+02
2.550000000000000000e+02 1.939443722943723003e+02 2.467358225108225156e+02
