2.549979023074617999e+02 5.088477674557986319e+01 2.015194785735690743e+02
2.549979023074617999e+02 5.521186694635900238e+01 2.080744680851063890e+02
2.549959544501048754e+02 8.121860952951753632e+01 2.177789931075816696e+02
2.549953551093796875e+02 7.792043751872940049e+01 2.163777344920587495e+02
2.550000000000000000e+02 1.083022175606832462e+02 2.232187593646988262e+02
2.550000000000000000e+02 1.088645489961042898e+02 2.226789032064728815e+02
2.549995504944560878e+02 1.110241234641893868e+02 2.238955648786335075e+02
2.550000000000000000e+02 1.110771651183697912e+02 2.233384776745579927e+02
2.550000000000000000e+02 1.118429727299970011e+02 2.236224153431225545e+02
2.550000000000000000e+02 1.055973928678453717e+02 2.227448306862451375e+02
2.549964039556487876e+02 1.038464189391669095e+02 2.220173808810308742e+02
2.549997003296373919e+02 1.053910698231944849e+02 2.228536110278693343e+02
2.549991009889122040e+02 1.126065328139047068e+02 2.244181899910098821e+02
2.549995504944560878e+02 1.127213065627809385e+02 2.248826790530416417e+02
2.549998501648186959e+02 1.141122265507941194e+02 2.249294276296074315e+02
2.549989511537308999e+02 1.149964039556487876e+02 2.258699430626311084e+02
2.549989511537308999e+02 1.203035660773149544e+02 2.266980821096793477e+02
2.549994006592747837e+02 1.209575966436919430e+02 2.263218459694336104e+02
2.549979023074617999e+02 1.211176206173209522e+02 2.259091998801318653e+02
2.549992508240935081e+02 1.216281090800119813e+02 2.262367395864548882e+02
2.550000000000000000e+02 1.228109080011986833e+02 2.259809709319748379e+02
2.550000000000000000e+02 1.232559184896613687e+02 2.263338327839376802e+02
2.549994006592747837e+02 1.230885525921486305e+02 2.265202277494755663e+02
2.549998501648186959e+02 1.236854959544501043e+02 2.264139946059334818e+02
2.550000000000000000e+02 1.246406952352412389e+02 2.270115373089601576e+02
2.549992508240935081e+02 1.243996104285286179e+02 2.265967935271201554e+02
2.549997003296373919e+02 1.250651783038657499e+02 2.267927779442613030e+02
2.549982019778243796e+02 1.258697932274498044e+02 2.273480671261612258e+02
2.550000000000000000e+02 1.261210668264908605e+02 2.271696134252322565e+02
2.549989511537308999e+02 1.259351213664968583e+02 2.269486065328138977e+02
2.550000000000000000e+02 1.215361102786934424e+02 2.262703026670662325e+02
2.550000000000000000e+02 1.215677255019478622e+02 2.260304165418040157e+02
2.549994006592747837e+02 1.220470482469283837e+02 2.263849265807611744e+02
2.549995504944560878e+02 1.223865747677554623e+02 2.270925981420437552e+02
2.549995504944560878e+02 1.231433922685046412e+02 2.265059934072520207e+02
2.549995504944560878e+02 1.229803715912496216e+02 2.263287383877734555e+02
2.549994006592747837e+02 1.230155828588552538e+02 2.260230746179202868e+02
2.549997003296373919e+02 1.236189691339526462e+02 2.257921786035361151e+02
2.549986514833682918e+02 1.218139047048246937e+02 2.253488163020677177e+02
2.549992508240935081e+02 1.158626011387473795e+02 2.240713215462990604e+02
2.549985016481869877e+02 1.117301468384776797e+02 2.226983817800419558e+02
2.549997003296373919e+02 1.110191789032064662e+02 2.222157626610728300e+02
2.550000000000000000e+02 1.123789331735091395e+02 2.232022774947557764e+02
2.549989511537308999e+02 1.133088103086604690e+02 2.234974528019178877e+02
2.550000000000000000e+02 1.127625112376385914e+02 2.236835480970931940e+02
2.549989511537308999e+02 1.181550794126460886e+02 2.252028768354809642e+02
2.549998501648186959e+02 1.197735990410548368e+02 2.247589151932873790e+02
2.549973029667365836e+02 1.211360503446209123e+02 2.249087503745879530e+02
2.549994006592747837e+02 1.212574168414743809e+02 2.252100689241833891e+02
2.549995504944560878e+02 1.214102487264009653e+02 2.261454899610428413e+02
2.550000000000000000e+02 1.222295474977524776e+02 2.258246928378783309e+02
2.549985016481869877e+02 1.221207671561282524e+02 2.257906802517231029e+02
2.549994006592747837e+02 1.236412945759664410e+02 2.261171711117770542e+02
2.549955049445609916e+02 1.236333533113575101e+02 2.262900809109979150e+02
2.550000000000000000e+02 1.238209469583458144e+02 2.266883428228948105e+02
2.549995504944560878e+02 1.233510638297872362e+02 2.265251723104584869e+02
2.550000000000000000e+02 1.243341324543002742e+02 2.267024273299370805e+02
2.549985016481869877e+02 1.256914893617021249e+02 2.259005094396164282e+02
2.549983518130056837e+02 1.256646688642493217e+02 2.257972729997003398e+02
2.549998501648186959e+02 1.263236439916092309e+02 2.259952052741983834e+02
2.549991009889122040e+02 1.270116871441414474e+02 2.264288282888822437e+02
2.550000000000000000e+02 1.268620017980221775e+02 2.266397962241534287e+02
2.550000000000000000e+02 1.270785136350014994e+02 2.269462091699130895e+02
2.549989511537308999e+02 1.232884327240035987e+02 2.258473179502547339e+02
2.549991009889122040e+02 1.230041953850764145e+02 2.260347617620617200e+02
2.550000000000000000e+02 1.229683847767455802e+02 2.261607731495355154e+02
2.549995504944560878e+02 1.242175606832484220e+02 2.257565178303865707e+02
2.549991009889122040e+02 1.248327839376685660e+02 2.260422535211267530e+02
2.549998501648186959e+02 1.249324243332334419e+02 2.259225352112676148e+02
2.550000000000000000e+02 1.248843272400359581e+02 2.263431225651783052e+02
2.550000000000000000e+02 1.241038357806412904e+02 2.257890320647287865e+02
2.549995504944560878e+02 1.182443811807012253e+02 2.241327539706323080e+02
2.549995504944560878e+02 1.141194186394965584e+02 2.232454300269703253e+02
2.549995504944560878e+02 1.147238537608630509e+02 2.231378483667965327e+02
2.550000000000000000e+02 1.167978723404255277e+02 2.234229847168114986e+02
2.549994006592747837e+02 1.182037758465687745e+02 2.240819598441714220e+02
2.549998501648186959e+02 1.186336529817201040e+02 2.243170512436319939e+02
2.549997003296373919e+02 1.192978723404255277e+02 2.244520527419838061e+02
2.549992508240935081e+02 1.198498651483368320e+02 2.249141444411147859e+02
2.550000000000000000e+02 1.201414444111477309e+02 2.247923284387174192e+02
2.549973029667365836e+02 1.198010188792328421e+02 2.244366197183098564e+02
2.549985016481869877e+02 1.197951753071621255e+02 2.247674557986215120e+02
2.549997003296373919e+02 1.199062031765058407e+02 2.247313455199280838e+02
2.550000000000000000e+02 1.202688043152532202e+02 2.243408750374588010e+02
2.550000000000000000e+02 1.201649685346119298e+02 2.246384477075217205e+02
2.549995504944560878e+02 1.211766556787533773e+02 2.246192688043152543e+02
2.550000000000000000e+02 1.213351813005693742e+02 2.248703925681750206e+02
2.550000000000000000e+02 1.207629607431825036e+02 2.246753071621216691e+02
2.549991009889122040e+02 1.210524423134552023e+02 2.250371591249625283e+02
2.549997003296373919e+02 1.216895415043452147e+02 2.251486364998501699e+02
2.550000000000000000e+02 1.211705124363200525e+02 2.247532214563979664e+02
2.550000000000000000e+02 1.210540905004495045e+02 2.244931075816601833e+02
2.550000000000000000e+02 1.215896014384177448e+02 2.245934971531315512e+02
2.549986514833682918e+02 1.221561282589151887e+02 2.248883727899310827e+02
2.550000000000000000e+02 1.218201977824393225e+02 2.244298771351513437e+02
2.550000000000000000e+02 1.214111477374887613e+02 2.236399460593347328e+02
2.549977524722804958e+02 1.198739886125262188e+02 2.236678154030566361e+02
2.549995504944560878e+02 1.189743781839976009e+02 2.232632604135451118e+02
2.550000000000000000e+02 1.190815103386275098e+02 2.232109679352712135e+02
2.550000000000000000e+02 1.190391069823194528e+02 2.238814803715912376e+02
2.550000000000000000e+02 1.159403655978423728e+02 2.229557986215163226e+02
2.550000000000000000e+02 1.082712016781540285e+02 2.207840875037458659e+02
2.549998501648186959e+02 1.013885226251123726e+02 2.188495654779742381e+02
2.550000000000000000e+02 9.880326640695234630e+01 2.178516631705124382e+02
2.550000000000000000e+02 1.015876535810608345e+02 2.186294575966437037e+02
2.549997003296373919e+02 1.095660773149535459e+02 2.207980221756068318e+02
2.549989511537308999e+02 1.114163919688342759e+02 2.223714414144441207e+02
2.550000000000000000e+02 1.134751273599041070e+02 2.230479472580161939e+02
2.549995504944560878e+02 1.157157626610728158e+02 2.234403655978423728e+02
2.550000000000000000e+02 1.173276895415043413e+02 2.242692538207971324e+02
2.550000000000000000e+02 1.181332034761762060e+02 2.247923284387174192e+02
2.549986514833682918e+02 1.192150134851663239e+02 2.246526820497452661e+02
2.549991009889122040e+02 1.211159724303266358e+02 2.249623913694935595e+02
2.549997003296373919e+02 1.219065028468684488e+02 2.255013485166317082e+02
2.549998501648186959e+02 1.233991609229847199e+02 2.256636200179802358e+02
2.549998501648186959e+02 1.253721905903506126e+02 2.257479772250524377e+02
2.550000000000000000e+02 1.261792028768354754e+02 2.262094695834582012e+02
2.550000000000000000e+02 1.262377884327240025e+02 2.256077314953550967e+02
2.550000000000000000e+02 1.269920587353910690e+02 2.264288282888822437e+02
2.549998501648186959e+02 1.270687743482169623e+02 2.262021276595744723e+02
2.550000000000000000e+02 1.228513635001498301e+02 2.248085106382978609e+02
2.549997003296373919e+02 1.228125561881929855e+02 2.244604435121366635e+02
2.549997003296373919e+02 1.232893317350913946e+02 2.247926281090799989e+02
2.549991009889122040e+02 1.236754569973029731e+02 2.250124363200479536e+02
2.549998501648186959e+02 1.228615522924782795e+02 2.249258315852562191e+02
2.549992508240935081e+02 1.238807311956847457e+02 2.253837278993107702e+02
2.550000000000000000e+02 1.235809109979023077e+02 2.251499850164818781e+02
2.549994006592747837e+02 1.243525621816002342e+02 2.248545100389571587e+02
2.550000000000000000e+02 1.245116871441414474e+02 2.251562780940965069e+02
2.549998501648186959e+02 1.238919688342822951e+02 2.253585555888522549e+02
2.550000000000000000e+02 1.239665867545699740e+02 2.251460893017680576e+02
2.550000000000000000e+02 1.212320946958345758e+02 2.244932574168414874e+02
2.550000000000000000e+02 1.151941863949655414e+02 2.226601738088102991e+02
2.549968534611926998e+02 1.121447407851363494e+02 2.218925681750074830e+02
2.549991009889122040e+02 1.136511836979322680e+02 2.221462391369493616e+02
2.549995504944560878e+02 1.159484566976326079e+02 2.233795325142343415e+02
2.550000000000000000e+02 1.177073718909199869e+02 2.238618519628408876e+02
2.549995504944560878e+02 1.174342223554090481e+02 2.234826191189691258e+02
2.550000000000000000e+02 1.180001498351813041e+02 2.240964938567575757e+02
2.550000000000000000e+02 1.194053041654180447e+02 2.245659274797722560e+02
2.550000000000000000e+02 1.204298771351513295e+02 2.239081510338627368e+02
2.549995504944560878e+02 1.203239436619718248e+02 2.237789931075816696e+02
2.550000000000000000e+02 1.199286784537009254e+02 2.238029667365897524e+02
2.550000000000000000e+02 1.192652082709020078e+02 2.247198082109679262e+02
2.549995504944560878e+02 1.203429727299970011e+02 2.254142942762960615e+02
2.549983518130056837e+02 1.210422535211267672e+02 2.243784836679652415e+02
2.549997003296373919e+02 1.216950854060533374e+02 2.247096194186395053e+02
2.550000000000000000e+02 1.218576565777644589e+02 2.244770752172610173e+02
2.549992508240935081e+02 1.222111177704525034e+02 2.242653581060833119e+02
2.549997003296373919e+02 1.233023673958645503e+02 2.244325741684147317e+02
2.549997003296373919e+02 1.233336829487563620e+02 2.246453401258615656e+02
2.549997003296373919e+02 1.232275996403955673e+02 2.245367096194186445e+02
2.550000000000000000e+02 1.231468384776745637e+02 2.249922085705723589e+02
2.549992508240935081e+02 1.238263410248726331e+02 2.248967635600839117e+02
2.549994006592747837e+02 1.238993107581660240e+02 2.248040155828588524e+02
2.550000000000000000e+02 1.238690440515432982e+02 2.249835181300569502e+02
2.549995504944560878e+02 1.253425232244531031e+02 2.248636499850164796e+02
2.549992508240935081e+02 1.264102487264009653e+02 2.252867845370092823e+02
2.550000000000000000e+02 1.248590050943961671e+02 2.256718609529517607e+02
2.550000000000000000e+02 1.212292478273898695e+02 2.240062930776146288e+02
2.550000000000000000e+02 1.140746179202876789e+02 2.220344620916991403e+02
2.549995504944560878e+02 1.065740185795624768e+02 2.199438118070122812e+02
2.549986514833682918e+02 1.136027869343721903e+02 2.221378483667965327e+02
2.549989511537308999e+02 1.161559784237338988e+02 2.226399460593347328e+02
2.550000000000000000e+02 1.169680851063829721e+02 2.233004195385076400e+02
2.549998501648186959e+02 1.186658675456997258e+02 2.233684447108180962e+02
2.549994006592747837e+02 1.195764159424632851e+02 2.238712915792628166e+02
2.550000000000000000e+02 1.202993706922385400e+02 2.246162721006892298e+02
2.549980521426431039e+02 1.207813904704824637e+02 2.247727000299670408e+02
2.549994006592747837e+02 1.203756367995205210e+02 2.236402457296973409e+02
2.549994006592747837e+02 1.205554390170812127e+02 2.237902307461791906e+02
2.549995504944560878e+02 1.207186095295175363e+02 2.239321246628708479e+02
2.549988013185495959e+02 1.217415343122565190e+02 2.243046149235840687e+02
2.549997003296373919e+02 1.225247228049145889e+02 2.243127060233742895e+02
2.549998501648186959e+02 1.228201977824393225e+02 2.246421935870542370e+02
2.549994006592747837e+02 1.230729697332933767e+02 2.248754869643392169e+02
2.550000000000000000e+02 1.235776146239136892e+02 2.245899011087803387e+02
2.549997003296373919e+02 1.233178004195385142e+02 2.246673658975127239e+02
2.550000000000000000e+02 1.230311657177105218e+02 2.245668264908600520e+02
2.549988013185495959e+02 1.229402157626610688e+02 2.245016481869943163e+02
2.549967036260113957e+02 1.237270002996703653e+02 2.240624812706023476e+02
2.549994006592747837e+02 1.238191489361702082e+02 2.250851063829787222e+02
2.549955049445609916e+02 1.242144141444411218e+02 2.247341923883727759e+02
2.550000000000000000e+02 1.243909199880131808e+02 2.241015882529217720e+02
2.549995504944560878e+02 1.241899910098891269e+02 2.248632004794725674e+02
2.549992508240935081e+02 1.246811507341923857e+02 2.253423733892718133e+02
2.550000000000000000e+02 1.241003895714713821e+02 2.247777944261312655e+02
2.549994006592747837e+02 1.228161522325441979e+02 2.236189691339526462e+02
2.549997003296373919e+02 1.133901708121066889e+02 2.209791729097992175e+02
2.549979023074617999e+02 1.037995205274198440e+02 2.177939766257117071e+02
2.549994006592747837e+02 1.004676356008390741e+02 2.174733293377285008e+02
2.550000000000000000e+02 1.045462990710218776e+02 2.181896913395265187e+02
2.549994006592747837e+02 1.078164519029068060e+02 2.196017380881030761e+02
2.549998501648186959e+02 1.150782139646388913e+02 2.214776745579862052e+02
2.549998501648186959e+02 1.169745280191789050e+02 2.222103685945459972e+02
2.550000000000000000e+02 1.193031165717710564e+02 2.234229847168114986e+02
2.549991009889122040e+02 1.208934671860952932e+02 2.235633802816901436e+02
2.549991009889122040e+02 1.222389871141744067e+02 2.240632304465088396e+02
2.549994006592747837e+02 1.227643092598141976e+02 2.241850464489062063e+02
2.549998501648186959e+02 1.225987413844770799e+02 2.238299370692238597e+02
2.550000000000000000e+02 1.234665867545699740e+02 2.239165418040155942e+02
2.550000000000000000e+02 1.238597542703026733e+02 2.242830386574767658e+02
2.550000000000000000e+02 1.243606532813904693e+02 2.242258016182199469e+02
2.549986514833682918e+02 1.253167515732694000e+02 2.244169913095594779e+02
2.550000000000000000e+02 1.257457296973329335e+02 2.243985615822595037e+02
2.549992508240935081e+02 1.256400958945160369e+02 2.245485465987413818e+02
2.549973029667365836e+02 1.259138447707521777e+02 2.243822295474977579e+02
2.549994006592747837e+02 1.209411147737488790e+02 2.229898112076715506e+02
2.550000000000000000e+02 1.214522025771651244e+02 2.234438118070122812e+02
2.550000000000000000e+02 1.218294875636799475e+02 2.232616122265507954e+02
2.549995504944560878e+02 1.223715912496254106e+02 2.236041354510038843e+02
2.549991009889122040e+02 1.221036859454600005e+02 2.235867545699730385e+02
2.550000000000000000e+02 1.220079412646089310e+02 2.237721006892418245e+02
2.549989511537308999e+02 1.222703026670662325e+02 2.236484866646688658e+02
2.549982019778243796e+02 1.235486964339226859e+02 2.232650584357207038e+02
2.549991009889122040e+02 1.236231645190290749e+02 2.232706023374288407e+02
2.550000000000000000e+02 1.208519628408750322e+02 2.231254120467485791e+02
2.549988013185495959e+02 1.131222655079412647e+02 2.209106982319448491e+02
2.549991009889122040e+02 1.059860653281390483e+02 2.180737189091998687e+02
2.550000000000000000e+02 1.056183697932274441e+02 2.189343721905903521e+02
2.550000000000000000e+02 1.091814504045549938e+02 2.199931075816601833e+02
2.549994006592747837e+02 1.123832783937668580e+02 2.205019478573568961e+02
2.550000000000000000e+02 1.190746179202876789e+02 2.216872939766257105e+02
2.549992508240935081e+02 1.201973329337728558e+02 2.224415642792927770e+02
2.550000000000000000e+02 1.223207971231645246e+02 2.234593946658675350e+02
2.549985016481869877e+02 1.228690440515432982e+02 2.234304764758765316e+02
2.549997003296373919e+02 1.231708121066826465e+02 2.235284686844471196e+02
2.549991009889122040e+02 1.232694036559784223e+02 2.236810008990110816e+02
2.550000000000000000e+02 1.237328438717410819e+02 2.240169313754869620e+02
2.549971531315552795e+02 1.249035061432424385e+02 2.232343422235540800e+02
2.549994006592747837e+02 1.247368894216362065e+02 2.235157326940365579e+02
2.549997003296373919e+02 1.248076116272100649e+02 2.240506442912795819e+02
2.550000000000000000e+02 1.257593646988312912e+02 2.236381480371591124e+02
2.549998501648186959e+02 1.259246329038058150e+02 2.241421935870542370e+02
2.549998501648186959e+02 1.262724003596044327e+02 2.246042852861851884e+02
2.549983518130056837e+02 1.274186394965537943e+02 2.241657177105184360e+02
2.549995504944560878e+02 1.276411447407851369e+02 2.238551093796823466e+02
2.549997003296373919e+02 1.229680851063829721e+02 2.230557386874438066e+02
2.549992508240935081e+02 1.236499850164818639e+02 2.236841474378184103e+02
2.550000000000000000e+02 1.234328738387773399e+02 2.238591549295774712e+02
2.549998501648186959e+02 1.232514234342223602e+02 2.242798921186694656e+02
2.550000000000000000e+02 1.241739586454899609e+02 2.236823494156427898e+02
2.550000000000000000e+02 1.233402756967335989e+02 2.238772849865148373e+02
2.549995504944560878e+02 1.236356008390770143e+02 2.241898411747078228e+02
2.549995504944560878e+02 1.236216661672160626e+02 2.236519328738387742e+02
2.549991009889122040e+02 1.188410248726400908e+02 2.215172310458495701e+02
2.549988013185495959e+02 1.099078513635001428e+02 2.188383278393766886e+02
2.549997003296373919e+02 1.068456697632604175e+02 2.190620317650584354e+02
2.549997003296373919e+02 1.102079712316451889e+02 2.195377584656877445e+02
2.550000000000000000e+02 1.138154030566376917e+02 2.209103985615822694e+02
2.549997003296373919e+02 1.160524423134552023e+02 2.210934971531315512e+02
2.549995504944560878e+02 1.219432124662870791e+02 2.228160023973628938e+02
2.549983518130056837e+02 1.237373389271801045e+02 2.233360803116571844e+02
2.549998501648186959e+02 1.234267305963440151e+02 2.230533413245429983e+02
2.550000000000000000e+02 1.230355109379682403e+02 2.224802217560683175e+02
2.549989511537308999e+02 1.229243332334432068e+02 2.227154629907102219e+02
2.549998501648186959e+02 1.237846868444710822e+02 2.225720707222055808e+02
2.549989511537308999e+02 1.242911297572670009e+02 2.230915492957746551e+02
2.549979023074617999e+02 1.251302067725501956e+02 2.229201378483668066e+02
2.549998501648186959e+02 1.252100689241834033e+02 2.233618519628408876e+02
2.549977524722804958e+02 1.257625112376385914e+02 2.234109979023074573e+02
2.549973029667365836e+02 1.269952052741983834e+02 2.234766257117171051e+02
2.549992508240935081e+02 1.273200479472580184e+02 2.242394366197183047e+02
2.550000000000000000e+02 1.226044351213664925e+02 2.232977225052442236e+02
2.549989511537308999e+02 1.223630506442912775e+02 2.235221756068324908e+02
2.550000000000000000e+02 1.226552292478273927e+02 2.238504644890620341e+02
2.550000000000000000e+02 1.231768055139346671e+02 2.236501348516631822e+02
2.549991009889122040e+02 1.234808210967935338e+02 2.235492957746478737e+02
2.549982019778243796e+02 1.236547797422834947e+02 2.233670961941863879e+02
2.549983518130056837e+02 1.238086604734791791e+02 2.237644590949955159e+02
2.549992508240935081e+02 1.241436919388672493e+02 2.240570872040755148e+02
2.549991009889122040e+02 1.236582259514534030e+02 2.237515732694036501e+02
2.549997003296373919e+02 1.224631405454000657e+02 2.225302667066227116e+02
2.550000000000000000e+02 1.158975127359904036e+02 2.208254420137848228e+02
2.550000000000000000e+02 1.095488462691039899e+02 2.195984417141144718e+02
2.550000000000000000e+02 1.095017980221756062e+02 2.195025471980821123e+02
2.549994006592747837e+02 1.125301168714414075e+02 2.205064429127959329e+02
2.550000000000000000e+02 1.150000000000000000e+02 2.212346418939166881e+02
2.550000000000000000e+02 1.167138148037159056e+02 2.222183098591549424e+02
2.549991009889122040e+02 1.223007192088702482e+02 2.233885226251123868e+02
2.549997003296373919e+02 1.235197782439316683e+02 2.237380881030865964e+02
2.550000000000000000e+02 1.239474078513634936e+02 2.236908900209769229e+02
2.549995504944560878e+02 1.241511836979322680e+02 2.234056038357806528e+02
2.550000000000000000e+02 1.243022175606832462e+02 2.236329038058136121e+02
2.549992508240935081e+02 1.247308960143841716e+02 2.242848366796523862e+02
2.549991009889122040e+02 1.254596943362301431e+02 2.245606832484267272e+02
2.549985016481869877e+02 1.259448606532813955e+02 2.246021875936469883e+02
2.549986514833682918e+02 1.268510638297872362e+02 2.239754270302667010e+02
2.549991009889122040e+02 1.270386574767755405e+02 2.243963140545399995e+02
2.549997003296373919e+02 1.225985915492957758e+02 2.236251123763859709e+02
2.549982019778243796e+02 1.233034162421336504e+02 2.229562481270602348e+02
2.549998501648186959e+02 1.236122265507941194e+02 2.232580161821995830e+02
2.549994006592747837e+02 1.230220257716511867e+02 2.236838477674558021e+02
2.549973029667365836e+02 1.238279892118669494e+02 2.236391968834282409e+02
2.549983518130056837e+02 1.235717710518429726e+02 2.242818399760263617e+02
2.549995504944560878e+02 1.249330236739586439e+02 2.240705723703925685e+02
2.550000000000000000e+02 1.249970032963739897e+02 2.232715013485166367e+02
2.550000000000000000e+02 1.254826191189691400e+02 2.236279592448306914e+02
2.550000000000000000e+02 1.209204375187294005e+02 2.224724303266407048e+02
2.549998501648186959e+02 1.123503146538807300e+02 2.200479472580161939e+02
2.549988013185495959e+02 1.101872939766257105e+02 2.200346119268804443e+02
2.550000000000000000e+02 1.130374587953251364e+02 2.204232843871741068e+02
2.549977524722804958e+02 1.150182798921186702e+02 2.207661072819898038e+02
2.550000000000000000e+02 1.152966736589751235e+02 2.220118369793227373e+02
2.549998501648186959e+02 1.214087503745879530e+02 2.233891219658375746e+02
2.549998501648186959e+02 1.232572670062930769e+02 2.236595744680851112e+02
2.549997003296373919e+02 1.232298471681150716e+02 2.238231944860653186e+02
2.550000000000000000e+02 1.232677554689841202e+02 2.242323943661971839e+02
2.549997003296373919e+02 1.232458795325142376e+02 2.236967335930476395e+02
2.549991009889122040e+02 1.234030566376985263e+02 2.235446508840275612e+02
2.549991009889122040e+02 1.246637698531615257e+02 2.234896613724902465e+02
2.549982019778243796e+02 1.245797123164519036e+02 2.238801318549595578e+02
2.550000000000000000e+02 1.244560982918789307e+02 2.241342523224453203e+02
2.549989511537308999e+02 1.255362601138747323e+02 2.248197482768954103e+02
2.549998501648186959e+02 1.259033563080611344e+02 2.252773449205873533e+02
2.549983518130056837e+02 1.260810608330836118e+02 2.250767156128258932e+02
2.549997003296373919e+02 1.260611327539706252e+02 2.252241534312256590e+02
2.549988013185495959e+02 1.226892418339826207e+02 2.241492358405753578e+02
2.550000000000000000e+02 1.229465088402756976e+02 2.240052442313455288e+02
2.549986514833682918e+02 1.224590949955049410e+02 2.244056038357806528e+02
2.550000000000000000e+02 1.219250824093497130e+02 2.237545699730296747e+02
2.549997003296373919e+02 1.176976326041354497e+02 2.227410848067126210e+02
2.549992508240935081e+02 1.094117470782139634e+02 2.208452202577165053e+02
2.549986514833682918e+02 1.080722205573868706e+02 2.202858855259214863e+02
2.549998501648186959e+02 1.124414144441114729e+02 2.213101588252921772e+02
2.550000000000000000e+02 1.153309859154929597e+02 2.223615522924782795e+02
2.549997003296373919e+02 1.210858555588852283e+02 2.243864249325741582e+02
2.550000000000000000e+02 1.221306562780940936e+02 2.241236140245729587e+02
2.550000000000000000e+02 1.226463889721306515e+02 2.241362001798022163e+02
2.549997003296373919e+02 1.235247228049145889e+02 2.240798621516331934e+02
2.549998501648186959e+02 1.230722205573868706e+02 2.246523823793826864e+02
2.550000000000000000e+02 1.239050044950554366e+02 2.244012586155229201e+02
2.549998501648186959e+02 1.237129157926281096e+02 2.246071321546299089e+02
2.550000000000000000e+02 1.246657177105184360e+02 2.247058735391069888e+02
2.549998501648186959e+02 1.246191189691339503e+02 2.248554090500449547e+02
2.549983518130056837e+02 1.247028768354809642e+02 2.243888222954749665e+02
2.549982019778243796e+02 1.249044051543302345e+02 2.245683248426730643e+02
2.549995504944560878e+02 1.257953251423434153e+02 2.248019178903206523e+02
2.549992508240935081e+02 1.208052142643092566e+02 2.239199880131855025e+02
2.550000000000000000e+02 1.203606532813904693e+02 2.241729097992208608e+02
2.549995504944560878e+02 1.205639796224153457e+02 2.235355109379682403e+02
2.549989511537308999e+02 1.214499550494456059e+02 2.234510038957147060e+02
2.549968534611926998e+02 1.213104584956547853e+02 2.237581660173808871e+02
2.549989511537308999e+02 1.210828588552592180e+02 2.228284387174108474e+02
2.549997003296373919e+02 1.116303566077314997e+02 2.209752771950853969e+02
2.549973029667365836e+02 1.056853461192688002e+02 2.189683847767455802e+02
2.549995504944560878e+02 1.069543002697033245e+02 2.197069223853760889e+02
2.550000000000000000e+02 1.102403356308061149e+02 2.205495954450104819e+02
2.549995504944560878e+02 1.128315852562181618e+02 2.219084507042253449e+02
2.549991009889122040e+02 1.191364998501648245e+02 2.232177105184297261e+02
2.549985016481869877e+02 1.209817201078813298e+02 2.236811507341923857e+02
2.549964039556487876e+02 1.219159424632903779e+02 2.241646688642493359e+02
2.550000000000000000e+02 1.223807311956847457e+02 2.240555888522625025e+02
2.549998501648186959e+02 1.231765058435720732e+02 2.238672460293676920e+02
2.549995504944560878e+02 1.233219958046149287e+02 2.241084806712616171e+02
2.550000000000000000e+02 1.242255019478573530e+02 2.237240035960443549e+02
2.549992508240935081e+02 1.245705723703925685e+02 2.237123164519028933e+02
2.549997003296373919e+02 1.254695834581959843e+02 2.242749475576865450e+02
2.549998501648186959e+02 1.258354809709319682e+02 2.243161522325441979e+02
2.549998501648186959e+02 1.257524722804914603e+02 2.248335331135750721e+02
2.550000000000000000e+02 1.268669463590050981e+02 2.243727899310758289e+02
2.549998501648186959e+02 1.211651183697932339e+02 2.235545400059934025e+02
2.549995504944560878e+02 1.211391968834282267e+02 2.233551093796823466e+02
2.550000000000000000e+02 1.219071021875936509e+02 2.233407252022774969e+02
2.549992508240935081e+02 1.222724003596044327e+02 2.232956248127060235e+02
2.549997003296373919e+02 1.217219059035061406e+02 2.235899011087803387e+02
2.550000000000000000e+02 1.186786035361102734e+02 2.223512136649685260e+02
2.550000000000000000e+02 1.086150734192388398e+02 2.195642792927779396e+02
2.549989511537308999e+02 1.028626011387473795e+02 2.185875037458795305e+02
2.549998501648186959e+02 1.057391369493557107e+02 2.198017680551393482e+02
2.550000000000000000e+02 1.099268804315253192e+02 2.202150134851663097e+02
2.549994006592747837e+02 1.125278693437219033e+02 2.210548396763560106e+02
2.549998501648186959e+02 1.188801318549595436e+02 2.230298172010787994e+02
2.550000000000000000e+02 1.210131854959544455e+02 2.230254719808210950e+02
2.550000000000000000e+02 1.222160623314354240e+02 2.231102786934372091e+02
2.549994006592747837e+02 1.218727899310758147e+02 2.235797123164518894e+02
2.549998501648186959e+02 1.218058136050344586e+02 2.234312256517830519e+02
2.550000000000000000e+02 1.219496553790830120e+02 2.241269103985615914e+02
2.550000000000000000e+02 1.230098891219658412e+02 2.236914893617021391e+02
2.550000000000000000e+02 1.238474677854360237e+02 2.240875037458795305e+02
2.549995504944560878e+02 1.244871141744081484e+02 2.245687743482169481e+02
2.549998501648186959e+02 1.248548097093197526e+02 2.243617021276595835e+02
2.549997003296373919e+02 1.258131555289181875e+02 2.241994306263110559e+02
2.549997003296373919e+02 1.257151633203476138e+02 2.246123763859754376e+02
2.550000000000000000e+02 1.258841774048546540e+02 2.246931375486964271e+02
2.550000000000000000e+02 1.224462091699130895e+02 2.236006892418339760e+02
2.550000000000000000e+02 1.222481270602337418e+02 2.234063530116871448e+02
2.549997003296373919e+02 1.230758166017380830e+02 2.236384477075217205e+02
2.549991009889122040e+02 1.229231345519928027e+02 2.241508840275696741e+02
2.549997003296373919e+02 1.233088103086604690e+02 2.237653581060833119e+02
2.549995504944560878e+02 1.231054839676356067e+02 2.237942762960743153e+02
2.549962541204674835e+02 1.238303865747677577e+02 2.238714414144441207e+02
2.550000000000000000e+02 1.225786634701828035e+02 2.239532514234342102e+02
2.549998501648186959e+02 1.135127359904105475e+02 2.206278094096493874e+02
2.549989511537308999e+02 1.064235840575367149e+02 2.190732694036559849e+02
2.549998501648186959e+02 1.081786035361102734e+02 2.197740485465987490e+02
2.549989511537308999e+02 1.107535211267605604e+02 2.203104584956547853e+02
2.549994006592747837e+02 1.125008990110878102e+02 2.213455199280791135e+02
2.549991009889122040e+02 1.185112376385975494e+02 2.231393467186095165e+02
2.549979023074617999e+02 1.203252921786035330e+02 2.241373988612526205e+02
2.549989511537308999e+02 1.220566376985316168e+02 2.237174108480671180e+02
2.549998501648186959e+02 1.216462391369493616e+02 2.241123763859754376e+02
2.550000000000000000e+02 1.223387773449205866e+02 2.245527419838178105e+02
2.549998501648186959e+02 1.231051842972729986e+02 2.248723404255319167e+02
2.550000000000000000e+02 1.239980521426430897e+02 2.250296673658975237e+02
2.549988013185495959e+02 1.252902307461792049e+02 2.252097692538208094e+02
2.550000000000000000e+02 1.260224752771950847e+02 2.244238837278993230e+02
2.550000000000000000e+02 1.258052142643092566e+02 2.242727000299670408e+02
2.550000000000000000e+02 1.260614324243332334e+02 2.246889421636200268e+02
2.549998501648186959e+02 1.212443811807012253e+02 2.231287084207371834e+02
2.550000000000000000e+02 1.213175007491759061e+02 2.239592448306862593e+02
2.549992508240935081e+02 1.212667066227150201e+02 2.233554090500449547e+02
2.549997003296373919e+02 1.207821396463889698e+02 2.234529517530716305e+02
2.549998501648186959e+02 1.213053640994905606e+02 2.237933772849865193e+02
2.550000000000000000e+02 1.215964938567575615e+02 2.231179202876835461e+02
2.549997003296373919e+02 1.218145040455498957e+02 2.238031165717710564e+02
2.550000000000000000e+02 1.223552592148636506e+02 2.239656877434821638e+02
2.549991009889122040e+02 1.225692238537608603e+02 2.238231944860653186e+02
2.549988013185495959e+02 1.225828588552592180e+02 2.239250824093497272e+02
2.549989511537308999e+02 1.223873239436619684e+02 2.238703925681750206e+02
2.549965537908300917e+02 1.183107581660173793e+02 2.223450704225352013e+02
2.549997003296373919e+02 1.090037458795325165e+02 2.202491759065028418e+02
2.549995504944560878e+02 1.063025172310458544e+02 2.196763560083907691e+02
2.550000000000000000e+02 1.096036859454600005e+02 2.207887323943662068e+02
2.549974528019178877e+02 1.134387174108480707e+02 2.214219358705423986e+02
2.549994006592747837e+02 1.151768055139346671e+02 2.218712915792628166e+02
2.549994006592747837e+02 1.157586155229247851e+02 2.226038357806413046e+02
2.550000000000000000e+02 1.223455199280791135e+02 2.239142942762960615e+02
2.549994006592747837e+02 1.183831285585855539e+02 2.227688043152532202e+02
2.550000000000000000e+02 1.187641594246329078e+02 2.231508840275696741e+02
2.549986514833682918e+02 1.191038357806412904e+02 2.229050044950554366e+02
2.550000000000000000e+02 1.195298172010788136e+02 2.230074917590650330e+02
2.549998501648186959e+02 1.196411447407851369e+02 2.231170212765957501e+02
2.549997003296373919e+02 1.200927479772250592e+02 2.230125861552292577e+02
2.549989511537308999e+02 1.200597842373389312e+02 2.234294276296074315e+02
2.549977524722804958e+02 1.213745879532514209e+02 2.227296973329337675e+02
2.549997003296373919e+02 1.212879832184597007e+02 2.229333233443212521e+02
2.550000000000000000e+02 1.218104584956547853e+02 2.237109679352712135e+02
2.549994006592747837e+02 1.221675157326940422e+02 2.235062930776146288e+02
2.550000000000000000e+02 1.225494456098291920e+02 2.238149535510937937e+02
2.550000000000000000e+02 1.219598441714114472e+02 2.229634402157626596e+02
2.549998501648186959e+02 1.208930176805513952e+02 2.221441414444111615e+02
2.550000000000000000e+02 1.211471381480371576e+02 2.230584357207072230e+02
2.550000000000000000e+02 1.224267305963440151e+02 2.229408151033862850e+02
2.549997003296373919e+02 1.219802217560683317e+02 2.229355708720407563e+02
2.549997003296373919e+02 1.223973629008091137e+02 2.231003895714713678e+02
2.549994006592747837e+02 1.178585555888522691e+02 2.214724303266407048e+02
2.550000000000000000e+02 1.081117770452502214e+02 2.197440815103386171e+02
2.550000000000000000e+02 1.060298172010788136e+02 2.182021276595744723e+02
2.549988013185495959e+02 1.082604135451003913e+02 2.189426131255618770e+02
2.549964039556487876e+02 1.107108181000898952e+02 2.196342523224453203e+02
2.549992508240935081e+02 1.116496853461192700e+02 2.199956547797422957e+02
2.550000000000000000e+02 1.180442013784836632e+02 2.220200779142942622e+02
2.549998501648186959e+02 1.201582259514534030e+02 2.230958945160323594e+02
2.549998501648186959e+02 1.210233742882828949e+02 2.232878333832783824e+02
2.550000000000000000e+02 1.210815103386275098e+02 2.232415343122565048e+02
2.550000000000000000e+02 1.217356907401858024e+02 2.230191789032064662e+02
2.550000000000000000e+02 1.226889421636200126e+02 2.226105783637998172e+02
2.549988013185495959e+02 1.230970931974827636e+02 2.227329937069223718e+02
2.550000000000000000e+02 1.235397063230446548e+02 2.232223554090500386e+02
2.550000000000000000e+02 1.243624513035660755e+02 2.238931675157326993e+02
2.549997003296373919e+02 1.253347317950254762e+02 2.236792028768354896e+02
2.549998501648186959e+02 1.201486364998501699e+02 2.229700329637398966e+02
2.550000000000000000e+02 1.212216062331435467e+02 2.232302966736589838e+02
2.549991009889122040e+02 1.215740185795624768e+02 2.234213365298172107e+02
2.550000000000000000e+02 1.210743182499250850e+02 2.232410848067126210e+02
2.549997003296373919e+02 1.220061432424333248e+02 2.230489961042852940e+02
2.549991009889122040e+02 1.219901108780341588e+02 2.227911297572670151e+02
2.550000000000000000e+02 1.224030566376985263e+02 2.235077914294276411e+02
2.549991009889122040e+02 1.230173808810308600e+02 2.230227749475576786e+02
2.549998501648186959e+02 1.228888222954749807e+02 2.232511237638597663e+02
2.550000000000000000e+02 1.225220257716511867e+02 2.230979922085705596e+02
2.549994006592747837e+02 1.230254719808210950e+02 2.229469583458196098e+02
2.549965537908300917e+02 1.188149535510937937e+02 2.221666167216062320e+02
2.550000000000000000e+02 1.102039256817500785e+02 2.194832184596943421e+02
2.549998501648186959e+02 1.079358705424033502e+02 2.188558585555888385e+02
2.550000000000000000e+02 1.107079712316451889e+02 2.204632903805813555e+02
2.549995504944560878e+02 1.129358705424033502e+02 2.199219358705423986e+02
2.550000000000000000e+02 1.144103985615822552e+02 2.201230146838477708e+02
2.550000000000000000e+02 1.144596943362301431e+02 2.214935570872040671e+02
2.550000000000000000e+02 1.163008690440515380e+02 2.221714114474078485e+02
2.550000000000000000e+02 1.171126760563380316e+02 2.218326341024872761e+02
2.550000000000000000e+02 1.173861252622115643e+02 2.219901108780341588e+02
2.549994006592747837e+02 1.179653880731195699e+02 2.225882529217860224e+02
2.549986514833682918e+02 1.181128258915193356e+02 2.225079412646089168e+02
2.550000000000000000e+02 1.180140845070422557e+02 2.228714414144441207e+02
2.550000000000000000e+02 1.186856457896314083e+02 2.226122265507941336e+02
2.549995504944560878e+02 1.199799220857057236e+02 2.225888522625112387e+02
2.550000000000000000e+02 1.210308660473479136e+02 2.228398261911897009e+02
2.549991009889122040e+02 1.202308960143841716e+02 2.225335630806113159e+02
2.550000000000000000e+02 1.208545100389571445e+02 2.227732993706922286e+02
2.549989511537308999e+02 1.211409949056038329e+02 2.222117171111777054e+02
2.549992508240935081e+02 1.211356008390770143e+02 2.225704225352112644e+02
2.549992508240935081e+02 1.213937668564579013e+02 2.222505244231345500e+02
2.549994006592747837e+02 1.216514833682948762e+02 2.226937368894216434e+02
2.549992508240935081e+02 1.222520227749475623e+02 2.225908001198681347e+02
2.550000000000000000e+02 1.221528318849265844e+02 2.226616721606233114e+02
2.550000000000000000e+02 1.216883428228948105e+02 2.226227150134851627e+02
2.550000000000000000e+02 1.221845969433623083e+02 2.222580161821995830e+02
2.549988013185495959e+02 1.220600839077015252e+02 2.222181600239736383e+02
2.550000000000000000e+02 1.226255618819298832e+02 2.225554390170811985e+02
2.549998501648186959e+02 1.219686844471081741e+02 2.217090200779142890e+02
2.549995504944560878e+02 1.157521726101288522e+02 2.200566376985316026e+02
2.550000000000000000e+02 1.089264309259814212e+02 2.185209769253820866e+02
2.550000000000000000e+02 1.097482768954150458e+02 2.187608630506443035e+02
2.549980521426431039e+02 1.120289181899910034e+02 2.194460593347317854e+02
2.549998501648186959e+02 1.135266706622714992e+02 2.196411447407851369e+02
2.550000000000000000e+02 1.140648786335031417e+02 2.201348516631705081e+02
2.549992508240935081e+02 1.202511237638597521e+02 2.215391069823194528e+02
2.549994006592747837e+02 1.212406353011687088e+02 2.220229247827389827e+02
2.549995504944560878e+02 1.207667066227150201e+02 2.223152532214564019e+02
2.549988013185495959e+02 1.214002097692538200e+02 2.221104285286185132e+02
2.550000000000000000e+02 1.208473179502547197e+02 2.222873838777344986e+02
2.549997003296373919e+02 1.218212466287084226e+02 2.217004794725801560e+02
2.549991009889122040e+02 1.222234042553191529e+02 2.218215462990710307e+02
2.549992508240935081e+02 1.224369193886724645e+02 2.226436919388672493e+02
2.550000000000000000e+02 1.227713515133353326e+02 2.229970032963739754e+02
2.550000000000000000e+02 1.240071920887024248e+02 2.227879832184596864e+02
2.549994006592747837e+02 1.247494755768654500e+02 2.227879832184596864e+02
2.549991009889122040e+02 1.247165118369793220e+02 2.233230446508840146e+02
2.550000000000000000e+02 1.237900809109979008e+02 2.231688642493257362e+02
2.549997003296373919e+02 1.204731795025471968e+02 2.213888222954749665e+02
2.549998501648186959e+02 1.211682649086005341e+02 2.220600839077015394e+02
2.549998501648186959e+02 1.211228648486664667e+02 2.220954450104884756e+02
2.549997003296373919e+02 1.203988612526221118e+02 2.220467485765657898e+02
2.549994006592747837e+02 1.205454000599340674e+02 2.224086005394066490e+02
2.549985016481869877e+02 1.210076415942463228e+02 2.227885825591849027e+02
2.549998501648186959e+02 1.208329337728498700e+02 2.225035960443512124e+02
2.549992508240935081e+02 1.211709619418639505e+02 2.226221156727599748e+02
2.550000000000000000e+02 1.210984417141144718e+02 2.222184596943362180e+02
2.549997003296373919e+02 1.209866646688642504e+02 2.224668864249325679e+02
2.549998501648186959e+02 1.201472879832184617e+02 2.217150134851663097e+02
2.549997003296373919e+02 1.132617620617320995e+02 2.203488163020677177e+02
2.550000000000000000e+02 1.083228948157027247e+02 2.196932873838777311e+02
2.549995504944560878e+02 1.110082409349715249e+02 2.199121965837578614e+02
2.549995504944560878e+02 1.143949655379083055e+02 2.200130356607731414e+02
2.549970032963739754e+02 1.154151932873838717e+02 2.212042253521126725e+02
2.549994006592747837e+02 1.203679952052741982e+02 2.224979023074617999e+02
2.550000000000000000e+02 1.208183997602637163e+02 2.217824393167515780e+02
2.549995504944560878e+02 1.201336529817201040e+02 2.221907401857956188e+02
2.549995504944560878e+02 1.215109379682349413e+02 2.216631705124363236e+02
2.550000000000000000e+02 1.224971531315552937e+02 2.223621516332034673e+02
2.549995504944560878e+02 1.240262211567276012e+02 2.234091998801318653e+02
2.549979023074617999e+02 1.264014084507042242e+02 2.231549295774647987e+02
2.549980521426431039e+02 1.262280491459394653e+02 2.237656577764459200e+02
2.549997003296373919e+02 1.259451603236439894e+02 2.235927479772250592e+02
2.550000000000000000e+02 1.268380281690140805e+02 2.235448007192088653e+02
2.549998501648186959e+02 1.223320347617620598e+02 2.222452801917890213e+02
2.549998501648186959e+02 1.209471081810008997e+02 2.225322145639796361e+02
2.549986514833682918e+02 1.211372490260713164e+02 2.225116871441414332e+02
2.549998501648186959e+02 1.211080311657177049e+02 2.222593646988312912e+02
2.550000000000000000e+02 1.197470782139646417e+02 2.213471681150734298e+02
2.550000000000000000e+02 1.196051842972729986e+02 2.208711417440815126e+02
2.550000000000000000e+02 1.194309259814204438e+02 2.208563080611327507e+02
2.549998501648186959e+02 1.209851663170512381e+02 2.211872939766257105e+02
2.549988013185495959e+02 1.213405753670961928e+02 2.213216961342523348e+02
2.549986514833682918e+02 1.218053640994905606e+02 2.217617620617320995e+02
2.550000000000000000e+02 1.221821995804614858e+02 2.217310458495654757e+02
2.549992508240935081e+02 1.221062331435420987e+02 2.214785735690740296e+02
2.549998501648186959e+02 1.207000299670362580e+02 2.207198082109679262e+02
2.549997003296373919e+02 1.165905004495055408e+02 2.202584656877434952e+02
2.549998501648186959e+02 1.133602037758465713e+02 2.188203476176206266e+02
2.549994006592747837e+02 1.143136050344620855e+02 2.187237039256817468e+02
2.549991009889122040e+02 1.163957147138147974e+02 2.195385076415942365e+02
2.549985016481869877e+02 1.182240035960443549e+02 2.201932873838777311e+02
2.549988013185495959e+02 1.192950254719808214e+02 2.209875636799520464e+02
2.549979023074617999e+02 1.242458795325142376e+02 2.222632604135451118e+02
2.550000000000000000e+02 1.255686245130356582e+02 2.223401258615522806e+02
2.549997003296373919e+02 1.259556487863350327e+02 2.223163020677255020e+02
2.550000000000000000e+02 1.207262511237638591e+02 2.209946059334731672e+02
2.549982019778243796e+02 1.254863649985016423e+02 2.223321845969433639e+02
2.549995504944560878e+02 1.250301168714414075e+02 2.224469583458196098e+02
2.549997003296373919e+02 1.261207671561282524e+02 2.218095594845669893e+02
2.549986514833682918e+02 1.218739886125262188e+02 2.208936170212765830e+02
2.549968534611926998e+02 1.223834282289481621e+02 2.217250524423134550e+02
2.549989511537308999e+02 1.221243632004794790e+02 2.215503446209170022e+02
2.549991009889122040e+02 1.235205274198381744e+02 2.208440215762661012e+02
2.549995504944560878e+02 1.244794725801618256e+02 2.218477674557986177e+02
2.550000000000000000e+02 1.238780341624213435e+02 2.222698531615223203e+02
2.550000000000000000e+02 1.244133952652082655e+02 2.220528918189991145e+02
2.549995504944560878e+02 1.258587054240335590e+02 2.223222954749775226e+02
2.550000000000000000e+02 1.258756367995205210e+02 2.220545400059934025e+02
2.549998501648186959e+02 1.263790830086904435e+02 2.220931974827689430e+02
2.550000000000000000e+02 1.268041654180401565e+02 2.223086604734791649e+02
2.550000000000000000e+02 1.276905903506143289e+02 2.221836979322744980e+02
2.549995504944560878e+02 1.281807012286484735e+02 2.217310458495654757e+02
2.550000000000000000e+02 1.274078513635001428e+02 2.218591549295774712e+02
2.550000000000000000e+02 1.244400659274797789e+02 2.217440815103386171e+02
2.550000000000000000e+02 1.208145040455498957e+02 2.198118070122864935e+02
2.549988013185495959e+02 1.201450404554989575e+02 2.196306562780941078e+02
2.549994006592747837e+02 1.210373089601438465e+02 2.210699730296673522e+02
2.549997003296373919e+02 1.227580161821995830e+02 2.210349115972430241e+02
2.550000000000000000e+02 1.236155229247827378e+02 2.216426430925981492e+02
2.550000000000000000e+02 1.248483667965238197e+02 2.212359904105483963e+02
2.549998501648186959e+02 1.252911297572670009e+02 2.209547497752472225e+02
2.550000000000000000e+02 1.244435121366496872e+02 2.212174108480671180e+02
2.549998501648186959e+02 1.252857356907401822e+02 2.210636799520527518e+02
2.549998501648186959e+02 1.256359005094396224e+02 2.210218759364698826e+02
2.549994006592747837e+02 1.255690740185795562e+02 2.215004495055439122e+02
2.549971531315552795e+02 1.265506442912795961e+02 2.219405154330236769e+02
2.549979023074617999e+02 1.275933473179502613e+02 2.214489062031765059e+02
2.549979023074617999e+02 1.279099490560383572e+02 2.216236140245729587e+02
2.549994006592747837e+02 1.283660473479172879e+02 2.216219658375786707e+02
2.550000000000000000e+02 1.288895714713814868e+02 2.211472879832184617e+02
2.550000000000000000e+02 1.291799520527419816e+02 2.214604435121366635e+02
2.550000000000000000e+02 1.295341624213365321e+02 2.210184297272999743e+02
2.549995504944560878e+02 1.297550194785735584e+02 2.220732694036559849e+02
2.550000000000000000e+02 1.252404854659874189e+02 2.208399760263710050e+02
2.550000000000000000e+02 1.257036260113874704e+02 2.208626011387473795e+02
2.549995504944560878e+02 1.259629907102187616e+02 2.213453700928978094e+02
2.549994006592747837e+02 1.256243632004794790e+02 2.220263709919088910e+02
2.550000000000000000e+02 1.248533113575067404e+02 2.218741384477075087e+02
2.550000000000000000e+02 1.259854659874138463e+02 2.210241234641893868e+02
2.549998501648186959e+02 1.263344321246628681e+02 2.206158225951453460e+02
2.549994006592747837e+02 1.256463889721306515e+02 2.216008390770152801e+02
2.549998501648186959e+02 1.250746179202876789e+02 2.216955349115972354e+02
2.549989511537308999e+02 1.209926580761162711e+02 2.197761462391369491e+02
2.550000000000000000e+02 1.162956248127060235e+02 2.187691039856158284e+02
2.549995504944560878e+02 1.161240635301168709e+02 2.183082109679352811e+02
2.549983518130056837e+02 1.166087803416242110e+02 2.188654480071921000e+02
2.550000000000000000e+02 1.183273898711417473e+02 2.190525921486365064e+02
2.550000000000000000e+02 1.236063829787234027e+02 2.208076116272100649e+02
2.549998501648186959e+02 1.236745579862151629e+02 2.208413245430026848e+02
2.549994006592747837e+02 1.234590949955049410e+02 2.207001798022175478e+02
2.550000000000000000e+02 1.227694036559784223e+02 2.205857057237039385e+02
2.549992508240935081e+02 1.217440815103386313e+02 2.204444111477374975e+02
2.549983518130056837e+02 1.225115373089601434e+02 2.201258615522924913e+02
2.549985016481869877e+02 1.231832484267306000e+02 2.201104285286185132e+02
2.549998501648186959e+02 1.231074318249925028e+02 2.210370092897812526e+02
2.549992508240935081e+02 1.228152532214564019e+02 2.206938867246029474e+02
2.549997003296373919e+02 1.234740785136350070e+02 2.203948157027269872e+02
2.550000000000000000e+02 1.229460593347317996e+02 2.200356607731495444e+02
2.549995504944560878e+02 1.212815403056637678e+02 2.202670062930776282e+02
2.549998501648186959e+02 1.215701228648486705e+02 2.208699430626311084e+02
2.550000000000000000e+02 1.235597842373389312e+02 2.204345220257716562e+02
2.549974528019178877e+02 1.235735690740185788e+02 2.208661971830985919e+02
2.549995504944560878e+02 1.249282289481570274e+02 2.215062930776146288e+02
2.550000000000000000e+02 1.248201977824393225e+02 2.216042852861851884e+02
2.549935570872040671e+02 1.252683548097093222e+02 2.212568175007491789e+02
2.549985016481869877e+02 1.251511836979322680e+02 2.207040755169313684e+02
2.550000000000000000e+02 1.245840575367096221e+02 2.209593946658675350e+02
2.549991009889122040e+02 1.250612825891519293e+02 2.206889421636200268e+02
2.549997003296373919e+02 1.214931075816601691e+02 2.200621816002397395e+02
2.549998501648186959e+02 1.174880131854959586e+02 2.190434522025771571e+02
2.550000000000000000e+02 1.174216362001798046e+02 2.185764159424632851e+02
2.549995504944560878e+02 1.189896613724902608e+02 2.189246329038058150e+02
2.549992508240935081e+02 1.195963440215762716e+02 2.196673658975127239e+02
2.549998501648186959e+02 1.201627210068924114e+02 2.196294575966437037e+02
2.549995504944560878e+02 1.217572670062930769e+02 2.199531015882529346e+02
2.549985016481869877e+02 1.213506143242433382e+02 2.200161821995804701e+02
2.549964039556487876e+02 1.217774947557686573e+02 2.206168714414144461e+02
2.549998501648186959e+02 1.224691339526520864e+02 2.197587653581060749e+02
2.549997003296373919e+02 1.221901408450704167e+02 2.205467485765657898e+02
2.549995504944560878e+02 1.230570872040755148e+02 2.201329038058136121e+02
2.549997003296373919e+02 1.222759964039556451e+02 2.203119568474677976e+02
2.550000000000000000e+02 1.219760263709919030e+02 2.206711117770452404e+02
2.550000000000000000e+02 1.232536709619418644e+02 2.213239436619718390e+02
2.549994006592747837e+02 1.247449805214264273e+02 2.207138148037159056e+02
2.549995504944560878e+02 1.253384776745579927e+02 2.203312855858555679e+02
2.550000000000000000e+02 1.254904105483967669e+02 2.212893317350913946e+02
2.549992508240935081e+02 1.261045849565477965e+02 2.214006592747977322e+02
2.550000000000000000e+02 1.265575367096194128e+02 2.215506442912795819e+02
2.550000000000000000e+02 1.260915492957746409e+02 2.209184896613724902e+02
2.550000000000000000e+02 1.257806412945759718e+02 2.214327240035960358e+02
2.549994006592747837e+02 1.267066227150134807e+02 2.210295175307162197e+02
2.549994006592747837e+02 1.273363799820197784e+02 2.217157626610728300e+02
2.550000000000000000e+02 1.250807611627210036e+02 2.211481869943062577e+02
2.550000000000000000e+02 1.213883727899310827e+02 2.201030866047347843e+02
2.549986514833682918e+02 1.190621816002397395e+02 2.195606832484267272e+02
2.549997003296373919e+02 1.203449205873539114e+02 2.198219958046149145e+02
2.549997003296373919e+02 1.219676356008390741e+02 2.205635301168714477e+02
2.550000000000000000e+02 1.225522924782738983e+02 2.205504944560982779e+02
2.549995504944560878e+02 1.231228648486664667e+02 2.207852861851962700e+02
2.549985016481869877e+02 1.237728498651483307e+02 2.205647287983218519e+02
2.550000000000000000e+02 1.231108780341624254e+02 2.206636200179802358e+02
2.550000000000000000e+02 1.227701528318849284e+02 2.210710218759364807e+02
2.549995504944560878e+02 1.235476475876535858e+02 2.212575666766556708e+02
2.550000000000000000e+02 1.242448306862451233e+02 2.206826490860053980e+02
2.550000000000000000e+02 1.246024872640095964e+02 2.208392268504644846e+02
2.549991009889122040e+02 1.249231345519928027e+02 2.207584656877434952e+02
2.550000000000000000e+02 1.250671261612226601e+02 2.208121066826490733e+02
2.550000000000000000e+02 1.259160922984716819e+02 2.210182798921186702e+02
2.550000000000000000e+02 1.266012885825591781e+02 2.210543901708120984e+02
2.549986514833682918e+02 1.273564578963140548e+02 2.208354809709319682e+02
2.549998501648186959e+02 1.277097692538207951e+02 2.213076116272100649e+02
2.549997003296373919e+02 1.277794426131255676e+02 2.207595145340125953e+02
2.549988013185495959e+02 1.281823494156427898e+02 2.214483068624512896e+02
2.549971531315552795e+02 1.293284387174108474e+02 2.217610128858255791e+02
2.549973029667365836e+02 1.298330836080311599e+02 2.220876535810608345e+02
2.549994006592747837e+02 1.299279292777944192e+02 2.219887623614024506e+02
2.549995504944560878e+02 1.293065627809409648e+02 2.209809709319748379e+02
2.549994006592747837e+02 1.243781839976026333e+02 2.207304465088402878e+02
2.549995504944560878e+02 1.157700029967036244e+02 2.183521126760563504e+02
2.549995504944560878e+02 1.160732694036559849e+02 2.182287983218459715e+02
2.549994006592747837e+02 1.220020976925382143e+02 2.192661072819898038e+02
2.549998501648186959e+02 1.226113275397063234e+02 2.203321845969433639e+02
2.549998501648186959e+02 1.228850764159424642e+02 2.202650584357207038e+02
2.549998501648186959e+02 1.228182499250824122e+02 2.203178004195385142e+02
2.549995504944560878e+02 1.228016182199580442e+02 2.203793826790530375e+02
2.550000000000000000e+02 1.223201977824393225e+02 2.204695834581959843e+02
2.549997003296373919e+02 1.220961941863949676e+02 2.201347018279892040e+02
2.549979023074617999e+02 1.227647587653581098e+02 2.197933772849865193e+02
2.549992508240935081e+02 1.226624213365298175e+02 2.200970931974827636e+02
2.550000000000000000e+02 1.232106682649086054e+02 2.197039256817500643e+02
2.550000000000000000e+02 1.234883128558585526e+02 2.195578363799820067e+02
2.549998501648186959e+02 1.242890320647288007e+02 2.198670961941863879e+02
2.550000000000000000e+02 1.238410248726400908e+02 2.198270902007791392e+02
2.549997003296373919e+02 1.243945160323643933e+02 2.203023673958645361e+02
2.549998501648186959e+02 1.249773748876236112e+02 2.198975127359904036e+02
2.549997003296373919e+02 1.258462691039856196e+02 2.202277494755768714e+02
2.550000000000000000e+02 1.264593946658675492e+02 2.208862750973928541e+02
2.550000000000000000e+02 1.271303566077314997e+02 2.208705424033562963e+02
2.550000000000000000e+02 1.280007491759064919e+02 2.216929877135151230e+02
2.550000000000000000e+02 1.258835780641294519e+02 2.202758465687743410e+02
2.550000000000000000e+02 1.202756967335930511e+02 2.188411747078214091e+02
2.549989511537308999e+02 1.184014084507042242e+02 2.186836979322744980e+02
2.550000000000000000e+02 1.193934671860952932e+02 2.196044351213664925e+02
2.550000000000000000e+02 1.211681150734192443e+02 2.200725202277494645e+02
2.549986514833682918e+02 1.220849565477974181e+02 2.197785436020377574e+02
2.550000000000000000e+02 1.224517530716212121e+02 2.208188492658076143e+02
2.550000000000000000e+02 1.229489062031765059e+02 2.214075516931375489e+02
2.550000000000000000e+02 1.232054240335630766e+02 2.202911297572670151e+02
2.549989511537308999e+02 1.220722205573868706e+02 2.198717410848067004e+02
2.550000000000000000e+02 1.216093796823494131e+02 2.199291279592448234e+02
2.550000000000000000e+02 1.212240035960443549e+02 2.201577764459094908e+02
2.549980521426431039e+02 1.211651183697932339e+02 2.198109080011986691e+02
2.549997003296373919e+02 1.216757566676655671e+02 2.205316152232544198e+02
2.550000000000000000e+02 1.220818100089901179e+02 2.204201378483668066e+02
2.550000000000000000e+02 1.215401558285885528e+02 2.200308660473479279e+02
2.550000000000000000e+02 1.212998201977824380e+02 2.199430626311057893e+02
2.549998501648186959e+02 1.231149235840575358e+02 2.196108780341624254e+02
2.549995504944560878e+02 1.235371591249625425e+02 2.202989211866946277e+02
2.549979023074617999e+02 1.253255918489661411e+02 2.210623314354210436e+02
2.549998501648186959e+02 1.273834282289481621e+02 2.216351513335331163e+02
2.550000000000000000e+02 1.309391669163919687e+02 2.221944860653281353e+02
2.550000000000000000e+02 1.288658975127359838e+02 2.220424033563080570e+02
2.549962541204674835e+02 1.231251123763859709e+02 2.191532813904704824e+02
2.549991009889122040e+02 1.165548396763560106e+02 2.180172310458495701e+02
2.549973029667365836e+02 1.094376685645789564e+02 2.157511237638597663e+02
2.549986514833682918e+02 1.082744980521426470e+02 2.162286484866646674e+02
2.550000000000000000e+02 1.123157027270002999e+02 2.177688043152532202e+02
2.549995504944560878e+02 1.131453401258615514e+02 2.177142643092598178e+02
2.549991009889122040e+02 1.142770452502247593e+02 2.178085106382978609e+02
2.549998501648186959e+02 1.152051243632004827e+02 2.180687743482169481e+02
2.550000000000000000e+02 1.148432724003596093e+02 2.190645789631405478e+02
2.549992508240935081e+02 1.148756367995205210e+02 2.188040155828588524e+02
2.549983518130056837e+02 1.157138148037159056e+02 2.187222055738687345e+02
2.549997003296373919e+02 1.152542703026670665e+02 2.198885226251123868e+02
2.549998501648186959e+02 1.163572070722205609e+02 2.191868444710817982e+02
2.549988013185495959e+02 1.161233143542103647e+02 2.192692538207971324e+02
2.550000000000000000e+02 1.166667665567875360e+02 2.197750973928678491e+02
2.550000000000000000e+02 1.162202577165118385e+02 2.191477374887623739e+02
2.549995504944560878e+02 1.168172010788133122e+02 2.196926880431525433e+02
2.550000000000000000e+02 1.172120167815402993e+02 2.195023973629008083e+02
2.549997003296373919e+02 1.167646089301768058e+02 2.191750074917590609e+02
2.550000000000000000e+02 1.168611027869343673e+02 2.194569973029667267e+02
2.549995504944560878e+02 1.181799520527419816e+02 2.190975427030266758e+02
2.549998501648186959e+02 1.186182199580461543e+02 2.189450104884626853e+02
2.549998501648186959e+02 1.179563979622415388e+02 2.200653281390470397e+02
2.550000000000000000e+02 1.185281690140845114e+02 2.191901408450704309e+02
2.550000000000000000e+02 1.143356308061132722e+02 2.179375187293976524e+02
2.549997003296373919e+02 1.089406652682049810e+02 2.169516032364399223e+02
2.549977524722804958e+02 1.080825591848966098e+02 2.164680851063829721e+02
2.549991009889122040e+02 1.090070422535211208e+02 2.173922685046449033e+02
2.549967036260113957e+02 1.096842972729997001e+02 2.177268504644890754e+02
2.549998501648186959e+02 1.156338028169014081e+02 2.189301768055139235e+02
2.549995504944560878e+02 1.146709619418639505e+02 2.197815403056637820e+02
2.549988013185495959e+02 1.153735391069823208e+02 2.196744081510338731e+02
2.549991009889122040e+02 1.161986814504045498e+02 2.190922984716811470e+02
2.549997003296373919e+02 1.162858855259214863e+02 2.187358405753670922e+02
2.549997003296373919e+02 1.165065927479772228e+02 2.196035361102786965e+02
2.549995504944560878e+02 1.167290979922085654e+02 2.199400659274797647e+02
2.549994006592747837e+02 1.180077914294276269e+02 2.202096194186395053e+02
2.549994006592747837e+02 1.194658375786634679e+02 2.202725501947857367e+02
2.550000000000000000e+02 1.203016182199580442e+02 2.201270602337428954e+02
2.550000000000000000e+02 1.215885525921486305e+02 2.211633203476176277e+02
2.549997003296373919e+02 1.214097992208570531e+02 2.210439017081210693e+02
2.550000000000000000e+02 1.227631105783637935e+02 2.210215762661072745e+02
2.549989511537308999e+02 1.236555289181899866e+02 2.216920887024273270e+02
2.549992508240935081e+02 1.240961941863949676e+02 2.219453101588252935e+02
2.549991009889122040e+02 1.248774348216961272e+02 2.215503446209170022e+02
2.549977524722804958e+02 1.254456098291878874e+02 2.211171711117770542e+02
2.549994006592747837e+02 1.200744680851063890e+02 2.203524123464189302e+02
2.549982019778243796e+02 1.205812106682649016e+02 2.202090200779142890e+02
2.549997003296373919e+02 1.212626610728198955e+02 2.205431525322145774e+02
2.549998501648186959e+02 1.205554390170812127e+02 2.208699430626311084e+02
2.550000000000000000e+02 1.207673059634402222e+02 2.205386574767755405e+02
2.550000000000000000e+02 1.212138148037159056e+02 2.199306263110578357e+02
2.549986514833682918e+02 1.225311657177105218e+02 2.198922685046449033e+02
2.549991009889122040e+02 1.234490560383578099e+02 2.218588552592148631e+02
2.549976026370991917e+02 1.248317350913994659e+02 2.219623913694935595e+02
2.549992508240935081e+02 1.261293077614623854e+02 2.220943961642193472e+02
2.549995504944560878e+02 1.274402157626610688e+02 2.224905603835780710e+02
2.549977524722804958e+02 1.280329637398861280e+02 2.225355109379682403e+02
2.549994006592747837e+02 1.282885825591849027e+02 2.218377284986514724e+02
2.550000000000000000e+02 1.288273898711417473e+02 2.216120767156128295e+02
2.550000000000000000e+02 1.285875037458795305e+02 2.221460893017680576e+02
2.550000000000000000e+02 1.284006592747977322e+02 2.222939766257117071e+02
2.549998501648186959e+02 1.243482169613425299e+02 2.212581660173808871e+02
2.549992508240935081e+02 1.200719208870242767e+02 2.199757267006293091e+02
2.549997003296373919e+02 1.200113874737788393e+02 2.196230146838477708e+02
2.549983518130056837e+02 1.203453700928978094e+02 2.199276296074318111e+02
2.550000000000000000e+02 1.211309559484567018e+02 2.199105483967635735e+02
2.549998501648186959e+02 1.206949355708720475e+02 2.210074917590650330e+02
2.549998501648186959e+02 1.223477674557986177e+02 2.213972130656277955e+02
2.549988013185495959e+02 1.224426131255618770e+02 2.207157626610728300e+02
2.550000000000000000e+02 1.225191789032064662e+02 2.208476176206173136e+02
2.550000000000000000e+02 1.220035960443512124e+02 2.210388073119568446e+02
2.550000000000000000e+02 1.224569973029667409e+02 2.209490560383578099e+02
2.550000000000000000e+02 1.227211567275996345e+02 2.204823194486065461e+02
2.549968534611926998e+02 1.227389871141744067e+02 2.205350614324243281e+02
2.549946059334731672e+02 1.228339826191189701e+02 2.208157027270002857e+02
2.550000000000000000e+02 1.231396463889721247e+02 2.209664369193886841e+02
2.549995504944560878e+02 1.235866047347917345e+02 2.216478873239436496e+02
2.549973029667365836e+02 1.244507042253521121e+02 2.211955349115972354e+02
2.549979023074617999e+02 1.245527419838177963e+02 2.214703326341024763e+02
2.550000000000000000e+02 1.245543901708121126e+02 2.220304165418040157e+02
2.549997003296373919e+02 1.246687144141444463e+02 2.217508240934971582e+02
2.549976026370991917e+02 1.253572070722205609e+02 2.215023973629008083e+02
2.549992508240935081e+02 1.260821096793527119e+02 2.217488762361402337e+02
2.549997003296373919e+02 1.265220257716511867e+02 2.215570872040755148e+02
2.550000000000000000e+02 1.264297272999700397e+02 2.218365298172010682e+02
2.549998501648186959e+02 1.268795325142343415e+02 2.217473778843272498e+02
2.549998501648186959e+02 1.274938567575666752e+02 2.217743482169613287e+02
2.549998501648186959e+02 1.279871141744081484e+02 2.217676056338028161e+02
2.549995504944560878e+02 1.284519029068025304e+02 2.223476176206173136e+02
2.549998501648186959e+02 1.281396463889721247e+02 2.225735690740185930e+02
2.549955049445609916e+02 1.291315552891819038e+02 2.223287383877734555e+02
2.550000000000000000e+02 1.285831585256218261e+02 2.227559184896613829e+02
2.549998501648186959e+02 1.295247228049146031e+02 2.229151932873838859e+02
2.550000000000000000e+02 1.290575367096194270e+02 2.227454300269703253e+02
2.549989511537308999e+02 1.219423134551992831e+02 2.211661672160623198e+02
2.549995504944560878e+02 1.191000899011087739e+02 2.200734192388372890e+02
2.549988013185495959e+02 1.177947258016182133e+02 2.192112676056337932e+02
2.550000000000000000e+02 1.179895115373089567e+02 2.195097392867845372e+02
2.550000000000000000e+02 1.187464788732394396e+02 2.199610428528618513e+02
2.549997003296373919e+02 1.242560683248426727e+02 2.211953850764159313e+02
2.549998501648186959e+02 1.247983218459694399e+02 2.209294276296074315e+02
2.549952052741983834e+02 1.250395564878633508e+02 2.213640994905603918e+02
2.549994006592747837e+02 1.254066526820497387e+02 2.206810008990110816e+02
2.550000000000000000e+02 1.253318849265807557e+02 2.211210668264908463e+02
2.549994006592747837e+02 1.264172909799220861e+02 2.216317051243632079e+02
2.549989511537308999e+02 1.264340725202277440e+02 2.220061432424333248e+02
2.549998501648186959e+02 1.258434222355408991e+02 2.221537308960143946e+02
2.549998501648186959e+02 1.261549295774647845e+02 2.220044950554390084e+02
2.549997003296373919e+02 1.269026071321546283e+02 2.219294276296074315e+02
2.549985016481869877e+02 1.270738687443811870e+02 2.221621216661672236e+02
2.549994006592747837e+02 1.271353011687144203e+02 2.228198981120767144e+02
2.549994006592747837e+02 1.277795924483068575e+02 2.228943661971831034e+02
2.549998501648186959e+02 1.281215163320347585e+02 2.224863649985016423e+02
2.550000000000000000e+02 1.285951453401258675e+02 2.230531914893616943e+02
2.549991009889122040e+02 1.292587653581060749e+02 2.232289481570272756e+02
2.549995504944560878e+02 1.300692238537608603e+02 2.230278693437219033e+02
2.550000000000000000e+02 1.297529217860353583e+02 2.230596344021576272e+02
2.549997003296373919e+02 1.302341923883727759e+02 2.229865148336829463e+02
2.549986514833682918e+02 1.305190290680251621e+02 2.230890020976925427e+02
2.549997003296373919e+02 1.299322744980521520e+02 2.229772250524423214e+02
2.549998501648186959e+02 1.303563080611327507e+02 2.231630206772550196e+02
2.549995504944560878e+02 1.293822295474977579e+02 2.230536409949056065e+02
2.549973029667365836e+02 1.291033862750973924e+02 2.231258615522924913e+02
2.549995504944560878e+02 1.244132454300269757e+02 2.216789032064728815e+02
2.549998501648186959e+02 1.247816901408450718e+02 2.218122565178303773e+02
2.550000000000000000e+02 1.245552891818999086e+02 2.215795624812706137e+02
2.550000000000000000e+02 1.251706622715013424e+02 2.209601438417740553e+02
2.549995504944560878e+02 1.222673059634402222e+02 2.203626011387473795e+02
2.549992508240935081e+02 1.196018879232843801e+02 2.191176206173209380e+02
2.549968534611926998e+02 1.190010488462691001e+02 2.200361102786934282e+02
2.550000000000000000e+02 1.191709619418639505e+02 2.197902307461791906e+02
2.549983518130056837e+02 1.200623314354210436e+02 2.192076715612825808e+02
2.549980521426431039e+02 1.244172909799220861e+02 2.209784237338927255e+02
2.549994006592747837e+02 1.249273299370692172e+02 2.204060533413245366e+02
2.549998501648186959e+02 1.260890020976925427e+02 2.207658076116272241e+02
2.550000000000000000e+02 1.264982019778243938e+02 2.207731495355109246e+02
2.549994006592747837e+02 1.257816901408450718e+02 2.206520827090200783e+02
2.549980521426431039e+02 1.258639496553790877e+02 2.214655379083008597e+02
2.549982019778243796e+02 1.257703026670662325e+02 2.209661372490260760e+02
2.549977524722804958e+02 1.267569673359304829e+02 2.201835480970931940e+02
2.550000000000000000e+02 1.261658675456997258e+02 2.205449505543901694e+02
2.550000000000000000e+02 1.272765957446808471e+02 2.206583757866347071e+02
2.549994006592747837e+02 1.279403655978423728e+02 2.207332933772849799e+02
2.550000000000000000e+02 1.286901408450704309e+02 2.209522025771651101e+02
2.549995504944560878e+02 1.282848366796523862e+02 2.208411747078214091e+02
2.549983518130056837e+02 1.280121366496853454e+02 2.209333233443212521e+02
2.550000000000000000e+02 1.284008091099790363e+02 2.200262211567275870e+02
2.549994006592747837e+02 1.275849565477974181e+02 2.200131854959544455e+02
2.549994006592747837e+02 1.288907701528318910e+02 2.200707222055738725e+02
2.550000000000000000e+02 1.279767755468984092e+02 2.204599940065927512e+02
2.549989511537308999e+02 1.280341624213365321e+02 2.200442013784836774e+02
2.549997003296373919e+02 1.277902307461792049e+02 2.197780940964938452e+02
2.549997003296373919e+02 1.284339226850464399e+02 2.195325142343422158e+02
2.549995504944560878e+02 1.277524722804914603e+02 2.198059634402157485e+02
2.549994006592747837e+02 1.274962541204674835e+02 2.195899011087803387e+02
2.549991009889122040e+02 1.285000000000000000e+02 2.194661372490260760e+02
