2.550000000000000000e+02 2.269160067873303177e+01 2.042063772624434250e+02
2.549985152714932042e+02 1.969852941176470651e+01 2.134329044117646959e+02
2.549983031674208007e+02 7.104015837104071807e+01 2.233556985294117680e+02
2.549975961538461604e+02 6.666027997737556632e+01 2.226673501131221826e+02
2.550000000000000000e+02 1.074324802036199031e+02 2.284459134615384528e+02
2.550000000000000000e+02 1.105511877828054281e+02 2.279006645927601937e+02
2.550000000000000000e+02 1.155172511312217125e+02 2.303075509049773757e+02
2.549995050904977347e+02 1.169258342760180938e+02 2.309720729638009118e+02
2.549997171945701382e+02 1.181498868778280524e+02 2.308404977375565750e+02
2.549990808823529278e+02 1.199780118778280524e+02 2.309096436651583701e+02
2.549995050904977347e+02 1.204273897058823479e+02 2.315463093891402764e+02
2.549999292986425417e+02 1.208680712669683288e+02 2.321776725113122097e+02
2.549992929864253313e+02 1.219460548642533979e+02 2.316520079185520444e+02
2.550000000000000000e+02 1.226141119909502208e+02 2.316911057692307736e+02
2.550000000000000000e+02 1.224755373303167403e+02 2.316890554298642542e+02
2.549997878959275965e+02 1.234036340497737569e+02 2.319509332579185639e+02
2.550000000000000000e+02 1.230374717194570167e+02 2.318926046380090611e+02
2.549993636877828180e+02 1.162374858597285083e+02 2.296110718325791993e+02
2.549995050904977347e+02 9.433682126696832881e+01 2.259330458144796410e+02
2.549997171945701382e+02 7.340137160633484825e+01 2.196348981900452486e+02
2.549999292986425417e+02 7.301986708144796978e+01 2.197748161764705799e+02
2.549992929864253313e+02 8.254065328054298334e+01 2.215311085972850549e+02
2.549997878959275965e+02 9.284403280542986181e+01 2.240394513574660493e+02
2.549997171945701382e+02 9.968721719457013819e+01 2.265326640271493090e+02
2.549984445701357458e+02 1.046699660633484115e+02 2.273876555429864368e+02
2.549980203619909389e+02 1.063349123303167403e+02 2.283755656108597236e+02
2.549993636877828180e+02 1.073981900452488674e+02 2.282927743212669611e+02
2.549973840497737569e+02 1.078436085972850691e+02 2.280583286199095028e+02
2.549995757918551931e+02 1.086949236425339365e+02 2.284198953619909389e+02
2.550000000000000000e+02 1.105640554298642542e+02 2.280953054298642542e+02
2.549997171945701382e+02 1.129588518099547514e+02 2.291389281674208007e+02
2.549997171945701382e+02 1.157004383484162844e+02 2.299212386877828180e+02
2.549997878959275965e+02 1.183119343891402764e+02 2.303851809954751104e+02
2.550000000000000000e+02 1.203228223981900413e+02 2.307352234162895854e+02
2.549999292986425417e+02 1.233212669683257872e+02 2.305465214932126798e+02
2.549999292986425417e+02 1.238543552036199031e+02 2.313176611990950278e+02
2.550000000000000000e+02 1.242188914027149309e+02 2.310272907239819062e+02
2.549997878959275965e+02 1.250015554298642542e+02 2.312121747737556632e+02
2.549999292986425417e+02 1.252292845022624448e+02 2.314164309954751104e+02
2.550000000000000000e+02 1.257403846153846132e+02 2.313798076923076792e+02
2.549999292986425417e+02 1.268602941176470580e+02 2.312257494343891437e+02
2.550000000000000000e+02 1.253380231900452486e+02 2.312395361990950278e+02
2.549999292986425417e+02 1.173837669683257872e+02 2.292314762443438951e+02
2.549992222850678729e+02 9.567887443438914374e+01 2.235967901583710500e+02
2.549998585972850549e+02 7.758887160633484825e+01 2.185795390271493090e+02
2.550000000000000000e+02 7.814479638009049722e+01 2.181957013574660493e+02
2.549993636877828180e+02 8.468502545248868785e+01 2.212883201357466021e+02
2.549995050904977347e+02 9.106695418552035903e+01 2.227753110859728451e+02
2.549985152714932042e+02 9.605585407239819062e+01 2.240058682126696965e+02
2.549995050904977347e+02 1.004386312217194615e+02 2.253701923076923208e+02
2.549998585972850549e+02 1.050221295248868785e+02 2.257026300904977347e+02
2.549995050904977347e+02 1.062672511312217125e+02 2.260449660633484257e+02
2.550000000000000000e+02 1.053799490950226243e+02 2.267758766968325688e+02
2.550000000000000000e+02 1.067954609728506767e+02 2.267543834841629007e+02
2.550000000000000000e+02 1.088651725113122239e+02 2.273071266968325688e+02
2.549990101809954695e+02 1.119818297511312153e+02 2.277286481900452486e+02
2.549998585972850549e+02 1.150471578054298618e+02 2.279602658371040604e+02
2.550000000000000000e+02 1.167919966063348483e+02 2.290479355203619889e+02
2.549986566742081493e+02 1.202779270361990882e+02 2.291204751131221826e+02
2.550000000000000000e+02 1.217987839366515885e+02 2.299974547511312153e+02
2.549994343891402764e+02 1.235390978506787292e+02 2.307550197963800827e+02
2.550000000000000000e+02 1.242291430995475139e+02 2.305447539592760222e+02
2.549997171945701382e+02 1.256488970588235361e+02 2.300113122171945577e+02
2.550000000000000000e+02 1.255781250000000000e+02 2.303593042986425417e+02
2.550000000000000000e+02 1.261366657239819062e+02 2.309119768099547514e+02
2.549997878959275965e+02 1.273226102941176521e+02 2.310471578054298618e+02
2.550000000000000000e+02 1.272509191176470580e+02 2.311205458144796410e+02
2.550000000000000000e+02 1.190209276018099587e+02 2.283653139140271549e+02
2.550000000000000000e+02 9.225657522624433682e+01 2.223671521493212708e+02
2.549980203619909389e+02 7.109947680995475139e+01 2.167419400452488674e+02
2.549995050904977347e+02 6.944718608597284515e+01 2.154385605203619889e+02
2.549999292986425417e+02 7.351534219457013819e+01 2.171768240950226243e+02
2.549995050904977347e+02 7.882621606334841147e+01 2.183260039592760222e+02
2.549995757918551931e+02 8.207529694570135348e+01 2.190190893665158285e+02
2.549992929864253313e+02 8.647454751131222395e+01 2.212596860859728451e+02
2.549994343891402764e+02 9.400494909502262431e+01 2.224259049773755521e+02
2.549999292986425417e+02 9.822065893665158853e+01 2.235268665158370993e+02
2.549999292986425417e+02 1.007521210407239778e+02 2.234879100678733153e+02
2.550000000000000000e+02 1.026048501131221684e+02 2.242683823529411882e+02
2.549999292986425417e+02 1.063965639140271549e+02 2.253259332579185639e+02
2.549985859728506910e+02 1.101320701357466021e+02 2.261923783936651660e+02
2.549999292986425417e+02 1.130699236425339365e+02 2.274606900452488674e+02
2.549995757918551931e+02 1.175358455882352899e+02 2.278750000000000000e+02
2.549998585972850549e+02 1.203519513574660635e+02 2.286556136877828180e+02
2.549997878959275965e+02 1.222747454751131215e+02 2.290514705882353041e+02
2.550000000000000000e+02 1.241235152714932184e+02 2.294563065610859667e+02
2.550000000000000000e+02 1.253716063348416299e+02 2.293189338235294201e+02
2.549990101809954695e+02 1.257531815610859667e+02 2.295726809954751104e+02
2.549990101809954695e+02 1.265336538461538396e+02 2.293277007918551931e+02
2.549997171945701382e+02 1.268964932126696823e+02 2.298175197963800827e+02
2.549996464932126798e+02 1.271093750000000000e+02 2.300495616515837014e+02
2.550000000000000000e+02 1.286645927601809944e+02 2.296177884615384528e+02
2.549999292986425417e+02 1.294702347285067958e+02 2.297496464932126798e+02
2.549997878959275965e+02 1.301233738687782875e+02 2.295523897058823479e+02
2.549997171945701382e+02 1.282590497737556632e+02 2.291255656108597236e+02
2.549997878959275965e+02 1.142483738687782875e+02 2.259147341628959396e+02
2.549994343891402764e+02 8.358137726244343924e+01 2.187449802036199173e+02
2.549985859728506910e+02 7.028061368778280382e+01 2.151530684389140333e+02
2.549997171945701382e+02 7.357367081447964097e+01 2.149932833710407181e+02
2.549998585972850549e+02 8.083597285067872917e+01 2.170675904977375694e+02
2.549992222850678729e+02 8.413221153846153300e+01 2.182674632352941160e+02
2.550000000000000000e+02 8.716841063348415730e+01 2.197225678733031771e+02
2.549995050904977347e+02 9.388284785067872917e+01 2.212305571266968229e+02
2.549997878959275965e+02 9.843863122171946145e+01 2.224697398190045305e+02
2.550000000000000000e+02 1.007505656108597236e+02 2.227623020361990882e+02
2.549979496606334806e+02 1.020273614253393646e+02 2.236298076923076792e+02
2.549995757918551931e+02 1.039438631221719476e+02 2.238874434389140333e+02
2.549992222850678729e+02 1.068149745475113122e+02 2.241441600678733153e+02
2.550000000000000000e+02 1.093282664027149309e+02 2.255902856334841715e+02
2.549995050904977347e+02 1.121608455882352899e+02 2.263834841628959396e+02
2.549993636877828180e+02 1.151213942307692264e+02 2.262541713800904972e+02
2.549992929864253313e+02 1.175028280542986465e+02 2.270982748868778174e+02
2.549997171945701382e+02 1.191440893665158427e+02 2.278525876696832597e+02
2.549995757918551931e+02 1.207413037330316712e+02 2.271920955882353041e+02
2.550000000000000000e+02 1.208483455882352899e+02 2.276443014705882320e+02
2.549983738687782875e+02 1.224279553167420858e+02 2.284506504524886736e+02
2.549997878959275965e+02 1.232568580316742128e+02 2.280704892533936743e+02
2.549997171945701382e+02 1.242356476244343924e+02 2.288829892533936743e+02
2.549987273755656076e+02 1.257244768099547514e+02 2.286471295248868785e+02
2.549990808823529278e+02 1.262277997737556632e+02 2.286440186651583701e+02
2.550000000000000000e+02 1.283146917420814361e+02 2.288231052036199173e+02
2.550000000000000000e+02 1.292819570135746687e+02 2.295912754524886736e+02
2.549998585972850549e+02 1.261858738687782875e+02 2.281836821266968229e+02
2.550000000000000000e+02 1.094642958144796410e+02 2.241348274886877903e+02
2.550000000000000000e+02 8.226852375565610487e+01 2.172010746606334806e+02
2.550000000000000000e+02 7.404821832579185070e+01 2.159975961538461604e+02
2.549999292986425417e+02 7.838800904977375694e+01 2.158660209276018236e+02
2.549990101809954695e+02 8.517922794117646390e+01 2.181094457013574583e+02
2.549988687782805528e+02 8.969626696832578716e+01 2.197223557692307736e+02
2.550000000000000000e+02 9.490759332579185070e+01 2.214173501131221826e+02
2.550000000000000000e+02 1.014552460407239778e+02 2.217300622171945577e+02
2.549992222850678729e+02 1.047611708144796410e+02 2.231603506787330389e+02
2.549990101809954695e+02 1.061426753393665194e+02 2.230761453619909389e+02
2.550000000000000000e+02 1.066885605203619889e+02 2.238130656108597236e+02
2.549993636877828180e+02 1.082871182126696823e+02 2.237374858597285083e+02
2.549996464932126798e+02 1.106958427601809944e+02 2.248590214932126798e+02
2.549994343891402764e+02 1.137982183257918507e+02 2.252170531674208007e+02
2.550000000000000000e+02 1.168057126696832597e+02 2.262402432126696965e+02
2.549998585972850549e+02 1.192872596153846132e+02 2.270019796380090611e+02
2.549991515837104146e+02 1.218010463800904972e+02 2.274765978506787292e+02
2.549991515837104146e+02 1.229835265837104004e+02 2.279487415158370993e+02
2.549997878959275965e+02 1.243926046380090469e+02 2.281452205882353041e+02
2.550000000000000000e+02 1.253245899321266990e+02 2.277335972850678729e+02
2.550000000000000000e+02 1.256547652714932184e+02 2.281908936651583701e+02
2.550000000000000000e+02 1.261230203619909531e+02 2.281869343891402764e+02
2.550000000000000000e+02 1.271548359728506767e+02 2.284393382352941160e+02
2.550000000000000000e+02 1.281053450226244479e+02 2.286250707013574583e+02
2.550000000000000000e+02 1.280075650452488674e+02 2.283419117647058840e+02
2.550000000000000000e+02 1.295791855203619889e+02 2.284943438914027070e+02
2.550000000000000000e+02 1.292296380090497792e+02 2.287563631221719334e+02
2.550000000000000000e+02 1.302858455882353041e+02 2.282884615384615472e+02
2.550000000000000000e+02 1.289147341628959396e+02 2.275921945701357458e+02
2.549998585972850549e+02 1.168654553167420858e+02 2.247874010180995583e+02
2.549988687782805528e+02 8.345602375565610487e+01 2.159791430995475139e+02
2.549995757918551931e+02 6.560845588235294201e+01 2.114015837104072375e+02
2.549997171945701382e+02 6.554015837104071807e+01 2.107919966063348340e+02
2.550000000000000000e+02 6.990723981900453055e+01 2.131739960407239778e+02
2.549988687782805528e+02 7.263214083710407465e+01 2.140508342760180938e+02
2.549997878959275965e+02 7.334127545248868785e+01 2.143357607466063257e+02
2.549997171945701382e+02 7.848133484162896423e+01 2.156650876696832597e+02
2.549998585972850549e+02 8.536941459276017952e+01 2.174839507918551931e+02
2.549992929864253313e+02 8.904100678733031771e+01 2.180142816742081493e+02
2.550000000000000000e+02 8.930528846153846700e+01 2.192508484162895854e+02
2.549995757918551931e+02 9.217272341628959964e+01 2.189939903846153868e+02
2.550000000000000000e+02 9.706440893665158853e+01 2.202297087104072375e+02
2.549997171945701382e+02 1.028766968325791851e+02 2.212706447963800827e+02
2.549993636877828180e+02 1.076032946832579142e+02 2.231399886877828180e+02
2.549997878959275965e+02 1.112707154977375552e+02 2.234286623303167403e+02
2.549991515837104146e+02 1.139974547511312153e+02 2.243416996606334806e+02
2.550000000000000000e+02 1.163291855203619889e+02 2.251747737556561049e+02
2.549994343891402764e+02 1.185106052036199031e+02 2.252571408371040604e+02
2.549999292986425417e+02 1.192292845022624448e+02 2.260549349547511326e+02
2.550000000000000000e+02 1.198079751131221684e+02 2.260783371040724035e+02
2.549986566742081493e+02 1.214341063348416299e+02 2.262442731900452486e+02
2.550000000000000000e+02 1.234882635746606354e+02 2.260440469457013535e+02
2.550000000000000000e+02 1.247180429864253455e+02 2.266169400452488674e+02
2.549999292986425417e+02 1.258730203619909531e+02 2.272503535067873202e+02
2.549998585972850549e+02 1.263158936651583701e+02 2.273619202488687847e+02
2.550000000000000000e+02 1.265823670814479698e+02 2.274860011312217125e+02
2.549999292986425417e+02 1.280678733031674312e+02 2.273779694570135632e+02
2.549999292986425417e+02 1.280148472850678729e+02 2.277766544117646959e+02
2.549997171945701382e+02 1.291486142533936743e+02 2.268700509049773757e+02
2.549997171945701382e+02 1.293506787330316854e+02 2.267667562217194472e+02
2.550000000000000000e+02 1.294307833710407181e+02 2.270002828054298618e+02
2.550000000000000000e+02 1.236978223981900413e+02 2.259953337104072375e+02
2.550000000000000000e+02 9.793530825791854966e+01 2.199979496606334806e+02
2.549992929864253313e+02 6.625325226244343924e+01 2.102448388009049722e+02
2.549999292986425417e+02 5.876343325791854966e+01 2.089809106334841715e+02
2.550000000000000000e+02 6.162712104072398489e+01 2.100702771493212708e+02
2.549997878959275965e+02 6.706391402714932326e+01 2.118394372171945577e+02
2.549998585972850549e+02 7.008915441176471006e+01 2.132160633484162986e+02
2.550000000000000000e+02 7.289493778280542813e+01 2.133460124434389229e+02
2.549996464932126798e+02 7.862492929864252744e+01 2.144167138009049722e+02
2.550000000000000000e+02 8.171118495475113264e+01 2.160135039592760222e+02
2.550000000000000000e+02 8.218856052036198889e+01 2.169628110859728451e+02
2.549999292986425417e+02 8.347850678733031771e+01 2.170267958144796410e+02
2.549996464932126798e+02 8.636078902714932326e+01 2.183102375565610771e+02
2.549997171945701382e+02 9.266855203619908821e+01 2.192743212669683146e+02
2.549997878959275965e+02 9.978450226244343924e+01 2.210597426470588118e+02
2.549996464932126798e+02 1.059983031674208149e+02 2.218118636877828180e+02
2.549997171945701382e+02 1.103561227375565608e+02 2.229637302036199173e+02
2.549997878959275965e+02 1.126355345022624448e+02 2.239394796380090611e+02
2.550000000000000000e+02 1.151146069004524861e+02 2.244360859728506910e+02
2.550000000000000000e+02 1.170255231900452486e+02 2.253634756787330389e+02
2.550000000000000000e+02 1.191831165158370993e+02 2.256662895927601937e+02
2.550000000000000000e+02 1.204148048642533979e+02 2.253889281674208007e+02
2.549991515837104146e+02 1.208494768099547514e+02 2.268397200226244479e+02
2.550000000000000000e+02 1.232531108597285083e+02 2.262520503393665194e+02
2.550000000000000000e+02 1.245178167420814503e+02 2.269998585972850549e+02
2.550000000000000000e+02 1.253799490950226243e+02 2.269307833710407181e+02
2.550000000000000000e+02 1.262343042986425274e+02 2.265518240950226243e+02
2.549999292986425417e+02 1.269862839366515885e+02 2.270361990950226243e+02
2.549998585972850549e+02 1.278096719457013535e+02 2.269563772624434250e+02
2.550000000000000000e+02 1.288777573529411882e+02 2.273951498868778174e+02
2.550000000000000000e+02 1.290632070135746687e+02 2.273940893665158285e+02
2.550000000000000000e+02 1.260378252262443368e+02 2.262531108597285083e+02
2.550000000000000000e+02 1.047396776018099587e+02 2.210318156108597236e+02
2.549980203619909389e+02 7.145736708144796978e+01 2.118011170814479556e+02
2.549994343891402764e+02 6.132013574660633282e+01 2.089589225113122097e+02
2.549991515837104146e+02 6.349533371040723750e+01 2.099655684389140333e+02
2.549995050904977347e+02 6.831787330316741702e+01 2.114925056561085910e+02
2.549992929864253313e+02 7.024639423076922640e+01 2.126367364253393646e+02
2.549984445701357458e+02 7.391141119909502777e+01 2.137097709276018236e+02
2.549988687782805528e+02 7.821966911764705799e+01 2.161231617647058840e+02
2.549999292986425417e+02 8.124483880090497223e+01 2.165283512443438951e+02
2.549998585972850549e+02 8.118997454751131215e+01 2.167952488687782875e+02
2.549992222850678729e+02 8.128626979638009686e+01 2.162811085972850549e+02
2.549997878959275965e+02 8.420687217194570451e+01 2.164405401583710500e+02
2.549999292986425417e+02 8.872532522624433682e+01 2.183467194570135632e+02
2.549996464932126798e+02 9.511361708144796978e+01 2.200916996606334806e+02
2.549995050904977347e+02 1.020738829185520302e+02 2.215188772624434250e+02
2.549995050904977347e+02 1.062986425339366576e+02 2.231903280542986465e+02
2.549996464932126798e+02 1.101121323529411740e+02 2.238794541855203590e+02
2.549980203619909389e+02 1.136156674208144750e+02 2.244388433257918507e+02
2.549995757918551931e+02 1.152311934389140333e+02 2.249661340497737569e+02
2.550000000000000000e+02 1.167915016968325830e+02 2.260757918552036188e+02
2.550000000000000000e+02 1.195475113122171962e+02 2.258129949095022653e+02
2.549999292986425417e+02 1.212623727375565608e+02 2.262603930995475139e+02
2.549998585972850549e+02 1.232301329185520302e+02 2.270224123303167403e+02
2.549998585972850549e+02 1.246465639140271549e+02 2.272766544117646959e+02
2.549997878959275965e+02 1.264706589366515885e+02 2.274492364253393646e+02
2.549997878959275965e+02 1.286635322398190056e+02 2.275560661764705799e+02
2.550000000000000000e+02 1.290225537330316854e+02 2.277154270361990882e+02
2.549994343891402764e+02 1.295543693438914090e+02 2.275265837104072375e+02
2.550000000000000000e+02 1.306770361990950278e+02 2.277625848416289500e+02
2.550000000000000000e+02 1.313480627828054423e+02 2.275005656108597236e+02
2.549997171945701382e+02 1.284657098416289500e+02 2.270412895927601937e+02
2.550000000000000000e+02 1.106679864253393646e+02 2.225191600678733153e+02
2.550000000000000000e+02 7.805599547511312153e+01 2.137567166289592819e+02
2.550000000000000000e+02 6.631766119909502777e+01 2.114556702488687847e+02
2.549995757918551931e+02 6.810527432126697533e+01 2.117164875565610771e+02
2.549995757918551931e+02 7.290999717194570451e+01 2.145475820135746687e+02
2.549990808823529278e+02 7.629072398190045590e+01 2.145474406108597236e+02
2.550000000000000000e+02 7.888108031674208576e+01 2.148279835972850549e+02
2.550000000000000000e+02 8.316353223981900555e+01 2.162749575791855250e+02
2.549992222850678729e+02 8.796302319004524861e+01 2.178164592760180938e+02
2.549998585972850549e+02 9.029701640271493090e+01 2.190421380090497792e+02
2.549985859728506910e+02 9.313864536199095312e+01 2.192156391402714917e+02
2.549997878959275965e+02 9.619251979638009686e+01 2.194019372171945577e+02
2.549979496606334806e+02 1.022949660633484115e+02 2.209392675339366576e+02
2.549995050904977347e+02 1.067765130090497792e+02 2.223844032805429833e+02
2.550000000000000000e+02 1.115712669683257872e+02 2.233178733031674312e+02
2.549997878959275965e+02 1.143537895927601795e+02 2.239449943438914090e+02
2.549995757918551931e+02 1.179660633484162844e+02 2.246810661764705799e+02
2.549999292986425417e+02 1.194428026018099587e+02 2.256546238687782875e+02
2.549995050904977347e+02 1.218231759049773757e+02 2.265610859728506910e+02
2.550000000000000000e+02 1.239802036199095028e+02 2.263436792986425417e+02
2.550000000000000000e+02 1.254339649321266990e+02 2.267499292986425417e+02
2.549978082579185639e+02 1.261477658371040746e+02 2.271708144796380111e+02
2.549996464932126798e+02 1.275856193438914090e+02 2.273646069004524861e+02
2.550000000000000000e+02 1.286107890271493090e+02 2.275091911764705799e+02
2.550000000000000000e+02 1.293448812217194472e+02 2.282176187782805528e+02
2.550000000000000000e+02 1.301289592760180938e+02 2.282383342760180938e+02
2.549995757918551931e+02 1.306480486425339507e+02 2.280801046380090611e+02
2.550000000000000000e+02 1.310270786199095028e+02 2.278716063348416299e+02
2.550000000000000000e+02 1.319346012443438951e+02 2.283185096153846132e+02
2.550000000000000000e+02 1.330787613122171820e+02 2.285977092760180938e+02
2.550000000000000000e+02 1.325690045248868785e+02 2.284746889140271549e+02
2.550000000000000000e+02 1.250767109728506767e+02 2.261336962669683146e+02
2.549997171945701382e+02 9.772023472850678161e+01 2.204352375565610771e+02
2.549992222850678729e+02 7.294478223981900555e+01 2.136681278280543097e+02
2.550000000000000000e+02 7.044251979638009686e+01 2.127116091628959396e+02
2.549998585972850549e+02 7.605246040723982048e+01 2.136523614253393646e+02
2.549998585972850549e+02 8.188171662895928193e+01 2.167253252262443368e+02
2.549990808823529278e+02 8.536835407239819062e+01 2.175685096153846132e+02
2.549995050904977347e+02 8.772143665158371562e+01 2.182557268099547514e+02
2.550000000000000000e+02 9.314472567873302467e+01 2.195778421945701382e+02
2.549998585972850549e+02 9.526279694570135348e+01 2.201619061085972930e+02
2.549990808823529278e+02 9.636630373303167119e+01 2.199694570135746687e+02
2.549998585972850549e+02 9.850346436651584270e+01 2.207451216063348340e+02
2.550000000000000000e+02 1.034163602941176521e+02 2.217664734162895854e+02
2.549996464932126798e+02 1.089575084841629007e+02 2.231118495475113264e+02
2.550000000000000000e+02 1.133226809954751104e+02 2.247862697963800827e+02
2.549999292986425417e+02 1.165342901583710358e+02 2.256167279411764639e+02
2.549990808823529278e+02 1.201201216063348483e+02 2.261396351809954695e+02
2.550000000000000000e+02 1.221893382352941160e+02 2.271083851809954695e+02
2.550000000000000000e+02 1.237319004524886878e+02 2.281439479638009118e+02
2.549997878959275965e+02 1.255758625565610913e+02 2.281132635746606354e+02
2.549993636877828180e+02 1.267118919683257872e+02 2.281557550904977347e+02
2.550000000000000000e+02 1.276054864253393646e+02 2.277263150452488674e+02
2.549991515837104146e+02 1.277314762443438951e+02 2.284595588235294201e+02
2.549999292986425417e+02 1.292435661764705799e+02 2.284194711538461604e+02
2.550000000000000000e+02 1.295319570135746687e+02 2.279513574660633424e+02
2.550000000000000000e+02 1.295098981900452486e+02 2.284160067873303035e+02
2.549980910633484257e+02 1.299835972850678729e+02 2.283515978506787292e+02
2.549999292986425417e+02 1.302934813348416299e+02 2.283166713800904972e+02
2.549999292986425417e+02 1.308513150452488674e+02 2.287977941176470722e+02
2.550000000000000000e+02 1.292607466063348340e+02 2.276760463800904972e+02
2.550000000000000000e+02 1.144218042986425274e+02 2.245803167420814361e+02
2.550000000000000000e+02 8.108830599547511042e+01 2.154635180995475139e+02
2.549997878959275965e+02 6.690695701357465452e+01 2.117513433257918507e+02
2.549996464932126798e+02 6.711849547511312153e+01 2.106697539592760222e+02
2.549993636877828180e+02 7.158279128959276250e+01 2.133852516968325688e+02
2.549998585972850549e+02 7.564748303167421284e+01 2.144209558823529278e+02
2.549987273755656076e+02 7.801449377828053855e+01 2.150434106334841715e+02
2.549995757918551931e+02 8.240462386877828749e+01 2.165077064479638125e+02
2.549992222850678729e+02 8.720446832579185070e+01 2.186621182126696965e+02
2.549997878959275965e+02 9.044520644796379827e+01 2.189563065610859667e+02
2.549999292986425417e+02 9.168615667420814930e+01 2.200418552036199173e+02
2.549997878959275965e+02 9.401527149321266563e+01 2.204229355203619889e+02
2.549975961538461604e+02 9.960895079185520729e+01 2.219455599547511326e+02
2.550000000000000000e+02 1.058754242081447927e+02 2.231685520361990882e+02
2.549984445701357458e+02 1.114114819004524861e+02 2.246895503393665194e+02
2.549998585972850549e+02 1.146980345022624448e+02 2.254303591628959396e+02
2.549997171945701382e+02 1.176254949095022653e+02 2.260442590497737569e+02
2.550000000000000000e+02 1.195287047511312153e+02 2.268455882352941160e+02
2.550000000000000000e+02 1.215463093891402764e+02 2.271611990950226243e+02
2.550000000000000000e+02 1.234116940045248896e+02 2.273796662895927625e+02
2.550000000000000000e+02 1.249688207013574726e+02 2.276899038461538396e+02
2.549992929864253313e+02 1.259623161764705941e+02 2.279321266968325688e+02
2.549999292986425417e+02 1.280696408371040604e+02 2.282615950226244479e+02
2.550000000000000000e+02 1.282621606334841715e+02 2.281722992081448069e+02
2.549979496606334806e+02 1.289174915158370993e+02 2.288222567873303035e+02
2.549997171945701382e+02 1.300155542986425417e+02 2.287224971719456903e+02
2.550000000000000000e+02 1.308296804298642542e+02 2.286563207013574583e+02
2.549998585972850549e+02 1.315272907239819062e+02 2.286747030542986465e+02
2.549975254524886736e+02 1.282934106334841715e+02 2.270683682126696965e+02
2.549995757918551931e+02 1.052326074660633424e+02 2.224124717194570167e+02
2.549997878959275965e+02 7.111800056561085626e+01 2.130830740950226243e+02
2.549994343891402764e+02 6.036672794117647101e+01 2.093026018099547514e+02
2.550000000000000000e+02 5.784707296380090469e+01 2.093276300904977347e+02
2.549999292986425417e+02 6.201336255656108420e+01 2.113026725113122097e+02
2.550000000000000000e+02 6.538546380090497223e+01 2.118135605203619889e+02
2.550000000000000000e+02 6.695588235294117396e+01 2.128718184389140333e+02
2.549990808823529278e+02 7.466155260180995867e+01 2.150476527149321271e+02
2.549998585972850549e+02 8.126520079185520729e+01 2.165127262443438951e+02
2.550000000000000000e+02 8.474087952488687847e+01 2.173860294117646959e+02
2.549997171945701382e+02 8.680762160633484825e+01 2.171458569004524861e+02
2.549999292986425417e+02 9.094937782805429549e+01 2.185921238687782875e+02
2.549999292986425417e+02 9.636552601809954410e+01 2.208138433257918507e+02
2.549993636877828180e+02 1.031680571266968371e+02 2.220044541855203590e+02
2.549998585972850549e+02 1.097242647058823479e+02 2.228638291855203590e+02
2.549997171945701382e+02 1.136069711538461604e+02 2.246305854072398063e+02
2.549999292986425417e+02 1.162790582579185497e+02 2.254226527149321271e+02
2.550000000000000000e+02 1.186686934389140333e+02 2.256739960407239778e+02
2.549993636877828180e+02 1.206338376696832597e+02 2.262944004524886736e+02
2.549997878959275965e+02 1.221423925339366576e+02 2.268257918552036188e+02
2.550000000000000000e+02 1.237952488687782875e+02 2.272944004524886736e+02
2.550000000000000000e+02 1.259437924208144750e+02 2.272759473981900555e+02
2.549994343891402764e+02 1.273188631221719476e+02 2.275451074660633424e+02
2.549996464932126798e+02 1.284425904977375694e+02 2.285275028280543097e+02
2.550000000000000000e+02 1.292951074660633424e+02 2.286988122171945577e+02
2.550000000000000000e+02 1.298592335972850549e+02 2.280437641402714917e+02
2.550000000000000000e+02 1.304495192307692264e+02 2.284460548642533979e+02
2.550000000000000000e+02 1.311558964932126798e+02 2.281148897058823479e+02
2.550000000000000000e+02 1.318672228506787292e+02 2.283626979638009118e+02
2.550000000000000000e+02 1.322428591628959396e+02 2.284094315610859667e+02
2.549997878959275965e+02 1.271215356334841573e+02 2.267485859728506910e+02
2.550000000000000000e+02 9.747214366515837014e+01 2.200007777149321271e+02
2.549992929864253313e+02 6.127022058823529704e+01 2.113888574660633424e+02
2.550000000000000000e+02 4.981200509049773473e+01 2.064196125565610771e+02
2.549993636877828180e+02 4.954432975113122239e+01 2.061418269230769340e+02
2.549997878959275965e+02 5.111976809954751388e+01 2.078423359728506910e+02
2.549997878959275965e+02 4.990094739819004843e+01 2.077985718325791993e+02
2.550000000000000000e+02 5.127665441176470296e+01 2.079804157239819062e+02
2.549998585972850549e+02 5.461877828054298334e+01 2.090766402714932042e+02
2.549996464932126798e+02 5.479892533936651233e+01 2.093553450226244479e+02
2.550000000000000000e+02 5.466749151583710642e+01 2.097508484162895854e+02
2.549980910633484257e+02 5.530479355203620173e+01 2.097622313348416299e+02
2.550000000000000000e+02 5.606306561085973073e+01 2.098537188914027070e+02
2.549995050904977347e+02 5.954065328054298334e+01 2.112134473981900555e+02
2.549992222850678729e+02 6.645779128959276250e+01 2.125477234162895854e+02
2.549984445701357458e+02 7.230656108597284515e+01 2.143733031674208007e+02
2.549999292986425417e+02 7.796217477375566318e+01 2.165899321266968229e+02
2.549997878959275965e+02 8.310393099547511042e+01 2.177261736425339507e+02
2.549992929864253313e+02 8.912712104072397779e+01 2.194044824660633424e+02
2.549997171945701382e+02 9.540335124434389513e+01 2.213122171945701382e+02
2.549992929864253313e+02 1.011042138009049722e+02 2.219048359728506910e+02
2.549998585972850549e+02 1.039875565610859667e+02 2.234734162895927625e+02
2.549999292986425417e+02 1.069047652714932184e+02 2.239056136877828180e+02
2.549998585972850549e+02 1.095516826923076934e+02 2.245839225113122097e+02
2.549992929864253313e+02 1.119437217194570167e+02 2.249970305429864368e+02
2.550000000000000000e+02 1.144800622171945719e+02 2.258624151583710500e+02
2.549999292986425417e+02 1.172351527149321271e+02 2.263479213800904972e+02
2.549995050904977347e+02 1.184592053167420858e+02 2.266004666289592819e+02
2.550000000000000000e+02 1.203612839366515885e+02 2.269728506787330389e+02
2.549994343891402764e+02 1.223636170814479698e+02 2.276599264705882320e+02
2.550000000000000000e+02 1.244338942307692264e+02 2.282930571266968229e+02
2.550000000000000000e+02 1.248959983031674170e+02 2.281735718325791993e+02
2.549999292986425417e+02 1.160853365384615330e+02 2.257885322398190056e+02
2.549989394796380111e+02 7.564755373303167119e+01 2.157288602941176521e+02
2.549988687782805528e+02 4.755260180995475139e+01 2.072398190045248896e+02
2.549993636877828180e+02 4.207218608597285225e+01 2.044186227375565750e+02
2.549988687782805528e+02 4.356575226244343924e+01 2.059654270361990882e+02
2.549999292986425417e+02 4.490363404977375694e+01 2.063033088235294201e+02
2.549992222850678729e+02 4.418820701357466163e+01 2.056028704751131215e+02
2.549984445701357458e+02 4.545255938914026927e+01 2.062109021493212708e+02
2.549996464932126798e+02 4.994138857466063541e+01 2.084208144796380111e+02
2.549999292986425417e+02 5.375346436651583559e+01 2.089669824660633424e+02
2.549998585972850549e+02 5.353330033936651233e+01 2.088636170814479556e+02
2.549981617647058840e+02 5.371083144796379827e+01 2.089101385746606354e+02
2.549999292986425417e+02 5.666176470588235503e+01 2.097792703619909389e+02
2.550000000000000000e+02 6.065964366515837014e+01 2.114661340497737569e+02
2.549991515837104146e+02 6.702269513574660209e+01 2.128905542986425417e+02
2.550000000000000000e+02 7.275275735294117396e+01 2.149364394796380111e+02
2.549995757918551931e+02 7.911962669683258298e+01 2.164138857466063257e+02
2.549990101809954695e+02 8.346295248868777605e+01 2.175965073529411882e+02
2.549997878959275965e+02 8.877333144796379827e+01 2.186338376696832597e+02
2.549997171945701382e+02 9.406836821266968229e+01 2.202298501131221826e+02
2.549996464932126798e+02 9.805832861990950278e+01 2.216379383484162986e+02
2.549992929864253313e+02 1.025871747737556632e+02 2.221235152714932042e+02
2.549995050904977347e+02 1.064630938914027212e+02 2.232437782805429833e+02
2.549983738687782875e+02 1.091211821266968371e+02 2.242156391402714917e+02
2.549985859728506910e+02 1.123759898190045305e+02 2.245509756787330389e+02
2.549998585972850549e+02 1.156310096153846132e+02 2.261329185520361875e+02
2.549994343891402764e+02 1.190110294117647101e+02 2.264675480769230660e+02
2.549998585972850549e+02 1.214589932126696823e+02 2.270789027149321271e+02
2.549993636877828180e+02 1.242401018099547514e+02 2.270925480769230660e+02
2.550000000000000000e+02 1.258421945701357458e+02 2.279049066742081493e+02
2.549996464932126798e+02 1.261441600678733010e+02 2.279289451357466021e+02
2.549999292986425417e+02 1.262888150452488674e+02 2.276869343891402764e+02
2.550000000000000000e+02 1.194951216063348483e+02 2.261809247737556632e+02
2.550000000000000000e+02 9.043127828054298334e+01 2.187186085972850549e+02
2.549999292986425417e+02 6.329390554298642257e+01 2.107081447963800827e+02
2.549997878959275965e+02 5.857218608597285225e+01 2.097559389140271549e+02
2.549990808823529278e+02 6.295701357466063541e+01 2.112420107466063257e+02
2.549996464932126798e+02 6.662330316742081493e+01 2.126348981900452486e+02
2.550000000000000000e+02 6.623494061085972362e+01 2.124938489819004417e+02
2.549986566742081493e+02 6.665858314479638125e+01 2.133810096153846132e+02
2.549987980769230660e+02 7.097037613122171251e+01 2.134694570135746687e+02
2.549987273755656076e+02 7.264875565610859098e+01 2.143747171945701382e+02
2.549994343891402764e+02 7.324582861990950278e+01 2.154640837104072375e+02
2.549995757918551931e+02 7.414309954751131215e+01 2.147152149321266847e+02
2.549996464932126798e+02 7.738093891402715485e+01 2.151061227375565750e+02
2.550000000000000000e+02 8.290391685520361875e+01 2.167298501131221826e+02
2.549995050904977347e+02 9.090936085972850833e+01 2.200761453619909389e+02
2.549995757918551931e+02 9.927149321266968229e+01 2.216029411764705799e+02
2.549994343891402764e+02 1.064405401583710358e+02 2.231237273755656076e+02
2.549999292986425417e+02 1.115019796380090469e+02 2.237398190045248896e+02
2.549995757918551931e+02 1.135722567873303177e+02 2.246327064479638125e+02
2.550000000000000000e+02 1.159466911764705941e+02 2.249564479638009118e+02
2.550000000000000000e+02 1.170956589366515885e+02 2.250865384615384528e+02
2.549998585972850549e+02 1.183514564479637983e+02 2.253694852941176521e+02
2.549999292986425417e+02 1.192568580316742128e+02 2.264848699095022653e+02
2.549985859728506910e+02 1.212375565610859667e+02 2.271317166289592819e+02
2.549994343891402764e+02 1.229371464932126656e+02 2.270176046380090611e+02
2.550000000000000000e+02 1.236097285067873344e+02 2.274623161764705799e+02
2.550000000000000000e+02 1.242045390271493233e+02 2.272960265837104146e+02
2.550000000000000000e+02 1.238653846153846132e+02 2.272639988687782875e+02
2.550000000000000000e+02 1.242431419683257872e+02 2.268400028280543097e+02
2.549999292986425417e+02 1.221674915158370993e+02 2.260486425339366576e+02
2.549994343891402764e+02 1.059688207013574726e+02 2.230231900452488674e+02
2.549999292986425417e+02 6.877516968325791424e+01 2.131426753393665194e+02
2.550000000000000000e+02 5.114564479638008976e+01 2.080816600678733153e+02
2.549998585972850549e+02 5.047999151583710642e+01 2.081027997737556632e+02
2.550000000000000000e+02 5.593700509049773473e+01 2.096178591628959396e+02
2.549985152714932042e+02 6.050869626696832881e+01 2.110375424208144750e+02
2.549999292986425417e+02 6.319499434389140191e+01 2.119725678733031771e+02
2.549996464932126798e+02 6.804638009049773473e+01 2.135521069004524861e+02
2.550000000000000000e+02 7.096549773755656076e+01 2.149281674208144750e+02
2.550000000000000000e+02 7.029157239819004133e+01 2.148653846153846132e+02
2.550000000000000000e+02 6.958010463800904688e+01 2.147009332579185639e+02
2.549995050904977347e+02 7.233682126696832881e+01 2.148117222850678729e+02
2.549996464932126798e+02 7.587280825791854966e+01 2.159893947963800827e+02
2.549993636877828180e+02 8.066947115384616041e+01 2.171463518099547514e+02
2.549992929864253313e+02 8.606052036199095312e+01 2.188399321266968229e+02
2.549991515837104146e+02 9.134777997737556632e+01 2.204482466063348340e+02
2.549951216063348340e+02 9.664826074660633992e+01 2.210571973981900555e+02
2.549997878959275965e+02 9.967427884615383959e+01 2.219802036199095028e+02
2.549992222850678729e+02 1.021974688914027212e+02 2.227267392533936743e+02
2.549980910633484257e+02 1.035470164027149309e+02 2.237736849547511326e+02
2.549995757918551931e+02 1.070483597285067816e+02 2.240042420814479556e+02
2.549997878959275965e+02 1.088220446832579142e+02 2.242445559954751104e+02
2.550000000000000000e+02 1.105813065610859667e+02 2.243464366515837014e+02
2.550000000000000000e+02 1.117914309954751104e+02 2.251489677601809944e+02
2.549998585972850549e+02 1.124181278280542955e+02 2.255434106334841715e+02
2.550000000000000000e+02 1.071783088235294059e+02 2.244547511312217125e+02
2.550000000000000000e+02 8.034558823529411598e+01 2.170594598416289500e+02
2.549999292986425417e+02 5.571450791855203732e+01 2.103841911764705799e+02
2.549999292986425417e+02 5.040504807692308020e+01 2.090654694570135632e+02
2.550000000000000000e+02 5.401152432126696823e+01 2.100975678733031771e+02
2.550000000000000000e+02 5.683095305429863942e+01 2.103588093891402764e+02
2.549997171945701382e+02 5.529765271493212708e+01 2.102059530542986465e+02
2.549992222850678729e+02 5.595849830316742413e+01 2.098156108597285083e+02
2.550000000000000000e+02 6.252637160633484115e+01 2.123166713800904972e+02
2.549995050904977347e+02 6.982494343891403332e+01 2.142319711538461604e+02
2.550000000000000000e+02 7.288355486425339791e+01 2.150414309954751104e+02
2.550000000000000000e+02 7.611870757918552499e+01 2.154847992081448069e+02
2.549995050904977347e+02 8.013708993212669895e+01 2.163094598416289500e+02
2.549993636877828180e+02 8.561481900452488958e+01 2.180989819004524861e+02
2.549995757918551931e+02 9.281158088235294201e+01 2.206115667420814361e+02
2.549997878959275965e+02 9.964592760180995867e+01 2.224374292986425417e+02
2.549995757918551931e+02 1.061865101809954695e+02 2.234311368778280666e+02
2.550000000000000000e+02 1.105185944570135774e+02 2.242280118778280666e+02
2.549999292986425417e+02 1.125342194570135774e+02 2.249785067873303035e+02
2.550000000000000000e+02 1.138563348416289642e+02 2.261229496606334806e+02
2.549995050904977347e+02 1.155494909502262431e+02 2.256887019230769340e+02
2.549992929864253313e+02 1.174816176470588260e+02 2.257840780542986465e+02
2.550000000000000000e+02 1.196363829185520302e+02 2.266089507918551931e+02
2.550000000000000000e+02 1.215084841628959254e+02 2.273134191176470722e+02
2.549995757918551931e+02 1.233184389140271549e+02 2.283566883484162986e+02
2.549997878959275965e+02 1.258165299773755663e+02 2.285224830316741986e+02
2.549996464932126798e+02 1.280086962669683146e+02 2.290180995475113264e+02
2.549987980769230660e+02 1.282799066742081493e+02 2.295929722850678729e+02
2.549995757918551931e+02 1.286828337104072375e+02 2.293653139140271549e+02
2.550000000000000000e+02 1.189908795248868785e+02 2.274471153846153868e+02
2.549998585972850549e+02 8.237535350678733437e+01 2.183858880090497792e+02
2.549997171945701382e+02 5.337740384615384670e+01 2.083375989819004417e+02
2.549997878959275965e+02 4.750813065610859809e+01 2.065330175339366576e+02
2.549996464932126798e+02 5.177601809954751388e+01 2.085798218325791993e+02
2.549996464932126798e+02 5.457253959276017952e+01 2.099707296380090611e+02
2.549994343891402764e+02 5.508682126696832881e+01 2.105009898190045305e+02
2.549997878959275965e+02 5.919294400452488958e+01 2.117193156108597236e+02
2.549998585972850549e+02 6.478492647058823195e+01 2.138495475113122097e+02
2.549992222850678729e+02 6.718940893665158853e+01 2.136665016968325688e+02
2.549998585972850549e+02 6.735428450226244479e+01 2.142892392533936743e+02
2.549991515837104146e+02 6.902071549773755521e+01 2.145050197963800827e+02
2.549978789592760222e+02 7.353478506787330105e+01 2.162022058823529278e+02
2.549997171945701382e+02 7.943573246606334237e+01 2.173654553167420715e+02
2.549993636877828180e+02 8.618672228506787292e+01 2.184778704751131215e+02
2.549992929864253313e+02 9.130776300904977916e+01 2.209204609728506910e+02
2.549992929864253313e+02 9.687139423076922640e+01 2.221001131221719334e+02
2.549993636877828180e+02 1.015306136877828038e+02 2.226184954751131215e+02
2.549999292986425417e+02 1.048858173076923066e+02 2.237751696832579285e+02
2.549995757918551931e+02 1.073923925339366576e+02 2.249545390271493090e+02
2.549997878959275965e+02 1.108024604072398205e+02 2.253511029411764639e+02
2.549997171945701382e+02 1.123159643665158427e+02 2.259365808823529278e+02
2.550000000000000000e+02 1.149208144796380111e+02 2.260960831447963812e+02
2.549997878959275965e+02 1.171069004524886878e+02 2.263495475113122097e+02
2.549997878959275965e+02 1.188888574660633424e+02 2.277936227375565750e+02
2.549991515837104146e+02 1.218361849547511326e+02 2.282366374434389229e+02
2.549997878959275965e+02 1.231112839366515885e+02 2.287180429864253313e+02
2.549997878959275965e+02 1.234900311085972788e+02 2.287589790723981764e+02
2.550000000000000000e+02 1.118154694570135774e+02 2.260375424208144750e+02
2.550000000000000000e+02 7.438475678733031771e+01 2.165582579185520444e+02
2.550000000000000000e+02 5.396139705882352899e+01 2.109034926470588118e+02
2.549997171945701382e+02 5.279305712669683004e+01 2.105801753393665194e+02
2.549973133484162986e+02 5.897815328054298334e+01 2.121226668552036188e+02
2.549997878959275965e+02 6.317541006787330105e+01 2.133780401583710500e+02
2.549996464932126798e+02 6.486842477375566318e+01 2.144309954751131215e+02
2.550000000000000000e+02 7.031405542986425417e+01 2.154274604072398063e+02
2.549995050904977347e+02 7.395185237556560764e+01 2.167067307692307736e+02
2.549997878959275965e+02 7.523430429864252744e+01 2.170253817873303035e+02
2.549995757918551931e+02 7.497150735294117396e+01 2.170386029411764639e+02
2.549999292986425417e+02 7.623628393665158853e+01 2.174777997737556632e+02
2.549996464932126798e+02 8.130910633484162986e+01 2.179122596153846132e+02
2.550000000000000000e+02 8.885562782805429549e+01 2.198882211538461604e+02
2.549998585972850549e+02 9.551583710407240346e+01 2.220388857466063257e+02
2.549992929864253313e+02 1.017627262443438951e+02 2.241690469457013535e+02
2.549996464932126798e+02 1.065009898190045305e+02 2.252825933257918507e+02
2.549995050904977347e+02 1.091589366515837156e+02 2.254075933257918507e+02
2.549990101809954695e+02 1.109703054298642542e+02 2.263390837104072375e+02
2.550000000000000000e+02 1.133191459276018094e+02 2.268629100678733153e+02
2.550000000000000000e+02 1.141073246606334806e+02 2.265147058823529278e+02
2.549995050904977347e+02 1.153113687782805385e+02 2.269002403846153868e+02
2.550000000000000000e+02 1.170357041855203590e+02 2.277450509049773757e+02
2.550000000000000000e+02 1.188730910633484115e+02 2.281842477375565750e+02
2.550000000000000000e+02 1.218146210407239778e+02 2.285477941176470722e+02
2.549997878959275965e+02 1.237319004524886878e+02 2.294069570135746687e+02
2.549997878959275965e+02 1.185907805429864226e+02 2.282879666289592819e+02
2.549985152714932042e+02 8.759735576923077360e+01 2.212521210407239778e+02
2.549998585972850549e+02 5.486149604072398489e+01 2.118716770361990882e+02
2.550000000000000000e+02 4.848225395927601511e+01 2.098307409502262431e+02
2.549999292986425417e+02 5.150593891402714775e+01 2.111859445701357458e+02
2.549995050904977347e+02 5.628174490950226527e+01 2.126654411764705799e+02
2.549999292986425417e+02 5.768318721719457187e+01 2.129604072398190056e+02
2.549996464932126798e+02 6.002722002262443368e+01 2.139989394796380111e+02
2.549991515837104146e+02 6.473755656108596668e+01 2.150143523755656076e+02
2.549999292986425417e+02 6.694032805429864652e+01 2.156206872171945577e+02
2.549997171945701382e+02 6.792639988687783159e+01 2.158262160633484257e+02
2.549998585972850549e+02 6.817717760180995867e+01 2.162419400452488674e+02
2.549996464932126798e+02 7.127022058823528994e+01 2.168923218325791993e+02
2.549999292986425417e+02 7.617979355203620173e+01 2.184280967194570167e+02
2.549997878959275965e+02 8.323911199095022084e+01 2.201785916289592819e+02
2.549999292986425417e+02 8.996973981900453055e+01 2.213952912895927625e+02
2.549997878959275965e+02 9.572369909502262431e+01 2.235634191176470722e+02
2.550000000000000000e+02 1.005777007918552073e+02 2.246675622171945577e+02
2.549990101809954695e+02 1.041894796380090469e+02 2.253612839366515743e+02
2.549997171945701382e+02 1.059842335972850691e+02 2.260087669683258014e+02
2.550000000000000000e+02 1.093709700226244337e+02 2.263400735294117680e+02
2.550000000000000000e+02 1.116957720588235361e+02 2.267041148190045305e+02
2.550000000000000000e+02 1.140544400452488674e+02 2.269435803167420715e+02
2.549998585972850549e+02 1.156635322398190056e+02 2.277228506787330389e+02
2.550000000000000000e+02 1.187012160633484115e+02 2.280390978506787292e+02
2.550000000000000000e+02 1.212871182126696823e+02 2.287926329185520444e+02
2.550000000000000000e+02 1.234997878959275965e+02 2.295078478506787292e+02
2.549999292986425417e+02 1.203074802036199031e+02 2.295505514705882320e+02
2.549996464932126798e+02 9.346966911764705799e+01 2.227240526018099445e+02
2.549996464932126798e+02 5.515448246606334948e+01 2.126929440045248896e+02
2.549999292986425417e+02 4.498006221719457187e+01 2.089203902714932042e+02
2.549995757918551931e+02 4.986531391402714775e+01 2.109107041855203590e+02
2.549987273755656076e+02 5.556363122171945435e+01 2.128404977375565750e+02
2.549989394796380111e+02 5.768672228506787292e+01 2.139329044117646959e+02
2.550000000000000000e+02 5.889592760180995157e+01 2.144988687782805528e+02
2.549995050904977347e+02 6.411884898190045590e+01 2.159087245475113264e+02
2.550000000000000000e+02 6.860131504524886736e+01 2.164831730769230660e+02
2.549998585972850549e+02 6.908752828054298334e+01 2.179207437782805528e+02
2.549998585972850549e+02 6.889720022624433682e+01 2.170851951357466021e+02
2.549995757918551931e+02 7.202665441176471006e+01 2.180980627828054423e+02
2.549997878959275965e+02 7.777220022624433682e+01 2.197701498868778174e+02
2.549984445701357458e+02 8.522256787330316286e+01 2.222204468325791993e+02
2.549991515837104146e+02 9.211906108597284515e+01 2.236918127828054423e+02
2.549996464932126798e+02 9.835202205882353610e+01 2.242407381221719334e+02
2.550000000000000000e+02 1.024939903846153868e+02 2.256052036199095028e+02
2.550000000000000000e+02 1.059947680995475139e+02 2.266479072398190056e+02
2.550000000000000000e+02 1.084705882352941160e+02 2.266977516968325688e+02
2.550000000000000000e+02 1.105084841628959254e+02 2.273947963800904972e+02
2.549996464932126798e+02 1.126728648190045305e+02 2.283077630090497792e+02
2.549996464932126798e+02 1.147231334841629007e+02 2.284485294117646959e+02
2.549999292986425417e+02 1.170456730769230802e+02 2.286060520361990882e+02
2.549998585972850549e+02 1.188437500000000000e+02 2.294100678733031771e+02
2.549996464932126798e+02 1.204015837104072375e+02 2.299247030542986465e+02
2.549990808823529278e+02 1.215399462669683288e+02 2.303880090497737569e+02
2.549998585972850549e+02 1.231090214932126656e+02 2.306490384615384528e+02
2.549996464932126798e+02 1.247455458144796410e+02 2.310828619909502208e+02
2.549997171945701382e+02 1.183626272624434392e+02 2.295529553167420715e+02
2.549992929864253313e+02 7.854828902714932326e+01 2.195227658371040604e+02
2.549998585972850549e+02 4.587938348416289358e+01 2.092325367647058840e+02
2.549983031674208007e+02 4.023628393665158143e+01 2.080171097285067958e+02
2.549989394796380111e+02 4.565384615384615330e+01 2.096850961538461604e+02
2.549998585972850549e+02 5.166197680995475139e+01 2.122198812217194472e+02
2.550000000000000000e+02 5.478450226244343924e+01 2.133959983031674312e+02
2.550000000000000000e+02 5.643035916289592535e+01 2.139761029411764639e+02
2.549999292986425417e+02 6.338185803167420573e+01 2.155049490950226243e+02
2.550000000000000000e+02 6.552417986425339791e+01 2.171504524886877903e+02
2.550000000000000000e+02 6.627813914027149167e+01 2.162075084841629007e+02
2.550000000000000000e+02 6.698041572398190624e+01 2.171097285067873202e+02
2.549997171945701382e+02 7.091155260180995867e+01 2.173279128959275965e+02
2.549985152714932042e+02 7.596684106334841147e+01 2.195277149321266847e+02
2.549997171945701382e+02 8.467746040723982048e+01 2.213066317873303035e+02
2.549988687782805528e+02 9.097419400452488958e+01 2.230657522624434250e+02
2.549989394796380111e+02 9.714140271493212708e+01 2.242720588235294201e+02
2.550000000000000000e+02 1.017849264705882320e+02 2.254202488687782875e+02
2.549980203619909389e+02 1.062002969457013535e+02 2.258206306561085910e+02
2.549993636877828180e+02 1.089492364253393646e+02 2.265095446832579285e+02
2.549997878959275965e+02 1.102886029411764639e+02 2.277695135746606354e+02
2.549999292986425417e+02 1.124413178733031629e+02 2.283743636877828180e+02
2.550000000000000000e+02 1.146785209276018094e+02 2.282723416289592819e+02
2.549999292986425417e+02 1.165044541855203590e+02 2.286714507918551931e+02
2.550000000000000000e+02 1.185869626696832597e+02 2.289307126696832597e+02
2.550000000000000000e+02 1.198565469457013535e+02 2.302674632352941160e+02
2.550000000000000000e+02 1.218436085972850691e+02 2.301529270361990882e+02
2.550000000000000000e+02 1.219519937782805385e+02 2.306317166289592819e+02
2.549987273755656076e+02 1.110714083710407181e+02 2.279198246606334806e+02
2.549987980769230660e+02 7.024611142533936459e+01 2.179107748868778174e+02
2.549992929864253313e+02 4.388970588235294201e+01 2.086716628959275965e+02
2.550000000000000000e+02 3.883427601809954410e+01 2.078305995475113264e+02
2.549998585972850549e+02 4.459516402714932326e+01 2.095880938914027070e+02
2.550000000000000000e+02 4.892449095022624306e+01 2.105606617647058840e+02
2.549990101809954695e+02 5.098197115384615330e+01 2.119317024886877903e+02
2.549992222850678729e+02 5.370376131221719618e+01 2.135291996606334806e+02
2.550000000000000000e+02 5.656398472850678871e+01 2.146044259049773757e+02
2.549995050904977347e+02 5.655090497737556632e+01 2.143331447963800827e+02
2.549999292986425417e+02 5.641303733031674028e+01 2.137614536199095028e+02
2.549998585972850549e+02 5.803181561085973073e+01 2.139543976244343924e+02
2.549998585972850549e+02 6.130521776018099445e+01 2.155747313348416299e+02
2.549996464932126798e+02 6.695241798642534548e+01 2.175844881221719334e+02
2.549992929864253313e+02 7.377085690045248612e+01 2.189263291855203590e+02
2.549977375565610771e+02 8.141565328054298334e+01 2.216438065610859667e+02
2.549994343891402764e+02 8.814083710407240346e+01 2.225693580316741986e+02
2.549996464932126798e+02 9.192654128959276250e+01 2.245893665158370993e+02
2.549999292986425417e+02 9.497857748868777605e+01 2.252623727375565750e+02
2.550000000000000000e+02 9.755486425339366008e+01 2.257632918552036188e+02
2.549999292986425417e+02 9.953895644796379827e+01 2.263254383484162986e+02
2.549997171945701382e+02 1.016019513574660635e+02 2.261718042986425417e+02
2.550000000000000000e+02 1.036788744343891437e+02 2.258018240950226243e+02
2.549997878959275965e+02 1.057854213800904972e+02 2.274261170814479556e+02
2.549992222850678729e+02 1.094381363122171962e+02 2.275050197963800827e+02
2.549999292986425417e+02 1.125728223981900413e+02 2.278820701357466021e+02
2.550000000000000000e+02 1.116157381221719476e+02 2.285217760180995583e+02
2.549987273755656076e+02 9.090207861990950278e+01 2.242589790723981764e+02
2.549997878959275965e+02 4.976470588235294201e+01 2.126842477375565750e+02
2.549998585972850549e+02 3.497511312217194757e+01 2.074527007918551931e+02
2.550000000000000000e+02 3.755387443438914374e+01 2.086273331447963812e+02
2.549999292986425417e+02 4.259261877828054565e+01 2.096771069004524861e+02
2.549996464932126798e+02 4.505026866515837014e+01 2.108778280542986465e+02
2.549997878959275965e+02 4.668078337104072517e+01 2.114556702488687847e+02
2.549997171945701382e+02 5.319951923076923350e+01 2.131797935520361875e+02
2.549996464932126798e+02 5.817668269230769340e+01 2.142817449095022653e+02
2.549997171945701382e+02 5.920192307692308020e+01 2.155757918552036188e+02
2.549989394796380111e+02 5.963631221719457187e+01 2.150391685520361875e+02
2.550000000000000000e+02 6.164635180995475139e+01 2.162700791855203590e+02
2.549997878959275965e+02 6.715108880090497223e+01 2.169251272624434250e+02
2.549999292986425417e+02 7.480472285067872917e+01 2.182410916289592819e+02
2.549998585972850549e+02 8.092682409502262431e+01 2.215454609728506910e+02
2.550000000000000000e+02 8.820545814479638125e+01 2.225887302036199173e+02
2.549988687782805528e+02 9.394867081447964097e+01 2.244997878959275965e+02
2.549992929864253313e+02 9.918403563348415730e+01 2.256725113122171820e+02
2.549994343891402764e+02 1.021192024886877761e+02 2.263463659502262431e+02
2.549987273755656076e+02 1.052683116515837156e+02 2.271231617647058840e+02
2.549992929864253313e+02 1.079230769230769198e+02 2.269355910633484257e+02
2.550000000000000000e+02 1.092686651583710358e+02 2.273984728506787292e+02
2.549989394796380111e+02 1.114222992081447927e+02 2.275945277149321271e+02
2.549985859728506910e+02 1.136769654977375552e+02 2.282982890271493090e+02
2.550000000000000000e+02 1.162358597285067816e+02 2.280415723981900555e+02
2.550000000000000000e+02 1.167182550904977347e+02 2.290094032805429833e+02
2.549996464932126798e+02 1.064052601809954695e+02 2.268597285067873202e+02
2.549990808823529278e+02 6.647702205882353610e+01 2.167339507918551931e+02
2.549995050904977347e+02 4.305203619909502066e+01 2.098689903846153868e+02
2.549995757918551931e+02 3.987054581447964097e+01 2.081565328054298618e+02
2.550000000000000000e+02 4.441409785067873628e+01 2.099686792986425417e+02
2.549997878959275965e+02 4.957487273755656076e+01 2.111375141402714917e+02
2.549999292986425417e+02 5.005182409502262431e+01 2.117392533936651660e+02
2.549992222850678729e+02 5.496896210407239636e+01 2.125996889140271549e+02
2.549990101809954695e+02 6.152184671945701666e+01 2.143829892533936743e+02
2.549994343891402764e+02 6.511814196832578716e+01 2.159024321266968229e+02
2.549987273755656076e+02 6.701937217194570451e+01 2.165322398190045305e+02
2.549993636877828180e+02 6.984417420814479271e+01 2.169380656108597236e+02
2.549987273755656076e+02 7.502778563348415730e+01 2.182853506787330389e+02
2.549971719457013535e+02 8.101604920814479271e+01 2.199940610859728451e+02
2.549992222850678729e+02 8.838383766968325972e+01 2.213453761312217125e+02
2.549999292986425417e+02 9.449307126696832881e+01 2.236096578054298618e+02
2.550000000000000000e+02 1.007507070135746545e+02 2.243127121040724035e+02
2.549997878959275965e+02 1.041291713800904972e+02 2.255693580316741986e+02
2.549997878959275965e+02 1.072264564479637983e+02 2.262635039592760222e+02
2.549989394796380111e+02 1.094304298642533979e+02 2.269719315610859667e+02
2.550000000000000000e+02 1.120677319004524861e+02 2.276159502262443368e+02
2.549995050904977347e+02 1.139330458144796410e+02 2.273841911764705799e+02
2.550000000000000000e+02 1.154645786199095028e+02 2.280803874434389229e+02
2.550000000000000000e+02 1.179287330316742128e+02 2.287700791855203590e+02
2.550000000000000000e+02 1.202762302036199031e+02 2.292333851809954695e+02
2.549994343891402764e+02 1.224391968325791851e+02 2.296474123303167403e+02
2.550000000000000000e+02 1.202121747737556632e+02 2.296270503393665194e+02
2.550000000000000000e+02 9.436100113122171251e+01 2.235890837104072375e+02
2.550000000000000000e+02 5.601011029411764497e+01 2.131015978506787292e+02
2.549990808823529278e+02 4.507847850678732726e+01 2.089510039592760222e+02
2.549995050904977347e+02 4.693523755656108420e+01 2.091673501131221826e+02
2.549994343891402764e+02 5.125127262443439236e+01 2.106142533936651660e+02
2.549992222850678729e+02 5.349915158371040746e+01 2.106610576923076792e+02
2.550000000000000000e+02 5.558533653846154010e+01 2.119683257918551931e+02
2.550000000000000000e+02 6.153690610859728594e+01 2.142188207013574583e+02
2.549997171945701382e+02 6.745574095022624306e+01 2.156533512443438951e+02
2.550000000000000000e+02 7.005670248868777605e+01 2.167101951357466021e+02
2.550000000000000000e+02 7.072186085972850833e+01 2.164104920814479556e+02
2.549991515837104146e+02 7.363348416289592535e+01 2.164705175339366576e+02
2.550000000000000000e+02 7.870178167420814930e+01 2.175961538461538396e+02
2.549998585972850549e+02 8.429786481900453055e+01 2.203194994343891437e+02
2.550000000000000000e+02 9.134855769230769340e+01 2.211193438914027070e+02
2.549986566742081493e+02 9.823027432126697533e+01 2.232060237556561049e+02
2.549994343891402764e+02 1.033297511312217125e+02 2.239833851809954695e+02
2.549998585972850549e+02 1.068106617647058840e+02 2.247677460407239778e+02
2.550000000000000000e+02 1.095482890271493233e+02 2.261103648190045305e+02
2.549997171945701382e+02 1.123716770361990882e+02 2.262668976244343924e+02
2.549991515837104146e+02 1.140280684389140333e+02 2.272165582579185639e+02
2.549995757918551931e+02 1.172712811085972788e+02 2.267650593891402764e+02
2.550000000000000000e+02 1.189718608597285083e+02 2.279029270361990882e+02
2.549982324660633424e+02 1.208223274886877761e+02 2.280674490950226243e+02
2.550000000000000000e+02 1.219940610859728451e+02 2.278788885746606354e+02
2.549997878959275965e+02 1.226001838235294059e+02 2.286269796380090611e+02
2.550000000000000000e+02 1.241764705882352899e+02 2.291707437782805528e+02
2.550000000000000000e+02 1.251652290723981906e+02 2.289022907239819062e+02
2.550000000000000000e+02 1.252927036199095028e+02 2.290132211538461604e+02
2.550000000000000000e+02 1.145946691176470580e+02 2.262104072398190056e+02
2.549998585972850549e+02 7.250268665158371562e+01 2.151201923076923208e+02
2.549997171945701382e+02 4.751611990950226527e+01 2.066133342760180938e+02
2.549988687782805528e+02 4.445439762443439236e+01 2.066571691176470722e+02
2.549991515837104146e+02 4.831235859728506910e+01 2.073619909502262431e+02
2.549999292986425417e+02 5.031858031674207865e+01 2.087604638009049722e+02
2.549987980769230660e+02 5.011644513574660920e+01 2.082543834841629007e+02
2.549999292986425417e+02 5.294951923076923350e+01 2.097134473981900555e+02
2.550000000000000000e+02 5.735138574660633282e+01 2.110660350678733153e+02
2.549995757918551931e+02 5.885873868778280382e+01 2.114142392533936743e+02
2.550000000000000000e+02 5.948536481900452344e+01 2.118253676470588118e+02
2.549971719457013535e+02 6.108406391402714775e+01 2.114513574660633424e+02
2.549973840497737569e+02 6.478690610859727883e+01 2.130465214932126798e+02
2.549985152714932042e+02 7.027623020361990314e+01 2.146430995475113264e+02
2.549997171945701382e+02 7.685888009049773473e+01 2.166493212669683146e+02
2.550000000000000000e+02 8.323303167420814930e+01 2.181371606334841715e+02
2.549990808823529278e+02 9.037125282805429549e+01 2.198108738687782875e+02
2.549995757918551931e+02 9.605691459276017952e+01 2.211361001131221826e+02
2.549995050904977347e+02 1.019208144796380111e+02 2.220633484162895854e+02
2.549997171945701382e+02 1.042090639140271549e+02 2.241001838235294201e+02
2.550000000000000000e+02 1.074213800904977347e+02 2.240235435520361875e+02
2.550000000000000000e+02 1.097383342760180938e+02 2.245797511312217125e+02
2.550000000000000000e+02 1.122183964932126656e+02 2.247753110859728451e+02
2.550000000000000000e+02 1.134457013574660635e+02 2.258962811085972930e+02
2.549990808823529278e+02 1.164498020361990882e+02 2.257341628959275965e+02
2.550000000000000000e+02 1.181783795248868785e+02 2.260209276018099445e+02
2.550000000000000000e+02 1.204483880090497792e+02 2.264666289592760222e+02
2.549999292986425417e+02 1.223129242081447927e+02 2.269904553167420715e+02
2.550000000000000000e+02 1.225499151583710358e+02 2.273114394796380111e+02
2.549995050904977347e+02 1.233264988687782875e+02 2.277746040723981764e+02
2.550000000000000000e+02 1.235958710407239778e+02 2.269029977375565750e+02
2.550000000000000000e+02 1.243916855203619889e+02 2.273610718325791993e+02
2.550000000000000000e+02 1.170823670814479698e+02 2.251464932126696965e+02
2.549985859728506910e+02 7.897497171945701666e+01 2.147764423076923208e+02
2.549994343891402764e+02 4.907176187782805243e+01 2.060316035067873202e+02
2.549997878959275965e+02 4.367357183257918507e+01 2.050634898190045305e+02
2.550000000000000000e+02 4.837111142533936459e+01 2.066953478506787292e+02
2.549995050904977347e+02 5.136863687782805243e+01 2.086597850678733153e+02
2.550000000000000000e+02 5.161305147058823195e+01 2.090016261312217125e+02
2.550000000000000000e+02 5.399434389140271406e+01 2.091464932126696965e+02
2.549992929864253313e+02 5.814833144796379827e+01 2.096865101809954695e+02
2.549989394796380111e+02 5.913694852941176805e+01 2.107388998868778174e+02
2.549994343891402764e+02 5.979298642533936459e+01 2.111087386877828180e+02
2.549999292986425417e+02 6.018559106334841857e+01 2.115064338235294201e+02
2.549992222850678729e+02 6.426633201357465452e+01 2.125755090497737569e+02
2.549994343891402764e+02 7.203733031674208576e+01 2.138902714932126798e+02
2.549996464932126798e+02 7.934205316742081493e+01 2.168093891402714917e+02
2.549983031674208007e+02 8.576046380090497223e+01 2.181066176470588118e+02
2.549998585972850549e+02 9.248373868778280382e+01 2.198161764705882320e+02
2.549991515837104146e+02 9.768410633484162986e+01 2.210728223981900555e+02
2.550000000000000000e+02 1.022531108597285083e+02 2.214969598416289500e+02
2.549999292986425417e+02 1.035282805429864226e+02 2.232838659502262431e+02
2.549991515837104146e+02 1.069836679864253455e+02 2.232985718325791993e+02
2.550000000000000000e+02 1.092516968325791851e+02 2.243702630090497792e+02
2.549992222850678729e+02 1.118011170814479698e+02 2.244923642533936743e+02
2.549995757918551931e+02 1.144142392533936601e+02 2.255401583710407181e+02
2.550000000000000000e+02 1.169993636877828038e+02 2.259742647058823479e+02
2.550000000000000000e+02 1.188281957013574726e+02 2.267599688914027070e+02
2.550000000000000000e+02 1.206724406108597236e+02 2.272067307692307736e+02
2.549988687782805528e+02 1.228055005656108563e+02 2.269973840497737569e+02
2.549997171945701382e+02 1.239782239819004559e+02 2.277811085972850549e+02
2.549999292986425417e+02 1.247360718325791851e+02 2.282777856334841715e+02
2.549994343891402764e+02 1.179643665158370993e+02 2.261315045248868785e+02
2.550000000000000000e+02 8.535527432126697533e+01 2.168592335972850549e+02
2.549989394796380111e+02 5.826300904977375694e+01 2.097053167420814361e+02
2.549988687782805528e+02 5.458682126696832881e+01 2.084710831447963812e+02
2.549998585972850549e+02 5.885668834841629149e+01 2.105546521493212708e+02
2.549998585972850549e+02 6.255762160633484115e+01 2.119303591628959396e+02
2.549999292986425417e+02 6.451845305429864652e+01 2.126761877828054423e+02
2.549995050904977347e+02 6.773197115384616041e+01 2.133357607466063257e+02
2.549991515837104146e+02 7.301576640271493090e+01 2.150139281674208007e+02
2.550000000000000000e+02 7.705231900452488958e+01 2.157035492081448069e+02
2.549985859728506910e+02 7.776102941176471006e+01 2.157850678733031771e+02
2.549995757918551931e+02 7.970531674208145034e+01 2.168359021493212708e+02
2.549996464932126798e+02 8.393071266968325972e+01 2.176233738687782875e+02
2.550000000000000000e+02 8.992357183257918507e+01 2.189168552036199173e+02
2.549997171945701382e+02 9.751505938914027638e+01 2.204639423076923208e+02
2.549997878959275965e+02 1.028826357466063399e+02 2.219855062217194472e+02
2.549985859728506910e+02 1.082118212669683288e+02 2.235086255656108563e+02
2.549978082579185639e+02 1.118323670814479698e+02 2.246942166289592819e+02
2.550000000000000000e+02 1.144413885746606354e+02 2.252455458144796410e+02
2.549998585972850549e+02 1.165839932126696823e+02 2.252668976244343924e+02
2.549975254524886736e+02 1.196348274886877761e+02 2.258416289592760222e+02
2.549999292986425417e+02 1.211064055429864226e+02 2.268366091628959396e+02
2.549992929864253313e+02 1.228504666289592819e+02 2.269625989819004417e+02
2.549994343891402764e+02 1.239159360859728451e+02 2.271540582579185639e+02
2.550000000000000000e+02 1.259493071266968371e+02 2.276751272624434250e+02
2.550000000000000000e+02 1.274929298642533979e+02 2.276806419683258014e+02
2.549998585972850549e+02 1.280805995475113264e+02 2.282702912895927625e+02
2.549999292986425417e+02 1.290682975113122097e+02 2.282269513574660493e+02
2.550000000000000000e+02 1.300583286199095028e+02 2.284592053167420715e+02
2.550000000000000000e+02 1.307883908371040604e+02 2.281959134615384528e+02
2.549999292986425417e+02 1.272244768099547514e+02 2.271520079185520444e+02
2.549997878959275965e+02 1.031078195701357458e+02 2.207702205882353041e+02
2.550000000000000000e+02 7.129454185520361875e+01 2.129353082579185639e+02
2.549996464932126798e+02 6.449038461538461320e+01 2.106402714932126798e+02
2.550000000000000000e+02 6.827898755656109131e+01 2.113569711538461604e+02
2.550000000000000000e+02 7.290384615384616041e+01 2.127846436651583701e+02
2.549985859728506910e+02 7.393523755656109131e+01 2.139488122171945577e+02
2.549992222850678729e+02 7.567837952488687847e+01 2.145993354072398063e+02
2.549997878959275965e+02 8.193474264705882604e+01 2.153427601809954695e+02
2.549996464932126798e+02 8.602665441176471006e+01 2.168527997737556632e+02
2.549999292986425417e+02 8.652170531674208576e+01 2.174379949095022653e+02
2.550000000000000000e+02 8.898211255656109131e+01 2.170909926470588118e+02
2.549993636877828180e+02 9.211941459276017952e+01 2.188372454751131215e+02
2.549992929864253313e+02 9.792236990950226527e+01 2.201135463800904972e+02
2.549992222850678729e+02 1.049804864253393646e+02 2.223445984162895854e+02
2.549997878959275965e+02 1.106644513574660635e+02 2.236189903846153868e+02
2.549995757918551931e+02 1.140975678733031629e+02 2.243776159502262431e+02
2.549992222850678729e+02 1.162337386877828038e+02 2.256131928733031771e+02
2.549999292986425417e+02 1.198623444570135774e+02 2.258290441176470722e+02
2.549999292986425417e+02 1.217181136877828038e+02 2.268484162895927625e+02
2.549998585972850549e+02 1.235210690045248896e+02 2.266119909502262431e+02
2.549997171945701382e+02 1.245853365384615330e+02 2.275851951357466021e+02
2.550000000000000000e+02 1.266227375565610913e+02 2.277689479638009118e+02
2.550000000000000000e+02 1.277676753393665194e+02 2.279833851809954695e+02
2.549998585972850549e+02 1.287466063348416299e+02 2.282897341628959396e+02
2.549992222850678729e+02 1.290427743212669611e+02 2.284909502262443368e+02
2.549996464932126798e+02 1.297576357466063257e+02 2.277022058823529278e+02
2.550000000000000000e+02 1.305360576923076792e+02 2.277915723981900555e+02
2.549994343891402764e+02 1.315337952488687847e+02 2.282410916289592819e+02
2.550000000000000000e+02 1.319073812217194472e+02 2.279983738687782875e+02
2.549986566742081493e+02 1.282929157239819062e+02 2.280675197963800827e+02
2.549989394796380111e+02 1.106765412895927625e+02 2.235600961538461604e+02
2.549987980769230660e+02 7.848161764705882604e+01 2.152388291855203590e+02
2.549998585972850549e+02 6.764465497737556632e+01 2.124093608597285083e+02
2.549998585972850549e+02 7.077375565610859098e+01 2.130330882352941160e+02
2.549992222850678729e+02 7.630634898190045590e+01 2.152507070135746687e+02
2.549999292986425417e+02 7.999575791855203022e+01 2.169865667420814361e+02
2.549997171945701382e+02 8.129751131221719618e+01 2.164302884615384528e+02
2.549997171945701382e+02 8.702722002262443368e+01 2.181146776018099445e+02
