2.550000000000000000e+02 0.000000000000000000e+00 1.721682951146560185e+02
2.550000000000000000e+02 0.000000000000000000e+00 1.732769192422731805e+02
2.549989531405782657e+02 1.087617148554337021e+01 1.840189431704885408e+02
2.549998504486540298e+02 1.255289132602193369e+01 1.857231306081754667e+02
2.550000000000000000e+02 2.380747756729810405e+01 1.921411266201395733e+02
2.550000000000000000e+02 2.596994017946161648e+01 1.931640079760717867e+02
2.550000000000000000e+02 2.882577268195413822e+01 1.942991525423728945e+02
2.549979062811565313e+02 3.075034895314057692e+01 1.955712362911266098e+02
2.549998005982053826e+02 3.225294117647058556e+01 1.959715852442672031e+02
2.549995014955134707e+02 3.350144566301096916e+01 1.957226819541375846e+02
2.549993020937188533e+02 3.513614157527418058e+01 1.960413260219341964e+02
2.549997008973080881e+02 3.641036889332004023e+01 1.970833998005982153e+02
2.549998504486540298e+02 3.869147557328015807e+01 1.983894317048853395e+02
2.549989531405782657e+02 4.146355932203390182e+01 1.994253240279162469e+02
2.550000000000000000e+02 4.435393818544366695e+01 2.004164506480558430e+02
2.549989032901296184e+02 4.675922233300099862e+01 2.014926221335992125e+02
2.549984546360917363e+02 4.954815553339980028e+01 2.025860418743768605e+02
2.549997008973080881e+02 5.153888334995014731e+01 2.035849451645064789e+02
2.550000000000000000e+02 5.366819541375872404e+01 2.045235294117647129e+02
2.549998005982053826e+02 5.532502492522432647e+01 2.051675972083748718e+02
2.549997507477567353e+02 5.780832502492522451e+01 2.057015952143569280e+02
2.549998504486540298e+02 6.049945164506480211e+01 2.067307078763709001e+02
2.549998504486540298e+02 6.055149551345962067e+01 2.076401794616151619e+02
2.549991525423728831e+02 4.345343968095713194e+01 1.997791625124626194e+02
2.549994017946161478e+02 1.770603190428713702e+01 1.873768693918245276e+02
2.549992522432701776e+02 1.179601196410767727e+01 1.845178963110668064e+02
2.549995014955134707e+02 1.272427716849451684e+01 1.842246261216350831e+02
2.549998005982053826e+02 1.580294117647058805e+01 1.859312562313060937e+02
2.549993519441675005e+02 1.714292123629112652e+01 1.872245264207377886e+02
2.549998005982053826e+02 1.669461615154536460e+01 1.868711864406779739e+02
2.549996011964107652e+02 1.746450648055832389e+01 1.873667996011964192e+02
2.549992023928215303e+02 1.916241276171485453e+01 1.890372382851445536e+02
2.549997008973080881e+02 1.885937188434695955e+01 1.885614157527417660e+02
2.549997008973080881e+02 1.862362911266201237e+01 1.877544865403788492e+02
2.549998504486540298e+02 1.912273180458624111e+01 1.879955633100697980e+02
2.549997507477567353e+02 2.110687936191425607e+01 1.886313559322033768e+02
2.550000000000000000e+02 2.345687936191425749e+01 1.903954636091724808e+02
2.549991026919242358e+02 2.644825523429710756e+01 1.916112662013958072e+02
2.550000000000000000e+02 2.883703888334995113e+01 1.938336490528414799e+02
2.550000000000000000e+02 3.128255234297108700e+01 1.945751744765702824e+02
2.550000000000000000e+02 3.351326021934197286e+01 1.959742273180458483e+02
2.549996510468594124e+02 3.451306081754735544e+01 1.957537387836490552e+02
2.549995513459621179e+02 3.642063808574277317e+01 1.965998504486540241e+02
2.549997008973080881e+02 3.760822532402791296e+01 1.973623629112661888e+02
2.550000000000000000e+02 3.876914257228315108e+01 1.976542871385842375e+02
2.549998005982053826e+02 4.092861415752742005e+01 1.987850947158524377e+02
2.549996011964107652e+02 4.379795613160518286e+01 2.001870887337986176e+02
2.550000000000000000e+02 4.671605184446659820e+01 2.012341475573280150e+02
2.549990528414755602e+02 4.885393818544366695e+01 2.017325024925224284e+02
2.549993519441675005e+02 5.139800598205383864e+01 2.033898803589232216e+02
2.549997507477567353e+02 5.381380857427716791e+01 2.035555832502492422e+02
2.549995014955134707e+02 5.596869391824526474e+01 2.050881854436690048e+02
2.549998005982053826e+02 5.815074775672981389e+01 2.056934197407776708e+02
2.550000000000000000e+02 6.098369890329013288e+01 2.058288634097706904e+02
2.549997008973080881e+02 6.292956131605184567e+01 2.068831006979062863e+02
2.549995014955134707e+02 5.329775672981056545e+01 2.034000498504486529e+02
2.549999501495513528e+02 2.504461615154536247e+01 1.901663010967098728e+02
2.549997507477567353e+02 1.481331006979062792e+01 1.843088235294117680e+02
2.549999002991027055e+02 1.478928215353938214e+01 1.848501994017946117e+02
2.550000000000000000e+02 1.743195413758723689e+01 1.863443668993020879e+02
2.549994516450647950e+02 1.989855433698903298e+01 1.885969591226321143e+02
2.549994516450647950e+02 2.029401794616151378e+01 1.874295114656031842e+02
2.549994516450647950e+02 2.041166500498504632e+01 1.877170488534396782e+02
2.549984546360917363e+02 2.190433698903290249e+01 1.892840478564307034e+02
2.549992522432701776e+02 2.209606181455633234e+01 1.893285144566301028e+02
2.549997507477567353e+02 2.128703888334995042e+01 1.894738783649052891e+02
2.549996510468594124e+02 2.079297108673977945e+01 1.888420239282153545e+02
2.549999002991027055e+02 2.243334995014955169e+01 1.901568295114656166e+02
2.550000000000000000e+02 2.526759720837487677e+01 1.909090727816550270e+02
2.549998005982053826e+02 2.817437686939182484e+01 1.924684446660020001e+02
2.550000000000000000e+02 3.084611166500498669e+01 1.940094217347956089e+02
2.550000000000000000e+02 3.298853439680956967e+01 1.955710867397806680e+02
2.549999002991027055e+02 3.483693918245263887e+01 1.954508474576271055e+02
2.549995014955134707e+02 3.539501495513459872e+01 1.965059322033898184e+02
2.549985044865403836e+02 3.638065802592223008e+01 1.966455633100698037e+02
2.549982552342971189e+02 3.760782652043868524e+01 1.967760717846460636e+02
2.550000000000000000e+02 4.009332003988036064e+01 1.977479561316051786e+02
2.549995014955134707e+02 4.172382851445662766e+01 1.988693419740777699e+02
2.549995014955134707e+02 4.427881355932203178e+01 2.001793619142572425e+02
2.550000000000000000e+02 4.714192422731804299e+01 2.015606679960119720e+02
2.550000000000000000e+02 5.006091724825523670e+01 2.015074277168494632e+02
2.549998504486540298e+02 5.167796610169491345e+01 2.031342472582253151e+02
2.549990029910269129e+02 5.384571286141575541e+01 2.037250249252243179e+02
2.549993519441675005e+02 5.619730807577268195e+01 2.053353439680957138e+02
2.549998005982053826e+02 5.848873379860418709e+01 2.048354436689930083e+02
2.549986540378863538e+02 6.094486540378863282e+01 2.063779661016949092e+02
2.549994017946161478e+02 5.780353938185443496e+01 2.043564307078763704e+02
2.549995014955134707e+02 3.215633100697906599e+01 1.943753738783649112e+02
2.550000000000000000e+02 1.519636091724825455e+01 1.850317547357926173e+02
2.550000000000000000e+02 1.295299102691924276e+01 1.820936689930209411e+02
2.549996011964107652e+02 1.452891326021934226e+01 1.843284147557328083e+02
2.549999002991027055e+02 1.661814556331006898e+01 1.851111665004985127e+02
2.549997008973080881e+02 1.723005982053838636e+01 1.856391326021934276e+02
2.550000000000000000e+02 1.623673978065802714e+01 1.853496510468594352e+02
2.549999002991027055e+02 1.809800598205383793e+01 1.853445663010967053e+02
2.550000000000000000e+02 2.025029910269192257e+01 1.876553339980059718e+02
2.550000000000000000e+02 2.043464606181455778e+01 1.870288634097706790e+02
2.549995014955134707e+02 2.011620139581256339e+01 1.867368893320039831e+02
2.549999501495513528e+02 2.140139581256231338e+01 1.870106181455633134e+02
2.549998005982053826e+02 2.291191425722831454e+01 1.884051345962113544e+02
2.549989531405782657e+02 2.563339980059820533e+01 1.905095214356929318e+02
2.549990528414755602e+02 2.958504486540378764e+01 1.928245264207377829e+02
2.549994017946161478e+02 3.349072781655034703e+01 1.942205882352941160e+02
2.550000000000000000e+02 3.627337986041874274e+01 1.947170987038883254e+02
2.549999002991027055e+02 3.871769690927218477e+01 1.966450149551345987e+02
2.549995513459621179e+02 4.120692921236290829e+01 1.976986540378863424e+02
2.549999501495513528e+02 4.297477567298106038e+01 1.985254237288135641e+02
2.549984047856430607e+02 4.570598205383848267e+01 1.990861914257228307e+02
2.549990029910269129e+02 4.805304087736789853e+01 2.010179461615154537e+02
2.549994516450647950e+02 5.128988035892322728e+01 2.019842971086739851e+02
2.549999002991027055e+02 5.494895314057826852e+01 2.037576271186440806e+02
2.549979561316051786e+02 5.819237288135592934e+01 2.053065802592223292e+02
2.549998005982053826e+02 6.115982053838484234e+01 2.062731804586241253e+02
2.549996011964107652e+02 6.551734795613160145e+01 2.074799601196410777e+02
2.549998005982053826e+02 6.796181455633100654e+01 2.088887836490528400e+02
2.549995014955134707e+02 7.126679960119641066e+01 2.087767696909272104e+02
2.549998504486540298e+02 7.492193419740777927e+01 2.106461116650049803e+02
2.550000000000000000e+02 7.844521435692921330e+01 2.119749252243270234e+02
2.549995513459621179e+02 7.944042871385842375e+01 2.122909272183449616e+02
2.549986041874376781e+02 6.114820538384845605e+01 2.060318045862412646e+02
2.549992522432701776e+02 3.077906281156530355e+01 1.942157527417746792e+02
2.549993020937188533e+02 2.019272183449650981e+01 1.889626620139581235e+02
2.549992023928215303e+02 2.062263210368893240e+01 1.895102193419740786e+02
2.549999501495513528e+02 2.474327018943170486e+01 1.911707377866400748e+02
2.549998504486540298e+02 2.769312063808574109e+01 1.922320538384845463e+02
2.549999501495513528e+02 2.764840478564306991e+01 1.918061814556330944e+02
2.550000000000000000e+02 3.024710867397806524e+01 1.937285643070787557e+02
2.549997008973080881e+02 3.284341974077766935e+01 1.946964107676969036e+02
2.549996011964107652e+02 3.327133599202392844e+01 1.953972083748753619e+02
2.549997008973080881e+02 3.212981056829511317e+01 1.947374376869391881e+02
2.549987537387836483e+02 3.285478564307079097e+01 1.944663010967098842e+02
2.549990029910269129e+02 3.441440677966101447e+01 1.960051844466600244e+02
2.549994516450647950e+02 3.817452642073778435e+01 1.971793619142572425e+02
2.549985543369890308e+02 4.257118644067796964e+01 1.998040877367896258e+02
2.549994017946161478e+02 4.703085742771684608e+01 2.012287637088733732e+02
2.549994516450647950e+02 5.171824526420737556e+01 2.026656530408773733e+02
2.549997507477567353e+02 5.485224327018943313e+01 2.050480059820538372e+02
2.549996011964107652e+02 5.831246261216350746e+01 2.051851445663010907e+02
2.550000000000000000e+02 6.103020937188434658e+01 2.062869890329012890e+02
2.549992023928215303e+02 6.342422731804586533e+01 2.070340977068793507e+02
2.549999501495513528e+02 6.609750747756730505e+01 2.078284646061814556e+02
2.549995014955134707e+02 6.818155533399800561e+01 2.083967597208374798e+02
2.549994516450647950e+02 7.104541375872382503e+01 2.096752741774675997e+02
2.549977567298105612e+02 7.429456630109670812e+01 2.105955633100697924e+02
2.549997507477567353e+02 7.673599202392821894e+01 2.116934695912263180e+02
2.550000000000000000e+02 7.944152542372881953e+01 2.124579760717846568e+02
2.549994017946161478e+02 8.273449651046858833e+01 2.124968095712861498e+02
2.549988035892322955e+02 8.588993020937188305e+01 2.138240279162512536e+02
2.549998504486540298e+02 8.930129611166501036e+01 2.153509970089730814e+02
2.549998504486540298e+02 9.048459621136589703e+01 2.157190428713858523e+02
2.549998005982053826e+02 6.535832502492522167e+01 2.080211365902293039e+02
2.549996510468594124e+02 3.651635094715852148e+01 1.966306580259222301e+02
2.549986540378863538e+02 2.079132602193419643e+01 1.872774675972083855e+02
2.549996011964107652e+02 1.989082751744765787e+01 1.870740777666999008e+02
2.549997507477567353e+02 2.354895314057826639e+01 1.903431704885343834e+02
2.549986540378863538e+02 2.676036889332004165e+01 1.922199401794616165e+02
2.549997008973080881e+02 2.797018943170488470e+01 1.929444167497507578e+02
2.549999501495513528e+02 3.010558325024925352e+01 1.930632103688933228e+02
2.549997008973080881e+02 3.209920239282153887e+01 1.946286141575274087e+02
2.550000000000000000e+02 3.114591226321036999e+01 1.940690927218344939e+02
2.549991525423728831e+02 2.908529411764705941e+01 1.934488035892323126e+02
2.550000000000000000e+02 2.869586241276171634e+01 1.941563808574277061e+02
2.549996510468594124e+02 3.164122632103688915e+01 1.953876869391824584e+02
2.549993519441675005e+02 3.524795613160518570e+01 1.970283150548355025e+02
2.549998005982053826e+02 3.961430707876370860e+01 1.979253240279162469e+02
2.549988035892322955e+02 4.246575274177467918e+01 1.999954137587238279e+02
2.549993519441675005e+02 4.645453639082752062e+01 2.014279162512462733e+02
2.549994017946161478e+02 4.976440677966101589e+01 2.029603688933200374e+02
2.549992023928215303e+02 5.262996011964107623e+01 2.038361914257228307e+02
2.549994017946161478e+02 5.531779661016949490e+01 2.049420737786639961e+02
2.550000000000000000e+02 5.750603190428714129e+01 2.050889830508474461e+02
2.549979561316051786e+02 5.931684945164506217e+01 2.066906779661017026e+02
2.549991026919242358e+02 6.237721834496510809e+01 2.077394815553340095e+02
2.549997507477567353e+02 6.489396809571286440e+01 2.083374376869391824e+02
2.549996011964107652e+02 6.820867397806580357e+01 2.093971086739780674e+02
2.549994516450647950e+02 7.118818544366899914e+01 2.109731306081754667e+02
2.549998504486540298e+02 7.440324027916251737e+01 2.118643569292123630e+02
2.549996510468594124e+02 7.761370887337986346e+01 2.130816550348953058e+02
2.549994017946161478e+02 8.141689930209372505e+01 2.141140079760717754e+02
2.549997507477567353e+02 7.744820538384846031e+01 2.122957128614157511e+02
2.549989032901296184e+02 5.031106679960119976e+01 2.028278165503489561e+02
2.549996510468594124e+02 2.599117647058823621e+01 1.920112662013958129e+02
2.549997507477567353e+02 1.953549351944167611e+01 1.880314057826520298e+02
2.549999002991027055e+02 2.150957128614157554e+01 1.885992522432702003e+02
2.550000000000000000e+02 2.496141575274177526e+01 1.907172482552342956e+02
2.549995014955134707e+02 2.504341974077766864e+01 1.920710368893319924e+02
2.549994017946161478e+02 2.431006979062811624e+01 1.917706879361914218e+02
2.549997008973080881e+02 2.712686939182452761e+01 1.930128614157527522e+02
2.549998504486540298e+02 2.821939182452642214e+01 1.934446161515453753e+02
2.549993519441675005e+02 2.779391824526420862e+01 1.935946660019940282e+02
2.549994516450647950e+02 2.744436689930209283e+01 1.934329012961116518e+02
2.549999002991027055e+02 2.948509471585244412e+01 1.934097208374875265e+02
2.549991525423728831e+02 3.242966101694915437e+01 1.954331006979062693e+02
2.549999002991027055e+02 3.711326021934197428e+01 1.970444167497507522e+02
2.549999002991027055e+02 4.198968095712861270e+01 1.991521435692921216e+02
2.549998005982053826e+02 4.648185443668992889e+01 2.013336989032901272e+02
2.549999501495513528e+02 5.051814556331007111e+01 2.024336490528414743e+02
2.549999501495513528e+02 5.333464606181455281e+01 2.042853938185443781e+02
2.549989032901296184e+02 5.568539381854436954e+01 2.052372881355932179e+02
2.549989032901296184e+02 5.794022931206380633e+01 2.051897806580259100e+02
2.549996510468594124e+02 5.970189431704885408e+01 2.061331006979062863e+02
2.549998005982053826e+02 6.208140578265204113e+01 2.074826021934197513e+02
2.549992522432701776e+02 6.466550348953140315e+01 2.080863409770688008e+02
2.549979561316051786e+02 6.691684945164506360e+01 2.091255732801595286e+02
2.549999002991027055e+02 7.018250249252243123e+01 2.085226819541375960e+02
2.549993519441675005e+02 7.180074775672980536e+01 2.103870887337986062e+02
2.549997008973080881e+02 7.458075772681954163e+01 2.111837986041874444e+02
2.549996510468594124e+02 7.805099700897308423e+01 2.122450648055832403e+02
2.549999002991027055e+02 8.057866400797607298e+01 2.131458125623130684e+02
2.549992522432701776e+02 7.972462612163509732e+01 2.121835493519441798e+02
2.549993020937188533e+02 5.864042871385842659e+01 2.048304087736789540e+02
2.549999002991027055e+02 2.898918245264207272e+01 1.929717846460618205e+02
2.549998504486540298e+02 1.790094715852442775e+01 1.864088733798604096e+02
2.550000000000000000e+02 1.829376869391824556e+01 1.866737288135593360e+02
2.549992522432701776e+02 2.112178464606181549e+01 1.887294117647058727e+02
2.549998005982053826e+02 2.155229312063808678e+01 1.896112163509471600e+02
2.549993519441675005e+02 2.025174476570289173e+01 1.892090229312063911e+02
2.549999501495513528e+02 2.239202392821535526e+01 1.896524426719840619e+02
2.549999002991027055e+02 2.473030907278165458e+01 1.911852941176470608e+02
2.549999002991027055e+02 2.499566301096709964e+01 1.924309072781655061e+02
2.549999002991027055e+02 2.511271186440677994e+01 1.919901296111665090e+02
2.549999002991027055e+02 2.617038883349950140e+01 1.922605184446659905e+02
2.549999002991027055e+02 2.815977068793619154e+01 1.937238285144566419e+02
2.549997008973080881e+02 3.150244267198404913e+01 1.949095214356929091e+02
2.549993519441675005e+02 3.555533399800598460e+01 1.967467098703888269e+02
2.550000000000000000e+02 4.029237288135593076e+01 1.993007976071784526e+02
2.549994017946161478e+02 4.439980059820538116e+01 2.006075274177467520e+02
2.549983050847457662e+02 4.763953140578265533e+01 2.026998504486540469e+02
2.549999501495513528e+02 5.026281156530409078e+01 2.031675473579262245e+02
2.549997507477567353e+02 5.246380857427716649e+01 2.044849451645064846e+02
2.549996510468594124e+02 5.455553339980059491e+01 2.051644566301096688e+02
2.549997507477567353e+02 5.621819541375872120e+01 2.058376370887337998e+02
2.549995513459621179e+02 5.952472582253240319e+01 2.065505483549351879e+02
2.549995014955134707e+02 6.228334995014954956e+01 2.080135094715852517e+02
2.549995014955134707e+02 6.432936191425723393e+01 2.083744267198404714e+02
2.549998504486540298e+02 6.683693918245263887e+01 2.101705882352941046e+02
2.549983050847457662e+02 6.944636091724825633e+01 2.100281156530408850e+02
2.549986540378863538e+02 7.154810568295114592e+01 2.100694915254237287e+02
2.549995014955134707e+02 7.414197407776670445e+01 2.116297607178464659e+02
2.549995513459621179e+02 7.735972083748754358e+01 2.121097706879361908e+02
2.549981056829511488e+02 8.149566301096709253e+01 2.147998005982053940e+02
2.549998504486540298e+02 8.338693918245263603e+01 2.143387337986041814e+02
2.549995513459621179e+02 7.092557328015952578e+01 2.104922233300099776e+02
2.550000000000000000e+02 3.644162512462612113e+01 1.969216849451645146e+02
2.550000000000000000e+02 1.799127617148554492e+01 1.880447657028913397e+02
2.549999002991027055e+02 1.677283150548354840e+01 1.868679960119640953e+02
2.549992522432701776e+02 2.008105682951146420e+01 1.881160518444665968e+02
2.549997008973080881e+02 2.350284147557328041e+01 1.906086241276171620e+02
2.549999501495513528e+02 2.323683948155533230e+01 1.909512462612163404e+02
2.549999002991027055e+02 2.356161515453639055e+01 1.922363908275174538e+02
2.549991525423728831e+02 2.805807577268195274e+01 1.929524426719840449e+02
2.549999002991027055e+02 2.980254237288135499e+01 1.946913758723828494e+02
2.549990029910269129e+02 3.070618145563310009e+01 1.947283649052841383e+02
2.549998504486540298e+02 3.191086739780658021e+01 1.943202891326021984e+02
2.549998504486540298e+02 3.457527417746759824e+01 1.970998504486540241e+02
2.549996011964107652e+02 3.889556331006978951e+01 1.992190927218344996e+02
2.549992522432701776e+02 4.429197407776670303e+01 2.007811565304087651e+02
2.549985543369890308e+02 4.889810568295114734e+01 2.034520438683948100e+02
2.549998504486540298e+02 5.429651046859422081e+01 2.049102193419740843e+02
2.549999002991027055e+02 5.756321036889332277e+01 2.066022432701894331e+02
2.549998504486540298e+02 6.093220338983050510e+01 2.079073778664007932e+02
2.549993020937188533e+02 6.478688933200399447e+01 2.087268693918245219e+02
2.549986041874376781e+02 6.747652043868394856e+01 2.099813060817547239e+02
2.549999002991027055e+02 7.104581256231305986e+01 2.106515453639082693e+02
2.549987537387836483e+02 7.410363908275174083e+01 2.114336989032901215e+02
2.549997008973080881e+02 7.686455633100698037e+01 2.123076769690927108e+02
2.549990528414755602e+02 7.896246261216350604e+01 2.137000498504486643e+02
2.549993020937188533e+02 8.282986041874376326e+01 2.145237786640079776e+02
2.549993020937188533e+02 8.516874376869391483e+01 2.153411764705882376e+02
2.549997008973080881e+02 8.801834496510468853e+01 2.153555832502492535e+02
2.550000000000000000e+02 8.884521435692921898e+01 2.155011465603190288e+02
2.550000000000000000e+02 8.955468594217347800e+01 2.157675972083748661e+02
2.549999501495513528e+02 9.062981056829511317e+01 2.160884845463609167e+02
2.549997008973080881e+02 9.094371884346959689e+01 2.159189930209371937e+02
2.549992522432701776e+02 9.017557328015952578e+01 2.150884845463609167e+02
2.549998005982053826e+02 7.594356929212362672e+01 2.100471585244267203e+02
2.549999501495513528e+02 4.468190428713858608e+01 1.985847457627118615e+02
2.549997507477567353e+02 3.023025922233300022e+01 1.929194915254237230e+02
2.549990528414755602e+02 2.219112662013958115e+01 1.896938185443669056e+02
2.549995513459621179e+02 3.160947158524426825e+01 1.933760717846460579e+02
2.550000000000000000e+02 3.398978065802592141e+01 1.953212861415752855e+02
2.549999002991027055e+02 3.410907278165503698e+01 1.960801096709870421e+02
2.549998504486540298e+02 3.560588235294117965e+01 1.966608673978065838e+02
2.549997008973080881e+02 3.862452642073778719e+01 1.985596211365902377e+02
2.549997507477567353e+02 3.980952143569292190e+01 1.991203888334995042e+02
2.549992522432701776e+02 3.978404785643071051e+01 1.995701894317048755e+02
2.549992522432701776e+02 4.160463609172482791e+01 1.996553838484546475e+02
2.549992023928215303e+02 4.488030907278165671e+01 2.013706380857427689e+02
2.549995513459621179e+02 4.915672981056829371e+01 2.033904785643070738e+02
2.549995014955134707e+02 5.404267198404785688e+01 2.056189930209371823e+02
2.549997507477567353e+02 5.906809571286141392e+01 2.072571286141575229e+02
2.549987038883350010e+02 6.285264207377866086e+01 2.089626620139581235e+02
2.549985543369890308e+02 6.665184446660019546e+01 2.098934695912263351e+02
2.549996510468594124e+02 6.962612163509471941e+01 2.110190428713858353e+02
2.549992522432701776e+02 7.227881355932203178e+01 2.114109172482552310e+02
2.549986041874376781e+02 7.504341974077766508e+01 2.131317547357926117e+02
2.549991525423728831e+02 7.774950149551345646e+01 2.140820039880358934e+02
2.549991525423728831e+02 8.002313060817547807e+01 2.146419242273180430e+02
2.549998504486540298e+02 8.301171485543369499e+01 2.152060817547358056e+02
2.549997008973080881e+02 8.556620139581255557e+01 2.157645563310069861e+02
2.549992522432701776e+02 8.776914257228314398e+01 2.164589232303090682e+02
2.549993020937188533e+02 8.980897308075772401e+01 2.163898305084745743e+02
2.549996011964107652e+02 9.110553339980059206e+01 2.168913758723828380e+02
2.550000000000000000e+02 9.248499501495513186e+01 2.168573778664008103e+02
2.549999501495513528e+02 9.328305084745763054e+01 2.170300598205383835e+02
2.549998504486540298e+02 8.633873379860418140e+01 2.142565304087736706e+02
2.549996510468594124e+02 6.065493519441675119e+01 2.053441674975074704e+02
2.550000000000000000e+02 3.149865403788633955e+01 1.952050847457627185e+02
2.549997507477567353e+02 2.502811565304087793e+01 1.920861415752741834e+02
2.550000000000000000e+02 2.712477567298105541e+01 1.926690927218344882e+02
2.549994017946161478e+02 3.704082751744766000e+01 1.970508474576271283e+02
2.549984546360917363e+02 3.751724825523429985e+01 1.983429212362911187e+02
2.549999002991027055e+02 3.797916251246261510e+01 1.984688933200398822e+02
2.549992023928215303e+02 4.063090727816550185e+01 1.996522931206380918e+02
2.549994516450647950e+02 4.310009970089731013e+01 2.000387337986041985e+02
2.549998504486540298e+02 4.500084745762711691e+01 2.015863908275174481e+02
2.549998005982053826e+02 4.757936191425722683e+01 2.030819042871385705e+02
2.549990029910269129e+02 5.051206380857427547e+01 2.040765204386839571e+02
2.549999501495513528e+02 5.374057826520438397e+01 2.051325024925224341e+02
2.549999501495513528e+02 5.732093718843469787e+01 2.067811565304087651e+02
2.549998504486540298e+02 5.990398803589232557e+01 2.081037886340976968e+02
2.549996510468594124e+02 6.336884346959122638e+01 2.088995513459621236e+02
2.549994516450647950e+02 6.635583250249251819e+01 2.095974576271186436e+02
2.549999002991027055e+02 6.914501495513459872e+01 2.106077766699900167e+02
2.549994516450647950e+02 7.157731804586241253e+01 2.109597208374875379e+02
2.549999002991027055e+02 7.388015952143568654e+01 2.118794616151545256e+02
2.549995014955134707e+02 7.680039880358923199e+01 2.129349950149551205e+02
2.549993519441675005e+02 7.969496510468594863e+01 2.137364905284147483e+02
2.549999501495513528e+02 8.347163509471585030e+01 2.150898305084745630e+02
2.550000000000000000e+02 8.524536390827518062e+01 2.151561814556330887e+02
2.549992522432701776e+02 8.815054835493519647e+01 2.155702891326021984e+02
2.549995513459621179e+02 9.012911266201395222e+01 2.156454636091724808e+02
2.549998005982053826e+02 9.241505483549352107e+01 2.160867896311066829e+02
2.549987537387836483e+02 9.339561316051845097e+01 2.165847457627118615e+02
2.549998005982053826e+02 8.676390827517447235e+01 2.146504486540378878e+02
2.549995014955134707e+02 6.274576271186440835e+01 2.055679960119641123e+02
2.549987038883350010e+02 3.400393818544366553e+01 1.959392821535393807e+02
2.549998504486540298e+02 2.728220338983051008e+01 1.926482053838484489e+02
2.549984546360917363e+02 2.924122632103689057e+01 1.923941176470588346e+02
2.549993519441675005e+02 3.891894317048853225e+01 1.967221335992023796e+02
2.549987038883350010e+02 4.079561316051844244e+01 1.991581256231306156e+02
2.549993020937188533e+02 4.466959122632103885e+01 2.011723330009970141e+02
2.549996510468594124e+02 4.817402791625124792e+01 2.036603190428713788e+02
2.549985044865403836e+02 5.020408773678963144e+01 2.035139082751744866e+02
2.549996011964107652e+02 4.907731804586241253e+01 2.031525922233300037e+02
2.550000000000000000e+02 4.859730807577268052e+01 2.033853439680957251e+02
2.549986540378863538e+02 5.003554336989032691e+01 2.039992023928215303e+02
2.549999501495513528e+02 5.382008973080757386e+01 2.060936191425722939e+02
2.549995014955134707e+02 5.911874376869391767e+01 2.074854436689930139e+02
2.549995513459621179e+02 6.503499501495512902e+01 2.093981056829511544e+02
2.549999002991027055e+02 7.006590229312064366e+01 2.114225324027916315e+02
2.549995513459621179e+02 7.467118644067797106e+01 2.123326021934197456e+02
2.549992522432701776e+02 7.856345962113658743e+01 2.133811066799601122e+02
2.549999002991027055e+02 8.157447657028913568e+01 2.145076769690927279e+02
2.549997507477567353e+02 8.339695912263209721e+01 2.148286141575274257e+02
2.549992522432701776e+02 8.561989032901296071e+01 2.147541375872382901e+02
2.549997507477567353e+02 8.766620139581256410e+01 2.152865403788634069e+02
2.549996510468594124e+02 8.977711864406779796e+01 2.156187936191425649e+02
2.549997008973080881e+02 9.196620139581256126e+01 2.160078265204386980e+02
2.549996510468594124e+02 9.335483549351944532e+01 2.164537387836490439e+02
2.549997507477567353e+02 8.555314057826520013e+01 2.139561814556331001e+02
2.549993519441675005e+02 6.134740777666998923e+01 2.052435692921236239e+02
2.550000000000000000e+02 4.168349950149551120e+01 1.977173978065802658e+02
2.549999501495513528e+02 2.996754735792622171e+01 1.940127617148554293e+02
2.550000000000000000e+02 3.893339980059820249e+01 1.968270189431704864e+02
2.549995513459621179e+02 4.278748753738783961e+01 1.992747756729810646e+02
2.549995014955134707e+02 4.434471585244267544e+01 2.003643070787637157e+02
2.550000000000000000e+02 4.671430707876371002e+01 2.024126121635094648e+02
2.549999002991027055e+02 5.043509471585244341e+01 2.034939182452642115e+02
2.549996510468594124e+02 5.318285144566301170e+01 2.047300598205383722e+02
2.549996510468594124e+02 5.383793619142572595e+01 2.054972083748753846e+02
2.549994017946161478e+02 5.584102691924227457e+01 2.059368394815553245e+02
2.549998504486540298e+02 5.887462612163509590e+01 2.063142572283150571e+02
2.549998504486540298e+02 6.394172482552342984e+01 2.087378364905284229e+02
2.549995513459621179e+02 6.919381854436690560e+01 2.104047856430707952e+02
2.549997008973080881e+02 7.356864406779661181e+01 2.114930707876370946e+02
2.549990029910269129e+02 7.885249252243269780e+01 2.127910269192422845e+02
2.549994017946161478e+02 8.277657028913260717e+01 2.141588733798604096e+02
2.549987038883350010e+02 8.585184446660019830e+01 2.145902293120637978e+02
2.549990029910269129e+02 8.742756729810568572e+01 2.152360917248255134e+02
2.550000000000000000e+02 8.930663010967099069e+01 2.151059820538384884e+02
2.549999501495513528e+02 9.128818544366899346e+01 2.154614157527417717e+02
2.549997507477567353e+02 9.165124626121635742e+01 2.160839481555333919e+02
2.549991525423728831e+02 9.338090727816550896e+01 2.165371385842472591e+02
2.549999002991027055e+02 9.519870388833498964e+01 2.166763708873379812e+02
2.550000000000000000e+02 9.627323030907278678e+01 2.170841974077766565e+02
2.550000000000000000e+02 9.768045862412762403e+01 2.172157527417746792e+02
2.549996011964107652e+02 8.948090727816550327e+01 2.152301595214356951e+02
2.549992522432701776e+02 8.090912263210368849e+01 2.120917746759720899e+02
2.549987537387836483e+02 5.148848454636091532e+01 2.029729312063808493e+02
2.549997008973080881e+02 2.919012961116650118e+01 1.914447158524426698e+02
2.549993519441675005e+02 2.234536390827517494e+01 1.879604187437686846e+02
2.549979062811565313e+02 2.349611166500498527e+01 1.889922233300099776e+02
2.549998504486540298e+02 3.098614157527417845e+01 1.927318544366899289e+02
2.549990029910269129e+02 3.046684945164506431e+01 1.937325523429710756e+02
2.549999501495513528e+02 3.137851445663011063e+01 1.948142572283150571e+02
2.549994516450647950e+02 3.427278165503489760e+01 1.961007976071784640e+02
2.550000000000000000e+02 3.562936191425723109e+01 1.962268195413758747e+02
2.549999501495513528e+02 3.477482552342971189e+01 1.971598205383848494e+02
2.549992023928215303e+02 3.542931206380857390e+01 1.965918245264207371e+02
2.549993519441675005e+02 3.744576271186440408e+01 1.978424227318045894e+02
2.549980558325025015e+02 4.055199401794616421e+01 2.003808075772682002e+02
2.549996510468594124e+02 4.532432701894317262e+01 2.018738285144566191e+02
2.549997008973080881e+02 4.996784646061814783e+01 2.040080259222332870e+02
2.549984546360917363e+02 5.444361914257228108e+01 2.056825523429710927e+02
2.549997507477567353e+02 5.934865403788634097e+01 2.074174975074775773e+02
2.549991026919242358e+02 6.304875373878365252e+01 2.090085742771684920e+02
2.549999501495513528e+02 6.564601196410767159e+01 2.089923728813559194e+02
2.549994516450647950e+02 6.797342971086739283e+01 2.106659022931206380e+02
2.549991026919242358e+02 7.046889332003988216e+01 2.116493519441675062e+02
2.549999002991027055e+02 7.337113659022931245e+01 2.123207876370887277e+02
2.549984047856430607e+02 7.590623130608175018e+01 2.136614157527417888e+02
2.550000000000000000e+02 7.970772681954137795e+01 2.140437188434696054e+02
2.549976570289132667e+02 8.245184446660019262e+01 2.148249252243270178e+02
2.549995513459621179e+02 8.424027916251246495e+01 2.160659022931206437e+02
2.549992522432701776e+02 8.656999002991027226e+01 2.166661515453639026e+02
2.549995014955134707e+02 8.796425722831504856e+01 2.164807577268195473e+02
2.550000000000000000e+02 8.914720837487537608e+01 2.168710867397806510e+02
2.549992522432701776e+02 9.068325024925223943e+01 2.172857926221336129e+02
2.549994017946161478e+02 9.315892323030907107e+01 2.171076271186440749e+02
2.549998005982053826e+02 9.425907278165503556e+01 2.182105184446660076e+02
2.549997507477567353e+02 9.601176470588235645e+01 2.183883848454636052e+02
2.549998005982053826e+02 9.230957128614157625e+01 2.174029411764705912e+02
2.550000000000000000e+02 6.877916251246260515e+01 2.097581256231306099e+02
2.550000000000000000e+02 3.217826520438683957e+01 1.955580757726819456e+02
2.549999501495513528e+02 2.164381854436689778e+01 1.898153040877367914e+02
2.549988035892322955e+02 2.147497507477567424e+01 1.909585742771684806e+02
2.549988534396809712e+02 3.023793619142572453e+01 1.944353938185443553e+02
2.549999501495513528e+02 3.061894317048853509e+01 1.954975074775672965e+02
2.550000000000000000e+02 2.964322033898304909e+01 1.952652542372881328e+02
2.549999002991027055e+02 3.188315054835493356e+01 1.967306081754735771e+02
2.549996011964107652e+02 3.462387836490528770e+01 1.982484047856430607e+02
2.549997507477567353e+02 3.411460618145563473e+01 1.972596211365902263e+02
2.549993020937188533e+02 3.272263210368893027e+01 1.967727816550348905e+02
2.549996011964107652e+02 3.339167497507477833e+01 1.969565802592223349e+02
2.549995014955134707e+02 3.485538384845463611e+01 1.977706380857427746e+02
2.549999501495513528e+02 3.780024925224326893e+01 1.988277168494516332e+02
2.549998504486540298e+02 4.156370887337985920e+01 2.004370388833499419e+02
2.550000000000000000e+02 4.665912263210368849e+01 2.026059820538384884e+02
2.549992023928215303e+02 5.126405782652043541e+01 2.046940677966101703e+02
2.549989032901296184e+02 5.589182452642073429e+01 2.063761714855433809e+02
2.549997507477567353e+02 5.975528414755732598e+01 2.077921734795613133e+02
2.549978065802592084e+02 6.285717846460617864e+01 2.090330009970089691e+02
2.549989032901296184e+02 6.474990029910269129e+01 2.098515453639082864e+02
2.549989531405782657e+02 6.715039880358922630e+01 2.107032901296111618e+02
2.549992023928215303e+02 7.128579262213359868e+01 2.111561814556330887e+02
2.549988534396809712e+02 7.451904287138584948e+01 2.124886839481555398e+02
2.549992023928215303e+02 7.868429710867397375e+01 2.143101694915254143e+02
2.549997008973080881e+02 8.311026919242273436e+01 2.149375373878364996e+02
2.549990029910269129e+02 8.657826520438683815e+01 2.155495014955134536e+02
2.549987537387836483e+02 8.913544366899301963e+01 2.165963110667996148e+02
2.549973080757726791e+02 9.104386839481554716e+01 2.172293120638085782e+02
2.549994017946161478e+02 9.226455633100698606e+01 2.169452642073778748e+02
2.549998504486540298e+02 9.400044865403788208e+01 2.169585244267198334e+02
2.549996510468594124e+02 9.501181455633100370e+01 2.167643070787637214e+02
2.549992023928215303e+02 9.614845463609172782e+01 2.168134596211365874e+02
2.549988035892322955e+02 9.473364905284147142e+01 2.158320039880358934e+02
2.549981056829511488e+02 7.969965104685941526e+01 2.111540378863409728e+02
2.549999501495513528e+02 4.292078763708873623e+01 1.987055832502492478e+02
2.549995014955134707e+02 2.985229312063808749e+01 1.930984546360917307e+02
2.549998504486540298e+02 2.894052841475573246e+01 1.929434197407776708e+02
2.549997507477567353e+02 3.920528414755732882e+01 1.968105184446660019e+02
2.549995513459621179e+02 4.157392821535393779e+01 1.980550348953140656e+02
2.549994516450647950e+02 4.157527417746759824e+01 1.991285144566301142e+02
2.550000000000000000e+02 4.388130608175473668e+01 2.009130109670986997e+02
2.550000000000000000e+02 4.663888334995014873e+01 2.020494017946161591e+02
2.549999501495513528e+02 4.817716849451645089e+01 2.029336490528414743e+02
2.549993519441675005e+02 4.797572283150548600e+01 2.026158025922233321e+02
2.549984047856430607e+02 5.012233300099700983e+01 2.032969092721834556e+02
2.549990029910269129e+02 5.380682951146560100e+01 2.052046360917248364e+02
2.549996510468594124e+02 5.837731804586240969e+01 2.062326520438683986e+02
2.549996510468594124e+02 6.302597208374875493e+01 2.076681455633100768e+02
2.549999501495513528e+02 6.760438683948154903e+01 2.091993020937188419e+02
2.549996510468594124e+02 7.068005982053838920e+01 2.106329511465603161e+02
2.549992522432701776e+02 7.464810568295114024e+01 2.116948654037886399e+02
2.549974077766700020e+02 7.830583250249252103e+01 2.120388334995014930e+02
2.549989032901296184e+02 8.163614157527418058e+01 2.127000997008973115e+02
2.549997507477567353e+02 8.410732801595214880e+01 2.137242771684945239e+02
2.549994516450647950e+02 8.681709870388833394e+01 2.142244765702891414e+02
2.550000000000000000e+02 8.865144566301096063e+01 2.147512961116649990e+02
2.549992522432701776e+02 9.048275174476570726e+01 2.149568295114655996e+02
2.549980059820538258e+02 9.170578265204386526e+01 2.160378863409770815e+02
2.549993020937188533e+02 9.310074775672981673e+01 2.156243270189431769e+02
2.549994017946161478e+02 9.456375872382851355e+01 2.157042871385842489e+02
2.549999002991027055e+02 9.601126620139581291e+01 2.162085742771684806e+02
2.549997008973080881e+02 9.461231306081754155e+01 2.150295114656031785e+02
2.550000000000000000e+02 7.990777666999002804e+01 2.113166999002991133e+02
2.549974077766700020e+02 4.602547357926221139e+01 1.999540877367896314e+02
2.549999002991027055e+02 3.464980059820538116e+01 1.951118145563310122e+02
2.550000000000000000e+02 3.345767696909272360e+01 1.945201894317048925e+02
2.549998005982053826e+02 4.318664007976072128e+01 1.981938683948155528e+02
2.550000000000000000e+02 4.666894317048853225e+01 2.006041874376869316e+02
2.549998005982053826e+02 4.827482552342971189e+01 2.017309571286141647e+02
2.549997507477567353e+02 5.174930209371884615e+01 2.028824027916251111e+02
2.549993519441675005e+02 5.408614157527417632e+01 2.048242273180458710e+02
2.549995014955134707e+02 5.483718843469591064e+01 2.048761714855433809e+02
2.549994516450647950e+02 5.472557328015952294e+01 2.045187936191425706e+02
2.549990528414755602e+02 5.563394815553340322e+01 2.051737288135593360e+02
2.550000000000000000e+02 5.892128614157527267e+01 2.066312063808574351e+02
2.549995014955134707e+02 6.298818544366899630e+01 2.077572781655034930e+02
2.550000000000000000e+02 6.732587238285144338e+01 2.092733300099700955e+02
2.549989531405782657e+02 7.180468594217347800e+01 2.105262213359920338e+02
2.549990528414755602e+02 7.606470588235293917e+01 2.115500000000000114e+02
2.549996510468594124e+02 7.977527417746759397e+01 2.129833998005981925e+02
2.549997507477567353e+02 8.258010967098704214e+01 2.136215353938185331e+02
2.549996510468594124e+02 8.492233300099701410e+01 2.142428215353938299e+02
2.549997507477567353e+02 8.684670987038883538e+01 2.154836989032901329e+02
2.549996510468594124e+02 8.851420737786639847e+01 2.153695413758723873e+02
2.549984047856430607e+02 9.098923230309073062e+01 2.159436191425722882e+02
2.550000000000000000e+02 9.258449651046859685e+01 2.163966600199401853e+02
2.549996011964107652e+02 9.079735792622133772e+01 2.153525922233300207e+02
2.549994017946161478e+02 7.464172482552342558e+01 2.099904287138584209e+02
2.550000000000000000e+02 4.987637088733798407e+01 2.002006480558325165e+02
2.549996011964107652e+02 4.066694915254237230e+01 1.964198404785643106e+02
2.549998504486540298e+02 4.063050847457627412e+01 1.955270687936191507e+02
2.550000000000000000e+02 4.353888334995014731e+01 1.980580259222332984e+02
2.549980059820538258e+02 4.541331006979062579e+01 1.986314556331006997e+02
2.549996011964107652e+02 4.659855433698903227e+01 1.999299102691924190e+02
2.549996510468594124e+02 5.140538384845463327e+01 2.024143070787636987e+02
2.549994017946161478e+02 5.533509471585244199e+01 2.039551844466600130e+02
2.549998005982053826e+02 5.704312063808574607e+01 2.045809571286141590e+02
2.549990029910269129e+02 5.797173479561315901e+01 2.053989531405782714e+02
2.549997008973080881e+02 6.029197407776670303e+01 2.053497507477567297e+02
2.549990528414755602e+02 6.432243270189431428e+01 2.070843469591226267e+02
2.549984546360917363e+02 6.827562313060818155e+01 2.085904785643070909e+02
2.549990528414755602e+02 7.344880358923229835e+01 2.107129112662013881e+02
2.549993519441675005e+02 7.875269192422732090e+01 2.124979561316051786e+02
2.549988035892322955e+02 8.289710867397806737e+01 2.128475573280159381e+02
2.549998504486540298e+02 8.549900299102691292e+01 2.142472083748753846e+02
2.549986041874376781e+02 8.741365902293121337e+01 2.144103190428713788e+02
2.549990528414755602e+02 8.896924227318045553e+01 2.155195912263210403e+02
2.549999002991027055e+02 9.079072781655034419e+01 2.155573778664007989e+02
2.549981555333997960e+02 9.277926221335991386e+01 2.158490029910269072e+02
2.549991026919242358e+02 8.706126620139581007e+01 2.135706380857427575e+02
2.549995014955134707e+02 6.600847457627118331e+01 2.065162512462612199e+02
2.549989531405782657e+02 4.557088733798604352e+01 1.979929710867397716e+02
2.550000000000000000e+02 3.851894317048853367e+01 1.954727816550349075e+02
2.550000000000000000e+02 3.861316051844466557e+01 1.959854935194416612e+02
2.549999002991027055e+02 4.018090727816550611e+01 1.972147058823529449e+02
2.550000000000000000e+02 3.950363908275174651e+01 1.972302093718843423e+02
2.549997008973080881e+02 4.241994017946161222e+01 1.993454636091724694e+02
2.549982053838484433e+02 4.732627118644067821e+01 2.009135593220339047e+02
2.549998005982053826e+02 5.048673978065802714e+01 2.027213359920239384e+02
2.549999501495513528e+02 5.225059820538384514e+01 2.027646061814556333e+02
2.550000000000000000e+02 5.359411764705882320e+01 2.035799601196410720e+02
2.549996011964107652e+02 5.730518444666002154e+01 2.043878364905284286e+02
2.549995014955134707e+02 6.144082751744765858e+01 2.064287138584247145e+02
2.549999501495513528e+02 6.686256231306082043e+01 2.078661515453639197e+02
2.549996510468594124e+02 7.149546360917248933e+01 2.095842971086739794e+02
2.549996510468594124e+02 7.600857427716849202e+01 2.110539381854436556e+02
2.550000000000000000e+02 8.047108673978065951e+01 2.123869890329012833e+02
2.549998504486540298e+02 8.320558325024924784e+01 2.128992023928215360e+02
2.549997507477567353e+02 8.596046859421734609e+01 2.139378863409770588e+02
2.549996510468594124e+02 8.728339980059820391e+01 2.141682452642073713e+02
2.549993519441675005e+02 8.932627118644067821e+01 2.144396311066799683e+02
2.549993519441675005e+02 9.131824526420737698e+01 2.146280658025922321e+02
2.549995014955134707e+02 9.359631106679960055e+01 2.146494017946161534e+02
2.549996510468594124e+02 9.342617148554336381e+01 2.144385842472582340e+02
2.549986041874376781e+02 7.997492522432702344e+01 2.097120638085742712e+02
2.549990029910269129e+02 5.059132602193420070e+01 1.991869391824526474e+02
2.549996011964107652e+02 3.490358923230309074e+01 1.933453140578265277e+02
2.549992023928215303e+02 3.287936191425723109e+01 1.909610169491525369e+02
2.549989531405782657e+02 3.330907278165503271e+01 1.920768195413758690e+02
2.549991026919242358e+02 3.370059820538384798e+01 1.926091226321036913e+02
2.549999002991027055e+02 3.341635094715852716e+01 1.929468594217347857e+02
2.549999501495513528e+02 3.744302093718843594e+01 1.950182452642073656e+02
2.550000000000000000e+02 4.222058823529411598e+01 1.974661016949152668e+02
2.549994017946161478e+02 4.404346959122631944e+01 1.976816550348953001e+02
2.549997008973080881e+02 4.424675972083748832e+01 1.988346959122632143e+02
2.549995513459621179e+02 4.665658025922233065e+01 1.994281156530408907e+02
2.549992522432701776e+02 5.074237288135593360e+01 2.004983050847457662e+02
2.549998504486540298e+02 5.572652043868394856e+01 2.029933698903290065e+02
2.549989032901296184e+02 6.198688933200399021e+01 2.054655533399800618e+02
2.550000000000000000e+02 6.592402791625124792e+01 2.078039880358923313e+02
2.549999501495513528e+02 7.079890329012961558e+01 2.086281156530408794e+02
2.549991525423728831e+02 7.525014955134595596e+01 2.098616151545363948e+02
2.549972083748753846e+02 7.917522432701893820e+01 2.109200398803589280e+02
2.549997507477567353e+02 8.185802592223329555e+01 2.122261216350947279e+02
2.549992023928215303e+02 8.375478564307078955e+01 2.129249252243270121e+02
2.549985044865403836e+02 8.688459621136590272e+01 2.131490029910269186e+02
2.549987537387836483e+02 8.870648055832502621e+01 2.142259720837487578e+02
2.549996011964107652e+02 9.058065802592223292e+01 2.144767696909272274e+02
2.549997008973080881e+02 9.182796610169491203e+01 2.144686939182452647e+02
2.549997008973080881e+02 9.358619142572283067e+01 2.147128614157527409e+02
2.549994516450647950e+02 9.401400797607178106e+01 2.154385343968095583e+02
2.549997507477567353e+02 9.509446660019939657e+01 2.154685443668992946e+02
2.549999501495513528e+02 9.681655034895314316e+01 2.153699401794616222e+02
2.549999501495513528e+02 9.747936191425722541e+01 2.149721335992023796e+02
2.549995014955134707e+02 9.788564307078763704e+01 2.152527916251246154e+02
2.549995513459621179e+02 8.989915254237287456e+01 2.140106679960119607e+02
2.549980558325025015e+02 9.002248255234296437e+01 2.140683948155533471e+02
2.549997507477567353e+02 9.035538384845463611e+01 2.146774177467597156e+02
2.549994516450647950e+02 9.056620139581255557e+01 2.142281655034895209e+02
2.549988035892322955e+02 9.150488534396809825e+01 2.138135094715852347e+02
2.549994516450647950e+02 9.231061814556331058e+01 2.139382851445662936e+02
2.549973579262213264e+02 8.843683948155533869e+01 2.125232801595214482e+02
2.549992023928215303e+02 6.800244267198404202e+01 2.049307078763708887e+02
2.549991026919242358e+02 4.201909272183449673e+01 1.952678963110668064e+02
2.549998504486540298e+02 3.387786640079760758e+01 1.911010468594217286e+02
2.549996011964107652e+02 3.584700897308075440e+01 1.920705383848454630e+02
2.549995513459621179e+02 3.996460618145563615e+01 1.954841475573280150e+02
2.549995513459621179e+02 4.834307078763708887e+01 1.995941674975074704e+02
2.549992522432701776e+02 4.936286141575273945e+01 1.994873878364905408e+02
2.549998504486540298e+02 5.179132602193419643e+01 2.015806580259222471e+02
2.549999501495513528e+02 5.339436689930209212e+01 2.030382851445662880e+02
2.549997008973080881e+02 5.403843469591226523e+01 2.021660518444666081e+02
2.549999002991027055e+02 5.424675972083748832e+01 2.032382352941176578e+02
2.549999002991027055e+02 5.697218344965104819e+01 2.042009471585244285e+02
2.549998504486540298e+02 6.078883349950149295e+01 2.058953140578265106e+02
2.549997507477567353e+02 6.484601196410767443e+01 2.073534396809571376e+02
2.549996510468594124e+02 7.004431704885344345e+01 2.081568295114656166e+02
2.549999501495513528e+02 7.448614157527417490e+01 2.106209870388833565e+02
2.550000000000000000e+02 7.927303090727816937e+01 2.123216849451645203e+02
2.549991026919242358e+02 8.313549351944168109e+01 2.131606181455633191e+02
2.549997507477567353e+02 8.580204386839481856e+01 2.140204386839481572e+02
2.549996011964107652e+02 8.807567298105682596e+01 2.148866899302093714e+02
2.549999002991027055e+02 8.982906281156530781e+01 2.149012462612163574e+02
2.549998504486540298e+02 9.171874376869391199e+01 2.154681455633100597e+02
2.550000000000000000e+02 9.362093718843469503e+01 2.150877866400797700e+02
2.549996510468594124e+02 9.575094715852442562e+01 2.160748753738783705e+02
2.549996011964107652e+02 9.774880358923230972e+01 2.166151545363908326e+02
2.549995513459621179e+02 9.941630109670987281e+01 2.169970588235294144e+02
2.549986540378863538e+02 1.005657527417746735e+02 2.169324526420737698e+02
2.549992522432701776e+02 1.008347956131605230e+02 2.176337986041874331e+02
2.549997507477567353e+02 9.334765702891326100e+01 2.156213359920239157e+02
2.549997507477567353e+02 9.393833499501495510e+01 2.160881355932203292e+02
2.549992522432701776e+02 9.524720837487537040e+01 2.162809072781655004e+02
2.549998005982053826e+02 9.529167497507476980e+01 2.166919242273180544e+02
2.549992023928215303e+02 9.563788634097707586e+01 2.161747258225323947e+02
2.549999002991027055e+02 8.877921236291126661e+01 2.137734795613160657e+02
2.549983050847457662e+02 6.799576271186440124e+01 2.060161016949152497e+02
2.549984047856430607e+02 4.966291126620139806e+01 1.995004985044865293e+02
2.549992023928215303e+02 4.669546360917248506e+01 1.983184945164506416e+02
2.549996510468594124e+02 5.022751744765702853e+01 1.992401794616151562e+02
2.549994017946161478e+02 5.414795613160518428e+01 2.020817048853439815e+02
2.549971086739780617e+02 6.331535393818544577e+01 2.054461116650049917e+02
2.549997507477567353e+02 6.463813559322034052e+01 2.069969092721834443e+02
2.549998005982053826e+02 6.931465603190429192e+01 2.086260717846460579e+02
2.549984546360917363e+02 7.341689930209372505e+01 2.100064805583250234e+02
2.549992522432701776e+02 7.542986041874377179e+01 2.107939680957128701e+02
2.549996510468594124e+02 7.764725822532402333e+01 2.115089232303090796e+02
2.549996011964107652e+02 8.122437686939181845e+01 2.132119641076769767e+02
2.549986041874376781e+02 8.482432701894316551e+01 2.138427716849451770e+02
2.549997507477567353e+02 8.840792622133599821e+01 2.154407776669989971e+02
2.549999501495513528e+02 9.127058823529411313e+01 2.160061814556331115e+02
2.550000000000000000e+02 9.387018943170488683e+01 2.167216849451644975e+02
2.549999501495513528e+02 9.556640079760717299e+01 2.175432203389830477e+02
2.549999002991027055e+02 9.750358923230308505e+01 2.178908773678963087e+02
2.549996011964107652e+02 9.863579262213359300e+01 2.174812562313060766e+02
2.549989032901296184e+02 9.968065802592222724e+01 2.173220338983050794e+02
2.549994516450647950e+02 1.002677467597208363e+02 2.171646560319042862e+02
2.549996011964107652e+02 9.263878364905284002e+01 2.157929212362911358e+02
2.549997507477567353e+02 9.391326021934197854e+01 2.159270687936191564e+02
2.549988534396809712e+02 9.453569292123628998e+01 2.166046859421734894e+02
2.549993020937188533e+02 9.521236291126619733e+01 2.171076271186440749e+02
2.549989032901296184e+02 9.632876370887338169e+01 2.158443668993020879e+02
2.549994516450647950e+02 9.605453639082752204e+01 2.161826520438683872e+02
2.549998504486540298e+02 9.687218344965104677e+01 2.162697906281156577e+02
2.549987038883350010e+02 9.703454636091724694e+01 2.159932701894317120e+02
2.550000000000000000e+02 9.789725822532402333e+01 2.161287637088733788e+02
2.549994017946161478e+02 9.871630109670986997e+01 2.166747258225323947e+02
2.549983549351944134e+02 8.918215353938185785e+01 2.145995513459621122e+02
2.549985044865403836e+02 7.842582253240279044e+01 2.104232303090727783e+02
2.549996011964107652e+02 5.967213359920238958e+01 2.043770189431704978e+02
2.550000000000000000e+02 4.722906281156530639e+01 1.992660019940179552e+02
2.549994017946161478e+02 4.783818544366899062e+01 1.993291625124626023e+02
2.549989531405782657e+02 5.251844466600199723e+01 2.014884346959122752e+02
2.549999002991027055e+02 6.394446660019940509e+01 2.061614656031904360e+02
2.549999002991027055e+02 7.429695912263210289e+01 2.090845463609172441e+02
2.549994017946161478e+02 7.776640079760717583e+01 2.105812063808574237e+02
2.549994516450647950e+02 8.207412761714854810e+01 2.122766201395812686e+02
2.549998504486540298e+02 8.517577268195414320e+01 2.131835493519441798e+02
2.549990029910269129e+02 8.653938185443668374e+01 2.137394317048853338e+02
2.549995513459621179e+02 8.831156530408773619e+01 2.138408275174476501e+02
2.549998504486540298e+02 8.996515453639082693e+01 2.146295613160518485e+02
2.549992023928215303e+02 9.223409770687936771e+01 2.146749252243270121e+02
2.549997008973080881e+02 9.421665004985044334e+01 2.156640079760717867e+02
2.549992023928215303e+02 9.622288135593220204e+01 2.164928215353938299e+02
2.549978564307078841e+02 9.769117647058823195e+01 2.160940677966101759e+02
2.549995513459621179e+02 9.834935194416749482e+01 2.164831505483549279e+02
2.549996011964107652e+02 9.929446660019939941e+01 2.169011465603190345e+02
2.549977567298105612e+02 9.181984047856430209e+01 2.151442671984047763e+02
2.549991525423728831e+02 9.253664007976071559e+01 2.151545363908275306e+02
2.549990029910269129e+02 9.315548354935194197e+01 2.148934197407776594e+02
2.549999002991027055e+02 9.352741774675972408e+01 2.150223828514456557e+02
2.549988534396809712e+02 9.436390827517448088e+01 2.147672981056829542e+02
2.549999501495513528e+02 9.513524426719840221e+01 2.147560319042871413e+02
2.549992023928215303e+02 9.612482552342970621e+01 2.143829511465603161e+02
2.549994516450647950e+02 9.636251246261215897e+01 2.151469092721834500e+02
2.549997008973080881e+02 9.644386839481555285e+01 2.147519940179461742e+02
2.549995513459621179e+02 9.254242273180459222e+01 2.123864406779661067e+02
2.549999501495513528e+02 7.011585244267197936e+01 2.067489531405782657e+02
2.549999002991027055e+02 5.500433698903290036e+01 1.999932203389830647e+02
2.549999002991027055e+02 5.216884346959122354e+01 1.996157028913260092e+02
2.549999501495513528e+02 5.604052841475573388e+01 2.011317048853439644e+02
2.549996011964107652e+02 6.818554336989032549e+01 2.047137088733798578e+02
2.549999501495513528e+02 7.226186440677966516e+01 2.080075274177467577e+02
2.549999002991027055e+02 8.506859421734795035e+01 2.111030408773679028e+02
2.550000000000000000e+02 8.791006979062811411e+01 2.120950149551345874e+02
2.549985044865403836e+02 8.874880358923230972e+01 2.121650548354935211e+02
2.549994017946161478e+02 8.869017946161515908e+01 2.123077766699900337e+02
2.549993020937188533e+02 8.866615154536390264e+01 2.126542871385842375e+02
2.549982053838484433e+02 9.038290129611166890e+01 2.131032901296111675e+02
2.549999002991027055e+02 9.276949152542373156e+01 2.134339481555333862e+02
2.549995014955134707e+02 9.496405782652044536e+01 2.145387836490528457e+02
2.549991525423728831e+02 9.726585244267198505e+01 2.151617647058823479e+02
2.549999002991027055e+02 9.902098703888334796e+01 2.159422233300099663e+02
2.549997008973080881e+02 1.012782153539381795e+02 2.164352442671984136e+02
2.549996011964107652e+02 1.018524925224326978e+02 2.162535892323030851e+02
2.549985543369890308e+02 9.428713858424725913e+01 2.155016949152542338e+02
2.549985543369890308e+02 9.485957128614157341e+01 2.147286640079760787e+02
2.549990029910269129e+02 9.518888334995014588e+01 2.152254237288135528e+02
2.549995513459621179e+02 9.584431704885344061e+01 2.152139581256231224e+02
2.549998005982053826e+02 9.675578265204386241e+01 2.153230807577268138e+02
2.549999002991027055e+02 9.745767696909271649e+01 2.148946161515453639e+02
2.549997507477567353e+02 9.696894317048852940e+01 2.149181954137587240e+02
2.549996510468594124e+02 9.094885343968095981e+01 2.123459621136590272e+02
2.549995014955134707e+02 7.378748753738783250e+01 2.074627118644067707e+02
2.549997008973080881e+02 5.927696909272183490e+01 2.012869391824526417e+02
2.549992023928215303e+02 5.011515453639082551e+01 1.990111166500498427e+02
2.549995014955134707e+02 5.994880358923230546e+01 2.030718344965104620e+02
2.549994017946161478e+02 6.292427716849451969e+01 2.057343968095712796e+02
2.550000000000000000e+02 7.384087736789631151e+01 2.087442671984047990e+02
2.549989531405782657e+02 7.765428713858425169e+01 2.105827517447657158e+02
2.549999002991027055e+02 8.250159521435692511e+01 2.123569292123628998e+02
2.549996510468594124e+02 8.562731804586240969e+01 2.126134097706879231e+02
2.549999501495513528e+02 8.746799601196410379e+01 2.136485543369890365e+02
2.549997507477567353e+02 8.886545363908275874e+01 2.145816051844466585e+02
2.549999501495513528e+02 9.090363908275173799e+01 2.153435692921236182e+02
2.549992023928215303e+02 9.268434695912263521e+01 2.159336989032901215e+02
2.549999501495513528e+02 9.502093718843470072e+01 2.164344965104685912e+02
2.549995513459621179e+02 9.713564307078763704e+01 2.166108673978065724e+02
2.549999002991027055e+02 9.914361914257227681e+01 2.173104187437687074e+02
2.550000000000000000e+02 1.005022432701894246e+02 2.174546859421734837e+02
2.549992522432701776e+02 1.015777168494516474e+02 2.164795114656031956e+02
2.549994516450647950e+02 1.018158524426719822e+02 2.170213858424725686e+02
2.549999501495513528e+02 9.373195413758723760e+01 2.157573778664007875e+02
2.550000000000000000e+02 9.404526420737786907e+01 2.153269690927218392e+02
2.549998504486540298e+02 9.455204386839481856e+01 2.155261216350947109e+02
2.549992522432701776e+02 9.583539381854436101e+01 2.156443668993020992e+02
2.549996011964107652e+02 9.561595214356928807e+01 2.151529910269192385e+02
2.549999002991027055e+02 9.649386839481555000e+01 2.148272183449651038e+02
2.549998504486540298e+02 9.710757726819541347e+01 2.150787637088733675e+02
2.549987537387836483e+02 9.680079760717846682e+01 2.152145064805583274e+02
2.549994017946161478e+02 8.955807577268195985e+01 2.132093220338983031e+02
2.549998504486540298e+02 6.828778664007975863e+01 2.058927716849451599e+02
2.549997008973080881e+02 5.105633100697906457e+01 1.997967597208374855e+02
2.549998005982053826e+02 4.895014955134595880e+01 1.983884346959122524e+02
2.549999002991027055e+02 5.134880358923230403e+01 1.993092223330010029e+02
2.549980558325025015e+02 5.270548354935194624e+01 2.008673978065802714e+02
2.549995513459621179e+02 5.936595214356929517e+01 2.033876869391824584e+02
2.549995513459621179e+02 6.061236291126620301e+01 2.042553339980059945e+02
2.549998504486540298e+02 6.614401794616151165e+01 2.066715353938185444e+02
2.549978065802592084e+02 6.976630109670986712e+01 2.076397806580259271e+02
2.549999002991027055e+02 7.173788634097707018e+01 2.093847956131605201e+02
2.549996011964107652e+02 7.433449651046859685e+01 2.092285144566301085e+02
2.549976071784646194e+02 7.844541375872383071e+01 2.111888334995014986e+02
2.549997008973080881e+02 8.287487537387836767e+01 2.119432203389830534e+02
2.549997008973080881e+02 8.703215353938185217e+01 2.133307577268195416e+02
2.549999002991027055e+02 8.946360917248254907e+01 2.145768195413758690e+02
2.550000000000000000e+02 9.238968095712861839e+01 2.148226819541375789e+02
2.549997008973080881e+02 9.425807577268194848e+01 2.155633599202392929e+02
2.549993519441675005e+02 9.570732801595214312e+01 2.155820039880358934e+02
2.549986540378863538e+02 9.647527417746759681e+01 2.156938683948155528e+02
2.549992023928215303e+02 9.751804586241276240e+01 2.157093220338983031e+02
2.550000000000000000e+02 9.890687936191426388e+01 2.160365403788634069e+02
2.549988534396809712e+02 9.972921236291126945e+01 2.157805084745762656e+02
2.549993020937188533e+02 1.015660019940179524e+02 2.163798604187437604e+02
2.549985543369890308e+02 9.392457627118643870e+01 2.154419242273180544e+02
2.549980059820538258e+02 9.481834496510468568e+01 2.148308574277168361e+02
2.549994017946161478e+02 9.501744765702891016e+01 2.148509970089730814e+02
2.549995513459621179e+02 9.551764705882352757e+01 2.151658025922233435e+02
2.549993519441675005e+02 9.629322033898304767e+01 2.145114656031904303e+02
2.549996510468594124e+02 9.470448654037886627e+01 2.132439680957128587e+02
2.549991525423728831e+02 8.218868394815552847e+01 2.098510967098703759e+02
2.549999002991027055e+02 5.826286141575274513e+01 2.018012961116650104e+02
2.549998005982053826e+02 4.670987038883350095e+01 1.963282153539381909e+02
2.549998504486540298e+02 4.660937188434695599e+01 1.971869890329012946e+02
2.550000000000000000e+02 4.973170488534396583e+01 1.985877367896310943e+02
2.549993020937188533e+02 5.987427716849451542e+01 2.025534396809571263e+02
2.549989531405782657e+02 6.138025922233300236e+01 2.038913260219341907e+02
2.550000000000000000e+02 6.498778664007976147e+01 2.063208374875373750e+02
2.549998005982053826e+02 6.703394815553339470e+01 2.069016949152542395e+02
2.549997507477567353e+02 6.708310069790627495e+01 2.070977567298105555e+02
2.549997008973080881e+02 6.633140578265204113e+01 2.070761216350947223e+02
2.549990528414755602e+02 6.734536390827517494e+01 2.075729312063808436e+02
2.550000000000000000e+02 6.956699900299102524e+01 2.082217846460618205e+02
2.549998005982053826e+02 7.302487537387835914e+01 2.092467597208374741e+02
2.549996011964107652e+02 7.740982053838484944e+01 2.105192921236290999e+02
2.549987537387836483e+02 8.090697906281155838e+01 2.120007976071784697e+02
2.549982053838484433e+02 8.443878364905283718e+01 2.121646061814556390e+02
2.549997507477567353e+02 8.673574277168494007e+01 2.129878863409770702e+02
2.549993519441675005e+02 8.821679960119641351e+01 2.133384845463609167e+02
2.549990029910269129e+02 8.973514456630110203e+01 2.142900797607178447e+02
2.549999501495513528e+02 9.084800598205383437e+01 2.142833499501495567e+02
2.549996510468594124e+02 9.157407776669990085e+01 2.145481056829511601e+02
2.549999002991027055e+02 9.319651046859421228e+01 2.141071286141575172e+02
2.549995513459621179e+02 9.377153539381853875e+01 2.142225822532402901e+02
2.549991525423728831e+02 9.517572283150548174e+01 2.144014456630109748e+02
2.549994516450647950e+02 9.704641076769691210e+01 2.151610667996012012e+02
2.549982552342971189e+02 9.790483549351944248e+01 2.149599202392821553e+02
2.549996011964107652e+02 9.788519441674975496e+01 2.150416749750747840e+02
2.549999501495513528e+02 7.798334995014954529e+01 2.098998005982053883e+02
2.549990528414755602e+02 4.791799601196410663e+01 1.985343469591226437e+02
2.549989531405782657e+02 3.141974077766699835e+01 1.912831006979062920e+02
2.549997008973080881e+02 2.702671984047856313e+01 1.888476570289132610e+02
2.549993519441675005e+02 2.837866400797607014e+01 1.896952143569291991e+02
2.549998005982053826e+02 3.510194416749750701e+01 1.924986041874376781e+02
2.549994516450647950e+02 3.474770687936191393e+01 1.938621635094715714e+02
2.549999002991027055e+02 3.706375872382851355e+01 1.951087238285144565e+02
2.549997008973080881e+02 4.155049850448654070e+01 1.967779162512462676e+02
2.549999501495513528e+02 4.327926221335992096e+01 1.975264207377866512e+02
2.550000000000000000e+02 4.263215353938185359e+01 1.976282153539381738e+02
2.549995513459621179e+02 4.291799601196410663e+01 1.977200398803589110e+02
2.549997507477567353e+02 4.632233300099700557e+01 1.986071784646061928e+02
2.549994516450647950e+02 5.099122632103689057e+01 1.996309072781654947e+02
2.549993519441675005e+02 5.570284147557327969e+01 2.020921236291126490e+02
2.549999002991027055e+02 6.052193419740777358e+01 2.040238783649052721e+02
2.549996011964107652e+02 6.485428713858424032e+01 2.063099202392821496e+02
2.549998005982053826e+02 6.867437686939182129e+01 2.068864406779661067e+02
2.549994516450647950e+02 7.216954137587238449e+01 2.080290628115652964e+02
2.549997507477567353e+02 7.545682951146559958e+01 2.094494017946161648e+02
2.549999501495513528e+02 7.807128614157527124e+01 2.099592721834496558e+02
2.550000000000000000e+02 8.158270189431705433e+01 2.119528913260219269e+02
2.550000000000000000e+02 8.504940179461614491e+01 2.126336490528414629e+02
2.549994017946161478e+02 8.801106679960119550e+01 2.136922731804586135e+02
2.550000000000000000e+02 9.085992023928214678e+01 2.143140578265204397e+02
2.549996011964107652e+02 9.278878364905284570e+01 2.149975074775672965e+02
2.549995513459621179e+02 9.424187437686939006e+01 2.148114656031904417e+02
2.549998005982053826e+02 9.553554336989033402e+01 2.151823030907278280e+02
2.549992023928215303e+02 9.704516450648056036e+01 2.153336989032901272e+02
2.549995513459621179e+02 9.855937188434695884e+01 2.150893818544366809e+02
2.550000000000000000e+02 9.690842472582252753e+01 2.144566301096709822e+02
2.549996011964107652e+02 7.923858424725823113e+01 2.088507477567298167e+02
2.549994516450647950e+02 4.109990029910269271e+01 1.952853938185443781e+02
2.550000000000000000e+02 2.787816550348953015e+01 1.898190927218344939e+02
2.550000000000000000e+02 2.662318045862412674e+01 1.879567796610169523e+02
2.549999002991027055e+02 3.431206380857427973e+01 1.912333998005981925e+02
2.549997507477567353e+02 3.387796610169491629e+01 1.915439680957128701e+02
2.549995513459621179e+02 3.285124626121635316e+01 1.920366400797607298e+02
2.549987038883350010e+02 3.586236291126620301e+01 1.937450149551345930e+02
2.549998504486540298e+02 3.907547357926221565e+01 1.953657028913260092e+02
2.549998005982053826e+02 4.052437686939182271e+01 1.963338983050847446e+02
2.550000000000000000e+02 4.086206380857427689e+01 1.956766201395812459e+02
2.550000000000000000e+02 4.149391824526420436e+01 1.961483050847457719e+02
2.549985044865403836e+02 4.468748753738783819e+01 1.981133599202392759e+02
2.549997008973080881e+02 4.824835493519441343e+01 1.991195413758723873e+02
2.550000000000000000e+02 5.272243270189431996e+01 2.004124127617148474e+02
2.549992522432701776e+02 5.688813559322034052e+01 2.027277666999002861e+02
2.549996011964107652e+02 6.099172482552342700e+01 2.034833000997008980e+02
2.550000000000000000e+02 6.543404785643070909e+01 2.051341974077766679e+02
2.549999501495513528e+02 6.784685942173479134e+01 2.063071286141575342e+02
2.549997008973080881e+02 7.026061814556331342e+01 2.070367397806580243e+02
2.549997507477567353e+02 7.257941176470588118e+01 2.083265204386839571e+02
2.549998504486540298e+02 7.574147557328015523e+01 2.082432701894317120e+02
2.549988534396809712e+02 7.862128614157526840e+01 2.095615154536390889e+02
2.549999501495513528e+02 8.179481555333998699e+01 2.103520937188434630e+02
2.549998504486540298e+02 8.504750747756729368e+01 2.115985044865403779e+02
2.550000000000000000e+02 8.782632103688932546e+01 2.118269690927218392e+02
2.549996011964107652e+02 8.965234297108673900e+01 2.132780159521435621e+02
2.549998504486540298e+02 9.140129611166500467e+01 2.134226819541375733e+02
2.549999002991027055e+02 9.247402791625124507e+01 2.130643569292123516e+02
2.549996510468594124e+02 9.400663010967099353e+01 2.136032402791625202e+02
2.549996510468594124e+02 9.522078763708873339e+01 2.134474077766699907e+02
2.549985044865403836e+02 9.567776669990030314e+01 2.141523429710867390e+02
2.550000000000000000e+02 9.658404785643071477e+01 2.138194416749750815e+02
2.549995513459621179e+02 8.797841475573279979e+01 2.108408773678962973e+02
2.549973080757726791e+02 5.278334995014954956e+01 1.995776669990029859e+02
2.549995513459621179e+02 3.244172482552342984e+01 1.906396311066799569e+02
2.549998005982053826e+02 2.730094715852442633e+01 1.889631605184446528e+02
2.550000000000000000e+02 2.971331006979062650e+01 1.904150049850448738e+02
2.550000000000000000e+02 3.952068793619142895e+01 1.936548853439680897e+02
2.549997507477567353e+02 3.920667996011964362e+01 1.950678464606181421e+02
2.549999501495513528e+02 4.102512462612163802e+01 1.953667996011964192e+02
2.549999501495513528e+02 4.415164506480558515e+01 1.963002991026919233e+02
2.550000000000000000e+02 4.589666001994017819e+01 1.976353938185443724e+02
2.550000000000000000e+02 4.618818544366899204e+01 1.978551844466600187e+02
2.549999501495513528e+02 4.709890329012961274e+01 1.978666999002990963e+02
2.549995014955134707e+02 4.959805583250249583e+01 1.989317547357926230e+02
2.549992522432701776e+02 5.427711864406779796e+01 2.010567298105682994e+02
2.550000000000000000e+02 5.977951146560319273e+01 2.032104187437686846e+02
2.549997008973080881e+02 6.566036889332004023e+01 2.048679960119640953e+02
2.550000000000000000e+02 6.983414755732800927e+01 2.068865902293120769e+02
2.549993020937188533e+02 7.376101694915254825e+01 2.079853938185443667e+02
2.549991525423728831e+02 7.752223330009969970e+01 2.086591226321037027e+02
2.549989032901296184e+02 8.011729810568294852e+01 2.106276669990029973e+02
2.549994516450647950e+02 8.225089730807577837e+01 2.108543369890329018e+02
2.550000000000000000e+02 8.454162512462612256e+01 2.114505982053838409e+02
2.549999002991027055e+02 8.677522432701894672e+01 2.124142073778664042e+02
2.549993519441675005e+02 8.908943170488534236e+01 2.131691425722831639e+02
2.550000000000000000e+02 9.053130608175473526e+01 2.137169491525423837e+02
2.549994516450647950e+02 9.207806580259222073e+01 2.139007477567297997e+02
2.549962612163509448e+02 9.433260219341974562e+01 2.132582253240279044e+02
