2.550000000000000000e+02 0.000000000000000000e+00 1.704542000844238032e+02
2.549992160646445143e+02 3.495085328348308540e+00 1.840591569679792485e+02
2.549998190918410330e+02 2.612693722486883985e+01 1.930001809081589670e+02
2.550000000000000000e+02 2.808653440270156310e+01 1.947033106193089225e+02
2.550000000000000000e+02 5.790821926068865366e+01 2.040960019296870200e+02
2.550000000000000000e+02 5.974636676114092637e+01 2.047533015739009841e+02
2.549998190918410330e+02 7.258909726828680675e+01 2.092002050292468311e+02
2.549998793945607076e+02 7.386202737743472824e+01 2.107010794186817861e+02
2.549993366700838067e+02 7.718597358740879599e+01 2.108883796659229404e+02
2.549996381836820944e+02 8.029819694868238855e+01 2.121048664294759760e+02
2.549996984864017406e+02 8.454284508231320672e+01 2.135915093770728959e+02
2.549995778809624198e+02 8.796954712657540654e+01 2.159011638424892965e+02
2.549999396972803538e+02 9.133727311101731061e+01 2.157744075257794236e+02
2.549992160646445143e+02 9.314315865645541237e+01 2.172135319302900598e+02
2.549996984864017406e+02 9.489917385274075912e+01 2.175564734969547089e+02
2.549989145510462549e+02 9.590755593077247454e+01 2.178021467768196260e+02
2.549998793945607076e+02 8.530036784658987870e+01 2.145498401977929177e+02
2.550000000000000000e+02 8.650485436893204394e+01 2.147268286799734653e+02
2.549997587891213868e+02 8.770747150696496419e+01 2.149728637761563164e+02
2.550000000000000000e+02 8.832117228487004468e+01 2.157830911174093842e+02
2.549995778809624198e+02 8.981987577639750953e+01 2.158013025387444941e+02
2.549991557619248681e+02 9.111517819453656841e+01 2.162872218537056028e+02
2.549992763673641605e+02 9.205855394078272980e+01 2.166029668938069221e+02
2.549997587891213868e+02 9.324687933425796871e+01 2.165623831634806606e+02
2.549998793945607076e+02 9.406325755291562984e+01 2.167434722305976038e+02
2.549997587891213868e+02 9.460911777121148702e+01 2.170731471989386705e+02
2.549994572755231275e+02 9.288518362178133714e+01 2.160819513960079519e+02
2.549992763673641605e+02 8.087559548935657006e+01 2.132622565277694093e+02
2.549996381836820944e+02 4.896345655189048784e+01 2.003746607972019547e+02
2.549999396972803538e+02 3.724935174576373242e+01 1.956811192184767663e+02
2.549992763673641605e+02 3.702436229873967477e+01 1.954170536091177723e+02
2.549995778809624198e+02 4.853850328649821932e+01 1.990556594102394001e+02
2.550000000000000000e+02 5.207706687571609194e+01 2.016267864680696960e+02
2.549998190918410330e+02 5.381475004522703642e+01 2.020575890972682771e+02
2.549993366700838067e+02 5.702840258095640280e+01 2.035022613519869878e+02
2.549997587891213868e+02 5.988421877826689865e+01 2.047768196345655269e+02
2.549996984864017406e+02 5.985491165651571066e+01 2.053266598323584446e+02
2.549996381836820944e+02 5.874811554001085767e+01 2.047101851293493269e+02
2.549989748537659011e+02 6.018470723029608394e+01 2.050867756135801585e+02
2.549998190918410330e+02 6.353066393294337644e+01 2.068003376952300414e+02
2.549995175782427737e+02 6.878230718205391270e+01 2.088488813845504524e+02
2.549995778809624198e+02 7.345860218295845812e+01 2.097016221431586587e+02
2.550000000000000000e+02 7.824567327986491705e+01 2.112591207863474665e+02
2.549999396972803538e+02 8.153572936139420335e+01 2.124058976059820338e+02
2.549998793945607076e+02 8.351745763733944727e+01 2.134029427727190580e+02
2.549993366700838067e+02 8.496936621841645376e+01 2.138982090092263206e+02
2.549995778809624198e+02 8.647651209069529443e+01 2.146228667912922958e+02
2.549998793945607076e+02 8.686751492492311399e+01 2.140432370499909496e+02
2.549993366700838067e+02 8.833317252608092929e+01 2.141048664294759760e+02
2.549993969728034813e+02 9.016836519327021904e+01 2.142353615148043104e+02
2.549999396972803538e+02 9.127920159199179295e+01 2.149173249713562086e+02
2.549989145510462549e+02 9.283621781342338863e+01 2.151224748236145388e+02
2.550000000000000000e+02 9.423632635831876314e+01 2.149240788759572922e+02
2.550000000000000000e+02 9.153850328649822643e+01 2.138329614665621534e+02
2.549996381836820944e+02 7.660007236326357827e+01 2.091351383947416025e+02
2.550000000000000000e+02 5.411680636796719313e+01 2.008795754688536590e+02
2.549993969728034813e+02 4.667635530362419161e+01 1.974871253693541462e+02
2.550000000000000000e+02 4.753976964361092428e+01 1.974484110233371439e+02
2.549996984864017406e+02 5.057993125489959851e+01 1.994086715310860427e+02
2.550000000000000000e+02 5.214780196586865912e+01 1.999516975215582306e+02
2.549994572755231275e+02 5.410329855876499749e+01 2.008072122052704458e+02
2.549995778809624198e+02 5.848115540010854829e+01 2.028338057046372853e+02
2.550000000000000000e+02 6.119706928782488120e+01 2.039863112826388374e+02
2.550000000000000000e+02 6.146197913525899992e+01 2.045633480069951133e+02
2.549999396972803538e+02 6.283284086112283973e+01 2.043650726647771876e+02
2.549999396972803538e+02 6.419773261774105322e+01 2.052817946089368490e+02
2.549996984864017406e+02 6.775963335946451593e+01 2.068751733703190041e+02
2.550000000000000000e+02 7.236465054573960742e+01 2.088076343243080260e+02
2.550000000000000000e+02 7.741168666706867896e+01 2.103020563227401567e+02
2.549993969728034813e+02 8.031568473738165892e+01 2.117347886389676148e+02
2.549997587891213868e+02 8.393402882469999327e+01 2.125562925887957419e+02
2.549995175782427737e+02 8.532460953989024688e+01 2.128356750889465161e+02
2.549984321292890286e+02 8.661719833564494309e+01 2.128297051197008898e+02
2.549996381836820944e+02 8.742694325514081299e+01 2.136014593258155969e+02
2.549998190918410330e+02 8.874606524754265990e+01 2.144256165953084405e+02
2.550000000000000000e+02 8.999336670083820877e+01 2.139416269673762372e+02
2.549999396972803538e+02 9.020581318217450928e+01 2.144301996020020624e+02
2.549998793945607076e+02 9.175890972682867641e+01 2.141878429717180268e+02
2.549999396972803538e+02 9.275722125067841262e+01 2.145775191461135023e+02
2.549993366700838067e+02 9.413489718386298932e+01 2.147853223180365489e+02
2.549996381836820944e+02 9.483977567388289742e+01 2.148313332931315074e+02
2.549989748537659011e+02 8.933154435265029747e+01 2.131173490924440728e+02
2.549998793945607076e+02 6.740589760598203384e+01 2.043391424953265414e+02
2.549999396972803538e+02 4.495278297051196859e+01 1.960876801543749650e+02
2.550000000000000000e+02 3.207417234517276938e+01 1.905737200747753661e+02
2.550000000000000000e+02 3.880709159983115342e+01 1.916583247904480629e+02
2.549995175782427737e+02 3.912428390520412336e+01 1.921850690466139895e+02
2.550000000000000000e+02 3.852348790930471267e+01 1.936995115479708147e+02
2.549996984864017406e+02 3.954543809925827702e+01 1.946544051136706344e+02
2.550000000000000000e+02 4.341234999698486519e+01 1.954494361695712428e+02
2.550000000000000000e+02 4.591051076403545750e+01 1.969208828318157032e+02
2.549992763673641605e+02 4.548386902249291097e+01 1.970391967677742286e+02
2.549990351564855473e+02 4.641663149008019928e+01 1.973298558765000337e+02
2.549987939456069341e+02 4.886492190797805080e+01 1.974718687812820406e+02
2.549998190918410330e+02 5.154598082373514956e+01 1.985401917626485044e+02
2.549993969728034813e+02 5.498190918410420380e+01 2.011355605137791827e+02
2.549990954592052219e+02 5.956726768377253478e+01 2.027185069046614103e+02
2.549998793945607076e+02 6.364421395404932724e+01 2.037372610504733643e+02
2.549960803232225715e+02 6.654573961285653638e+01 2.053674244708436447e+02
2.549997587891213868e+02 6.923674847735632909e+01 2.071528673943194860e+02
2.549999396972803538e+02 7.176264849544713798e+01 2.073136947476331216e+02
2.549987336428872879e+02 7.433335343423988206e+01 2.081557016221431695e+02
2.549998190918410330e+02 7.675854791051077086e+01 2.100243622987396748e+02
2.549995175782427737e+02 8.025912078634746649e+01 2.105451968883796781e+02
2.550000000000000000e+02 8.243098353735753392e+01 2.106750286437918476e+02
2.549998793945607076e+02 8.466055599107519924e+01 2.115393475245733441e+02
2.549996984864017406e+02 8.651878429717180552e+01 2.124047518543086426e+02
2.549980703129711230e+02 8.815347042151600476e+01 2.124249532653922756e+02
2.550000000000000000e+02 8.936857022251703597e+01 2.137932219743110522e+02
2.549993366700838067e+02 9.010510764035457498e+01 2.142456732798649170e+02
2.549989748537659011e+02 8.898221069770247027e+01 2.131993004884520246e+02
2.550000000000000000e+02 7.449617077730205494e+01 2.082688295242115544e+02
2.549993969728034813e+02 4.504908641379726220e+01 1.959181089067116943e+02
2.549995778809624198e+02 3.186244949647229063e+01 1.892867394319483765e+02
2.549982512211300616e+02 3.144020985346439190e+01 1.883161671591388711e+02
2.549994572755231275e+02 3.384851956823252550e+01 1.909152143761683647e+02
2.549996984864017406e+02 3.454296568775252041e+01 1.908734848941687403e+02
2.549987336428872879e+02 3.472140143520472577e+01 1.910297292407887539e+02
2.549972260748959911e+02 3.800235180606645713e+01 1.923293131520231611e+02
2.549997587891213868e+02 3.898799975878912250e+01 1.931131279020683849e+02
2.549989748537659011e+02 3.835669058674546505e+01 1.940048242175722066e+02
2.549996984864017406e+02 3.739890249050232285e+01 1.931432189591750728e+02
2.550000000000000000e+02 3.826901043237050004e+01 1.931989386721341191e+02
2.550000000000000000e+02 4.110016281734306176e+01 1.941755412169088686e+02
2.550000000000000000e+02 4.521944159681601860e+01 1.963207501658324929e+02
2.550000000000000000e+02 4.942561659530844764e+01 1.982901163842489325e+02
2.550000000000000000e+02 5.335771573297955683e+01 1.993288307302659348e+02
2.549997587891213868e+02 5.720882831815714553e+01 2.009596574805523801e+02
2.550000000000000000e+02 6.000211059518784396e+01 2.023171923053729699e+02
2.550000000000000000e+02 6.214834469034553166e+01 2.024094554664415284e+02
2.549978894048121560e+02 6.378007598142676216e+01 2.040729059880600573e+02
2.549992160646445143e+02 6.535578604595066565e+01 2.049618886811795164e+02
2.549996984864017406e+02 6.647005969969245598e+01 2.056850991979738410e+02
2.549993366700838067e+02 6.834957486582645458e+01 2.056203340770668717e+02
2.549983718265693824e+02 7.043653138756558008e+01 2.055718506904661353e+02
2.549995778809624198e+02 7.348640173671832088e+01 2.071852499547729565e+02
2.549998793945607076e+02 7.700156787071097142e+01 2.078970632575529294e+02
2.549995175782427737e+02 7.926919134052945992e+01 2.099560996200928571e+02
2.550000000000000000e+02 7.518543086293192346e+01 2.082128686003738665e+02
2.550000000000000000e+02 4.909057468491828757e+01 1.990513176144244198e+02
2.549995778809624198e+02 2.715576192486281215e+01 1.874758487607791153e+02
2.549995175782427737e+02 2.343490321413495892e+01 1.846158716758125706e+02
2.550000000000000000e+02 2.451311584152445278e+01 1.856473496954712630e+02
2.549998190918410330e+02 2.566296809986130256e+01 1.862655128746306445e+02
2.550000000000000000e+02 2.491762648495447152e+01 1.871982150394982796e+02
2.549999396972803538e+02 2.639214858590122503e+01 1.868694446119519910e+02
2.549996984864017406e+02 2.908852439245010046e+01 1.879445818006392130e+02
2.549995175782427737e+02 3.023879876982451975e+01 1.889660495688355581e+02
2.549995778809624198e+02 3.095495386841946583e+01 1.894162093710426404e+02
2.549991557619248681e+02 3.160549960803232139e+01 1.892766688777663830e+02
2.549998190918410330e+02 3.379279985527347208e+01 1.908479768437556459e+02
2.549992160646445143e+02 3.721081830790569001e+01 1.922969908942893369e+02
2.549998190918410330e+02 4.168775251763854328e+01 1.936651993004884389e+02
2.549998190918410330e+02 4.553319664716878634e+01 1.956352891515407464e+02
2.550000000000000000e+02 4.881263945003919957e+01 1.976860640414882653e+02
2.549990351564855473e+02 5.250051257311704944e+01 1.996898028101067268e+02
2.549998793945607076e+02 5.538635952481456570e+01 2.005704637279141309e+02
2.549995175782427737e+02 5.785931375505035135e+01 2.013879273955255371e+02
2.549988542483266087e+02 6.011095700416088761e+01 2.023820780317192316e+02
2.549998190918410330e+02 6.257396128565398641e+01 2.027072302960863510e+02
2.549990954592052219e+02 6.527576433697159075e+01 2.049359585117288702e+02
2.549999396972803538e+02 6.734203702586987106e+01 2.055600916601338781e+02
2.549999396972803538e+02 7.026623650726648407e+01 2.059077971416510877e+02
2.549993969728034813e+02 7.357305674485918701e+01 2.074608936863052406e+02
2.549984924320086748e+02 7.599656274497979780e+01 2.090157993125490066e+02
2.549984924320086748e+02 7.876168365193269949e+01 2.096342037025869729e+02
2.550000000000000000e+02 8.075245733582585217e+01 2.097957546885364479e+02
2.549999396972803538e+02 7.632020744135560619e+01 2.086622444672254630e+02
2.549996984864017406e+02 4.663239462099740962e+01 1.981911596212989082e+02
2.549995175782427737e+02 2.410824338177651782e+01 1.848489416872700986e+02
2.550000000000000000e+02 2.023313031417717056e+01 1.828291623952240172e+02
2.550000000000000000e+02 2.184405716697823152e+01 1.838898269311945910e+02
2.550000000000000000e+02 2.231134294156666442e+01 1.847359343906410061e+02
2.550000000000000000e+02 2.169372248688415894e+01 1.837247180847856214e+02
2.550000000000000000e+02 2.234390641017909829e+01 1.835909666525960233e+02
2.550000000000000000e+02 2.586335403726707938e+01 1.856565760115781245e+02
2.549998793945607076e+02 2.737098233130314284e+01 1.883429415666646491e+02
2.550000000000000000e+02 2.752258336850992038e+01 1.875101610082614627e+02
2.549999396972803538e+02 2.728692034010733991e+01 1.871127057830308047e+02
2.549999396972803538e+02 2.895989869143098261e+01 1.884552252306579021e+02
2.549990954592052219e+02 3.304890550563830232e+01 1.903967315925948185e+02
2.549992763673641605e+02 3.599788940481215604e+01 1.912365675691973763e+02
2.549995175782427737e+02 4.038286196707471731e+01 1.931436410782126245e+02
2.549999396972803538e+02 4.425821624555267420e+01 1.949191340529457932e+02
2.549997587891213868e+02 4.723843695350659999e+01 1.970385334378580353e+02
2.549995175782427737e+02 4.950310559006211264e+01 1.971313393234034947e+02
2.550000000000000000e+02 5.195012965084725209e+01 1.975506241331484034e+02
2.549998190918410330e+02 5.418247602966894050e+01 1.982983778568413413e+02
2.550000000000000000e+02 5.516143038051016134e+01 2.001293493336549432e+02
2.549998190918410330e+02 5.782319242597841225e+01 2.013348006995115611e+02
2.549995778809624198e+02 6.150033166495808956e+01 2.023872037628896976e+02
2.549996381836820944e+02 6.496822046674304829e+01 2.032594222999457259e+02
2.549999396972803538e+02 6.728818669722004131e+01 2.041788578664897784e+02
2.549996381836820944e+02 7.005493577760357482e+01 2.058783091117409469e+02
2.549986130374479956e+02 7.237888198757764258e+01 2.065132364469637594e+02
2.550000000000000000e+02 7.403799071338117699e+01 2.076436712295724476e+02
2.550000000000000000e+02 7.669197370801423119e+01 2.081345956702647300e+02
2.549995778809624198e+02 7.853174938189712861e+01 2.092673822589398753e+02
2.550000000000000000e+02 7.879768437556533911e+01 2.088075740215883798e+02
2.549989145510462549e+02 6.148941687270095713e+01 2.036000723632635925e+02
2.549995175782427737e+02 3.102997045166737067e+01 1.894757281553397945e+02
2.549997587891213868e+02 1.997087378640776834e+01 1.831884459989145455e+02
2.549989145510462549e+02 2.031737321353192982e+01 1.823712838449013987e+02
2.550000000000000000e+02 2.292251100524633500e+01 1.846405957908701794e+02
2.550000000000000000e+02 2.300410058493638132e+01 1.861933908219260729e+02
2.549999396972803538e+02 2.318301875414581303e+01 1.850808659470542068e+02
2.549990954592052219e+02 2.561713803292528624e+01 1.864915274678888011e+02
2.549986733401676418e+02 2.738569619489839013e+01 1.868405596092383689e+02
2.549992763673641605e+02 2.710842428993547770e+01 1.868515347042151689e+02
2.549986130374479956e+02 2.700633178556352831e+01 1.866094795875293926e+02
2.550000000000000000e+02 2.852517638545498357e+01 1.871744557679551235e+02
2.549996381836820944e+02 3.096466260628354306e+01 1.885303624193451242e+02
2.549995778809624198e+02 3.449653259361997470e+01 1.897989507326780370e+02
2.550000000000000000e+02 3.861641440028945027e+01 1.914341795814991372e+02
2.549987336428872879e+02 4.190610866550081681e+01 1.932020141108363873e+02
2.550000000000000000e+02 4.512591207863474807e+01 1.946679129228728300e+02
2.549969245612977033e+02 4.804564915877705999e+01 1.961497919556171894e+02
2.549995778809624198e+02 5.036513296749683377e+01 1.974538382681058977e+02
2.550000000000000000e+02 5.226376409576072035e+01 1.975075076885967462e+02
2.549998190918410330e+02 5.399915576192486100e+01 1.982858951938732446e+02
2.549998190918410330e+02 5.599089428933245216e+01 1.995144425013568252e+02
2.549996984864017406e+02 5.850877404570945828e+01 2.004808538865102889e+02
2.549995175782427737e+02 6.006585056986070015e+01 2.013379364409334755e+02
2.549989748537659011e+02 6.257166978230718257e+01 2.020244226014593210e+02
2.549998190918410330e+02 6.485605740818911613e+01 2.030861122836639936e+02
2.549998190918410330e+02 6.781535307242356225e+01 2.045263824398480494e+02
2.550000000000000000e+02 7.077899053247301708e+01 2.060356389073147341e+02
2.549998793945607076e+02 7.166399324609540145e+01 2.056051377917144123e+02
2.549996381836820944e+02 5.601453295543628741e+01 2.007862871615509732e+02
2.550000000000000000e+02 2.676524151239220828e+01 1.868743291322438722e+02
2.550000000000000000e+02 1.749321594403907554e+01 1.808154736778628831e+02
2.550000000000000000e+02 1.760284628836760490e+01 1.815435084122293858e+02
2.549996984864017406e+02 1.921630585539407932e+01 1.825568956159922891e+02
2.549993969728034813e+02 1.908538865102816118e+01 1.823791231984562557e+02
2.550000000000000000e+02 1.978658867514925035e+01 1.827090393776759356e+02
2.549996381836820944e+02 2.239112343966712970e+01 1.837602966893806808e+02
2.550000000000000000e+02 2.541132485075076985e+01 1.860969064704818265e+02
2.550000000000000000e+02 2.528227703069408605e+01 1.854645721522040560e+02
2.550000000000000000e+02 2.549291443044081262e+01 1.857150093469215335e+02
2.549999396972803538e+02 2.617180244829041769e+01 1.855931978532231881e+02
2.549993366700838067e+02 2.889597780859916654e+01 1.871806669480793630e+02
2.549993969728034813e+02 3.342012904782005478e+01 1.894438280166435504e+02
2.550000000000000000e+02 3.778067900862328798e+01 1.912901163842489325e+02
2.550000000000000000e+02 4.111264548031115851e+01 1.925155882530302165e+02
2.549999396972803538e+02 4.454887535427847922e+01 1.939570644636073098e+02
2.549998793945607076e+02 4.734143399867333812e+01 1.968050413073629556e+02
2.550000000000000000e+02 5.118814448531628614e+01 1.981646867273714179e+02
2.550000000000000000e+02 5.489477175420611132e+01 1.993294337574624535e+02
2.550000000000000000e+02 5.796936621841645376e+01 2.005130555388047924e+02
2.550000000000000000e+02 6.099366821443646813e+01 2.025481517216426539e+02
2.549994572755231275e+02 6.372930109147922906e+01 2.031624555267442531e+02
2.549998190918410330e+02 6.729994572755231275e+01 2.051947777844780774e+02
2.549997587891213868e+02 7.067906892600856850e+01 2.056033890128444739e+02
2.550000000000000000e+02 8.467074715069649926e+01 2.095358499668334957e+02
2.549996381836820944e+02 8.706066453597057375e+01 2.109640595790870066e+02
2.549993969728034813e+02 8.960164023397454969e+01 2.116490381716215268e+02
2.549999396972803538e+02 9.117252608092624655e+01 2.130268950129650989e+02
2.549987336428872879e+02 9.240951576916118881e+01 2.131131279020683849e+02
2.549987336428872879e+02 7.421630585539408287e+01 2.068685400711572129e+02
2.549995778809624198e+02 4.267165169149128445e+01 1.948225290960622260e+02
2.549999396972803538e+02 2.205149852258336907e+01 1.849813664596273384e+02
2.549992763673641605e+02 1.984369535066031531e+01 1.818894048121570393e+02
2.549998190918410330e+02 2.175722125067840551e+01 1.828995356690586789e+02
2.550000000000000000e+02 2.263130917204365744e+01 1.845704637279141309e+02
2.549998793945607076e+02 2.240077187481155363e+01 1.840291262135922352e+02
2.549994572755231275e+02 2.338961587167581158e+01 1.839411445456190108e+02
2.550000000000000000e+02 2.635457999155761755e+01 1.862614122896942774e+02
2.549995175782427737e+02 2.809503708617258511e+01 1.878066694807935733e+02
2.550000000000000000e+02 3.010770065729964529e+01 1.878569619489838942e+02
2.549996984864017406e+02 3.153524693963697700e+01 1.904055960923837745e+02
2.549998793945607076e+02 3.488138455044322228e+01 1.910251462340951605e+02
2.549995175782427737e+02 3.927769402400048193e+01 1.935150455285533440e+02
2.549998793945607076e+02 4.317891816920943171e+01 1.948661882650907557e+02
2.549990351564855473e+02 4.689163601278417559e+01 1.968611831393595821e+02
2.549992160646445143e+02 5.014737984683109318e+01 1.975327142254115529e+02
2.550000000000000000e+02 5.382753422179339964e+01 1.994115660616293724e+02
2.550000000000000000e+02 5.579225713079659954e+01 2.004686727371404515e+02
2.549997587891213868e+02 5.802689501296508467e+01 2.015757703672435639e+02
2.549996381836820944e+02 6.030271965265633582e+01 2.020575287945486309e+02
2.549996381836820944e+02 6.174292950612072417e+01 2.037332810709762896e+02
2.549996984864017406e+02 6.471531086051980708e+01 2.041622143158656399e+02
2.549994572755231275e+02 6.776487969607428852e+01 2.047655430259904676e+02
2.550000000000000000e+02 7.053699571850690120e+01 2.060170053669420440e+02
2.549998793945607076e+02 7.352529699089429016e+01 2.076064041488271243e+02
2.549986733401676418e+02 7.575372369293855002e+01 2.083284086112283546e+02
2.549996984864017406e+02 7.794114454561901084e+01 2.089554965928963384e+02
2.550000000000000000e+02 8.016486763553035644e+01 2.102845082313212401e+02
2.549998190918410330e+02 8.200168847615027801e+01 2.111719833564493740e+02
2.549981306156907692e+02 8.238322378339263707e+01 2.110131459928842901e+02
2.549999396972803538e+02 7.116010372067779599e+01 2.068330217692817996e+02
2.550000000000000000e+02 3.865784236869082946e+01 1.934426822649701592e+02
2.549995175782427737e+02 2.403823192425978306e+01 1.847019839594765642e+02
2.549992160646445143e+02 2.380323222577338171e+01 1.841368871736115409e+02
2.549999396972803538e+02 2.684453958873545076e+01 1.871393595851172904e+02
2.549998793945607076e+02 2.710655490562624337e+01 1.862251703551830246e+02
2.549998793945607076e+02 2.688548513537960716e+01 1.861270578303081606e+02
2.549996381836820944e+02 2.911951999035156646e+01 1.881182536332388509e+02
2.550000000000000000e+02 3.058963999276367218e+01 1.891055297593921409e+02
2.549992160646445143e+02 3.154718687812820477e+01 1.885980220707953947e+02
2.550000000000000000e+02 3.116167159138877096e+01 1.893267201350780908e+02
2.549996984864017406e+02 3.242700355786045918e+01 1.888680576493999865e+02
2.549987939456069341e+02 3.539552553820177394e+01 1.912062956039317498e+02
2.549998793945607076e+02 3.981408671531085730e+01 1.937603569921003555e+02
2.550000000000000000e+02 4.379123198456250066e+01 1.947403967918953072e+02
2.550000000000000000e+02 4.746294397877344551e+01 1.966453597057227398e+02
2.550000000000000000e+02 5.048760779111137964e+01 1.981946571790387850e+02
2.550000000000000000e+02 5.402641259120786543e+01 1.993296749683410667e+02
2.549998190918410330e+02 5.699204004100585053e+01 2.012365072664777301e+02
2.549998793945607076e+02 5.971108967014412627e+01 2.022837242959657544e+02
2.550000000000000000e+02 6.398209009226316368e+01 2.037509497678345269e+02
2.550000000000000000e+02 6.676186456009166648e+01 2.054827835735391659e+02
2.549995175782427737e+02 6.964041488271121239e+01 2.064181390580715174e+02
2.550000000000000000e+02 7.314912862570102448e+01 2.080185732376530154e+02
2.550000000000000000e+02 7.676222637640957203e+01 2.090350961828378331e+02
2.549997587891213868e+02 7.935078092021950624e+01 2.096436712295724476e+02
2.550000000000000000e+02 8.227190496291382260e+01 2.112987396731592469e+02
2.550000000000000000e+02 8.414068624494964865e+01 2.113234034854972094e+02
2.550000000000000000e+02 7.753645299403002866e+01 2.096854007115721004e+02
2.549993366700838067e+02 4.950509557981065001e+01 1.988020864740999798e+02
2.549998793945607076e+02 2.903274437677139375e+01 1.889082795634083141e+02
2.549996984864017406e+02 2.563534945426038547e+01 1.854496170777302098e+02
2.549996984864017406e+02 2.837441958632334149e+01 1.876619429536272037e+02
2.549996984864017406e+02 3.101712597238135416e+01 1.895715491768678760e+02
2.549998793945607076e+02 3.134758487607791011e+01 1.892387384671048665e+02
2.550000000000000000e+02 3.310016281734306176e+01 1.908022070795393006e+02
2.549997587891213868e+02 3.728854851353796107e+01 1.938870530060905821e+02
2.549994572755231275e+02 3.990707350901525530e+01 1.946037508291624079e+02
2.550000000000000000e+02 4.059500693481275846e+01 1.939887233914249407e+02
2.549999396972803538e+02 4.082922269794367764e+01 1.952646083338358665e+02
2.549999396972803538e+02 4.373750226135198460e+01 1.955233673038653990e+02
2.549999396972803538e+02 4.724911053488512636e+01 1.976557317735029926e+02
2.549990954592052219e+02 5.236977627691008763e+01 1.991001628173430618e+02
2.549980100102514484e+02 5.726165350057287640e+01 2.020314177169390462e+02
2.549998190918410330e+02 6.131574504010130511e+01 2.032799855273472929e+02
2.549999396972803538e+02 6.434456974009528096e+01 2.049319785322317955e+02
2.549999396972803538e+02 6.760495688355544530e+01 2.064892962672616648e+02
2.549996381836820944e+02 7.131043840077187213e+01 2.072697943677259786e+02
2.550000000000000000e+02 7.400554785020804616e+01 2.086648977868901795e+02
2.550000000000000000e+02 7.650135681119218134e+01 2.095813785201712562e+02
2.550000000000000000e+02 7.923897967798347963e+01 2.101437616836519453e+02
2.550000000000000000e+02 8.182675028643791393e+01 2.106734607730808762e+02
2.550000000000000000e+02 8.310727853826207934e+01 2.114095157691612030e+02
2.549991557619248681e+02 8.528227703069408960e+01 2.116167762166073771e+02
2.549998793945607076e+02 8.550744738587710003e+01 2.127046372791412807e+02
2.549996381836820944e+02 8.677187481155399951e+01 2.126802749804016059e+02
2.549995175782427737e+02 8.768714949044202456e+01 2.133032020744135480e+02
2.549995175782427737e+02 8.909437375625640243e+01 2.127610203220165204e+02
2.549999396972803538e+02 9.058740879213652875e+01 2.133303382982572600e+02
2.549996984864017406e+02 8.844189832961465925e+01 2.127658445395887270e+02
2.549995778809624198e+02 7.020267744075258065e+01 2.068569016462642480e+02
2.549995778809624198e+02 4.038816860640415030e+01 1.940119399384912242e+02
2.550000000000000000e+02 2.916426460833383416e+01 1.871971898932641807e+02
2.549996381836820944e+02 2.847440149550744692e+01 1.867508894651148807e+02
2.549998793945607076e+02 3.023916058614243596e+01 1.887171802448290521e+02
2.549997587891213868e+02 3.061062533920279805e+01 1.890073569317976308e+02
2.549999396972803538e+02 3.066194295362720723e+01 1.890259301694506462e+02
2.550000000000000000e+02 3.339709340891274536e+01 1.901228366399324727e+02
2.550000000000000000e+02 3.670970270759211473e+01 1.916632093107399157e+02
2.549981306156907692e+02 3.767225471868781028e+01 1.932139540493276115e+02
2.549998793945607076e+02 3.872875836700234942e+01 1.935477899053247199e+02
2.549991557619248681e+02 4.038069106916722006e+01 1.942286679129228730e+02
2.549998793945607076e+02 4.355514683712235069e+01 1.950296689380691078e+02
2.549998793945607076e+02 4.781294096363745894e+01 1.978043779774467907e+02
2.549992160646445143e+02 5.308412229391545623e+01 1.991666164144002948e+02
2.550000000000000000e+02 5.816082735331363551e+01 2.011470180305131805e+02
2.549998190918410330e+02 6.203286498221069678e+01 2.035836700235180672e+02
2.549999396972803538e+02 6.509974069830549581e+01 2.046585660013266477e+02
2.549993969728034813e+02 6.815322921063740580e+01 2.064554061388168691e+02
2.550000000000000000e+02 7.100211059518784396e+01 2.075152264367122825e+02
2.549997587891213868e+02 7.337888198757764258e+01 2.086583247904480629e+02
2.549981306156907692e+02 7.552807091599831324e+01 2.087987698245190984e+02
2.549999396972803538e+02 7.847174817584273399e+01 2.100320810468552111e+02
2.550000000000000000e+02 8.072767291804859724e+01 2.114162696737622866e+02
2.549998793945607076e+02 8.290647048181872947e+01 2.115163721883857022e+02
2.549997587891213868e+02 8.435656998130615136e+01 2.121700536694204970e+02
2.549996984864017406e+02 8.621256708677560709e+01 2.129995778809624198e+02
2.550000000000000000e+02 8.746191883253935373e+01 2.125061810287643880e+02
2.550000000000000000e+02 8.798076343243080544e+01 2.131236205752879584e+02
2.549997587891213868e+02 8.912337936440933106e+01 2.130438400771874683e+02
2.549992160646445143e+02 9.043200868359163280e+01 2.129658686606765912e+02
2.549998793945607076e+02 9.020038593740578392e+01 2.134057166978230669e+02
2.549996984864017406e+02 8.747174817584273399e+01 2.126510884640897245e+02
2.549984321292890286e+02 6.752101549779895606e+01 2.060638002773925166e+02
2.550000000000000000e+02 4.059018271724054472e+01 1.938434541397816986e+02
2.549998190918410330e+02 2.503449315564131794e+01 1.868850630163420306e+02
2.550000000000000000e+02 3.179044804920701850e+01 1.894142796840137351e+02
2.549991557619248681e+02 3.547126575408550764e+01 1.914238678164385306e+02
2.549991557619248681e+02 3.691256105650364816e+01 1.930256889585720330e+02
2.549999396972803538e+02 3.745281312187179878e+01 1.948982090092263206e+02
2.549995175782427737e+02 4.037429898088403490e+01 1.950269553156847451e+02
2.549992160646445143e+02 4.134595670264729250e+01 1.959293252125670790e+02
2.549995175782427737e+02 4.074497979858891483e+01 1.953872037628896976e+02
2.549998190918410330e+02 4.023626605559910985e+01 1.955346439124404583e+02
2.550000000000000000e+02 4.199089428933245216e+01 1.955611168063679770e+02
2.549997587891213868e+02 4.512621359223300743e+01 1.975892178737261133e+02
2.550000000000000000e+02 5.080823735150455178e+01 1.994795272266779307e+02
2.550000000000000000e+02 5.534131339323403154e+01 2.013078453838268160e+02
2.549995778809624198e+02 5.955858409214255289e+01 2.023517457637339305e+02
2.550000000000000000e+02 6.362111801242235742e+01 2.047422661762045379e+02
2.549994572755231275e+02 6.681475004522704353e+01 2.068274739190737534e+02
2.549998190918410330e+02 6.968926008562986851e+01 2.085018995356690539e+02
2.550000000000000000e+02 7.309497678345293536e+01 2.088131821745160721e+02
2.549989748537659011e+02 7.568196345655188395e+01 2.096639329433757553e+02
2.549998190918410330e+02 7.857287583670023423e+01 2.108689621901947646e+02
2.549993366700838067e+02 8.090550563830429098e+01 2.117602363866610347e+02
2.549998793945607076e+02 8.329747331604654903e+01 2.123325694988843964e+02
2.549993969728034813e+02 8.492082252909605700e+01 2.132526683953446422e+02
2.549987939456069341e+02 8.630000603027195893e+01 2.134504010130856955e+02
2.550000000000000000e+02 8.819230537297232786e+01 2.142128082976542203e+02
2.549993366700838067e+02 8.942718446601941196e+01 2.139823916058614373e+02
2.549975275884942505e+02 8.943815956099619768e+01 2.135300609057468364e+02
2.550000000000000000e+02 7.900554785020804616e+01 2.100404631248869407e+02
2.549993969728034813e+02 4.863088705300609149e+01 1.984345413978170427e+02
2.550000000000000000e+02 3.277193511427365280e+01 1.912675028643791961e+02
2.550000000000000000e+02 3.087571609479587664e+01 1.882293312428390379e+02
2.549990351564855473e+02 3.332647892419948477e+01 1.914057166978230669e+02
2.549996984864017406e+02 3.567406380027739488e+01 1.931195802930712091e+02
2.549999396972803538e+02 3.640499306518724154e+01 1.929872158234336439e+02
2.549996984864017406e+02 3.923186395706446206e+01 1.937915334981607600e+02
2.549997587891213868e+02 4.239829946330579702e+01 1.960443224989446946e+02
2.549980703129711230e+02 4.341874208526804324e+01 1.975341011879635857e+02
2.549979497075318022e+02 4.332762467587288313e+01 1.974730748356750780e+02
2.549986130374479956e+02 4.465947054212144707e+01 1.969903515648555867e+02
2.550000000000000000e+02 4.796237110293674277e+01 1.983408912741964798e+02
2.550000000000000000e+02 5.298878369414460821e+01 2.015428450823132209e+02
2.550000000000000000e+02 5.978574443707411490e+01 2.037402158837363686e+02
2.549987336428872879e+02 6.492600856298619760e+01 2.058379665922932986e+02
2.549999396972803538e+02 6.985949466320930412e+01 2.078346499427124172e+02
2.549989145510462549e+02 7.389706325755291516e+01 2.092876439727431830e+02
2.549996984864017406e+02 7.674835675088947085e+01 2.111845263221371169e+02
2.549997587891213868e+02 8.025544232044865112e+01 2.109837182656937955e+02
2.549997587891213868e+02 8.206572996442139356e+01 2.122420551166857763e+02
2.549988542483266087e+02 8.378888017849604353e+01 2.133864801302538865e+02
2.549984924320086748e+02 8.603823192425979016e+01 2.138037146475305974e+02
2.550000000000000000e+02 8.676162334921305330e+01 2.146826870891877093e+02
2.549996984864017406e+02 8.895127540252065046e+01 2.144460592172706868e+02
2.549993366700838067e+02 9.000440209853464069e+01 2.148485195682325184e+02
2.549994572755231275e+02 9.097473316046553293e+01 2.146941446059217355e+02
2.550000000000000000e+02 9.240022915033468109e+01 2.145599710546945573e+02
2.549999396972803538e+02 9.280063920882831496e+01 2.152301151781945237e+02
2.549997587891213868e+02 9.402550805041308024e+01 2.163088705300609149e+02
2.550000000000000000e+02 9.250642223964300115e+01 2.145489959597177858e+02
2.549992763673641605e+02 6.789483205692576462e+01 2.074924320086835792e+02
2.549998190918410330e+02 3.921274799493457408e+01 1.958397756738828832e+02
2.549996984864017406e+02 2.898209009226316013e+01 1.901292287282156508e+02
2.549997587891213868e+02 2.820225532171500760e+01 1.907934028824699908e+02
2.549998793945607076e+02 3.773382379545317633e+01 1.940580112163058573e+02
2.550000000000000000e+02 3.904185008743894514e+01 1.955932581559428343e+02
2.550000000000000000e+02 4.046240125429656587e+01 1.954023397455225108e+02
2.549999396972803538e+02 4.351142736537418187e+01 1.980568051619127914e+02
2.549995778809624198e+02 4.764933968521980034e+01 1.999267924983416833e+02
2.549991557619248681e+02 4.954278477959356053e+01 2.001550382922269762e+02
2.549996984864017406e+02 5.053796056202134679e+01 2.013680878007598096e+02
2.549990351564855473e+02 5.269884821805463559e+01 2.021724657782066004e+02
2.549994572755231275e+02 5.618965205330760426e+01 2.031703551830187564e+02
2.549996984864017406e+02 6.061146957727793705e+01 2.047955134776578348e+02
2.549992763673641605e+02 6.522100946752698292e+01 2.069555568956159846e+02
2.550000000000000000e+02 6.930410661520834026e+01 2.090283422782367495e+02
2.549998190918410330e+02 7.367135017789301799e+01 2.100843635047940552e+02
2.549995778809624198e+02 7.662877645781824754e+01 2.111257914731954486e+02
2.549998190918410330e+02 7.940010854489537451e+01 2.121291684254959762e+02
2.550000000000000000e+02 8.144521497919555486e+01 2.124802508593137418e+02
2.549997587891213868e+02 8.365530965446541245e+01 2.136389073147198872e+02
2.550000000000000000e+02 8.572899957788095548e+01 2.140579509135862111e+02
2.550000000000000000e+02 8.655176988482180889e+01 2.146626062835433970e+02
2.549993366700838067e+02 8.794379786528372733e+01 2.144297774829644823e+02
2.549997587891213868e+02 8.877929204607127645e+01 2.152603268407405039e+02
2.549995175782427737e+02 9.003829222697943635e+01 2.148371223542181667e+02
2.549998190918410330e+02 9.043677259844419325e+01 2.154777784478079923e+02
2.550000000000000000e+02 9.207332810709762327e+01 2.154403304589037020e+02
2.550000000000000000e+02 9.316981245854188387e+01 2.159008623288910371e+02
2.550000000000000000e+02 9.417819453657359929e+01 2.159269734065006219e+02
2.549996984864017406e+02 9.151154797081348136e+01 2.149041186757522723e+02
2.549967436531387648e+02 6.578351323644696436e+01 2.073355846348670184e+02
2.549993366700838067e+02 3.885087137429898263e+01 1.963720677802568844e+02
2.549996984864017406e+02 3.181089067116926827e+01 1.923875655792076316e+02
2.550000000000000000e+02 3.352415123922089180e+01 1.915715491768678760e+02
2.549992160646445143e+02 4.345902430199601696e+01 1.967691611891696368e+02
2.549993969728034813e+02 4.547397937646987742e+01 1.985096785865042648e+02
2.549999396972803538e+02 4.672206476512090489e+01 1.985002713622384363e+02
2.549998793945607076e+02 5.068316951094494272e+01 2.004399686425857681e+02
2.550000000000000000e+02 5.291316408370017399e+01 2.017918350117590194e+02
2.549993366700838067e+02 5.249695471265754065e+01 2.015918108906711552e+02
2.550000000000000000e+02 5.279448833142375008e+01 2.014194054151842295e+02
2.549999396972803538e+02 5.483374540191762492e+01 2.026064041488271243e+02
2.550000000000000000e+02 5.818386299222095204e+01 2.035849966833504254e+02
2.549993366700838067e+02 6.295308448411023505e+01 2.049735874087921275e+02
2.550000000000000000e+02 6.689024905023217116e+01 2.074276065850569921e+02
2.549998793945607076e+02 7.120738105288548070e+01 2.079001386962551976e+02
2.550000000000000000e+02 7.483392631007657769e+01 2.103479466923958228e+02
2.549999396972803538e+02 7.821407465476693233e+01 2.117241150575891027e+02
2.549989748537659011e+02 8.095609962009287131e+01 2.122116625459808290e+02
2.549996381836820944e+02 8.323089911355002357e+01 2.134029427727190580e+02
2.549996381836820944e+02 8.612030392570704862e+01 2.146940843032020609e+02
2.549998793945607076e+02 8.800560815292769234e+01 2.146781040824941158e+02
2.550000000000000000e+02 8.914267623469818602e+01 2.151425556292588794e+02
2.549998190918410330e+02 9.112066574202496838e+01 2.147788699270336963e+02
2.549997587891213868e+02 9.259573056744859798e+01 2.153496954712657612e+02
2.549998793945607076e+02 9.358584092142555733e+01 2.160038593740577824e+02
2.550000000000000000e+02 9.465374178375444103e+01 2.164212144967738141e+02
2.549999396972803538e+02 9.559977084966531891e+01 2.157929807634324391e+02
2.550000000000000000e+02 9.047150696496412081e+01 2.140097690405837341e+02
2.549998793945607076e+02 6.236320328046794970e+01 2.058008201169872677e+02
2.550000000000000000e+02 4.124519085810769781e+01 1.961163842489296201e+02
2.550000000000000000e+02 3.571320026533196312e+01 1.936197310498703530e+02
2.549985527347283494e+02 3.789012844479285747e+01 1.946696013990230938e+02
2.549999396972803538e+02 4.838690224929144534e+01 1.983800277392510338e+02
2.549997587891213868e+02 4.897497437134414611e+01 1.994364710848459197e+02
2.550000000000000000e+02 5.082729301091479357e+01 2.002055719712959103e+02
2.549998190918410330e+02 5.542284267020442456e+01 2.023513839474160250e+02
2.549985527347283494e+02 5.898667309895676425e+01 2.035870469758186232e+02
2.549993366700838067e+02 5.972290900319604390e+01 2.037602966893806808e+02
2.549996381836820944e+02 6.020303925707049331e+01 2.053158656455406117e+02
2.549992763673641605e+02 6.294108424289935755e+01 2.061009467526985475e+02
2.549996381836820944e+02 6.657685581619730897e+01 2.061766266658626421e+02
2.549999396972803538e+02 7.063402279442803433e+01 2.085454380992582628e+02
2.550000000000000000e+02 7.492962672616535258e+01 2.107082554423204499e+02
2.550000000000000000e+02 7.872682867997346534e+01 2.117126575408551048e+02
2.549993366700838067e+02 8.187662063559066894e+01 2.121043237049991035e+02
2.550000000000000000e+02 8.414032442863172889e+01 2.130206235301212132e+02
2.549996381836820944e+02 8.599354760899716155e+01 2.141157209190134552e+02
2.549999396972803538e+02 8.717891816920942460e+01 2.141905565941023895e+02
2.549997587891213868e+02 8.874196466260627858e+01 2.142056322740155565e+02
2.550000000000000000e+02 8.935795694385817001e+01 2.149642404872459736e+02
2.550000000000000000e+02 9.024826629680998735e+01 2.149484411746969670e+02
2.549993969728034813e+02 9.184110233371525567e+01 2.147397937646987884e+02
2.549998190918410330e+02 9.297533618766206587e+01 2.146300428149309596e+02
2.549995778809624198e+02 9.380274980401615892e+01 2.155683531327262870e+02
2.549997587891213868e+02 9.428064885726345778e+01 2.149465114876680900e+02
2.550000000000000000e+02 9.528927214617378638e+01 2.155851775915093640e+02
2.550000000000000000e+02 9.561225351263341565e+01 2.147121751190978785e+02
2.549986130374479956e+02 7.978942290297293027e+01 2.116855213170113927e+02
2.550000000000000000e+02 5.374859796176807691e+01 2.016408973044684387e+02
2.549999396972803538e+02 3.467508894651148665e+01 1.923569921003437173e+02
2.549995175782427737e+02 3.036790689260085685e+01 1.895543629017668650e+02
2.549996381836820944e+02 3.211789181692094530e+01 1.906320931073991574e+02
2.549997587891213868e+02 4.091877223662787344e+01 1.949541699330639801e+02
2.550000000000000000e+02 4.050382922269794506e+01 1.954309835373575481e+02
2.549994572755231275e+02 4.315081710185129538e+01 1.968333835855997052e+02
2.550000000000000000e+02 4.600747753723693023e+01 1.972414520894892291e+02
2.549993969728034813e+02 4.759898691430983320e+01 1.991125248748718661e+02
2.549989748537659011e+02 4.792486281131279213e+01 1.990092866188265077e+02
2.549980703129711230e+02 4.898818066694808238e+01 1.995713682687089090e+02
2.549996381836820944e+02 5.139208828318157174e+01 1.995842127479949397e+02
2.549999396972803538e+02 5.536422842670204147e+01 2.017542061146957622e+02
2.549987939456069341e+02 6.039986733401676133e+01 2.046250376891997860e+02
2.549999396972803538e+02 6.422390399807031258e+01 2.068859675571368371e+02
2.550000000000000000e+02 6.848766809383103293e+01 2.077631912199240105e+02
2.549996984864017406e+02 7.207278538262075074e+01 2.091814508834348487e+02
2.549997587891213868e+02 7.484037870107941615e+01 2.106914912862570191e+02
2.550000000000000000e+02 7.749460290659108352e+01 2.105720919013447485e+02
2.550000000000000000e+02 7.965977205571971353e+01 2.116588072122052608e+02
2.549998190918410330e+02 8.150732678043779345e+01 2.123744195863233415e+02
2.549995778809624198e+02 8.335029849846227989e+01 2.121585358499668246e+02
2.550000000000000000e+02 8.481384550443225123e+01 2.132721461737924358e+02
2.549993366700838067e+02 8.663613338961587829e+01 2.130012663571127121e+02
2.549993366700838067e+02 8.772254718687813124e+01 2.137707893626002544e+02
2.549993969728034813e+02 8.856153892540552874e+01 2.142271603449315478e+02
2.549996984864017406e+02 8.947729602605078014e+01 2.135769161189169552e+02
2.549993366700838067e+02 9.016510884640896961e+01 2.137812217331001534e+02
2.549992160646445143e+02 9.075022613519870163e+01 2.140786950491467167e+02
2.549994572755231275e+02 9.206934812760054854e+01 2.143016945064222512e+02
2.549998190918410330e+02 9.265543025990471904e+01 2.141479225713079586e+02
2.549997587891213868e+02 8.993499366821443175e+01 2.135889163601278540e+02
2.549995778809624198e+02 7.017125972381354870e+01 2.073394440089248008e+02
2.549993969728034813e+02 4.105632274015557925e+01 1.941940541518422378e+02
2.550000000000000000e+02 2.604022191400832043e+01 1.884662003256346736e+02
2.549996381836820944e+02 3.395965748055237299e+01 1.907454622203461270e+02
2.550000000000000000e+02 3.757625278900078314e+01 1.929072544171742152e+02
2.549999396972803538e+02 3.907067478743291389e+01 1.948424289935475997e+02
2.549998793945607076e+02 4.011258517759151232e+01 1.945222818549116539e+02
2.549996984864017406e+02 4.213905807151902394e+01 1.960928661882650772e+02
2.549997587891213868e+02 4.275583428812639397e+01 1.964610745944642076e+02
2.549996381836820944e+02 4.185129349333654858e+01 1.959141289272146196e+02
2.549998793945607076e+02 4.103545799915575998e+01 1.962690707350901391e+02
2.549992160646445143e+02 4.273840680214677690e+01 1.967579448833142237e+02
2.549993969728034813e+02 4.649291443044081262e+01 1.969650244226014593e+02
2.549989145510462549e+02 5.001863354037266873e+01 1.992245673279865059e+02
2.549998793945607076e+02 5.334071036603750571e+01 2.013767110896701524e+02
2.549996381836820944e+02 5.735470059699692769e+01 2.024239884218778229e+02
2.549996984864017406e+02 6.157685581619730897e+01 2.037873123077850721e+02
2.549998793945607076e+02 6.447976843755652965e+01 2.042533317252608072e+02
2.550000000000000000e+02 6.601591991798829895e+01 2.057288789724416631e+02
2.549997587891213868e+02 6.797509497678345269e+01 2.056012181149369837e+02
2.549996984864017406e+02 6.967466682747391360e+01 2.071491286257010245e+02
2.549994572755231275e+02 7.225218597358740169e+01 2.077388289211843357e+02
2.549998793945607076e+02 7.501953808116745392e+01 2.091944762708798180e+02
2.549988542483266087e+02 7.817132002653319489e+01 2.097286980642826961e+02
2.549997587891213868e+02 8.058300669360188806e+01 2.101118012422360266e+02
2.549998793945607076e+02 8.278664897786890720e+01 2.112416933003678423e+02
2.549998793945607076e+02 8.477066875716094785e+01 2.122383766507869609e+02
2.549996381836820944e+02 8.617940059096665095e+01 2.120944340589760486e+02
2.549990351564855473e+02 8.772290900319605100e+01 2.129103298558765118e+02
2.550000000000000000e+02 8.917150093469214767e+01 2.126219622504974893e+02
2.550000000000000000e+02 8.752825182415726601e+01 2.118335644937586721e+02
2.549992763673641605e+02 7.030519206416209954e+01 2.056409576071880849e+02
2.550000000000000000e+02 3.895561719833564496e+01 1.937406983054935665e+02
2.550000000000000000e+02 2.790092263161068686e+01 1.867245974793463290e+02
2.549984924320086748e+02 2.892070192365675751e+01 1.865773382379545353e+02
2.549998793945607076e+02 3.203081468974250612e+01 1.894464210335886207e+02
2.549984321292890286e+02 3.357287583670023423e+01 1.897669902912621467e+02
2.549994572755231275e+02 3.338641982753421900e+01 1.906621841645058169e+02
2.549998190918410330e+02 3.676313091720436432e+01 1.916706265452571927e+02
2.550000000000000000e+02 3.892245070252668171e+01 1.927106072483869070e+02
2.549998793945607076e+02 3.860857504673460738e+01 1.923806307664475810e+02
2.549998190918410330e+02 3.801109570041609231e+01 1.923595248145691414e+02
2.549998190918410330e+02 3.895983838871133287e+01 1.928314538985708282e+02
2.549999396972803538e+02 4.156123741180726938e+01 1.940169450642223978e+02
2.549993366700838067e+02 4.568467707893626084e+01 1.961834408731833719e+02
2.550000000000000000e+02 5.002345775794488247e+01 1.974611951999035284e+02
2.550000000000000000e+02 5.397002954833263288e+01 1.998041970692878238e+02
2.550000000000000000e+02 5.758210215280708866e+01 2.009348730627751252e+02
2.550000000000000000e+02 6.103262377133208361e+01 2.020970873786407651e+02
2.549992763673641605e+02 6.347265271663751918e+01 2.028696255201109580e+02
2.549995778809624198e+02 6.548694446119519341e+01 2.032922872821564226e+02
2.550000000000000000e+02 6.706000120605439463e+01 2.045070855695591945e+02
2.550000000000000000e+02 6.935928360369052825e+01 2.051109570041608947e+02
2.549996984864017406e+02 7.157993125489959141e+01 2.062469999396972753e+02
2.549984924320086748e+02 7.516709883615750698e+01 2.071219924018573124e+02
2.549974069830549297e+02 7.760917807393113321e+01 2.085150455285533440e+02
2.550000000000000000e+02 7.989929445818006570e+01 2.089097871313996393e+02
2.549998793945607076e+02 8.207580051860338699e+01 2.095613580172465902e+02
2.550000000000000000e+02 8.440041005849363387e+01 2.107071699933667048e+02
2.549999396972803538e+02 8.616872700958813880e+01 2.114459386118313944e+02
2.549996984864017406e+02 8.781282035819815235e+01 2.115328951335705199e+02
2.550000000000000000e+02 8.750533679068925608e+01 2.109014653560875558e+02
2.549992160646445143e+02 7.557251402038231447e+01 2.073900379907133811e+02
2.549999396972803538e+02 4.235174576373394473e+01 1.942492311403244400e+02
2.550000000000000000e+02 2.637755532774528078e+01 1.854043297352710624e+02
2.550000000000000000e+02 2.610251462340951534e+01 1.837812217331001534e+02
2.549997587891213868e+02 2.909690647048181944e+01 1.859968642585780572e+02
2.549993969728034813e+02 3.148730627751311673e+01 1.869179279985527273e+02
2.549998793945607076e+02 3.074558282578544421e+01 1.882269794367726092e+02
2.549993366700838067e+02 3.196568775251763839e+01 1.884742808900681439e+02
2.549988542483266087e+02 3.478176445757704016e+01 1.888995959717783251e+02
2.549989145510462549e+02 3.533365494783814853e+01 1.888613037447989029e+02
2.549999396972803538e+02 3.482289091238014578e+01 1.899223300970873822e+02
2.549987939456069341e+02 3.520123017548091582e+01 1.897691611891696368e+02
2.549987939456069341e+02 3.741771693903395146e+01 1.915401917626485044e+02
2.549991557619248681e+02 4.088439968642585853e+01 1.913747210999216009e+02
2.549998190918410330e+02 4.489483205692576462e+01 1.940650666345052286e+02
2.550000000000000000e+02 4.920364228426701914e+01 1.961114394259181211e+02
2.549993366700838067e+02 5.303992040041006106e+01 1.975508653440270166e+02
2.549999396972803538e+02 5.651203039257070770e+01 1.987215823433636785e+02
2.549995175782427737e+02 5.848175842730507412e+01 2.001146957727793563e+02
2.549996984864017406e+02 6.131779533256949577e+01 2.004976783452933660e+02
2.549991557619248681e+02 6.339106313694747286e+01 2.017397937646987884e+02
2.549996381836820944e+02 6.607387083157451002e+01 2.030856901646264134e+02
2.549997587891213868e+02 6.818693843092323448e+01 2.036968582283060982e+02
2.550000000000000000e+02 7.063191219924019038e+01 2.047150696496412081e+02
2.549996984864017406e+02 7.357468491828981882e+01 2.055772176325152145e+02
2.550000000000000000e+02 7.616908882590604435e+01 2.058035337393716588e+02
2.550000000000000000e+02 7.755900621118011884e+01 2.075471265754085550e+02
2.549996984864017406e+02 8.052439245009949786e+01 2.079221491889284152e+02
2.549990954592052219e+02 8.254863414339986605e+01 2.100159802207079451e+02
2.550000000000000000e+02 8.473732135319302472e+01 2.103014532955436380e+02
2.550000000000000000e+02 8.505005125731170779e+01 2.105208345896400033e+02
2.549996984864017406e+02 7.478200566845565334e+01 2.069304709642404987e+02
2.549998190918410330e+02 4.192239039980702842e+01 1.937217029488029993e+02
2.549999396972803538e+02 2.629843815956099462e+01 1.849065307845383757e+02
2.549998793945607076e+02 2.723747210999216151e+01 1.832864982210697633e+02
2.549998190918410330e+02 3.029108122776337098e+01 1.872535729361394203e+02
2.550000000000000000e+02 3.259500693481275846e+01 1.879576674908038285e+02
2.550000000000000000e+02 3.258180063920882930e+01 1.882690707350901391e+02
2.550000000000000000e+02 3.464813363082674869e+01 1.897038533437857950e+02
2.550000000000000000e+02 3.667334016764156246e+01 1.903639872158234425e+02
2.549996984864017406e+02 3.644762708798166528e+01 1.920032563468612352e+02
2.550000000000000000e+02 3.549273352228185274e+01 1.904140384731351503e+02
2.550000000000000000e+02 3.604896580835795561e+01 1.902015316890791894e+02
2.550000000000000000e+02 3.773189410842429226e+01 1.914267020442621856e+02
2.549996984864017406e+02 4.215377193511427123e+01 1.929020080805644284e+02
2.549996984864017406e+02 4.653898570825544567e+01 1.946013990230959507e+02
2.549996984864017406e+02 5.155593077247783640e+01 1.965798106494602848e+02
2.549995778809624198e+02 5.574497979858891483e+01 1.975307242356630297e+02
2.550000000000000000e+02 6.010275583428812496e+01 2.000549357776035606e+02
2.549993366700838067e+02 6.315732979557378002e+01 2.005611771090876232e+02
2.549993969728034813e+02 6.545805945848157137e+01 2.020381113188204836e+02
2.549999396972803538e+02 6.736320328046794259e+01 2.026012181149369837e+02
2.549997587891213868e+02 6.899125610565036482e+01 2.037059036362539928e+02
2.550000000000000000e+02 7.229337273111016771e+01 2.049334257975034745e+02
2.549994572755231275e+02 7.534842911415304911e+01 2.057397937646987884e+02
2.549994572755231275e+02 7.778381475004522372e+01 2.077733220768256786e+02
2.549987336428872879e+02 8.091352590001808665e+01 2.082943978773442666e+02
2.549998190918410330e+02 8.367599348730627185e+01 2.087972019538081270e+02
2.550000000000000000e+02 8.579080986552493471e+01 2.088536452994030128e+02
2.549998793945607076e+02 8.685551468371222938e+01 2.096512090695290453e+02
2.549996381836820944e+02 8.314424410540915744e+01 2.082058734848941697e+02
2.549999396972803538e+02 5.629789543508412208e+01 1.989422299945727559e+02
2.550000000000000000e+02 3.102978954350841079e+01 1.862240849062292796e+02
2.549996381836820944e+02 2.537116323946209917e+01 1.830992582765482837e+02
2.549993969728034813e+02 2.839630947355725610e+01 1.844207320750165877e+02
2.550000000000000000e+02 3.144756678526201554e+01 1.861227763372127981e+02
2.550000000000000000e+02 3.137616836519326924e+01 1.870135681119218418e+02
2.549995778809624198e+02 3.226786468069710168e+01 1.866216607368992300e+02
2.549999396972803538e+02 3.543815956099619768e+01 1.892551408068503918e+02
2.549998190918410330e+02 3.768992341554604053e+01 1.903589217873726227e+02
2.550000000000000000e+02 3.830338298257251495e+01 1.908558765000301491e+02
2.550000000000000000e+02 3.926762346981848850e+01 1.923796056202134821e+02
2.549996381836820944e+02 4.235090152565880572e+01 1.922533920279804533e+02
2.550000000000000000e+02 4.551938732436833135e+01 1.942907797141650974e+02
2.549990351564855473e+02 5.106735813785201827e+01 1.956327564373153223e+02
2.550000000000000000e+02 5.650202014110836046e+01 1.986480733281071025e+02
2.549999396972803538e+02 6.084441898329614418e+01 1.999445818006392130e+02
2.550000000000000000e+02 6.578960381113188305e+01 2.018701682445878305e+02
2.550000000000000000e+02 6.934185611771090407e+01 2.033706808177048799e+02
2.549998793945607076e+02 7.271362238436952907e+01 2.047015015377193379e+02
2.549990954592052219e+02 7.585913284689139857e+01 2.057413616354097599e+02
2.549992763673641605e+02 7.874298980884037746e+01 2.067428692034010851e+02
2.549983718265693824e+02 8.059470542121449910e+01 2.079817885786648901e+02
2.550000000000000000e+02 8.229391545558704024e+01 2.085410360007236363e+02
2.550000000000000000e+02 8.359977084966531891e+01 2.089137671108967140e+02
2.549999396972803538e+02 8.387336428872941951e+01 2.094493758668515966e+02
2.550000000000000000e+02 8.563444491346560028e+01 2.091349574865826355e+02
2.549995175782427737e+02 8.748181873002472742e+01 2.097809805222215402e+02
2.550000000000000000e+02 8.934915274678887442e+01 2.106409576071880849e+02
2.549998793945607076e+02 9.126683953446300279e+01 2.103978773442682382e+02
2.549989748537659011e+02 9.154622203461376273e+01 2.107885183621781380e+02
2.549995778809624198e+02 8.244292347584875813e+01 2.085742024965325925e+02
2.549983115238497362e+02 5.535066031478019966e+01 1.963083881083036886e+02
2.550000000000000000e+02 3.803401073388409515e+01 1.883417958149912579e+02
2.549974672857745759e+02 2.968540071157209326e+01 1.850769462702767783e+02
2.549995778809624198e+02 4.048947717542061042e+01 1.895135982632816649e+02
2.550000000000000000e+02 4.504962913827413473e+01 1.922817946089368490e+02
2.550000000000000000e+02 4.627510100705541873e+01 1.937695230054875424e+02
2.549995175782427737e+02 4.878894048121570393e+01 1.964172948199963855e+02
2.550000000000000000e+02 5.217337031900138555e+01 1.975100404028221703e+02
2.549998190918410330e+02 5.246523548212024224e+01 1.983121268769221501e+02
2.549997587891213868e+02 5.266158113730929102e+01 1.985682325272869946e+02
2.549996381836820944e+02 5.340969667732014869e+01 1.987950310559006084e+02
2.549992763673641605e+02 5.450051257311704944e+01 1.990861122836639936e+02
2.549999396972803538e+02 5.653042272206476326e+01 1.996413797262256651e+02
2.549996984864017406e+02 6.036211783151420462e+01 2.002078634746426928e+02
2.549992763673641605e+02 6.394886329373454714e+01 2.019180486039920481e+02
2.549998190918410330e+02 6.774407525779412254e+01 2.039290840016884658e+02
2.550000000000000000e+02 7.209889646023034970e+01 2.061418922993427145e+02
2.549995175782427737e+02 7.617692817946088724e+01 2.084099378881987548e+02
2.549996984864017406e+02 7.982041850087439627e+01 2.098798769824519184e+02
2.550000000000000000e+02 8.326979436772597865e+01 2.102804076463848446e+02
2.549991557619248681e+02 8.595205933787613617e+01 2.117831514201290588e+02
2.549995175782427737e+02 8.865048543689320582e+01 2.125871072785382694e+02
2.549999396972803538e+02 9.068684797684375098e+01 2.142293915455587126e+02
2.549995175782427737e+02 9.257908701682445951e+01 2.139345715491768658e+02
2.549973466803352835e+02 9.333039860097690621e+01 2.145934993668214474e+02
2.549999396972803538e+02 9.436814810347947002e+01 2.144080082011698778e+02
2.550000000000000000e+02 9.605228245793885833e+01 2.147528794548634039e+02
2.550000000000000000e+02 9.655098594946632318e+01 2.152641862147982863e+02
2.549998793945607076e+02 9.032768497859252932e+01 2.127323765301815115e+02
2.549997587891213868e+02 6.172290900319604390e+01 2.029557378037749515e+02
2.549999396972803538e+02 3.332334318277754193e+01 1.907288789724416631e+02
2.549986130374479956e+02 2.938370620514985276e+01 1.887323162274618653e+02
2.549994572755231275e+02 3.958535849966833808e+01 1.921118615449556728e+02
2.550000000000000000e+02 4.454260387143460065e+01 1.947171802448290521e+02
2.550000000000000000e+02 4.526255804136766869e+01 1.952235421817524070e+02
2.550000000000000000e+02 4.703630223723089898e+01 1.955639510341916321e+02
2.550000000000000000e+02 4.953512633419767042e+01 1.967768799372851731e+02
2.549998793945607076e+02 4.869106916721943890e+01 1.962187179641801720e+02
2.550000000000000000e+02 4.641102333715250694e+01 1.966569378278960301e+02
2.549998793945607076e+02 4.600458300669360057e+01 1.969491045046131603e+02
2.549998190918410330e+02 4.917536030874992292e+01 1.975270457697642144e+02
2.549999396972803538e+02 5.247934631851896370e+01 1.991871193390821873e+02
2.549982512211300616e+02 5.701362841464150222e+01 2.005716094795875222e+02
2.549998793945607076e+02 6.184906229270939804e+01 2.023063378158354908e+02
2.549996984864017406e+02 6.620153168907917518e+01 2.035368751130675946e+02
2.549990954592052219e+02 7.001097509497678573e+01 2.052951818126997523e+02
2.549996984864017406e+02 7.371796418018452357e+01 2.069732255924742219e+02
2.550000000000000000e+02 7.729457878550321936e+01 2.078906108665500767e+02
2.549996381836820944e+02 7.997696436109268348e+01 2.093896761743954755e+02
2.549999396972803538e+02 8.290315383223783385e+01 2.107118133027799445e+02
2.549996381836820944e+02 8.594946632093108008e+01 2.109837785684134417e+02
2.549999396972803538e+02 8.863721883856962336e+01 2.123803292528492932e+02
2.549995175782427737e+02 9.104414159078574187e+01 2.127539046010975028e+02
2.549998793945607076e+02 9.227745281312186876e+01 2.137525176385454984e+02
2.549994572755231275e+02 9.119115962129892239e+01 2.124429837785684185e+02
2.550000000000000000e+02 7.283199662304770072e+01 2.060841825966351166e+02
2.549994572755231275e+02 4.250340710366037200e+01 1.931979135259000202e+02
2.549998190918410330e+02 3.215540010854489594e+01 1.883238859072544074e+02
2.549999396972803538e+02 3.366061629379485254e+01 1.885691370680817727e+02
2.549992160646445143e+02 3.782777543267201281e+01 1.909960803232225715e+02
2.550000000000000000e+02 3.863275643731532227e+01 1.919922812518844637e+02
2.549989748537659011e+02 3.927401555810167366e+01 1.923644093348609942e+02
2.549982512211300616e+02 4.355954893565699848e+01 1.946791292287282147e+02
2.549983115238497362e+02 4.668111921847675205e+01 1.959632756437315209e+02
2.549993366700838067e+02 4.717204365916902731e+01 1.955254175963335967e+02
2.549998793945607076e+02 4.589700295483326187e+01 1.959962612313815384e+02
2.549998190918410330e+02 4.774980401616112857e+01 1.965491165651570782e+02
2.550000000000000000e+02 5.089989748537659153e+01 1.978933847916541140e+02
2.549993969728034813e+02 5.609907736838931669e+01 2.008905505638304305e+02
2.549995175782427737e+02 6.198287402761864229e+01 2.029044804920702063e+02
2.550000000000000000e+02 6.673291925465838403e+01 2.053167098836157436e+02
2.549996381836820944e+02 7.078574443707411490e+01 2.064240487245974691e+02
2.549984924320086748e+02 7.424706024241693569e+01 2.085634083097147595e+02
2.549999396972803538e+02 7.816510884640896961e+01 2.099685219803413077e+02
2.550000000000000000e+02 8.202641259120785833e+01 2.113152626183440930e+02
2.549995175782427737e+02 8.442236024844720532e+01 2.116486160525839750e+02
2.550000000000000000e+02 8.717523970331062344e+01 2.125767352107580166e+02
2.549998793945607076e+02 8.868998371826569382e+01 2.140774286920340046e+02
2.549998190918410330e+02 9.080094072242658854e+01 2.139447627087981800e+02
2.549999396972803538e+02 9.260471567267683213e+01 2.148862690707350964e+02
2.550000000000000000e+02 9.337894229029728876e+01 2.148777663872640744e+02
2.549998190918410330e+02 8.607797141651089134e+01 2.124578785503226186e+02
2.550000000000000000e+02 5.485135379605620187e+01 2.005798709521799310e+02
2.549997587891213868e+02 3.519948139661098452e+01 1.927071699933667048e+02
2.549996984864017406e+02 3.295356690586745430e+01 1.903626605559910843e+02
2.549998190918410330e+02 3.664439486220828712e+01 1.921669782307182004e+02
2.549997587891213868e+02 3.902303563890731652e+01 1.945544232044865112e+02
2.550000000000000000e+02 3.922710004221190161e+01 1.946349876379424586e+02
2.549983718265693824e+02 4.188548513537960361e+01 1.953382379545317633e+02
2.549997587891213868e+02 4.566519930048845310e+01 1.981471989386721475e+02
2.550000000000000000e+02 4.771929084001688182e+01 1.992847494421998533e+02
2.549986733401676418e+02 4.837236929385515083e+01 1.994137972622565371e+02
2.549997587891213868e+02 4.922312006271482687e+01 1.994507628294036010e+02
2.549998190918410330e+02 5.097220044624012303e+01 2.007624072845685248e+02
2.549990954592052219e+02 5.527811614303804788e+01 2.022081649882409806e+02
2.549996381836820944e+02 6.060670566242537660e+01 2.039346318518965120e+02
2.549997587891213868e+02 6.509545920521016171e+01 2.063699571850690404e+02
2.549998793945607076e+02 6.972465778206597520e+01 2.081396610987155498e+02
2.549993969728034813e+02 7.430302116625459519e+01 2.095160706747874428e+02
2.549995175782427737e+02 7.789959597177832507e+01 2.110775492974733254e+02
2.549998793945607076e+02 8.159627329192547052e+01 2.124631851896520516e+02
2.549997587891213868e+02 8.438099258276548653e+01 2.134252547789905350e+02
2.549992160646445143e+02 8.632267985286136991e+01 2.140599409033347342e+02
2.550000000000000000e+02 8.886064041488270959e+01 2.149065307845383757e+02
2.549999396972803538e+02 9.036235904239281069e+01 2.152314418380268819e+02
2.549999396972803538e+02 9.134746427063861063e+01 2.156724959295664235e+02
2.549999396972803538e+02 9.289881203642283936e+01 2.156114092745582695e+02
2.549993969728034813e+02 9.372333112223361695e+01 2.166460230356389047e+02
2.550000000000000000e+02 9.500211059518784396e+01 2.164485919314961109e+02
2.549995778809624198e+02 9.556364952059337270e+01 2.164946632093107439e+02
2.550000000000000000e+02 8.690496291382741845e+01 2.143007296629077985e+02
2.550000000000000000e+02 5.390411867575227944e+01 2.017779653862389182e+02
2.549985527347283494e+02 2.812747994934571594e+01 1.901805463426400422e+02
2.549996381836820944e+02 2.536187662063559145e+01 1.884152445275281877e+02
2.549999396972803538e+02 3.451016100826146982e+01 1.929462099740698307e+02
2.549995778809624198e+02 3.708514744014954800e+01 1.946975818609419377e+02
2.550000000000000000e+02 3.634396671289875513e+01 1.949060483627811493e+02
2.549992160646445143e+02 3.773611529879997306e+01 1.957856841343544545e+02
2.549995175782427737e+02 4.300150756799131813e+01 1.974350841222939152e+02
2.549991557619248681e+02 4.415135982632816791e+01 1.982279442802870335e+02
2.549993366700838067e+02 4.419731049870349437e+01 1.996101429174455859e+02
2.550000000000000000e+02 4.532123258758969797e+01 1.989310136887173712e+02
2.549986733401676418e+02 4.732943375746246062e+01 2.003103177953325655e+02
2.549993969728034813e+02 4.990622927094011629e+01 2.018390520412470721e+02
2.549989145510462549e+02 5.545588856057408123e+01 2.041689079177470774e+02
2.549998190918410330e+02 6.098836157510703515e+01 2.050176083941385627e+02
2.550000000000000000e+02 6.510118796357716064e+01 2.081967074715069543e+02
2.549998190918410330e+02 6.993143580775492296e+01 2.102052704576976510e+02
2.549983718265693824e+02 7.410305734788639143e+01 2.108965205330760284e+02
2.549997587891213868e+02 7.799716577217633073e+01 2.133000663329916051e+02
2.549998793945607076e+02 8.141554604112646132e+01 2.138928420671772415e+02
2.550000000000000000e+02 8.372236627871916426e+01 2.144915274678888011e+02
2.549993969728034813e+02 8.609793161671591122e+01 2.157251402038232015e+02
2.549998190918410330e+02 8.781450883434843036e+01 2.156734607730808762e+02
2.549998793945607076e+02 8.855948863293734519e+01 2.164339383706205240e+02
2.549995175782427737e+02 9.033202677440752382e+01 2.167743472230597490e+02
2.550000000000000000e+02 9.141023940179701412e+01 2.161312790206838201e+02
2.549998793945607076e+02 9.290858107700657342e+01 2.164836278116142978e+02
2.549993366700838067e+02 9.434034854971959305e+01 2.170826750286437914e+02
2.549995778809624198e+02 9.407483567508894851e+01 2.168172224567327930e+02
2.549996381836820944e+02 7.923373334137369284e+01 2.128802387987698239e+02
2.549998793945607076e+02 4.709190134475064582e+01 2.000535488150515562e+02
2.549998190918410330e+02 2.763281674003497557e+01 1.917397334619791422e+02
2.549997587891213868e+02 2.870632575529156227e+01 1.910028342278236835e+02
2.549993969728034813e+02 3.969137068081770536e+01 1.972568292830006556e+02
2.549999396972803538e+02 4.217337031900138555e+01 1.985704034251944847e+02
2.549998793945607076e+02 4.260839413857564750e+01 2.004788035940420912e+02
2.549987939456069341e+02 4.634505216185250021e+01 2.008384490140505250e+02
2.549995175782427737e+02 4.990116384248929648e+01 2.019594162696737669e+02
2.549990954592052219e+02 5.071199421093891146e+01 2.032093710426340181e+02
2.549988542483266087e+02 5.081740336489176002e+01 2.025995296387867199e+02
2.549998793945607076e+02 5.251595006934812915e+01 2.040384731351383891e+02
2.549997587891213868e+02 5.641717421455707893e+01 2.051683048905505586e+02
2.549997587891213868e+02 6.121087861062533619e+01 2.068861484652957756e+02
2.549995175782427737e+02 6.613646505457396074e+01 2.088638364590242986e+02
2.549992763673641605e+02 7.176234698184887861e+01 2.105122716034493067e+02
2.549997587891213868e+02 7.612295724537176511e+01 2.121032382560453584e+02
2.550000000000000000e+02 7.910902731713200353e+01 2.137196526563348016e+02
2.549989145510462549e+02 8.252415123922088469e+01 2.147062654525718983e+02
2.549998190918410330e+02 8.528499065307845228e+01 2.150513176144244198e+02
2.549997587891213868e+02 8.712356027256829805e+01 2.160853886510281541e+02
2.549999396972803538e+02 8.830525236688174573e+01 2.167865886751492610e+02
2.549989748537659011e+02 8.936121329071940522e+01 2.172012301754809016e+02
2.549997587891213868e+02 9.082554423204486227e+01 2.169322197431104087e+02
2.549981909184104154e+02 9.182427787493216442e+01 2.170905143821986485e+02
2.550000000000000000e+02 9.328649822106976330e+01 2.180402822167279737e+02
2.549999396972803538e+02 9.495977808599167247e+01 2.179562202255321779e+02
2.550000000000000000e+02 9.610492673219562221e+01 2.180754990050051276e+02
2.550000000000000000e+02 8.830235783633841606e+01 2.158520171259723952e+02
2.549998190918410330e+02 5.697925586443948731e+01 2.051172887897244266e+02
2.549993969728034813e+02 3.124410540915395273e+01 1.933253331725260864e+02
2.549996984864017406e+02 2.756618223481878971e+01 1.913372731110173106e+02
2.549999396972803538e+02 3.709883615751070352e+01 1.947504070433576544e+02
2.549998190918410330e+02 3.869571247663269276e+01 1.971610685641922487e+02
2.549996381836820944e+02 3.837098233130313929e+01 1.964863414339986605e+02
