2.549321924443009380e+02 6.755682918953826288e+01 2.262833387148853603e+02
2.549236357765579726e+02 6.177639651275428179e+01 2.255348724572166645e+02
2.549501130125928228e+02 1.366055860510171271e+02 2.376536971262512168e+02
2.549694865999354079e+02 1.373966742008395272e+02 2.377931869551178465e+02
2.549609299321924425e+02 1.380545689376816370e+02 2.377691314175008017e+02
2.549811107523409817e+02 1.386779141104294411e+02 2.377820471423958679e+02
2.549801420729738481e+02 1.397311914756215572e+02 2.382124636745237467e+02
2.549727155311591957e+02 1.402654181465934755e+02 2.381700032289312219e+02
2.549709396189861081e+02 1.414843396835647411e+02 2.384152405553761582e+02
2.549704552793025414e+02 1.423204714239586792e+02 2.383078785921860003e+02
2.549681950274459155e+02 1.436938973199870873e+02 2.382923797223119209e+02
2.549773974814336555e+02 1.448130448821439984e+02 2.384788505004843273e+02
2.549717468517920622e+02 1.450694220213109418e+02 2.389664191152728563e+02
2.549856312560542335e+02 1.452213432353890994e+02 2.391512754278333830e+02
2.549772360348724476e+02 1.434024862770422999e+02 2.386349693251533779e+02
2.549806264126574149e+02 1.390929932192444198e+02 2.379589925734581755e+02
2.549740071036486881e+02 1.361514368743945624e+02 2.373706813044882153e+02
2.549822408782692946e+02 1.358926380368098137e+02 2.369297707458831042e+02
2.549660962221504690e+02 1.361202776880852525e+02 2.372852760736196274e+02
2.549733613174039419e+02 1.369092670326122061e+02 2.373600258314498035e+02
2.549872457216661417e+02 1.384472069744914506e+02 2.370448821440103302e+02
2.549730384242815546e+02 1.397068130448821535e+02 2.374564094284791622e+02
2.549811107523409817e+02 1.406046173716499936e+02 2.375188892476590183e+02
2.549920891185017808e+02 1.407426541814659231e+02 2.377529867613819761e+02
2.549811107523409817e+02 1.413614788505004753e+02 2.381790442363577540e+02
2.549790119470455352e+02 1.423172424927348914e+02 2.383406522441071900e+02
2.549848240232483079e+02 1.423385534388117435e+02 2.381813044882144084e+02
2.549912818856958268e+02 1.437474975783015907e+02 2.382713916693574561e+02
2.549731998708427625e+02 1.439417177914110368e+02 2.384833710041976076e+02
2.549801420729738481e+02 1.450652244107200488e+02 2.386396512754278376e+02
2.549769131417500887e+02 1.452313529221827650e+02 2.391545043590571424e+02
2.549812721989021611e+02 1.465217952857604189e+02 2.388773006134969421e+02
2.549762673555053141e+02 1.470842751049402750e+02 2.391570875040361557e+02
2.549720697449144211e+02 1.474318695511785506e+02 2.396172102034226725e+02
2.549702938327413619e+02 1.481574103971585430e+02 2.394714239586696749e+02
2.549796577332902814e+02 1.461554730384242760e+02 2.394213755247013182e+02
2.549907975460122600e+02 1.415607039070067685e+02 2.385012915724894924e+02
2.549896674200839470e+02 1.398923151436874264e+02 2.382489505973522625e+02
2.549833710041976076e+02 1.391850177591217346e+02 2.381864707781724348e+02
2.549772360348724476e+02 1.392140781401356264e+02 2.379681950274459155e+02
2.549752986761382090e+02 1.384937035841136606e+02 2.380862124636745136e+02
2.549806264126574149e+02 1.388669680335808891e+02 2.380062964158863394e+02
2.549856312560542335e+02 1.414895059735227676e+02 2.387069744914433329e+02
2.549841782370035617e+02 1.419639974168550225e+02 2.383684210526315894e+02
2.549895059735227676e+02 1.419878915079108879e+02 2.387823700355182552e+02
2.549886987407168135e+02 1.421472392638036695e+02 2.388125605424604316e+02
2.549924120116241397e+02 1.422707458831126814e+02 2.388366160800775049e+02
2.549896674200839470e+02 1.434120116241523988e+02 2.387768808524378414e+02
2.549685179205683028e+02 1.442239263803680842e+02 2.382273167581530515e+02
2.549899903132063343e+02 1.447914110429447874e+02 2.387237649338069048e+02
2.549727155311591957e+02 1.460339037778495310e+02 2.385343881175330978e+02
2.549743299967710755e+02 1.463934452696157678e+02 2.397095576364223461e+02
2.549832095576364281e+02 1.480174362286083181e+02 2.389628672909267095e+02
2.549853083629318746e+02 1.475668388763319285e+02 2.395703907006780753e+02
2.549849854698094873e+02 1.486538585728123962e+02 2.389953180497255403e+02
2.549841782370035617e+02 1.489557636422344160e+02 2.390353567969002313e+02
2.549764288020665219e+02 1.494801420729738481e+02 2.389021633839199126e+02
2.549609299321924425e+02 1.458406522441071900e+02 2.382403939296092972e+02
2.549793348401678941e+02 1.415473038424281640e+02 2.376530513400064706e+02
2.549854698094930541e+02 1.394473684210526301e+02 2.373994187923797199e+02
2.549625443978043222e+02 1.399775589279948349e+02 2.366362608976428703e+02
2.549761059089441346e+02 1.388693897319986945e+02 2.367592831772683155e+02
2.549786890539231479e+02 1.392854375201808068e+02 2.369171779141104253e+02
2.549727155311591957e+02 1.394273490474652988e+02 2.364836938973199949e+02
2.549798191798514608e+02 1.386078463028737531e+02 2.362836616080077476e+02
2.549835324507587870e+02 1.389996771068776127e+02 2.364843396835647411e+02
2.549651275427833355e+02 1.394699709396189746e+02 2.362949628672909341e+02
2.549577010009686830e+02 1.403458185340652165e+02 2.365639328382305564e+02
2.549696480464966157e+02 1.409759444623829552e+02 2.369790119470455352e+02
2.549841782370035617e+02 1.416018727801097725e+02 2.372734904746529025e+02
2.549819179851469073e+02 1.441031643525992934e+02 2.377751049402647823e+02
2.549833710041976076e+02 1.460369712625121110e+02 2.381598320955763768e+02
2.549933806909912732e+02 1.481336777526638571e+02 2.382629964481756417e+02
2.549874071682273211e+02 1.493855343881175202e+02 2.384418792379722447e+02
2.549870842751049338e+02 1.493994187923797199e+02 2.389402647723603366e+02
2.549851469163706952e+02 1.507423312883435642e+02 2.390410074265418245e+02
2.549872457216661417e+02 1.514425250242169909e+02 2.393259606070390646e+02
2.549891830804003803e+02 1.529197610590894385e+02 2.392507265095253501e+02
2.549880529544720673e+02 1.523626089764287883e+02 2.393837584759444610e+02
2.549749757830158217e+02 1.516183403293509855e+02 2.391648369389731954e+02
2.549814336454633406e+02 1.470461737164998510e+02 2.378802066515983142e+02
2.549832095576364281e+02 1.434790119470455352e+02 2.372174685179205653e+02
2.549937035841136606e+02 1.434359057152082642e+02 2.366512754278333830e+02
2.549836938973199949e+02 1.428393606716176976e+02 2.373170810461737119e+02
2.549898288666451265e+02 1.421712948014207427e+02 2.375904100742654066e+02
2.549835324507587870e+02 1.430494026477236105e+02 2.376199547949628652e+02
2.549880529544720673e+02 1.452140781401356264e+02 2.382776880852437955e+02
2.549824023248304741e+02 1.466301259283177387e+02 2.380791088149822485e+02
2.549838553438811743e+02 1.467967387794639933e+02 2.384657733290280817e+02
2.549757830158217757e+02 1.472129480142072850e+02 2.386824346141427213e+02
2.549812721989021611e+02 1.473521149499515559e+02 2.386139812721989131e+02
2.549762673555053141e+02 1.486152728446884055e+02 2.383390377784953102e+02
2.549841782370035617e+02 1.497097190829835256e+02 2.384497901194704639e+02
2.549874071682273211e+02 1.498182111721020249e+02 2.389730384242815546e+02
2.549809493057797738e+02 1.510305134000645921e+02 2.390363254762673648e+02
2.549819179851469073e+02 1.524026477236034793e+02 2.384384888601872774e+02
2.549809493057797738e+02 1.527804326767839882e+02 2.384536648369389695e+02
2.549862770422990081e+02 1.527458831126897110e+02 2.384946722634807941e+02
2.549901517597675138e+02 1.531235066193090120e+02 2.387537939941879301e+02
2.549907975460122600e+02 1.537725217952857690e+02 2.392644494672263420e+02
2.549937035841136606e+02 1.537655795931546550e+02 2.399013561511139869e+02
2.549906360994510806e+02 1.542227962544397712e+02 2.397826929286406141e+02
2.549830481110752203e+02 1.520600581207620223e+02 2.390368098159509316e+02
2.549935421375524811e+02 1.483167581530513530e+02 2.384092670326122061e+02
2.549878915079108879e+02 1.460414917662253913e+02 2.378511462705844224e+02
2.549696480464966157e+02 1.450781401356151150e+02 2.379336454633516382e+02
2.549639974168550225e+02 1.448463028737487832e+02 2.376031643525992934e+02
2.549731998708427625e+02 1.455749112043913556e+02 2.371115595737810793e+02
2.549699709396189746e+02 1.444446238295124374e+02 2.373716499838553489e+02
2.549861155957378003e+02 1.452949628672909341e+02 2.379618986115595760e+02
2.549849854698094873e+02 1.477442686470778312e+02 2.381459476913141771e+02
2.549906360994510806e+02 1.477221504681950250e+02 2.382607361963190158e+02
2.549827252179528614e+02 1.475329350984823975e+02 2.380700678075556880e+02
2.549891830804003803e+02 1.480687762350661956e+02 2.380600581207620223e+02
2.549725540845979879e+02 1.488167581530513530e+02 2.381461091378753565e+02
2.549864384888601876e+02 1.505035518243461468e+02 2.388144979011946987e+02
2.549903132063286932e+02 1.518316112366806578e+02 2.386905069422021199e+02
2.549888601872780214e+02 1.512996448175653939e+02 2.391472392638036695e+02
2.549782047142395811e+02 1.523057797868905254e+02 2.386845334194381678e+02
2.549843396835647411e+02 1.517102034226670924e+02 2.395878269292863934e+02
2.549691637068130490e+02 1.523926380368098137e+02 2.391801743622860954e+02
2.549836938973199949e+02 1.533679367129480227e+02 2.391725863739102351e+02
2.549953180497255403e+02 1.536557959315466633e+02 2.397780109783661544e+02
2.549840167904423538e+02 1.531806587019696622e+02 2.393004520503713195e+02
2.549964481756538532e+02 1.511714562479819222e+02 2.390860510171133342e+02
2.549979011947045535e+02 1.473459799806264243e+02 2.382460445592508904e+02
2.549798191798514608e+02 1.451485308362931903e+02 2.374660962221504690e+02
2.549660962221504690e+02 1.447135938004520597e+02 2.377458831126897110e+02
2.549769131417500887e+02 1.448884404262189207e+02 2.375718437197287756e+02
2.549893445269615881e+02 1.456816273813367673e+02 2.379673877946399614e+02
2.549796577332902814e+02 1.454562479819179828e+02 2.382185986438488783e+02
2.549777203745560143e+02 1.468806909912818810e+02 2.381724249273490557e+02
2.549849854698094873e+02 1.483919922505650675e+02 2.378735873425896159e+02
2.549912818856958268e+02 1.478484016790442297e+02 2.379722311914756290e+02
2.549899903132063343e+02 1.480860510171133342e+02 2.385100096867936657e+02
2.549880529544720673e+02 1.483217629964481716e+02 2.382352276396512707e+02
2.549906360994510806e+02 1.490177591217307054e+02 2.389381659670648901e+02
2.549840167904423538e+02 1.500519857927026237e+02 2.390884727155311680e+02
2.549798191798514608e+02 1.499793348401678941e+02 2.393797223119147475e+02
2.549793348401678941e+02 1.518432353890862032e+02 2.391938973199870873e+02
2.549812721989021611e+02 1.523521149499515559e+02 2.391540200193735757e+02
2.549830481110752203e+02 1.532326444946722575e+02 2.396567646109137968e+02
2.549914433322570346e+02 1.530732967387794758e+02 2.393061026800129127e+02
2.549845011301259206e+02 1.532058443655150199e+02 2.391808201485308416e+02
2.549840167904423538e+02 1.533513077171456302e+02 2.390518243461414158e+02
2.549851469163706952e+02 1.544247659024862855e+02 2.396598320955763768e+02
2.549906360994510806e+02 1.532967387794639933e+02 2.396327090732967520e+02
2.549773974814336555e+02 1.482592831772683155e+02 2.387491120439134704e+02
2.549901517597675138e+02 1.447694543106231890e+02 2.377131094607684929e+02
2.549864384888601876e+02 1.452108492089118386e+02 2.373887633193413080e+02
2.549798191798514608e+02 1.446060703907006655e+02 2.378380690991281767e+02
2.549924120116241397e+02 1.446851792056829140e+02 2.376499838553438906e+02
2.549736842105263293e+02 1.458818211172101940e+02 2.381210849208911782e+02
2.549604455925088757e+02 1.460707135938004626e+02 2.384883758475944546e+02
2.549919276719406014e+02 1.470343881175330978e+02 2.385529544720697572e+02
2.549903132063286932e+02 1.468245075879883643e+02 2.385064578624475189e+02
2.549773974814336555e+02 1.473555053277365232e+02 2.384589925734581755e+02
2.549824023248304741e+02 1.467822085889570474e+02 2.377531482079431839e+02
2.549856312560542335e+02 1.468052954472069871e+02 2.379028091701646872e+02
2.549856312560542335e+02 1.471714562479819222e+02 2.386072005166290069e+02
2.549859541491766208e+02 1.479961252825314943e+02 2.390142072973845586e+02
2.549896674200839470e+02 1.493417823700355314e+02 2.392665482725217885e+02
2.549822408782692946e+02 1.504168550209880664e+02 2.389783661608007890e+02
2.549772360348724476e+02 1.502602518566354490e+02 2.395243784307394321e+02
2.549794962867291019e+02 1.508411365837907567e+02 2.396175330965450314e+02
2.549815950920245484e+02 1.517219890216338456e+02 2.393711656441717821e+02
2.549493057797868971e+02 1.517654181465934755e+02 2.397560542460445561e+02
2.549827252179528614e+02 1.531021956732321598e+02 2.400721666128511345e+02
2.549827252179528614e+02 1.533432353890862032e+02 2.402793025508556752e+02
2.549857927026154414e+02 1.515458508233774637e+02 2.395598966742008429e+02
2.549830481110752203e+02 1.480466580561833894e+02 2.391105908944139458e+02
2.549933806909912732e+02 1.463001291572489606e+02 2.383464643203099911e+02
2.549859541491766208e+02 1.447221504681950250e+02 2.387352276396512707e+02
2.549872457216661417e+02 1.444893445269615881e+02 2.386474007103648773e+02
2.549828866645140408e+02 1.449945108169195862e+02 2.385227639651275524e+02
2.549853083629318746e+02 1.456627381336777489e+02 2.390285760413303251e+02
2.549867613819825749e+02 1.467342589602841372e+02 2.387245721666128588e+02
2.549824023248304741e+02 1.474413948982886780e+02 2.390335808847271437e+02
2.549840167904423538e+02 1.470122699386503200e+02 2.393306425573135243e+02
2.549575395544075036e+02 1.467757507265095285e+02 2.391959961252825337e+02
2.549744914433322549e+02 1.470665159832095696e+02 2.387657410397158628e+02
2.549783661608007890e+02 1.480350339037778440e+02 2.384334840167904304e+02
2.549691637068130490e+02 1.476961575718437132e+02 2.387542783338714969e+02
2.549743299967710755e+02 1.491649983855343748e+02 2.386769454310623075e+02
2.549848240232483079e+02 1.506927671940587743e+02 2.394315466580561917e+02
2.549925734581853476e+02 1.499254116887310317e+02 2.399896674200839470e+02
2.549872457216661417e+02 1.498117533096545060e+02 2.393133677752663857e+02
2.549943493703584068e+02 1.493753632547626751e+02 2.392633193412980290e+02
2.549885372941556341e+02 1.482323216015498986e+02 2.393387148853729514e+02
2.549877300613496800e+02 1.477368421052631504e+02 2.394641588634162019e+02
2.549949951566031530e+02 1.488237003551824387e+02 2.392500807232806039e+02
2.549798191798514608e+02 1.492843073942524939e+02 2.387746206005812155e+02
2.549607684856312630e+02 1.453850500484339818e+02 2.384536648369389695e+02
2.549762673555053141e+02 1.425810461737164871e+02 2.376026800129157266e+02
2.549780432676784017e+02 1.402300613496932442e+02 2.373616402970616832e+02
2.549801420729738481e+02 1.406477236034872362e+02 2.375196964804649724e+02
2.549891830804003803e+02 1.410779786890539356e+02 2.380989667420084004e+02
2.549856312560542335e+02 1.413040038747174663e+02 2.374865999354213670e+02
2.549875686147885006e+02 1.431091378753632455e+02 2.380755569906361018e+02
2.549893445269615881e+02 1.420812076202776950e+02 2.382704229899903225e+02
2.549820794317081152e+02 1.421123668065870334e+02 2.381373910235712117e+02
2.549677106877623487e+02 1.415309977397481305e+02 2.383395221181788770e+02
2.549903132063286932e+02 1.414599612528253090e+02 2.381892153697126275e+02
2.549788505004843273e+02 1.426320632870519773e+02 2.384891830804003803e+02
2.549888601872780214e+02 1.426892153697126275e+02 2.381716176945431016e+02
2.549848240232483079e+02 1.443387148853729514e+02 2.383905392315143672e+02
2.549853083629318746e+02 1.453509848240232429e+02 2.384288020665159706e+02
2.549824023248304741e+02 1.458458185340652165e+02 2.381766225379399486e+02
2.549838553438811743e+02 1.464092670326122061e+02 2.385124313852114994e+02
2.549762673555053141e+02 1.472386180174362380e+02 2.387466903454956366e+02
2.549914433322570346e+02 1.479660962221504690e+02 2.384791733936067146e+02
2.549815950920245484e+02 1.480947691314175074e+02 2.391740393929609354e+02
2.549867613819825749e+02 1.465673232160154953e+02 2.385334194381659643e+02
2.549746528898934343e+02 1.412617048756861493e+02 2.369638359702938430e+02
2.549786890539231479e+02 1.388209557636422460e+02 2.367599289635130901e+02
2.549838553438811743e+02 1.382885050048433868e+02 2.365305134000645921e+02
2.549880529544720673e+02 1.376630610268001362e+02 2.363915079108815007e+02
2.549891830804003803e+02 1.386275427833387255e+02 2.364094284791733855e+02
2.549822408782692946e+02 1.385290603810138919e+02 2.365815305134000539e+02
2.549893445269615881e+02 1.382742977074588282e+02 2.367763965127542747e+02
2.549803035195350276e+02 1.402381336777526712e+02 2.369095899257345934e+02
2.549875686147885006e+02 1.402668711656441758e+02 2.369765902486277014e+02
2.549778818211172222e+02 1.402457216661285031e+02 2.369202453987730053e+02
2.549835324507587870e+02 1.406680658701969548e+02 2.369184694865999461e+02
2.549938650306748400e+02 1.399425250242169909e+02 2.371243138521149376e+02
2.549917662253793935e+02 1.414071682273167596e+02 2.372323216015498986e+02
2.549878915079108879e+02 1.419998385534388206e+02 2.377313529221827650e+02
2.549798191798514608e+02 1.427864061995479403e+02 2.377925411688731003e+02
2.549845011301259206e+02 1.434431708104617371e+02 2.377153697126251188e+02
2.549880529544720673e+02 1.446172102034226725e+02 2.379690022602518695e+02
2.549848240232483079e+02 1.447691314175008017e+02 2.380151759767516921e+02
2.549924120116241397e+02 1.446341620923474238e+02 2.382512108492089169e+02
2.549796577332902814e+02 1.464604455925088757e+02 2.381809815950920211e+02
2.549819179851469073e+02 1.463433968356474111e+02 2.378797223119147475e+02
2.549874071682273211e+02 1.474100742654181602e+02 2.384359057152082642e+02
2.549875686147885006e+02 1.465763642234420274e+02 2.382873748789150739e+02
2.549901517597675138e+02 1.423745560219567210e+02 2.379833710041976076e+02
2.549638359702938430e+02 1.386701646754924013e+02 2.369094284791733855e+02
2.549851469163706952e+02 1.375255085566677451e+02 2.365050048433968470e+02
2.549875686147885006e+02 1.369126574103971450e+02 2.359341298030352050e+02
2.549683564740070949e+02 1.377187600904100861e+02 2.361063932838230528e+02
2.549757830158217757e+02 1.381872780109783605e+02 2.361987407168227264e+02
2.549785276073619684e+02 1.392229577010009791e+02 2.364895059735227676e+02
2.549731998708427625e+02 1.401743622860832943e+02 2.369087826929286393e+02
2.549841782370035617e+02 1.402755892799483490e+02 2.370813690668388745e+02
2.549788505004843273e+02 1.395531159186309367e+02 2.375724895059735218e+02
2.549885372941556341e+02 1.399142718760090531e+02 2.379413948982886780e+02
2.549749757830158217e+02 1.405586051017113220e+02 2.372618663222473288e+02
2.549625443978043222e+02 1.412763965127542747e+02 2.375828220858895747e+02
2.549719082983532417e+02 1.433582499192767159e+02 2.378350016144656252e+02
2.549767516951888808e+02 1.430713593800452088e+02 2.381327090732967520e+02
2.549899903132063343e+02 1.445090410074265321e+02 2.380576364223442170e+02
2.549914433322570346e+02 1.447738133677752614e+02 2.386362608976428703e+02
2.549680335808847360e+02 1.453140135615111319e+02 2.385372941556344983e+02
2.549864384888601876e+02 1.460188892476590183e+02 2.393061026800129127e+02
2.549886987407168135e+02 1.467432999677106977e+02 2.388600258314498035e+02
2.549715854052308828e+02 1.479121730707136066e+02 2.388233774620600514e+02
2.549838553438811743e+02 1.494058766548272388e+02 2.389121730707136066e+02
2.549833710041976076e+02 1.494841782370035617e+02 2.383314497901194784e+02
2.549741685502098676e+02 1.468490474652889759e+02 2.382710687762350688e+02
2.549728769777203752e+02 1.404559250887955955e+02 2.372791411042944674e+02
2.549740071036486881e+02 1.387491120439134704e+02 2.369728769777203752e+02
2.549762673555053141e+02 1.373153051340006527e+02 2.365905715208266145e+02
2.549914433322570346e+02 1.357521795285760504e+02 2.364257345818534191e+02
2.549814336454633406e+02 1.369990313206328665e+02 2.366640297061672698e+02
2.549869228285437543e+02 1.389833710041976076e+02 2.369599612528253090e+02
2.549785276073619684e+02 1.391832418469486470e+02 2.374878915079108879e+02
2.549822408782692946e+02 1.404738456570875087e+02 2.378800452050371348e+02
2.549806264126574149e+02 1.401280271230222922e+02 2.373934452696157678e+02
2.549773974814336555e+02 1.410301905069422048e+02 2.373672909267032480e+02
2.549480142072973763e+02 1.415150145301905127e+02 2.372681627381336682e+02
2.549940264772360479e+02 1.427825314820794347e+02 2.377194058766548324e+02
2.549815950920245484e+02 1.441197933484016858e+02 2.376561188246690222e+02
2.549919276719406014e+02 1.448680981595092021e+02 2.380923474329996736e+02
2.549869228285437543e+02 1.460413303196641834e+02 2.385921859864384942e+02
2.549904746528899011e+02 1.478931223764933804e+02 2.389045850823377464e+02
2.549867613819825749e+02 1.478103002906038057e+02 2.384723926380368084e+02
2.549848240232483079e+02 1.488025508556667660e+02 2.388569583467872235e+02
2.549812721989021611e+02 1.497424927349047437e+02 2.391478850500484441e+02
2.549854698094930541e+02 1.502554084597998099e+02 2.393188569583467995e+02
2.549851469163706952e+02 1.505269615757184454e+02 2.395653858572812283e+02
2.549912818856958268e+02 1.498932838230545599e+02 2.394215369712625261e+02
2.549853083629318746e+02 1.459084597998062520e+02 2.381882466903454940e+02
2.549811107523409817e+02 1.426674200839522086e+02 2.375243784307394321e+02
2.549819179851469073e+02 1.415944462382951201e+02 2.374838553438811743e+02
2.549861155957378003e+02 1.420854052308685880e+02 2.376683887633193422e+02
2.549770745883112681e+02 1.418892476590248748e+02 2.374817565385857279e+02
2.549803035195350276e+02 1.423932838230545599e+02 2.374943493703584068e+02
2.549706167258637493e+02 1.420703907006780753e+02 2.376136583790765258e+02
2.549927349047465270e+02 1.431428802066515971e+02 2.373035195350338995e+02
2.549862770422990081e+02 1.432276396512754388e+02 2.375918630933161069e+02
2.549870842751049338e+02 1.430636099451081691e+02 2.369954794962867197e+02
2.549895059735227676e+02 1.435011301259283130e+02 2.370360025831449775e+02
2.549824023248304741e+02 1.441055860510171271e+02 2.372000322893122473e+02
2.549765902486277014e+02 1.452081046173716459e+02 2.377608976428801952e+02
2.549646432030997687e+02 1.457071359380045124e+02 2.378587342589602827e+02
2.549846625766871284e+02 1.461879237972231067e+02 2.380524701323861905e+02
2.549888601872780214e+02 1.461427187600904176e+02 2.382332902809170037e+02
2.549845011301259206e+02 1.459607684856312630e+02 2.384225056506296312e+02
2.549798191798514608e+02 1.462883435582822074e+02 2.385022602518566259e+02
2.549602841459476963e+02 1.471696803358088346e+02 2.379208911850177515e+02
2.549677106877623487e+02 1.467116564417177926e+02 2.380786244752986818e+02
2.549754601226993884e+02 1.451399741685501965e+02 2.376808201485308416e+02
2.549560865353568033e+02 1.410762027768808480e+02 2.367231191475621586e+02
2.549759444623829552e+02 1.369838553438811743e+02 2.362092347432999588e+02
2.549752986761382090e+02 1.361669357442686419e+02 2.357912495963836079e+02
2.549764288020665219e+02 1.358343558282208505e+02 2.356265741039715920e+02
2.549801420729738481e+02 1.352323216015498986e+02 2.355950920245398663e+02
2.549877300613496800e+02 1.350804003874717409e+02 2.358309654504359116e+02
2.549672263480787819e+02 1.366028414594769060e+02 2.359723926380368084e+02
2.549856312560542335e+02 1.388521149499515559e+02 2.370649015175976615e+02
2.549878915079108879e+02 1.406411042944785379e+02 2.373411365837907567e+02
2.549827252179528614e+02 1.404602841459476963e+02 2.367822085889570474e+02
2.549670649015176025e+02 1.408119147562156854e+02 2.368225702292541257e+02
2.549924120116241397e+02 1.410544074911204291e+02 2.372878592185986406e+02
2.549841782370035617e+02 1.414731998708427625e+02 2.369811107523409817e+02
2.549641588634162019e+02 1.423161123668065784e+02 2.372807555699063471e+02
2.549641588634162019e+02 1.438873103002906078e+02 2.372292541168873186e+02
2.549791733936067146e+02 1.451123668065870334e+02 2.371922828543752075e+02
2.549872457216661417e+02 1.462399095899257304e+02 2.376992250565062932e+02
2.549827252179528614e+02 1.467397481433645510e+02 2.380902486277042271e+02
2.549759444623829552e+02 1.473319341298030452e+02 2.377634807878592085e+02
2.549660962221504690e+02 1.477846302873748812e+02 2.379497901194704639e+02
2.549851469163706952e+02 1.480815305134000539e+02 2.381951888924765797e+02
2.549782047142395811e+02 1.492681627381336682e+02 2.380913787536325401e+02
2.549811107523409817e+02 1.490248627704229989e+02 2.383466257668711705e+02
2.549880529544720673e+02 1.453866645140458616e+02 2.374675492412011693e+02
2.549904746528899011e+02 1.402210203422667121e+02 2.364895059735227676e+02
2.549765902486277014e+02 1.366102680012915584e+02 2.361682273167581627e+02
2.549833710041976076e+02 1.360815305134000539e+02 2.361415886341621047e+02
2.549838553438811743e+02 1.347321601549886907e+02 2.353065870196964795e+02
2.549743299967710755e+02 1.321105908944139458e+02 2.347319987084275112e+02
2.549759444623829552e+02 1.314401033257991571e+02 2.343458185340652165e+02
2.549801420729738481e+02 1.328926380368098137e+02 2.355965450435905666e+02
2.549791733936067146e+02 1.360744268647077888e+02 2.361115595737810793e+02
2.549782047142395811e+02 1.386044559250887858e+02 2.360293832741362507e+02
2.549907975460122600e+02 1.396982563771391597e+02 2.367087504036163921e+02
2.549812721989021611e+02 1.403135292218275652e+02 2.369491443332256893e+02
2.549799806264126687e+02 1.407978689053923063e+02 2.372428156280271310e+02
2.549898288666451265e+02 1.414731998708427625e+02 2.374815950920245484e+02
2.549838553438811743e+02 1.442305456893768110e+02 2.376625766871165695e+02
2.549853083629318746e+02 1.462179528576041321e+02 2.382539554407491096e+02
2.549869228285437543e+02 1.480527930255085494e+02 2.388703584113658280e+02
2.549912818856958268e+02 1.490523086858249826e+02 2.392471746851792034e+02
2.549872457216661417e+02 1.509652889893445149e+02 2.394767516951888808e+02
2.549832095576364281e+02 1.523835970293832816e+02 2.391349693251533779e+02
2.549827252179528614e+02 1.526128511462705717e+02 2.394720697449144211e+02
2.549869228285437543e+02 1.530316435259929051e+02 2.397224733613174124e+02
2.549822408782692946e+02 1.536772683241846948e+02 2.395259928963513119e+02
2.549677106877623487e+02 1.535697449144333291e+02 2.391987407168227264e+02
2.549886987407168135e+02 1.516249596383597122e+02 2.392891507910881614e+02
2.549899903132063343e+02 1.465902486277042271e+02 2.387103648692282718e+02
2.549780432676784017e+02 1.431864707781724348e+02 2.381703261220536092e+02
2.549730384242815546e+02 1.426566031643525889e+02 2.382060058120761994e+02
2.549628672909267095e+02 1.425358411365837981e+02 2.380276073619631916e+02
2.549660962221504690e+02 1.412873748789150739e+02 2.378317726832418373e+02
2.549940264772360479e+02 1.403195027445915457e+02 2.367030997739748273e+02
2.549825637713916819e+02 1.393653535679690094e+02 2.370137229577009919e+02
2.549627058443655017e+02 1.400781401356151150e+02 2.372839845011301350e+02
2.549740071036486881e+02 1.386239909589925787e+02 2.371346464320309906e+02
2.549614142718760093e+02 1.416172102034226725e+02 2.366582176299644686e+02
2.549481756538585842e+02 1.401000968679367134e+02 2.367621892153697161e+02
2.549780432676784017e+02 1.407686470778172350e+02 2.372621892153697161e+02
2.549841782370035617e+02 1.415988052954472209e+02 2.377211817888278915e+02
2.549796577332902814e+02 1.432851146270584479e+02 2.379586696803358166e+02
2.549815950920245484e+02 1.435348724572166645e+02 2.381288343558282179e+02
2.549854698094930541e+02 1.443727801097836618e+02 2.376299644817565309e+02
2.549822408782692946e+02 1.429528576041330439e+02 2.376467549241201027e+02
2.549778818211172222e+02 1.429772360348724476e+02 2.375963835970293871e+02
2.549790119470455352e+02 1.439557636422344160e+02 2.377579916047788231e+02
2.549812721989021611e+02 1.439278333871488655e+02 2.380752340975137145e+02
2.549899903132063343e+02 1.450783015821762945e+02 2.381102680012915584e+02
2.549886987407168135e+02 1.452521795285760504e+02 2.380876654827252139e+02
2.549867613819825749e+02 1.459604455925088757e+02 2.379849854698094873e+02
2.549911204391346473e+02 1.408800452050371348e+02 2.371585405230868560e+02
2.549796577332902814e+02 1.355720051662899550e+02 2.357378107846302839e+02
2.549769131417500887e+02 1.324292864061995374e+02 2.353400064578624438e+02
2.549680335808847360e+02 1.319202453987730053e+02 2.357539554407491096e+02
2.549788505004843273e+02 1.327923797223119209e+02 2.359312237649338044e+02
2.549840167904423538e+02 1.335808847271553077e+02 2.355322893122376513e+02
2.549861155957378003e+02 1.342428156280271310e+02 2.357402324830481177e+02
2.549880529544720673e+02 1.351204391346464320e+02 2.356929286406199537e+02
2.549859541491766208e+02 1.357113335485954053e+02 2.359451081691960042e+02
2.549856312560542335e+02 1.353135292218275652e+02 2.356243138521149376e+02
2.549633516306102763e+02 1.358270907329673776e+02 2.357119793348401799e+02
2.549560865353568033e+02 1.362917339360671747e+02 2.358865030674846537e+02
2.549659347755892895e+02 1.367208588957055326e+02 2.362050371327090659e+02
2.549730384242815546e+02 1.381858249919276602e+02 2.368745560219567210e+02
2.549830481110752203e+02 1.382407168227316845e+02 2.368632547626735629e+02
2.549875686147885006e+02 1.398645463351630553e+02 2.369499515660316433e+02
2.549651275427833355e+02 1.399326767839845047e+02 2.362342589602841372e+02
2.549722311914756290e+02 1.406774297707458743e+02 2.363989344526961531e+02
2.549867613819825749e+02 1.407699386503067558e+02 2.372458831126897110e+02
2.549780432676784017e+02 1.418228931223764846e+02 2.370983209557636542e+02
2.549748143364546422e+02 1.410963835970293871e+02 2.366877623506619273e+02
2.549683564740070949e+02 1.372746206005812155e+02 2.360854052308685880e+02
2.549720697449144211e+02 1.335650629641588694e+02 2.359244430093638982e+02
2.549756215692605679e+02 1.326385211494995247e+02 2.342124636745237467e+02
2.549794962867291019e+02 1.315077494349370397e+02 2.353561511139812694e+02
2.549845011301259206e+02 1.323362931869551176e+02 2.354221827575072723e+02
2.549801420729738481e+02 1.332479819179851575e+02 2.354786890539231479e+02
2.549757830158217757e+02 1.346194704552792984e+02 2.356159186309331517e+02
2.549614142718760093e+02 1.354631901840490684e+02 2.353718114304165283e+02
2.549507587988375974e+02 1.357573458185340769e+02 2.358619631901840421e+02
2.549746528898934343e+02 1.360322893122376513e+02 2.361609622215046898e+02
2.549725540845979879e+02 1.350739425250242220e+02 2.362074588311268997e+02
2.549780432676784017e+02 1.365274459154020121e+02 2.365673232160154953e+02
2.549770745883112681e+02 1.379279948337100450e+02 2.363130448821439984e+02
2.549717468517920622e+02 1.385069422021310857e+02 2.365153374233128716e+02
2.549869228285437543e+02 1.399583467872134293e+02 2.367287697772037518e+02
2.549832095576364281e+02 1.408303196641911654e+02 2.365979980626412669e+02
2.549824023248304741e+02 1.412746206005812155e+02 2.369449467226347963e+02
2.549840167904423538e+02 1.417589602841459566e+02 2.373618017436228627e+02
2.549725540845979879e+02 1.424510816919599563e+02 2.371549886987407092e+02
2.549735227639651214e+02 1.430093639005489194e+02 2.372805941233451676e+02
2.549777203745560143e+02 1.427479819179851575e+02 2.377977074588311268e+02
2.549796577332902814e+02 1.439426864707781704e+02 2.376730707135938019e+02
2.549769131417500887e+02 1.436133354859541384e+02 2.372001937358734267e+02
2.549681950274459155e+02 1.395558605101711294e+02 2.367295770100096775e+02
2.549777203745560143e+02 1.347466903454956366e+02 2.364139489828866658e+02
2.549773974814336555e+02 1.331969648046496673e+02 2.355442363577655840e+02
2.549814336454633406e+02 1.323266063932838108e+02 2.356028414594769060e+02
2.549845011301259206e+02 1.314874071682273211e+02 2.355382628350016034e+02
2.549675492412011693e+02 1.322442686470778312e+02 2.360101711333548735e+02
2.549930577978689143e+02 1.320527930255085494e+02 2.359803035195350276e+02
2.549935421375524811e+02 1.332095576364223461e+02 2.365658701969647950e+02
2.549896674200839470e+02 1.335758798837584891e+02 2.366262512108492047e+02
2.549749757830158217e+02 1.337237649338069048e+02 2.364446238295124374e+02
2.549744914433322549e+02 1.333858572812399075e+02 2.361929286406199537e+02
2.549673877946399614e+02 1.337156926057475061e+02 2.362599289635130901e+02
2.549652889893445149e+02 1.349744914433322549e+02 2.363987730061349737e+02
2.549853083629318746e+02 1.347549241201162431e+02 2.368551824346141359e+02
2.549811107523409817e+02 1.355887956086535269e+02 2.369333225702292509e+02
2.549841782370035617e+02 1.363550209880529565e+02 2.369723926380368084e+02
2.549890216338392008e+02 1.380587665482725299e+02 2.372418469486599975e+02
2.549812721989021611e+02 1.385561834032935167e+02 2.367780109783661544e+02
2.549822408782692946e+02 1.390563448498546961e+02 2.370439134646431967e+02
2.549832095576364281e+02 1.396333548595414982e+02 2.379392960929932315e+02
2.549754601226993884e+02 1.415728123990959091e+02 2.378860187278010869e+02
2.549836938973199949e+02 1.417113335485954053e+02 2.380410074265418245e+02
2.549827252179528614e+02 1.395802389409105615e+02 2.369307394252502377e+02
2.549848240232483079e+02 1.333642234420406965e+02 2.358262835001614519e+02
2.549738456570875087e+02 1.300988052954472209e+02 2.352294155634484980e+02
2.549798191798514608e+02 1.290453664836938970e+02 2.342726832418469485e+02
2.549848240232483079e+02 1.285195350339037645e+02 2.348674523732644559e+02
2.549786890539231479e+02 1.279811107523409817e+02 2.350523086858249826e+02
2.549898288666451265e+02 1.279801420729738481e+02 2.348850500484339818e+02
2.549833710041976076e+02 1.276948659993542208e+02 2.345196964804649724e+02
2.549848240232483079e+02 1.286662899580238957e+02 2.349515660316435230e+02
2.549882144010332468e+02 1.295290603810138919e+02 2.357851146270584479e+02
2.549840167904423538e+02 1.292841459476913144e+02 2.351788827897965746e+02
2.549785276073619684e+02 1.286635453664837030e+02 2.348314497901194784e+02
2.549785276073619684e+02 1.277502421698417834e+02 2.344872457216661417e+02
2.549849854698094873e+02 1.262394252502421637e+02 2.336075234097513658e+02
2.549799806264126687e+02 1.275707135938004484e+02 2.341624152405553900e+02
2.549785276073619684e+02 1.291194704552792984e+02 2.349065224410720134e+02
2.549869228285437543e+02 1.322512108492089169e+02 2.355309977397481305e+02
2.549825637713916819e+02 1.352047142395867070e+02 2.356951888924765797e+02
2.549736842105263293e+02 1.362505650629641707e+02 2.364154020019373661e+02
2.549577010009686830e+02 1.370592508879560967e+02 2.357050371327090659e+02
2.549801420729738481e+02 1.351509525347110241e+02 2.355745883112689683e+02
2.549796577332902814e+02 1.288156280271230116e+02 2.344302550855666709e+02
2.549806264126574149e+02 1.241249596383596980e+02 2.335280917016467583e+02
2.549859541491766208e+02 1.240490797546012232e+02 2.333742331288343621e+02
2.549906360994510806e+02 1.227899580238940871e+02 2.332512108492089169e+02
2.549898288666451265e+02 1.183808524378430747e+02 2.322064901517597661e+02
2.549907975460122600e+02 1.184883758475944404e+02 2.327139166935744186e+02
2.549848240232483079e+02 1.215016144656118797e+02 2.333527607361963305e+02
2.549773974814336555e+02 1.236701646754924155e+02 2.340022602518566259e+02
2.549840167904423538e+02 1.246533742331288295e+02 2.336787213432353951e+02
2.549822408782692946e+02 1.266293186955117847e+02 2.343886018727801002e+02
2.549625443978043222e+02 1.326206005812076114e+02 2.357765579593154541e+02
2.549841782370035617e+02 1.361656441717791495e+02 2.366204391346464320e+02
2.549794962867291019e+02 1.388640619954794886e+02 2.372001937358734267e+02
2.549803035195350276e+02 1.386247981917985044e+02 2.368049725540845998e+02
2.549770745883112681e+02 1.398308040038747038e+02 2.366273813367775176e+02
2.549885372941556341e+02 1.404533419438166106e+02 2.365195350339037645e+02
2.549817565385857279e+02 1.409454310623183630e+02 2.370116241524055454e+02
2.549907975460122600e+02 1.416708104617371760e+02 2.374969325153374200e+02
2.549853083629318746e+02 1.402533096545043634e+02 2.374765902486277014e+02
2.549773974814336555e+02 1.384107200516629064e+02 2.362759121730707079e+02
2.549809493057797738e+02 1.324740071036486881e+02 2.353873103002906078e+02
2.549783661608007890e+02 1.301451404585082230e+02 2.344430093639005577e+02
2.549817565385857279e+02 1.305690991281885829e+02 2.345755569906361018e+02
2.549848240232483079e+02 1.306021956732321598e+02 2.348185340652244122e+02
2.549783661608007890e+02 1.321331934129802903e+02 2.349443009363900501e+02
2.549930577978689143e+02 1.321449790119470435e+02 2.350226025185663445e+02
2.549836938973199949e+02 1.341015498869874136e+02 2.356599935421375562e+02
2.549820794317081152e+02 1.372365192121407915e+02 2.360808847271553077e+02
2.549896674200839470e+02 1.384649660962221560e+02 2.362886664514045947e+02
2.549906360994510806e+02 1.389489828866645098e+02 2.371299644817565309e+02
2.549833710041976076e+02 1.383669680335808891e+02 2.365973522763965207e+02
2.549898288666451265e+02 1.404514045850823436e+02 2.372082660639328253e+02
2.549849854698094873e+02 1.429751372295770011e+02 2.380926703261220609e+02
2.549660962221504690e+02 1.442684856312560555e+02 2.378745560219567210e+02
2.549741685502098676e+02 1.429218598643848850e+02 2.380200193735873313e+02
2.549815950920245484e+02 1.441289958023893973e+02 2.378408136906683978e+02
2.549872457216661417e+02 1.463627704229899962e+02 2.378175653858572787e+02
2.549773974814336555e+02 1.476638682596060619e+02 2.378193412980303378e+02
2.549798191798514608e+02 1.484336454633516382e+02 2.385385857281239907e+02
2.549639974168550225e+02 1.487581530513400025e+02 2.391359380045205114e+02
2.549764288020665219e+02 1.452397481433645510e+02 2.383674523732644559e+02
2.549691637068130490e+02 1.401504681950274573e+02 2.367504036164029628e+02
2.549636745237326352e+02 1.360369712625121110e+02 2.363266063932838108e+02
2.549794962867291019e+02 1.355054891830804138e+02 2.358806909912818810e+02
2.549896674200839470e+02 1.351181788827898060e+02 2.359262189215369574e+02
2.549749757830158217e+02 1.355193735873425851e+02 2.359326767839845047e+02
2.549785276073619684e+02 1.366827575072651086e+02 2.358648692282854427e+02
2.549791733936067146e+02 1.377336131740393910e+02 2.361855020988053013e+02
2.549707781724249287e+02 1.376924443009363870e+02 2.360390700678075575e+02
2.549886987407168135e+02 1.373850500484339818e+02 2.361708104617371760e+02
2.549683564740070949e+02 1.385382628350016034e+02 2.357202131094607580e+02
2.549652889893445149e+02 1.381084920891184993e+02 2.360741039715854015e+02
2.549625443978043222e+02 1.373651921214078016e+02 2.358040038747174663e+02
2.549867613819825749e+02 1.336690345495640884e+02 2.350000000000000000e+02
2.549838553438811743e+02 1.275498869874071630e+02 2.338330642557313581e+02
2.549794962867291019e+02 1.227376493380691045e+02 2.326260897642880252e+02
2.549857927026154414e+02 1.310649015175976615e+02 2.341727478204714146e+02
2.549752986761382090e+02 1.399378430739425312e+02 2.360150145301905127e+02
2.549794962867291019e+02 1.398036809815950789e+02 2.357975460122699474e+02
2.549848240232483079e+02 1.341026800129157266e+02 2.349070067807555802e+02
2.549893445269615881e+02 1.311181788827898060e+02 2.342216661285114583e+02
2.549925734581853476e+02 1.287633193412980290e+02 2.331168873103002852e+02
2.549731998708427625e+02 1.256641911527284492e+02 2.329057152082660593e+02
2.549706167258637493e+02 1.242034226670971861e+02 2.326556344849854838e+02
2.549691637068130490e+02 1.233572812399095966e+02 2.327918953826283541e+02
2.549815950920245484e+02 1.239861155957378145e+02 2.326002583144978928e+02
2.549567323216015495e+02 1.256578947368421098e+02 2.327236034872457253e+02
2.549591540200193833e+02 1.267047142395866928e+02 2.333963513077171399e+02
2.549935421375524811e+02 1.277665482725217885e+02 2.338138521149499525e+02
2.549877300613496800e+02 1.260066193090087125e+02 2.332042298999031402e+02
2.549880529544720673e+02 1.248136906683887588e+02 2.331653212786567622e+02
2.549932192444300938e+02 1.261230222796254452e+02 2.336315789473684106e+02
2.549914433322570346e+02 1.268009363900548863e+02 2.336693574426864757e+02
2.549803035195350276e+02 1.258564740071036425e+02 2.336735550532773686e+02
2.549935421375524811e+02 1.225810461737165014e+02 2.321023571197933393e+02
2.549874071682273211e+02 1.226459476913141771e+02 2.325573135292218296e+02
2.549943493703584068e+02 1.277147239263803726e+02 2.334812721989021611e+02
2.549912818856958268e+02 1.290598966742008429e+02 2.336419115272844635e+02
2.549904746528899011e+02 1.270463351630610305e+02 2.336328705198579314e+02
2.549854698094930541e+02 1.272502421698417834e+02 2.332097190829835256e+02
2.549806264126574149e+02 1.273366160800774907e+02 2.331924443009363870e+02
2.549798191798514608e+02 1.226110752340975125e+02 2.323953826283500064e+02
2.549748143364546422e+02 1.124890216338392008e+02 2.298546980949305691e+02
2.549743299967710755e+02 1.077586373910235693e+02 2.285837907652567083e+02
2.549767516951888808e+02 1.095841136583790814e+02 2.291871165644171811e+02
2.549833710041976076e+02 1.106065547303842465e+02 2.295615111398127226e+02
2.549746528898934343e+02 1.109317081046173712e+02 2.296084920891184993e+02
2.549762673555053141e+02 1.116456247981918040e+02 2.298597029383274162e+02
2.549830481110752203e+02 1.148882789796577271e+02 2.308296738779463908e+02
2.549859541491766208e+02 1.168550209880529565e+02 2.311693574426864757e+02
2.549907975460122600e+02 1.186194704552792984e+02 2.309617371649983966e+02
2.549862770422990081e+02 1.191701646754924155e+02 2.309615757184371887e+02
2.549830481110752203e+02 1.187439457539554439e+02 2.310405230868582578e+02
2.549856312560542335e+02 1.185603810138844096e+02 2.310705521472392547e+02
2.549857927026154414e+02 1.191194704552792984e+02 2.321047788182111731e+02
2.549832095576364281e+02 1.223459799806264101e+02 2.330222796254439857e+02
2.549864384888601876e+02 1.254588311268969960e+02 2.324066838876331929e+02
2.549741685502098676e+02 1.250326122053600244e+02 2.324701323861801825e+02
2.549896674200839470e+02 1.220689376816273750e+02 2.327510494026477375e+02
2.549812721989021611e+02 1.208921536971262469e+02 2.314959638359702865e+02
2.549867613819825749e+02 1.195041976105908930e+02 2.311562802712302300e+02
2.549878915079108879e+02 1.196354536648369447e+02 2.319360671617694436e+02
2.549901517597675138e+02 1.186404585082337775e+02 2.317534711010655428e+02
2.549799806264126687e+02 1.154252502421698381e+02 2.309462382951243171e+02
2.549777203745560143e+02 1.132739748143364551e+02 2.306817888278979751e+02
2.549827252179528614e+02 1.138338714885372980e+02 2.305631256054246023e+02
2.549864384888601876e+02 1.150857281239909611e+02 2.309191152728446923e+02
2.549843396835647411e+02 1.135050048433968328e+02 2.308480787859218708e+02
2.549886987407168135e+02 1.105565062964158898e+02 2.301984178237003675e+02
2.549764288020665219e+02 1.100774943493703546e+02 2.297426541814659231e+02
2.549869228285437543e+02 1.091737164998385481e+02 2.288474329996770962e+02
2.549807878592185943e+02 1.077481433645463369e+02 2.284927349047465270e+02
2.549759444623829552e+02 1.070200193735873455e+02 2.286942202131094746e+02
2.549878915079108879e+02 1.054476913141750032e+02 2.283463028737487832e+02
2.549807878592185943e+02 1.072620277688085224e+02 2.287203745560219659e+02
2.549898288666451265e+02 1.112731675815305152e+02 2.295458508233774637e+02
2.549848240232483079e+02 1.116738779463997417e+02 2.299142718760090531e+02
2.549604455925088757e+02 1.114979011947045535e+02 2.303027123022279739e+02
2.549814336454633406e+02 1.135363254762673506e+02 2.309073296738779391e+02
2.549856312560542335e+02 1.148085243784307323e+02 2.310565062964158756e+02
2.549848240232483079e+02 1.169257345818534048e+02 2.307105263157894797e+02
2.549822408782692946e+02 1.184778818211172080e+02 2.308677752663868148e+02
2.549812721989021611e+02 1.167935098482402339e+02 2.306444946722634768e+02
2.549872457216661417e+02 1.159313852114949981e+02 2.305145301905069459e+02
2.549685179205683028e+02 1.165410074265418103e+02 2.309841782370035617e+02
2.549825637713916819e+02 1.165642557313529153e+02 2.318245075879883643e+02
2.549786890539231479e+02 1.189317081046173712e+02 2.322765579593154541e+02
2.549725540845979879e+02 1.206514368743945766e+02 2.320452050371327175e+02
2.549694865999354079e+02 1.157967387794639933e+02 2.310833064255731415e+02
2.549841782370035617e+02 1.109199225056506322e+02 2.294899903132063343e+02
2.549851469163706952e+02 1.134715854052308686e+02 2.309526961575718360e+02
2.549848240232483079e+02 1.181464320309977438e+02 2.316856635453664808e+02
2.549869228285437543e+02 1.194011947045527933e+02 2.316238295124313993e+02
2.549841782370035617e+02 1.139304165321278646e+02 2.305894413948983015e+02
2.549856312560542335e+02 1.088632547626735487e+02 2.285029060381014006e+02
2.549740071036486881e+02 1.070463351630610305e+02 2.285035518243461468e+02
2.549719082983532417e+02 1.124276719405876719e+02 2.298585728123991032e+02
2.549785276073619684e+02 1.159089441394898330e+02 2.312789796577332879e+02
2.549762673555053141e+02 1.169091055860510124e+02 2.314949951566031530e+02
2.549594769131417422e+02 1.175250242169841783e+02 2.310255085566677451e+02
2.549862770422990081e+02 1.161393283823054503e+02 2.298170810461737119e+02
2.549628672909267095e+02 1.162269938650306784e+02 2.306496609622215033e+02
2.549660962221504690e+02 1.174875686147885006e+02 2.311454633516306103e+02
2.549814336454633406e+02 1.169618986115595760e+02 2.312250565062964256e+02
2.549874071682273211e+02 1.172678398450112951e+02 2.311435259928963433e+02
2.549809493057797738e+02 1.173004520503713337e+02 2.311417500807232841e+02
2.549911204391346473e+02 1.179520503713270898e+02 2.309375201808201439e+02
2.549888601872780214e+02 1.174173393606716189e+02 2.309651275427833355e+02
2.549886987407168135e+02 1.133819825637713876e+02 2.293222473361317384e+02
2.549807878592185943e+02 1.126396512754278376e+02 2.290636099451081691e+02
2.549888601872780214e+02 1.129091055860510124e+02 2.292592831772683155e+02
2.549937035841136606e+02 1.140335808847271579e+02 2.296842105263157805e+02
2.549862770422990081e+02 1.165413303196641976e+02 2.306340006457862444e+02
2.549877300613496800e+02 1.190280917016467583e+02 2.313793994187923886e+02
2.549904746528899011e+02 1.197444300936390107e+02 2.315004843396835668e+02
2.549886987407168135e+02 1.204422021310946036e+02 2.315839522118178877e+02
2.549836938973199949e+02 1.215379399418792445e+02 2.312831772683241809e+02
2.549799806264126687e+02 1.215984824023248336e+02 2.318958669680335731e+02
2.549738456570875087e+02 1.210989667420084004e+02 2.310760413303196685e+02
2.549714239586696749e+02 1.218532450758798831e+02 2.312667097190829963e+02
2.549841782370035617e+02 1.240129157248950662e+02 2.317818856958346885e+02
2.549930577978689143e+02 1.251840490797546011e+02 2.323115918630933265e+02
2.549882144010332468e+02 1.261026800129157266e+02 2.320406845334194372e+02
2.549752986761382090e+02 1.261704875686147886e+02 2.319032935098482540e+02
2.549744914433322549e+02 1.278668065870196955e+02 2.318077171456247925e+02
2.549656118824669022e+02 1.293571197933484029e+02 2.314462382951243171e+02
2.549694865999354079e+02 1.325958992573458204e+02 2.325137229577009919e+02
2.549725540845979879e+02 1.346824346141427213e+02 2.338703584113658280e+02
2.549786890539231479e+02 1.373311268969970911e+02 2.341861478850500475e+02
2.549828866645140408e+02 1.403879560865353540e+02 2.345657087504036156e+02
2.549861155957378003e+02 1.398222473361317384e+02 2.346120439134646460e+02
2.549807878592185943e+02 1.359208911850177515e+02 2.341412657410397173e+02
2.549767516951888808e+02 1.336047788182111731e+02 2.327825314820794347e+02
2.549865999354213670e+02 1.340745883112689683e+02 2.331735550532773686e+02
2.549890216338392008e+02 1.340958992573458204e+02 2.335944462382951201e+02
2.549832095576364281e+02 1.348879560865353540e+02 2.344246044559250777e+02
2.549872457216661417e+02 1.360242169841782243e+02 2.350251856635453578e+02
2.549744914433322549e+02 1.380870196964804677e+02 2.350912173070713607e+02
2.549786890539231479e+02 1.387954472069745009e+02 2.347520180820148425e+02
2.549735227639651214e+02 1.399962867290926738e+02 2.352381336777526712e+02
2.549722311914756290e+02 1.385511785598966696e+02 2.351913141750080740e+02
2.549840167904423538e+02 1.395416532127865707e+02 2.350902486277042271e+02
2.549830481110752203e+02 1.407050371327090659e+02 2.350356796900225902e+02
2.549759444623829552e+02 1.420481110752340896e+02 2.357361963190184042e+02
2.549814336454633406e+02 1.432457216661285031e+02 2.360138844042621997e+02
2.549812721989021611e+02 1.436023571197933393e+02 2.366372295770100038e+02
2.549804649660962355e+02 1.456867936712947937e+02 2.367457216661285031e+02
2.549869228285437543e+02 1.466446561188246562e+02 2.373731030029060491e+02
2.549846625766871284e+02 1.486294801420729641e+02 2.372345818534065245e+02
2.549869228285437543e+02 1.496343235389086317e+02 2.373651921214078016e+02
2.549727155311591957e+02 1.521411042944785379e+02 2.380687762350661956e+02
2.549853083629318746e+02 1.508262835001614519e+02 2.384930577978689143e+02
2.549869228285437543e+02 1.485422989990313170e+02 2.379433322570229166e+02
2.549872457216661417e+02 1.435330965450435770e+02 2.368490474652889759e+02
2.549644817565385893e+02 1.395868582499192883e+02 2.361097836616080201e+02
2.549783661608007890e+02 1.385813690668388745e+02 2.356423958669680303e+02
2.549790119470455352e+02 1.395805618340329488e+02 2.358990958992573326e+02
2.549867613819825749e+02 1.410678075556990620e+02 2.361453019050694309e+02
2.549935421375524811e+02 1.400329350984823975e+02 2.360040361640297135e+02
2.549667420083952152e+02 1.416191475621569396e+02 2.352941556344849801e+02
2.549814336454633406e+02 1.421226993865030579e+02 2.359762673555053141e+02
2.549854698094930541e+02 1.432747820471423950e+02 2.367055214723926326e+02
2.549696480464966157e+02 1.435167904423635719e+02 2.370284145947691172e+02
2.549530190506942233e+02 1.441922828543752075e+02 2.366469163706813106e+02
2.549694865999354079e+02 1.430455279302550764e+02 2.369893445269615881e+02
2.549836938973199949e+02 1.427203745560219659e+02 2.369371972876977850e+02
2.549893445269615881e+02 1.426461091378753565e+02 2.366412657410397173e+02
2.549828866645140408e+02 1.422702615434291147e+02 2.362184371972876988e+02
2.549794962867291019e+02 1.440908944139489734e+02 2.358829512431385353e+02
2.549762673555053141e+02 1.439499515660316433e+02 2.362772037455602288e+02
2.549783661608007890e+02 1.454141104294478453e+02 2.368002906038101401e+02
2.549804649660962355e+02 1.444431708104617371e+02 2.363718114304165283e+02
2.549690022602518695e+02 1.442426541814659231e+02 2.362923797223119209e+02
2.549704552793025414e+02 1.398012592831772736e+02 2.358220858895705589e+02
2.549688408136906617e+02 1.369191152728446923e+02 2.347943170810461879e+02
2.549827252179528614e+02 1.342176299644817448e+02 2.344221827575072723e+02
2.549845011301259206e+02 1.327118178882789721e+02 2.343927994833709931e+02
2.549824023248304741e+02 1.308606716176945497e+02 2.345563448498546961e+02
2.549690022602518695e+02 1.330944462382951201e+02 2.338429124959638443e+02
2.549846625766871284e+02 1.369874071682273211e+02 2.347494349370358293e+02
2.549804649660962355e+02 1.392347432999677039e+02 2.359410720051662906e+02
2.549740071036486881e+02 1.393123990958992522e+02 2.356863093316112270e+02
2.549769131417500887e+02 1.385582822085889632e+02 2.355560219567323088e+02
2.549798191798514608e+02 1.409076525670003264e+02 2.365426218921537043e+02
2.549759444623829552e+02 1.427935098482402339e+02 2.357058443655150199e+02
2.549681950274459155e+02 1.446766225379399486e+02 2.369702938327413619e+02
2.549767516951888808e+02 1.458598643848885956e+02 2.371065547303842322e+02
2.549848240232483079e+02 1.468206328705198587e+02 2.363471101065547373e+02
2.549790119470455352e+02 1.486982563771391597e+02 2.367912495963836079e+02
2.549872457216661417e+02 1.496724249273490557e+02 2.369543106231837157e+02
2.549794962867291019e+02 1.501622537939941822e+02 2.372081046173716459e+02
2.549769131417500887e+02 1.501580561834032892e+02 2.372760736196319158e+02
2.549851469163706952e+02 1.478125605424604316e+02 2.373508233774620635e+02
2.549872457216661417e+02 1.427817242492734806e+02 2.364594769131417422e+02
2.549773974814336555e+02 1.393693897319986945e+02 2.355461737164998510e+02
2.549861155957378003e+02 1.389171779141104253e+02 2.347712302227962482e+02
2.549546335163061030e+02 1.383818211172101940e+02 2.349275104940264782e+02
2.549754601226993884e+02 1.376507910881498162e+02 2.348658379076525762e+02
2.549896674200839470e+02 1.375655473038424361e+02 2.345229254116887319e+02
2.549717468517920622e+02 1.377108492089118386e+02 2.345584436551501426e+02
2.549845011301259206e+02 1.377202131094607580e+02 2.349239586696803315e+02
2.549807878592185943e+02 1.382597675169518823e+02 2.351995479496286805e+02
2.549785276073619684e+02 1.390565062964158756e+02 2.350991281885695798e+02
2.549727155311591957e+02 1.386477236034872362e+02 2.352620277688085366e+02
2.549806264126574149e+02 1.380337423312883516e+02 2.356577332902809303e+02
2.549786890539231479e+02 1.375372941556344983e+02 2.353429124959638443e+02
2.549909589925734679e+02 1.366913141750080740e+02 2.348626089764287883e+02
2.549715854052308828e+02 1.366440103325799100e+02 2.342510494026477375e+02
2.549891830804003803e+02 1.365619954794962894e+02 2.349346141427187717e+02
2.549767516951888808e+02 1.376401356151114044e+02 2.346033257991604728e+02
2.549804649660962355e+02 1.369166935744268585e+02 2.346587019696480354e+02
2.549790119470455352e+02 1.381751695188892484e+02 2.348634162092347424e+02
2.549896674200839470e+02 1.379547949628672825e+02 2.341570875040361557e+02
2.549720697449144211e+02 1.353534065224410767e+02 2.342959315466580676e+02
2.549773974814336555e+02 1.301335163061026776e+02 2.323164352599289657e+02
2.549941879237972273e+02 1.256021956732321598e+02 2.318356474007103714e+02
2.549838553438811743e+02 1.269696480464966157e+02 2.330942847917339407e+02
2.549840167904423538e+02 1.282893122376493409e+02 2.323001291572489606e+02
2.549853083629318746e+02 1.225771714562479815e+02 2.312103648692282718e+02
2.549756215692605679e+02 1.213773006134969279e+02 2.314777203745560143e+02
2.549780432676784017e+02 1.260695834678721354e+02 2.315266386825960581e+02
2.549864384888601876e+02 1.264857927026154414e+02 2.321055860510171271e+02
2.549840167904423538e+02 1.280463351630610305e+02 2.332103648692282718e+02
2.549783661608007890e+02 1.277906038101388475e+02 2.329383274136260980e+02
2.549830481110752203e+02 1.252395866968033573e+02 2.312904423635776539e+02
2.549780432676784017e+02 1.240474652889893434e+02 2.314841782370035617e+02
2.549807878592185943e+02 1.257163383919922524e+02 2.326667742977074624e+02
2.549827252179528614e+02 1.302092347432999588e+02 2.335017759121730592e+02
2.549759444623829552e+02 1.325690991281885829e+02 2.346672586373910292e+02
2.549841782370035617e+02 1.326921214078139997e+02 2.335744268647077888e+02
2.549804649660962355e+02 1.322537939941879301e+02 2.337508879560865296e+02
2.549803035195350276e+02 1.320513400064578491e+02 2.336393283823054503e+02
2.549730384242815546e+02 1.325127542783338583e+02 2.336951888924765797e+02
2.549717468517920622e+02 1.333608330642557291e+02 2.331670971908298213e+02
2.549937035841136606e+02 1.306340006457862444e+02 2.323249919276719311e+02
2.549846625766871284e+02 1.239568937681627432e+02 2.309911204391346473e+02
2.549830481110752203e+02 1.171798514691637081e+02 2.293637391023571297e+02
2.549880529544720673e+02 1.142896351307717140e+02 2.294133031966419196e+02
2.549812721989021611e+02 1.137495963835970230e+02 2.292544397804326763e+02
2.549948337100419735e+02 1.148337100419761043e+02 2.292897965773329076e+02
2.549953180497255403e+02 1.149543106231837299e+02 2.297289312237649312e+02
2.549928963513077065e+02 1.174786890539231479e+02 2.302121407814013594e+02
2.549828866645140408e+02 1.169654504359057086e+02 2.305041976105908930e+02
2.549906360994510806e+02 1.172197287697772055e+02 2.301795285760413208e+02
2.549870842751049338e+02 1.161527284468840833e+02 2.299347755892799512e+02
2.549899903132063343e+02 1.161130125928317796e+02 2.293107846302873725e+02
2.549904746528899011e+02 1.164833710041976076e+02 2.293427510494026365e+02
2.549828866645140408e+02 1.189434937035841102e+02 2.300723280594123423e+02
2.549835324507587870e+02 1.200285760413303251e+02 2.303798837584759553e+02
2.549788505004843273e+02 1.197252179528576050e+02 2.305017759121730592e+02
2.549807878592185943e+02 1.198132063287051920e+02 2.305573135292218296e+02
2.549886987407168135e+02 1.202713916693574419e+02 2.305792702615434280e+02
2.549836938973199949e+02 1.194255731352922112e+02 2.307583144979011820e+02
2.549898288666451265e+02 1.197922182757507272e+02 2.311033257991604728e+02
2.549707781724249287e+02 1.198093316112366864e+02 2.307981917985146936e+02
2.549856312560542335e+02 1.205863739102357073e+02 2.303085243784307465e+02
2.549912818856958268e+02 1.219665805618340357e+02 2.310545689376816370e+02
2.549899903132063343e+02 1.208149822408782654e+02 2.315807232805941283e+02
2.549856312560542335e+02 1.178505004843396904e+02 2.304709396189861081e+02
2.549901517597675138e+02 1.144853083629318746e+02 2.298416209234743235e+02
2.549793348401678941e+02 1.139401033257991571e+02 2.299993542137552538e+02
2.549817565385857279e+02 1.144368743945753977e+02 2.306057474975783066e+02
2.549832095576364281e+02 1.148101388440426263e+02 2.306354536648369447e+02
2.549711010655473160e+02 1.149644817565385893e+02 2.303873103002906078e+02
2.549867613819825749e+02 1.165393929609299306e+02 2.300640942847917358e+02
2.549736842105263293e+02 1.193787536325476282e+02 2.313463028737487832e+02
2.549688408136906617e+02 1.222618663222473430e+02 2.318545366483693897e+02
2.549693251533742284e+02 1.242554084597998099e+02 2.318601872780109829e+02
2.549706167258637493e+02 1.246026800129157266e+02 2.317927026154342798e+02
2.549757830158217757e+02 1.237145624798191790e+02 2.312521795285760504e+02
2.549849854698094873e+02 1.238521149499515701e+02 2.317812399095899139e+02
2.549770745883112681e+02 1.247431385211495041e+02 2.325650629641588694e+02
2.549783661608007890e+02 1.252255408459799781e+02 2.324191152728446923e+02
2.549865999354213670e+02 1.253897319987084273e+02 2.332507265095253501e+02
2.549891830804003803e+02 1.260854052308685880e+02 2.330723280594123423e+02
2.549890216338392008e+02 1.279283177268324181e+02 2.334031320632870461e+02
2.549927349047465270e+02 1.288753632547626751e+02 2.333585728123991032e+02
2.549761059089441346e+02 1.295016144656118797e+02 2.337257022925411718e+02
2.549749757830158217e+02 1.299948337100419735e+02 2.338818211172101940e+02
2.549690022602518695e+02 1.318132063287052063e+02 2.337617048756861493e+02
2.549769131417500887e+02 1.320771714562479815e+02 2.334347755892799512e+02
2.549849854698094873e+02 1.328950597352276475e+02 2.338046496609622125e+02
2.549648046496609481e+02 1.333073942525024336e+02 2.341030029060381139e+02
2.549911204391346473e+02 1.306630610268001362e+02 2.337909267032612206e+02
2.549861155957378003e+02 1.258806909912818810e+02 2.328167581530513530e+02
2.549777203745560143e+02 1.224457539554407504e+02 2.320878269292863934e+02
2.549874071682273211e+02 1.228433968356473969e+02 2.322605747497578363e+02
2.549872457216661417e+02 1.232271553115918579e+02 2.325222796254439857e+02
2.549794962867291019e+02 1.231444946722634768e+02 2.326764610913787408e+02
2.549962867290926738e+02 1.238482402324830502e+02 2.326771068776235154e+02
2.549925734581853476e+02 1.241178559896674187e+02 2.331007426541814596e+02
2.549812721989021611e+02 1.247016467549241270e+02 2.336955117855989670e+02
2.549728769777203752e+02 1.251654827252179558e+02 2.333773006134969421e+02
2.549812721989021611e+02 1.253950597352276333e+02 2.334620600581207555e+02
2.549848240232483079e+02 1.257368421052631646e+02 2.330214723926380316e+02
2.549782047142395811e+02 1.271725863739102351e+02 2.331335163061026776e+02
2.549709396189861081e+02 1.272949628672909199e+02 2.340221181788827778e+02
2.549799806264126687e+02 1.287893122376493409e+02 2.343887633193413080e+02
2.549807878592185943e+02 1.299204068453341847e+02 2.343572812399095824e+02
2.549857927026154414e+02 1.304914433322570346e+02 2.340074265418146524e+02
2.549853083629318746e+02 1.300398773006134832e+02 2.345343881175330978e+02
2.549888601872780214e+02 1.304961252825314943e+02 2.339916047788182141e+02
2.549917662253793935e+02 1.310500484339683567e+02 2.348590571520826700e+02
2.549848240232483079e+02 1.308485631256054376e+02 2.349869228285437543e+02
2.549938650306748400e+02 1.305532773651921161e+02 2.347134323538908518e+02
2.549723926380368084e+02 1.314430093639005577e+02 2.346136583790765258e+02
2.549794962867291019e+02 1.315555376170487705e+02 2.350145301905069459e+02
2.549838553438811743e+02 1.265917016467549274e+02 2.340537617048756829e+02
2.549853083629318746e+02 1.224743299967710755e+02 2.326995479496286805e+02
2.549870842751049338e+02 1.210744268647077888e+02 2.318169195996125325e+02
2.549865999354213670e+02 1.205321278656764576e+02 2.321456247981917898e+02
2.549914433322570346e+02 1.205143687439457523e+02 2.320129157248950662e+02
2.549885372941556341e+02 1.204431708104617371e+02 2.322542783338714969e+02
2.549883758475944546e+02 1.199869228285437543e+02 2.317587988375847488e+02
2.549783661608007890e+02 1.200211494995156585e+02 2.317880206651598201e+02
2.549824023248304741e+02 1.191352922182757510e+02 2.322893122376493409e+02
2.549869228285437543e+02 1.201982563771391739e+02 2.328243461414271849e+02
2.549883758475944546e+02 1.215810461737165014e+02 2.332242492734904715e+02
2.549782047142395811e+02 1.232473361317403970e+02 2.333939296092993345e+02
2.549840167904423538e+02 1.247870519857927007e+02 2.334961252825314943e+02
2.549814336454633406e+02 1.244430093639005435e+02 2.333648692282854427e+02
2.549783661608007890e+02 1.257323216015498843e+02 2.337731675815305152e+02
2.549627058443655017e+02 1.265121084920891121e+02 2.333585728123991032e+02
2.549833710041976076e+02 1.286609622215046898e+02 2.337925411688731003e+02
2.549652889893445149e+02 1.299549564094284904e+02 2.337244107200516510e+02
2.549543106231837157e+02 1.312237649338069048e+02 2.344564094284791622e+02
2.549731998708427625e+02 1.296023571197933393e+02 2.344472069744914506e+02
2.549912818856958268e+02 1.279452696157571836e+02 2.341228608330642658e+02
2.549848240232483079e+02 1.261222150468195053e+02 2.332497578301582166e+02
2.549956409428479276e+02 1.228345172747820442e+02 2.326185017759121649e+02
2.549979011947045535e+02 1.222617048756861493e+02 2.323865030674846537e+02
2.549869228285437543e+02 1.219341298030351908e+02 2.323987730061349737e+02
2.549948337100419735e+02 1.224103971585405191e+02 2.328440426218921573e+02
2.549874071682273211e+02 1.229297707458831184e+02 2.325395544074911243e+02
2.549827252179528614e+02 1.227215046819502788e+02 2.327302227962544521e+02
2.549922505650629603e+02 1.249528576041330297e+02 2.327465288989344572e+02
2.549838553438811743e+02 1.247387794639974175e+02 2.322977074588311268e+02
2.549772360348724476e+02 1.233049725540845998e+02 2.327741362608976488e+02
2.549872457216661417e+02 1.226115595737810793e+02 2.327717145624798150e+02
2.549625443978043222e+02 1.213427510494026507e+02 2.328485631256054376e+02
2.549749757830158217e+02 1.229509202453987768e+02 2.328206328705198587e+02
2.549709396189861081e+02 1.262518566354536631e+02 2.342925411688731003e+02
2.549853083629318746e+02 1.284980626412657330e+02 2.344651275427833355e+02
2.549845011301259206e+02 1.293680981595092021e+02 2.347402324830481177e+02
2.549786890539231479e+02 1.310766871165644147e+02 2.350896028414594809e+02
2.549856312560542335e+02 1.319832095576364281e+02 2.353086858249919260e+02
2.549744914433322549e+02 1.327110106554730464e+02 2.353924765902486342e+02
2.549754601226993884e+02 1.323656764610913683e+02 2.352746206005812155e+02
2.549793348401678941e+02 1.328183726186632327e+02 2.350069422021310857e+02
2.549777203745560143e+02 1.345770100096868021e+02 2.353700355182434691e+02
2.549798191798514608e+02 1.357860833064255814e+02 2.362550855666774225e+02
2.549772360348724476e+02 1.359460768485631377e+02 2.354355828220858768e+02
2.549796577332902814e+02 1.310674846625766747e+02 2.341506296415886368e+02
2.549891830804003803e+02 1.259617371649983824e+02 2.329045850823377464e+02
2.549778818211172222e+02 1.239585082337746229e+02 2.327560542460445561e+02
2.549825637713916819e+02 1.225884727155311538e+02 2.321679044236357754e+02
2.549854698094930541e+02 1.227116564417177926e+02 2.322567000322893023e+02
2.549872457216661417e+02 1.230393929609299306e+02 2.328632547626735629e+02
2.549933806909912732e+02 1.239078140135615058e+02 2.327928640619954876e+02
2.549880529544720673e+02 1.249192767194058717e+02 2.330497255408459694e+02
2.549883758475944546e+02 1.251144656118824656e+02 2.331307717145624849e+02
2.549815950920245484e+02 1.251422344204068509e+02 2.329321924443009380e+02
2.549731998708427625e+02 1.251081691959961262e+02 2.325558605101711294e+02
2.549756215692605679e+02 1.244988698740716870e+02 2.330376170487568572e+02
2.549644817565385893e+02 1.253211172102034254e+02 2.332897965773329076e+02
2.549738456570875087e+02 1.253125605424604458e+02 2.334002260251856740e+02
2.549770745883112681e+02 1.255400387471746910e+02 2.335161446561188257e+02
2.549744914433322549e+02 1.271477236034872504e+02 2.331708104617371760e+02
2.549757830158217757e+02 1.266837261866322280e+02 2.332152082660639394e+02
2.549875686147885006e+02 1.254433322570229308e+02 2.335442363577655840e+02
2.549796577332902814e+02 1.246189861155957317e+02 2.331302873748789182e+02
2.549828866645140408e+02 1.250179205682918990e+02 2.328278979657733316e+02
2.549883758475944546e+02 1.244418792379722305e+02 2.335259928963513119e+02
2.549746528898934343e+02 1.274515660316435230e+02 2.335857281239909469e+02
2.549772360348724476e+02 1.281766225379399486e+02 2.336753309654504278e+02
2.549775589279948349e+02 1.274318695511785648e+02 2.338327413626089708e+02
2.549798191798514608e+02 1.236365837907652576e+02 2.327762350661930952e+02
2.549896674200839470e+02 1.204678721343235424e+02 2.326377139166935706e+02
2.549882144010332468e+02 1.194147562156926057e+02 2.321449790119470435e+02
2.549736842105263293e+02 1.200505327736519234e+02 2.314011947045527791e+02
2.549757830158217757e+02 1.192565385857281228e+02 2.321477236034872362e+02
2.549822408782692946e+02 1.201257668711656379e+02 2.321751695188892484e+02
2.549883758475944546e+02 1.211456247981918040e+02 2.324313852114949839e+02
2.549830481110752203e+02 1.225732967387794616e+02 2.326750080723280689e+02
2.549825637713916819e+02 1.232093961898611525e+02 2.323036809815950789e+02
2.549886987407168135e+02 1.219475298676138237e+02 2.326443332257022973e+02
2.549859541491766208e+02 1.227889893445269678e+02 2.330208266063932854e+02
2.549812721989021611e+02 1.242466903454956366e+02 2.328212786567646049e+02
2.549751372295770011e+02 1.250364869228285443e+02 2.330560219567323088e+02
2.549845011301259206e+02 1.252200516628995786e+02 2.322644494672263420e+02
2.549864384888601876e+02 1.257523409751372299e+02 2.336076848563125736e+02
2.549854698094930541e+02 1.285955763642234331e+02 2.339659347755892895e+02
