2.549210085792006737e+02 7.599550115086837820e+01 2.179080351537978686e+02
2.549240426867545466e+02 7.543440050219710713e+01 2.205797237915882079e+02
2.549730069052102976e+02 1.370573341703285166e+02 2.343770663318686047e+02
2.549913161749319954e+02 1.262009834693450472e+02 2.300340029294831652e+02
2.549869219501987914e+02 1.281762921113203504e+02 2.310148566645741823e+02
2.549902699309479033e+02 1.249921531701192663e+02 2.295448838669177576e+02
2.549882820673781225e+02 1.246936597614563738e+02 2.297039129525005308e+02
2.549925716677129230e+02 1.231978447373927565e+02 2.290527306967985055e+02
2.549889098137685721e+02 1.223609541745134948e+02 2.289925716677129230e+02
2.549924670433144911e+02 1.221079723791588236e+02 2.289899560577526643e+02
2.549821092278719448e+02 1.206418706842435711e+02 2.289911069261351884e+02
2.549859803306131028e+02 1.197035990793052918e+02 2.286578782172002491e+02
2.549847248378321751e+02 1.179155681104833633e+02 2.284572086210504267e+02
2.549901653065494997e+02 1.159588826114249827e+02 2.282438794726930382e+02
2.549870265745971949e+02 1.152637581083908742e+02 2.282055869428750725e+02
2.549931994141033726e+02 1.147548650345260484e+02 2.276344423519564657e+02
2.549883866917765260e+02 1.100926972169909988e+02 2.263329148357397003e+02
2.549905838041431139e+02 1.081412429378531073e+02 2.252660598451558940e+02
2.549877589453860764e+02 1.100037664783427545e+02 2.255493827160493936e+02
2.549949780288763463e+02 1.133986189579409967e+02 2.269630675873613654e+02
2.549899560577526643e+02 1.149318895166352803e+02 2.271540071144590911e+02
2.549931994141033726e+02 1.134057334170328488e+02 2.261371625863151280e+02
2.549919439213224450e+02 1.078220338983050794e+02 2.240992885540908048e+02
2.549941410336890613e+02 1.015634023854362908e+02 2.226284787612471234e+02
2.549949780288763463e+02 9.910096254446537500e+01 2.219310525214480094e+02
2.549936179116970152e+02 9.824220548231848227e+01 2.215725047080979380e+02
2.549955011508683924e+02 9.674377484829462048e+01 2.205719815861058919e+02
2.549941410336890613e+02 9.576700146474158259e+01 2.203481899979075251e+02
2.549908976773383529e+02 9.355084745762711407e+01 2.190372462858338451e+02
2.549951872776731534e+02 9.304279137894957330e+01 2.192347771500313911e+02
2.549975936388365767e+02 9.205900816070307258e+01 2.180977191881146666e+02
2.549895375601590217e+02 8.991326637371835773e+01 2.174956057752667959e+02
2.549875496965892410e+02 8.836053567691985222e+01 2.171795354676710588e+02
2.549851433354258177e+02 8.955618330194600674e+01 2.178132454488386713e+02
2.549872358233940020e+02 9.148629420380832755e+01 2.176930320150659099e+02
2.549956057752667959e+02 9.457731743042477035e+01 2.181430215526260668e+02
2.549915254237288025e+02 9.558411801632141191e+01 2.186198995605775224e+02
2.549888051893701686e+02 9.715505335844318324e+01 2.187984934086628925e+02
2.549924670433144911e+02 9.768110483364721119e+01 2.198768570830717692e+02
2.549896421845574253e+02 9.541755597405314404e+01 2.197656413475622514e+02
2.549872358233940020e+02 9.081701192718142579e+01 2.173906675036618594e+02
2.549906884285415458e+02 8.545626700146473809e+01 2.154220548231847658e+02
2.549928855409081336e+02 8.069125340029295046e+01 2.122901234567901270e+02
2.549874450721908374e+02 8.194946641556811073e+01 2.138440050219711281e+02
2.549847248378321751e+02 8.549832600962544404e+01 2.155671688637790453e+02
2.549899560577526643e+02 8.633165934295877264e+01 2.151254446536932505e+02
2.549917346725256380e+02 8.454844109646369077e+01 2.142444025946850843e+02
2.549961288972588420e+02 8.559782381251308436e+01 2.142749529190207056e+02
2.549913161749319954e+02 8.740719815861058350e+01 2.151634233103159772e+02
2.549898514333542607e+02 8.933071772337308403e+01 2.161101694915254257e+02
2.549890144381669757e+02 9.028279974890143933e+01 2.160220757480644522e+02
2.549859803306131028e+02 9.038439003975727815e+01 2.160020924879681843e+02
2.549812722326846597e+02 9.719501987863570491e+01 2.186264908976773427e+02
2.549879681941828835e+02 1.122273488177442999e+02 2.245817116551579886e+02
2.549902699309479033e+02 1.215430006277463946e+02 2.272249424565808624e+02
2.549870265745971949e+02 1.261503452605147544e+02 2.284700774220548283e+02
2.549868173258003878e+02 1.246337099811676126e+02 2.283002720234358662e+02
2.549900606821510678e+02 1.223714166143544730e+02 2.274648462021343391e+02
2.549872358233940020e+02 1.206988909813768629e+02 2.273019460138104080e+02
2.549901653065494997e+02 1.214695543000627680e+02 2.276141452186649872e+02
2.549843063402385326e+02 1.222934714375392389e+02 2.273134546976354784e+02
2.549875496965892410e+02 1.208018413894120044e+02 2.274662063193136703e+02
2.549895375601590217e+02 1.212892864616028419e+02 2.271909395270977257e+02
2.549895375601590217e+02 1.230308641975308603e+02 2.276214689265536606e+02
2.549869219501987914e+02 1.230949989537560185e+02 2.283090604729022743e+02
2.549902699309479033e+02 1.245341075538815687e+02 2.285178907721280552e+02
2.549888051893701686e+02 1.269205900816070312e+02 2.290422682569575272e+02
2.549894329357606182e+02 1.307364511404059328e+02 2.298336472065285534e+02
2.549868173258003878e+02 1.361399874450721939e+02 2.318206737811257483e+02
2.549752040175768855e+02 1.422051684452814300e+02 2.334625444653693194e+02
2.549925716677129230e+02 1.479673571876961660e+02 2.348546767106089135e+02
2.549941410336890613e+02 1.532745344214270631e+02 2.363343795773174350e+02
2.549907930529399493e+02 1.564730069052102976e+02 2.371242937853107264e+02
2.549871311989955984e+02 1.582837413684871422e+02 2.378061309897468050e+02
2.549873404477924339e+02 1.554047917974471602e+02 2.369427704540698869e+02
2.549805398618958066e+02 1.441879054195438243e+02 2.341114249843063533e+02
2.549906884285415458e+02 1.391597614563716263e+02 2.330188323917137438e+02
2.549787612471228329e+02 1.376487758945386020e+02 2.326863360535676861e+02
2.549911069261351884e+02 1.374595103578154465e+02 2.321382088302992202e+02
2.549926762921113266e+02 1.378788449466415500e+02 2.319710190416405169e+02
2.549902699309479033e+02 1.406595522075748192e+02 2.329768780079514556e+02
2.549947687800795109e+02 1.434065704122201339e+02 2.339423519564762444e+02
2.549938271604938222e+02 1.437073655576480462e+02 2.337044360744925768e+02
2.549913161749319954e+02 1.437600962544465233e+02 2.337317430424775182e+02
2.549891190625653792e+02 1.448247541326637418e+02 2.338366813140824547e+02
2.549861895794099098e+02 1.459116970077422195e+02 2.342082025528353313e+02
2.549874450721908374e+02 1.476615400711446000e+02 2.344374346097509942e+02
2.549895375601590217e+02 1.488468298807281940e+02 2.347240008369951738e+02
2.549879681941828835e+02 1.496711655157982932e+02 2.346046243984096975e+02
2.549843063402385326e+02 1.512962962962963047e+02 2.353117807072609367e+02
2.549872358233940020e+02 1.530788867964009228e+02 2.358256957522494304e+02
2.549903745553463068e+02 1.537362418916091258e+02 2.353603264281230452e+02
2.549959196484620350e+02 1.495017786147729737e+02 2.345940573341703157e+02
2.549867127014019559e+02 1.379933040385017762e+02 2.322702448210922910e+02
2.549885959405733331e+02 1.334248796819418317e+02 2.304980121364302192e+02
2.549868173258003878e+02 1.320962544465369319e+02 2.307364511404059328e+02
2.549703912952500389e+02 1.322740112994350170e+02 2.310679012345678984e+02
2.549682988072818546e+02 1.324448629420380712e+02 2.304550115086838389e+02
2.549763548859594096e+02 1.323842854153588746e+02 2.308852270349445632e+02
2.549872358233940020e+02 1.323648252772546527e+02 2.312134337727558204e+02
2.549843063402385326e+02 1.376505545093115757e+02 2.322269303201506716e+02
2.549856664574178637e+02 1.478423310315965580e+02 2.353492362418916173e+02
2.549803306130989711e+02 1.555699937225360827e+02 2.369392132245239679e+02
2.549906884285415458e+02 1.530072190834902699e+02 2.360489642184557511e+02
2.549896421845574253e+02 1.521104833647206647e+02 2.358210922787193908e+02
2.549889098137685721e+02 1.551741996233521661e+02 2.365455116133082356e+02
2.549873404477924339e+02 1.575107763130361889e+02 2.369261351747227593e+02
2.549878635697844800e+02 1.544643230801422931e+02 2.361871730487549712e+02
2.549931994141033726e+02 1.508526888470391327e+02 2.353906675036618594e+02
2.549903745553463068e+02 1.507964009206947082e+02 2.353646160284578457e+02
2.549911069261351884e+02 1.462707679430843370e+02 2.341448001673990404e+02
2.549842017158401291e+02 1.341329776103787310e+02 2.306331868591755665e+02
2.549877589453860764e+02 1.193627327892864685e+02 2.266653065494873545e+02
2.549881774429796906e+02 1.080332705586942836e+02 2.239164051056706342e+02
2.549923624189160876e+02 1.053029922577945143e+02 2.227128060263653424e+02
2.549872358233940020e+02 1.063627327892864685e+02 2.233566645741786942e+02
2.549897468089558572e+02 1.087637581083908742e+02 2.243957940991839166e+02
2.549962335216572455e+02 1.100015693659761524e+02 2.245202971332914785e+02
2.549957103996651995e+02 1.115489642184557368e+02 2.242966101694915153e+02
2.549903745553463068e+02 1.198892027620841247e+02 2.276235614145218733e+02
2.549817953546767058e+02 1.291424984306340207e+02 2.309652646997279817e+02
2.549848294622305787e+02 1.403444235195647707e+02 2.333087465997070638e+02
2.549816907302783022e+02 1.488409709144172552e+02 2.355709353421217713e+02
2.549889098137685721e+02 1.541541117388574946e+02 2.373179535467671144e+02
2.549915254237288025e+02 1.564070935342121800e+02 2.379114877589453840e+02
2.549962335216572455e+02 1.578793680686335961e+02 2.385909186022180393e+02
2.549952919020715569e+02 1.628441096463695317e+02 2.393561414521866482e+02
2.549983260096254583e+02 1.652006695961498224e+02 2.397746390458254950e+02
2.549949780288763463e+02 1.588442142707679352e+02 2.379882820673781225e+02
2.549919439213224450e+02 1.441014856664574211e+02 2.344628583385645584e+02
2.549853525842226531e+02 1.386028457836367522e+02 2.329924670433144911e+02
2.549933040385017762e+02 1.371206319313664039e+02 2.327376020087884569e+02
2.549937225360954187e+02 1.393156518100020946e+02 2.334039548022598751e+02
2.549951872776731534e+02 1.434745762711864359e+02 2.343850177861477277e+02
2.549946641556811073e+02 1.471177024482109346e+02 2.352788240217618636e+02
2.549952919020715569e+02 1.512204436074492548e+02 2.360240636116342330e+02
2.549882820673781225e+02 1.554898514333542607e+02 2.370756434400502144e+02
2.549913161749319954e+02 1.592580037664783390e+02 2.379412010880937487e+02
2.549946641556811073e+02 1.618534212178279859e+02 2.383912952500523090e+02
2.549966520192508881e+02 1.647027620841180067e+02 2.394155681104833775e+02
2.549922577945176840e+02 1.675357815442561105e+02 2.398771709562670083e+02
2.549827369742623944e+02 1.720153797865662284e+02 2.404966520192508881e+02
2.549966520192508881e+02 1.720765850596359030e+02 2.403115714584641012e+02
2.549955011508683924e+02 1.705800376647834184e+02 2.406039966520192479e+02
2.549983260096254583e+02 1.727761037874032297e+02 2.413837622933668001e+02
2.549956057752667959e+02 1.722729650554509249e+02 2.412973425402803969e+02
2.549878635697844800e+02 1.662916928227662652e+02 2.399606612261979421e+02
2.549962335216572455e+02 1.550985561833019517e+02 2.373708934923624270e+02
2.549967566436492916e+02 1.479522912743251766e+02 2.360054404687172962e+02
2.549942456580874648e+02 1.457526679221594463e+02 2.351375810839087706e+02
2.549929901653065372e+02 1.448236032642812177e+02 2.347371835111948144e+02
2.549893283113622147e+02 1.451895794099183945e+02 2.351017995396526601e+02
2.549874450721908374e+02 1.451668759154634927e+02 2.352461812094580580e+02
2.549920485457208486e+02 1.455174722745344127e+02 2.349606612261979421e+02
2.549951872776731534e+02 1.448389830508474461e+02 2.345549278091650933e+02
2.549930947897049691e+02 1.440467671060891348e+02 2.343440050219711281e+02
2.549927809165097301e+02 1.457857292320569229e+02 2.348047708725674738e+02
2.549901653065494997e+02 1.462690939527097669e+02 2.354150449884913030e+02
2.549949780288763463e+02 1.479729022808118941e+02 2.352274534421427177e+02
2.549956057752667959e+02 1.486138313454697766e+02 2.355253191044151606e+02
2.549902699309479033e+02 1.493969449675664407e+02 2.356144590918602262e+02
2.549918392969240415e+02 1.524417242100857948e+02 2.366398828206737903e+02
2.549915254237288025e+02 1.530074283322870770e+02 2.367574806444862929e+02
2.549885959405733331e+02 1.490017786147729737e+02 2.360102531910441428e+02
2.549919439213224450e+02 1.436145637162586297e+02 2.344717514124293700e+02
2.549894329357606182e+02 1.403390876752458780e+02 2.337080979284368993e+02
2.549874450721908374e+02 1.399148357396944959e+02 2.339727976564134622e+02
2.549951872776731534e+02 1.410694706005440366e+02 2.338102113412847984e+02
2.549944549068842718e+02 1.427308014228918296e+02 2.342336262816488670e+02
2.549938271604938222e+02 1.441167608286252459e+02 2.339623352165725123e+02
2.549849340866290106e+02 1.453079096045197787e+02 2.348759154634860806e+02
2.549928855409081336e+02 1.466065076375810747e+02 2.353267419962335225e+02
2.549911069261351884e+02 1.475996024272860438e+02 2.356873822975517783e+02
2.549840970914417255e+02 1.484807491106926136e+02 2.357337309060472990e+02
2.549881774429796906e+02 1.499132663737183577e+02 2.362662690939527010e+02
2.549934086629001797e+02 1.518140824440259564e+02 2.360166352793471560e+02
2.549919439213224450e+02 1.525717723373090564e+02 2.368717304875496836e+02
2.549895375601590217e+02 1.532665829671479401e+02 2.369335635070098363e+02
2.549889098137685721e+02 1.549830508474576334e+02 2.371710608913998612e+02
2.549888051893701686e+02 1.539836785938480830e+02 2.371811048336471970e+02
2.549858757062146992e+02 1.466555764804352293e+02 2.350273069679849414e+02
2.549804352374973746e+02 1.400128688010044016e+02 2.329223686963800048e+02
2.549914207993303989e+02 1.383266373718351190e+02 2.322244193345888164e+02
2.549941410336890613e+02 1.384103368905628884e+02 2.327814396317221224e+02
2.549904791797447103e+02 1.390602636534839860e+02 2.331559949780288719e+02
2.549927809165097301e+02 1.407988072818581315e+02 2.341690730278300805e+02
2.549949780288763463e+02 1.424704959196484708e+02 2.346133082234777021e+02
2.549929901653065372e+02 1.443351119481062881e+02 2.352396944967566412e+02
2.549957103996651995e+02 1.449211132035990772e+02 2.353243356350700992e+02
2.549967566436492916e+02 1.458400292948315666e+02 2.357422054823184681e+02
2.549914207993303989e+02 1.470724000836995060e+02 2.362374973843900534e+02
2.549924670433144911e+02 1.486660389202762076e+02 2.363308223477714876e+02
2.549939317848922258e+02 1.504331450094161937e+02 2.363278928646160182e+02
2.549971751412429342e+02 1.513287298598033033e+02 2.370161121573550815e+02
2.549950826532747499e+02 1.534040594266583071e+02 2.367797656413475522e+02
2.549923624189160876e+02 1.544546976354885999e+02 2.371288972588407660e+02
2.549913161749319954e+02 1.536216781753504961e+02 2.372946223059217346e+02
2.549910023017367564e+02 1.489575224942456657e+02 2.358974680895584868e+02
2.549825277254655873e+02 1.436911487758945327e+02 2.348496547394852598e+02
2.549894329357606182e+02 1.412391713747645952e+02 2.344633814605566045e+02
2.549774011299435017e+02 1.415037664783427545e+02 2.341249215317012045e+02
2.549854572086210567e+02 1.421233521657250378e+02 2.344299016530654853e+02
2.549922577945176840e+02 1.434151496128897350e+02 2.345639255074283369e+02
2.549897468089558572e+02 1.438538397154216284e+02 2.349433982004603365e+02
2.549943502824858683e+02 1.444447583176396677e+02 2.351682360326428238e+02
2.549885959405733331e+02 1.455458254865034462e+02 2.349730069052102976e+02
2.549942456580874648e+02 1.458007951454279123e+02 2.352791378949571026e+02
2.549947687800795109e+02 1.468187905419543711e+02 2.355391295250052224e+02
2.549923624189160876e+02 1.484895375601590217e+02 2.356407198158610470e+02
2.549930947897049691e+02 1.494893283113622147e+02 2.359616028457836308e+02
2.549928855409081336e+02 1.518749738439003920e+02 2.365323289391085950e+02
2.549888051893701686e+02 1.544994768780079539e+02 2.370651810002092361e+02
2.549916300481272344e+02 1.558593848085373565e+02 2.375119271814187130e+02
2.549945595312827038e+02 1.543943293576061819e+02 2.370428960033479768e+02
2.549931994141033726e+02 1.485179953965264588e+02 2.354180790960452043e+02
2.549894329357606182e+02 1.431756643649299008e+02 2.341948106298388836e+02
2.549957103996651995e+02 1.413719397363465191e+02 2.341099602427285902e+02
2.549946641556811073e+02 1.418951663527934670e+02 2.340060682151077742e+02
2.549930947897049691e+02 1.435848503871102650e+02 2.350730278300899840e+02
2.549906884285415458e+02 1.449882820673781225e+02 2.349519774011299376e+02
2.549903745553463068e+02 1.463276836158192111e+02 2.352526679221594463e+02
2.549910023017367564e+02 1.468636744088721571e+02 2.357595731324544772e+02
2.549901653065494997e+02 1.477157355095208118e+02 2.361520192508893103e+02
2.549902699309479033e+02 1.488716258631512801e+02 2.358616865453023763e+02
2.549968612680476951e+02 1.496517053776940713e+02 2.362010880937434649e+02
2.549943502824858683e+02 1.514985352584222653e+02 2.362731743042477603e+02
2.549931994141033726e+02 1.523481899979075251e+02 2.369277045406988975e+02
2.549933040385017762e+02 1.559807491106926136e+02 2.371644695543000694e+02
2.549868173258003878e+02 1.577072609332496427e+02 2.379901653065494997e+02
2.549940364092906577e+02 1.570992885540908048e+02 2.380753295668550038e+02
2.549968612680476951e+02 1.523811466834065698e+02 2.367660598451558940e+02
2.549947687800795109e+02 1.441039966520192479e+02 2.345825486503452737e+02
2.549937225360954187e+02 1.403243356350700992e+02 2.339024900606821404e+02
2.549942456580874648e+02 1.395735509520820301e+02 2.336518100020924749e+02
2.549942456580874648e+02 1.404955011508683924e+02 2.335430006277463804e+02
2.549881774429796906e+02 1.414589872358234004e+02 2.339959196484620350e+02
2.549927809165097301e+02 1.432364511404059328e+02 2.345508474576271283e+02
2.549951872776731534e+02 1.450860012554927891e+02 2.353413894120108694e+02
2.549856664574178637e+02 1.464948734044779144e+02 2.353654530236451023e+02
2.549963381460556491e+02 1.480346306758736148e+02 2.356262816488805072e+02
2.549892236869638111e+02 1.500064867127013883e+02 2.359255074283322813e+02
2.549919439213224450e+02 1.500533584431889551e+02 2.365604729022808215e+02
2.549903745553463068e+02 1.510896631094371116e+02 2.367652228499686089e+02
2.549863988282067453e+02 1.522708725674827406e+02 2.370311780707260993e+02
2.549950826532747499e+02 1.539282276626909436e+02 2.370522075748064310e+02
2.549956057752667959e+02 1.547504708097928301e+02 2.374096045197740068e+02
2.549962335216572455e+02 1.502408453651391369e+02 2.362503661853944266e+02
2.549891190625653792e+02 1.407718141870684292e+02 2.338029922577945285e+02
2.549918392969240415e+02 1.377772546557857254e+02 2.334831554718560369e+02
2.549872358233940020e+02 1.379142079933040463e+02 2.338256957522494304e+02
2.549879681941828835e+02 1.386740949989537626e+02 2.340206110064867175e+02
2.549905838041431139e+02 1.398174304247750683e+02 2.340164260305503205e+02
2.549940364092906577e+02 1.414124293785310726e+02 2.342200251098556123e+02
2.549927809165097301e+02 1.427253609541745050e+02 2.347915881983678617e+02
2.549930947897049691e+02 1.441921950198786249e+02 2.355455116133082356e+02
2.549910023017367564e+02 1.467074701820464497e+02 2.353091650973006779e+02
2.549945595312827038e+02 1.484880728185812870e+02 2.355756434400502144e+02
2.549907930529399493e+02 1.500065913370998203e+02 2.361894747855199910e+02
2.549963381460556491e+02 1.518407616656204198e+02 2.369045825486503531e+02
2.549949780288763463e+02 1.541025319104415132e+02 2.373955848503871096e+02
2.549956057752667959e+02 1.561786984724837737e+02 2.377623979912115431e+02
2.549945595312827038e+02 1.587797656413475522e+02 2.383686963799958107e+02
2.549963381460556491e+02 1.593611634233103018e+02 2.382541326637371810e+02
2.549955011508683924e+02 1.557882402176187497e+02 2.374898514333542607e+02
2.549918392969240415e+02 1.489818999790751093e+02 2.357232684662063207e+02
2.549799121155053285e+02 1.456082862523540484e+02 2.350404896421845535e+02
2.549958150240636030e+02 1.452364511404059328e+02 2.352906465787821730e+02
2.549936179116970152e+02 1.459758317639673635e+02 2.357565390249006043e+02
2.549928855409081336e+02 1.475055450931157282e+02 2.360209248796819281e+02
2.549918392969240415e+02 1.491588198367859377e+02 2.366737811257585236e+02
2.549901653065494997e+02 1.505921740949989669e+02 2.370000000000000000e+02
2.549904791797447103e+02 1.521589244611843412e+02 2.373744507219083459e+02
2.549925716677129230e+02 1.538517472274534441e+02 2.373118853316593402e+02
2.549902699309479033e+02 1.550046034735300395e+02 2.379205900816070312e+02
2.549911069261351884e+02 1.565617283950617207e+02 2.379972797656413377e+02
2.549923624189160876e+02 1.576747227453442122e+02 2.382160493827160508e+02
2.549925716677129230e+02 1.591726302573760279e+02 2.384653693241263852e+02
2.549948734044779144e+02 1.617598870056497162e+02 2.389281230382925401e+02
2.549946641556811073e+02 1.628067587361372546e+02 2.392199204854572088e+02
2.549953965264699605e+02 1.621579828415986526e+02 2.392344632768361521e+02
2.549946641556811073e+02 1.563027830089976931e+02 2.383276836158192111e+02
2.549950826532747499e+02 1.482842644904791882e+02 2.363611634233103018e+02
2.549926762921113266e+02 1.447410546139359724e+02 2.356532747436702380e+02
2.549918392969240415e+02 1.449578363674408763e+02 2.357259887005649830e+02
2.549859803306131028e+02 1.455122410546139236e+02 2.358142916928227635e+02
2.549880728185812870e+02 1.469750993931784819e+02 2.357612471228290474e+02
2.549906884285415458e+02 1.481930320150659099e+02 2.358686963799958107e+02
2.549935132872986117e+02 1.492325800376647749e+02 2.363895166352793353e+02
2.549860849550115063e+02 1.501122619794936099e+02 2.366619585687382425e+02
2.549924670433144911e+02 1.518203599079305377e+02 2.366180163214061452e+02
2.549877589453860764e+02 1.520186231429169368e+02 2.372952500523122126e+02
2.549857710818162673e+02 1.526667712910650891e+02 2.370611006486712711e+02
2.549943502824858683e+02 1.532138522703494345e+02 2.372837413684871422e+02
2.549887005649717651e+02 1.539314710190416520e+02 2.375283532119690335e+02
2.549897468089558572e+02 1.544079305293994651e+02 2.376592383343795802e+02
2.549902699309479033e+02 1.550540908139778082e+02 2.378207784055241802e+02
2.549950826532747499e+02 1.492604101276417623e+02 2.362562251517053653e+02
2.549885959405733331e+02 1.417704540698890980e+02 2.344958150240636030e+02
2.549924670433144911e+02 1.393374136848713079e+02 2.340531491943921196e+02
2.549882820673781225e+02 1.381853944339819975e+02 2.344333542582130292e+02
2.549799121155053285e+02 1.389740531491943898e+02 2.338679640092069576e+02
2.549879681941828835e+02 1.393923414940364012e+02 2.340790960451977298e+02
2.549902699309479033e+02 1.408345888261142420e+02 2.346805817116551509e+02
2.549867127014019559e+02 1.414042686754551141e+02 2.350993931784892368e+02
2.549891190625653792e+02 1.420527306967985055e+02 2.347764176605984403e+02
2.549907930529399493e+02 1.424442351956476216e+02 2.350370370370370381e+02
2.549902699309479033e+02 1.434720652856246090e+02 2.349786566227244293e+02
2.549898514333542607e+02 1.435645532538187865e+02 2.349601381042058961e+02
2.549925716677129230e+02 1.445351537978656609e+02 2.357234777150031277e+02
2.549916300481272344e+02 1.461252354048964150e+02 2.361937643858547915e+02
2.549911069261351884e+02 1.477651182255702054e+02 2.363993513287298640e+02
2.549929901653065372e+02 1.488748692195019885e+02 2.367928436911487893e+02
2.549968612680476951e+02 1.457051684452814300e+02 2.362413684871312114e+02
2.549986398828206688e+02 1.380658087465997141e+02 2.341537978656622840e+02
2.549945595312827038e+02 1.351061937643858641e+02 2.331677129106507778e+02
2.549887005649717651e+02 1.355604729022808215e+02 2.339402594685080601e+02
2.549875496965892410e+02 1.356638418079095914e+02 2.340454069889098037e+02
2.549892236869638111e+02 1.368606403013182558e+02 2.344242519355513821e+02
2.549911069261351884e+02 1.380880937434609734e+02 2.345788867964009228e+02
2.549934086629001797e+02 1.398987235823394144e+02 2.348794726930320280e+02
2.549884913161749296e+02 1.414646369533375321e+02 2.349390039757271325e+02
2.549871311989955984e+02 1.425150659133709894e+02 2.352183511194810706e+02
2.549843063402385326e+02 1.444318895166352661e+02 2.357403222431470908e+02
2.549878635697844800e+02 1.454330403850177902e+02 2.361474157773592708e+02
2.549876543209876445e+02 1.470621468926553632e+02 2.367656413475622514e+02
2.549951872776731534e+02 1.488796819418288351e+02 2.370877798702657344e+02
2.549897468089558572e+02 1.513203599079305377e+02 2.373953756015903025e+02
2.549889098137685721e+02 1.530953128269512433e+02 2.382043314500941733e+02
2.549902699309479033e+02 1.542495291902071699e+02 2.379178698472483688e+02
2.549978028876333838e+02 1.504759363883657670e+02 2.371016949152542281e+02
2.549915254237288025e+02 1.421452186649926830e+02 2.355443607449257115e+02
2.549873404477924339e+02 1.402548650345260626e+02 2.352779870265746069e+02
2.549885959405733331e+02 1.398408662900188233e+02 2.354161958568738271e+02
2.549923624189160876e+02 1.413746599707051814e+02 2.355026156099602304e+02
2.549904791797447103e+02 1.440711445909186068e+02 2.361731533793680740e+02
2.549854572086210567e+02 1.459730069052102976e+02 2.363207784055241802e+02
2.549862942038083418e+02 1.484227871939736474e+02 2.371048336472065330e+02
2.549893283113622147e+02 1.503228708934923645e+02 2.371841389412010983e+02
2.549876543209876445e+02 1.526952291274325262e+02 2.377548650345260626e+02
2.549920485457208486e+02 1.540874659970705238e+02 2.383218246495082724e+02
2.549961288972588420e+02 1.560579619167189662e+02 2.389294831554718428e+02
2.549906884285415458e+02 1.581049382716049365e+02 2.391744088721489732e+02
2.549900606821510678e+02 1.599123247541326691e+02 2.395140196693868972e+02
2.549924670433144911e+02 1.614460138104205953e+02 2.398342749529190314e+02
2.549901653065494997e+02 1.612706633186859051e+02 2.399211132035990772e+02
2.549918392969240415e+02 1.568814605566018088e+02 2.391548441096463762e+02
2.549942456580874648e+02 1.455764804352374995e+02 2.363456790123456699e+02
2.549891190625653792e+02 1.411983678593848026e+02 2.353538397154216284e+02
2.549878635697844800e+02 1.398264281230382835e+02 2.353332287089349109e+02
2.549946641556811073e+02 1.395171584013392021e+02 2.353208830299225838e+02
2.549824231010671554e+02 1.403003766478342698e+02 2.356067168863779102e+02
2.549885959405733331e+02 1.421130989746808950e+02 2.361711655157982932e+02
2.549866080770035524e+02 1.436119481062983994e+02 2.356813140824440325e+02
2.549928855409081336e+02 1.441240845365139194e+02 2.357242100857920093e+02
2.549815861058798987e+02 1.446576689684034420e+02 2.363796819418288351e+02
2.549859803306131028e+02 1.451286880100439305e+02 2.369323080142289086e+02
2.549863988282067453e+02 1.462238962125967703e+02 2.366344423519564657e+02
2.549938271604938222e+02 1.481333961079723736e+02 2.366562042268257073e+02
2.549905838041431139e+02 1.486371625863151280e+02 2.369752040175768855e+02
2.549943502824858683e+02 1.503323917137476542e+02 2.376053567691985791e+02
2.549829462230592299e+02 1.517231638418079172e+02 2.371949152542372872e+02
2.549880728185812870e+02 1.473018413894120044e+02 2.364174513496547263e+02
2.549936179116970152e+02 1.392452395898723694e+02 2.348005858966311052e+02
2.549949780288763463e+02 1.361542163632558982e+02 2.340376647834274877e+02
2.549875496965892410e+02 1.360870474994768813e+02 2.337787193973634601e+02
2.549878635697844800e+02 1.367156308851224082e+02 2.342996442770454166e+02
2.549903745553463068e+02 1.377356141452186762e+02 2.346165515798284105e+02
2.549888051893701686e+02 1.386756643649299008e+02 2.348095835948943204e+02
2.549901653065494997e+02 1.399091860221803643e+02 2.345986608077003552e+02
2.549903745553463068e+02 1.402680477087256747e+02 2.352196066122619698e+02
2.549913161749319954e+02 1.410051265955220856e+02 2.354110692613517415e+02
2.549926762921113266e+02 1.421054613935969826e+02 2.357646997279765628e+02
2.549948734044779144e+02 1.430366185394433955e+02 2.360496965892446042e+02
2.549926762921113266e+02 1.440672734881774488e+02 2.363275789914208076e+02
2.549879681941828835e+02 1.455486503452605120e+02 2.364741577735927933e+02
2.549881774429796906e+02 1.473750784682987955e+02 2.369658924461184313e+02
2.549899560577526643e+02 1.484468508056078804e+02 2.370948943293576008e+02
2.549835739694496795e+02 1.456720025109855499e+02 2.364355513705796170e+02
2.549894329357606182e+02 1.390436283741368584e+02 2.348131408244402678e+02
2.549881774429796906e+02 1.363848085373509207e+02 2.343766478342749622e+02
2.549948734044779144e+02 1.362946223059217346e+02 2.340228081188533054e+02
2.549916300481272344e+02 1.366798493408662978e+02 2.345405942665829571e+02
2.549940364092906577e+02 1.377893910860012454e+02 2.348669177652228370e+02
2.549920485457208486e+02 1.394723791588198480e+02 2.351534839924670450e+02
2.549916300481272344e+02 1.409552207574806459e+02 2.352254655785729369e+02
2.549892236869638111e+02 1.421955430006277368e+02 2.354211132035990772e+02
2.549916300481272344e+02 1.427192927390667592e+02 2.359316802678384590e+02
2.549970705168445306e+02 1.432052730696798619e+02 2.359994768780079539e+02
2.549927809165097301e+02 1.432082025528353313e+02 2.358274743670223756e+02
2.549944549068842718e+02 1.443351119481062881e+02 2.362750575434191376e+02
2.549959196484620350e+02 1.450232266164469479e+02 2.365238543628374259e+02
2.549874450721908374e+02 1.458790541954383855e+02 2.366461602845783716e+02
2.549941410336890613e+02 1.460662272441933567e+02 2.368215107763130334e+02
2.549896421845574253e+02 1.431642603055032339e+02 2.360379786566227267e+02
2.549916300481272344e+02 1.371193764385854763e+02 2.344408872148985097e+02
2.549938271604938222e+02 1.346121573550952064e+02 2.348595940573341636e+02
2.549908976773383529e+02 1.349192299644277000e+02 2.343713119899560695e+02
2.549916300481272344e+02 1.372765222849968723e+02 2.350507428332286963e+02
2.549875496965892410e+02 1.398615819209039444e+02 2.355454069889098037e+02
2.549906884285415458e+02 1.384742623979912253e+02 2.347735928018414029e+02
2.549895375601590217e+02 1.383929692404268792e+02 2.346904164051056796e+02
2.549904791797447103e+02 1.408253818790541914e+02 2.357586315128687886e+02
2.549874450721908374e+02 1.441777568528980851e+02 2.361078677547604059e+02
2.549867127014019559e+02 1.456101694915254257e+02 2.363858547813350128e+02
2.549849340866290106e+02 1.477188742414731166e+02 2.371909395270977257e+02
2.549928855409081336e+02 1.499461184348189988e+02 2.378538397154216284e+02
2.549911069261351884e+02 1.521771291065076355e+02 2.384834693450512759e+02
2.549947687800795109e+02 1.538703703703703809e+02 2.384105461393596954e+02
2.549904791797447103e+02 1.546563088512241109e+02 2.384595103578154465e+02
2.549789704959196399e+02 1.526931366394643135e+02 2.379428750784682904e+02
2.549912115505335919e+02 1.457271395689474787e+02 2.364418288344841983e+02
2.549862942038083418e+02 1.407680477087256747e+02 2.350690521029503941e+02
2.549944549068842718e+02 1.385436283741368584e+02 2.349209039548022702e+02
2.549919439213224450e+02 1.377553881565181086e+02 2.343667085164260300e+02
2.549923624189160876e+02 1.378933877380204933e+02 2.350191462649089829e+02
2.549876543209876445e+02 1.383759154634860806e+02 2.350439422473320690e+02
2.549853525842226531e+02 1.403344842017158385e+02 2.349344005021971213e+02
2.549908976773383529e+02 1.404579409918393083e+02 2.347517263025737577e+02
2.549922577945176840e+02 1.407719188114668327e+02 2.350498012136430077e+02
2.549920485457208486e+02 1.408977819627537258e+02 2.347617702448210935e+02
2.549898514333542607e+02 1.425346306758736148e+02 2.355858966310943572e+02
2.549862942038083418e+02 1.427932621887424034e+02 2.352958777987026622e+02
2.549852479598242212e+02 1.440645532538187865e+02 2.356317221175978318e+02
2.549851433354258177e+02 1.458163841807909478e+02 2.359530236451140297e+02
2.549883866917765260e+02 1.461173885750156956e+02 2.363843900397572781e+02
2.549888051893701686e+02 1.453915044988491445e+02 2.364732161540071047e+02
2.549850387110274141e+02 1.428231847666876035e+02 2.356009625444653750e+02
2.549885959405733331e+02 1.408210922787193908e+02 2.356586105879891306e+02
2.549898514333542607e+02 1.401748273697426157e+02 2.349083490269931076e+02
2.549799121155053285e+02 1.415762711864406640e+02 2.348059217409499979e+02
2.549895375601590217e+02 1.427397991211550448e+02 2.356916718978865788e+02
2.549905838041431139e+02 1.447380205063820995e+02 2.360443607449257115e+02
2.549975936388365767e+02 1.460741786984724797e+02 2.359205900816070312e+02
2.549955011508683924e+02 1.466300481272232616e+02 2.361853944339819975e+02
2.549958150240636030e+02 1.472096672944130660e+02 2.365782590500104732e+02
2.549955011508683924e+02 1.482309060472902331e+02 2.366405105670642399e+02
2.549958150240636030e+02 1.487958777987026622e+02 2.368405524168236127e+02
2.549969658924461271e+02 1.500498012136430077e+02 2.370650763758108326e+02
2.549946641556811073e+02 1.514783427495291903e+02 2.371222012973425421e+02
2.549956057752667959e+02 1.525926972169910130e+02 2.374599288554090890e+02
2.549948734044779144e+02 1.523050847457627128e+02 2.372592592592592666e+02
2.549927809165097301e+02 1.507186649926762811e+02 2.367368696379995754e+02
2.549917346725256380e+02 1.485713538397154139e+02 2.362253609541745050e+02
2.549860849550115063e+02 1.470176815233312482e+02 2.363781125758526969e+02
2.549901653065494997e+02 1.474057334170328488e+02 2.364145218664992569e+02
2.549930947897049691e+02 1.486068215107763137e+02 2.365852688847039076e+02
2.549905838041431139e+02 1.500853735091023111e+02 2.368279974890144501e+02
2.549976982632349802e+02 1.517390667503661916e+02 2.368874241473111510e+02
2.549905838041431139e+02 1.538518518518518476e+02 2.374459091860221918e+02
2.549893283113622147e+02 1.552739066750366135e+02 2.379727976564134622e+02
2.549923624189160876e+02 1.576328729859803275e+02 2.383175350491734719e+02
2.549894329357606182e+02 1.593321824649508187e+02 2.382819627537141685e+02
2.549862942038083418e+02 1.604390039757271325e+02 2.391341284787612551e+02
2.549873404477924339e+02 1.621088093743460945e+02 2.394427704540698869e+02
2.549890144381669757e+02 1.632233730906047242e+02 2.397093534212178270e+02
2.549939317848922258e+02 1.637770454069889183e+02 2.397653274743670124e+02
2.549891190625653792e+02 1.619331450094161937e+02 2.393211969031177944e+02
2.549955011508683924e+02 1.589485247959824221e+02 2.386637371835111878e+02
2.549893283113622147e+02 1.554347143753923319e+02 2.377340447792425095e+02
2.549912115505335919e+02 1.546233521657250378e+02 2.379935132872986117e+02
2.549903745553463068e+02 1.555293994559531257e+02 2.377490060682150954e+02
2.549938271604938222e+02 1.561008579200669715e+02 2.385197740112994325e+02
2.549911069261351884e+02 1.573500732370788739e+02 2.382639673571877097e+02
2.549951872776731534e+02 1.584685080560786901e+02 2.388624189160912294e+02
2.549915254237288025e+02 1.604639045825486505e+02 2.389240426867545466e+02
2.549928855409081336e+02 1.615246913580246826e+02 2.392898095835948880e+02
2.549893283113622147e+02 1.624772965055450982e+02 2.393380414312617575e+02
2.549926762921113266e+02 1.635410127641765996e+02 2.393788449466415500e+02
2.549922577945176840e+02 1.639709144172421134e+02 2.395277254655785839e+02
2.549941410336890613e+02 1.651395689474785513e+02 2.397106089139987546e+02
2.549926762921113266e+02 1.658024691358024825e+02 2.399477924251935690e+02
2.549906884285415458e+02 1.661811048336471970e+02 2.398322870893492222e+02
2.549941410336890613e+02 1.641517053776940713e+02 2.396693869010253195e+02
2.549938271604938222e+02 1.607812303829252869e+02 2.385897677338355436e+02
2.549871311989955984e+02 1.560644486294203830e+02 2.371881146683406598e+02
2.549942456580874648e+02 1.536121573550952064e+02 2.371290018832391695e+02
2.549944549068842718e+02 1.514016530654948838e+02 2.368147101904164060e+02
2.549910023017367564e+02 1.504989537560159079e+02 2.365879891190625699e+02
2.549833647206528440e+02 1.500522075748064310e+02 2.368738229755178963e+02
2.549885959405733331e+02 1.504491525423728717e+02 2.366913580246913682e+02
2.549741577735927933e+02 1.512477505754341962e+02 2.365207156308851211e+02
2.549920485457208486e+02 1.513951663527934670e+02 2.367602008788449552e+02
2.549744716467880323e+02 1.521992048545720877e+02 2.367957731743042586e+02
2.549785519983259974e+02 1.523482946223059287e+02 2.369869219501987914e+02
2.549793889935132825e+02 1.535624607658506022e+02 2.373621050428959904e+02
2.549820046034735412e+02 1.546760828625235433e+02 2.375261560996024173e+02
2.549871311989955984e+02 1.564028039338773794e+02 2.381775476041012780e+02
2.549948734044779144e+02 1.575713538397154139e+02 2.385089976982632436e+02
2.549845155890353681e+02 1.582943084327265240e+02 2.380145427913789433e+02
2.549862942038083418e+02 1.559903745553463068e+02 2.376908349026993221e+02
2.549955011508683924e+02 1.532604101276417623e+02 2.373463067587361479e+02
2.549955011508683924e+02 1.510891399874450656e+02 2.373206737811257483e+02
2.549936179116970152e+02 1.519067796610169410e+02 2.369134756225151648e+02
2.549921531701192805e+02 1.538647206528562492e+02 2.373676501360117186e+02
2.549926762921113266e+02 1.559152542372881385e+02 2.380818162795563921e+02
2.549934086629001797e+02 1.588034107553881427e+02 2.386821510776313175e+02
2.549912115505335919e+02 1.609133709981167613e+02 2.392019250889307500e+02
2.549873404477924339e+02 1.627127014019669389e+02 2.392005649717514189e+02
2.549911069261351884e+02 1.638368905628792618e+02 2.396841389412010983e+02
2.549882820673781225e+02 1.638953756015903025e+02 2.393109437120736516e+02
2.549916300481272344e+02 1.644395270977191785e+02 2.395352584222640644e+02
2.549949780288763463e+02 1.651476250261561063e+02 2.395193555137057899e+02
2.549956057752667959e+02 1.666638418079095914e+02 2.396670851642602997e+02
2.549959196484620350e+02 1.682691985771081704e+02 2.399001883239171491e+02
2.549958150240636030e+02 1.687900188323917234e+02 2.402272441933458822e+02
2.549943502824858683e+02 1.669020715630885263e+02 2.393705796191671880e+02
2.549947687800795109e+02 1.635819209039547957e+02 2.390735509520820301e+02
2.549936179116970152e+02 1.611667712910650891e+02 2.386830926972169777e+02
2.549947687800795109e+02 1.585703075957313217e+02 2.380480225988700624e+02
2.549920485457208486e+02 1.558607449257166877e+02 2.371116342331031603e+02
2.549927809165097301e+02 1.540357815442561105e+02 2.364678803096882120e+02
2.549929901653065372e+02 1.547385436283741456e+02 2.364978028876333838e+02
2.549939317848922258e+02 1.552596777568529092e+02 2.366156099602427219e+02
2.549899560577526643e+02 1.556876961707470173e+02 2.373876333961079865e+02
2.549927809165097301e+02 1.558444235195647707e+02 2.373003766478342698e+02
2.549964427704540810e+02 1.558392969240426851e+02 2.375772128060263526e+02
2.549988491316175043e+02 1.559485247959824221e+02 2.370673781125758524e+02
2.549938271604938222e+02 1.557248378321824589e+02 2.362859384808537300e+02
2.549850387110274141e+02 1.557939945595312849e+02 2.363758108390876771e+02
2.549861895794099098e+02 1.560004184975936425e+02 2.367757899142079907e+02
2.549899560577526643e+02 1.573694287507846923e+02 2.369465369324126414e+02
2.549957103996651995e+02 1.564605566017995386e+02 2.372559112785101547e+02
2.549930947897049691e+02 1.544492571667713037e+02 2.364752040175768855e+02
2.549933040385017762e+02 1.525648671270140255e+02 2.362306967984933976e+02
2.549879681941828835e+02 1.516905210295040831e+02 2.357108181627955616e+02
2.549857710818162673e+02 1.509010253191044058e+02 2.352222222222222285e+02
2.549871311989955984e+02 1.520411173885750031e+02 2.358544674618121064e+02
2.549894329357606182e+02 1.531459510357815361e+02 2.359020715630885263e+02
2.549917346725256380e+02 1.537482736974262423e+02 2.364442351956476216e+02
2.549918392969240415e+02 1.547343586524377486e+02 2.365095208202552897e+02
2.549945595312827038e+02 1.551752458673362582e+02 2.364014438166980483e+02
2.549905838041431139e+02 1.561914626490897717e+02 2.367125967775685353e+02
2.549891190625653792e+02 1.578138731952291209e+02 2.373950617283950635e+02
2.549877589453860764e+02 1.598819836785938548e+02 2.376896840343167980e+02
2.549902699309479033e+02 1.615984515589035482e+02 2.382833228708934996e+02
2.549929901653065372e+02 1.639442351956476216e+02 2.384295877798702747e+02
2.549960242728604385e+02 1.670847457627118615e+02 2.389737392759991508e+02
2.549940364092906577e+02 1.690247959824231145e+02 2.396892655367231555e+02
2.549961288972588420e+02 1.698658715212387449e+02 2.397143753923414806e+02
2.549944549068842718e+02 1.674691358024691397e+02 2.391930320150659099e+02
2.549877589453860764e+02 1.652075748064448533e+02 2.384166143544674696e+02
2.549832600962544404e+02 1.627492153170119309e+02 2.382622933668131395e+02
2.549877589453860764e+02 1.608542582130152709e+02 2.378191044151496101e+02
2.549913161749319954e+02 1.597065285624607611e+02 2.377495291902071699e+02
2.549913161749319954e+02 1.601170747018204565e+02 2.382580037664783390e+02
2.549894329357606182e+02 1.613250680058589523e+02 2.381436492990165448e+02
2.549912115505335919e+02 1.620255283532119677e+02 2.381046243984096975e+02
2.549928855409081336e+02 1.636083908767524520e+02 2.384458045616237598e+02
2.549921531701192805e+02 1.649327265118225512e+02 2.383917137476459516e+02
2.549964427704540810e+02 1.664566854990583806e+02 2.391448001673990404e+02
2.549947687800795109e+02 1.690745971960661223e+02 2.396228290437329917e+02
2.549966520192508881e+02 1.704837832182464865e+02 2.397929483155471928e+02
2.549949780288763463e+02 1.714821092278719448e+02 2.397942038083280920e+02
2.549963381460556491e+02 1.722002510985561798e+02 2.398877380205063901e+02
2.549971751412429342e+02 1.732697216991002165e+02 2.402734881774429709e+02
2.549937225360954187e+02 1.729784473739275938e+02 2.404085582757899147e+02
2.549868173258003878e+02 1.683058171165515660e+02 2.392365557648043648e+02
2.549934086629001797e+02 1.629467461812094484e+02 2.381417660598451675e+02
2.549923624189160876e+02 1.593668131408244335e+02 2.376219920485457067e+02
2.549964427704540810e+02 1.582032852061100527e+02 2.371676082862523458e+02
2.549935132872986117e+02 1.574622305921741088e+02 2.370366185394433955e+02
2.549843063402385326e+02 1.580347353002720183e+02 2.372324754132663713e+02
2.549926762921113266e+02 1.592039129525005308e+02 2.378437957731742927e+02
2.549814814814814952e+02 1.595000000000000000e+02 2.378765432098765302e+02
2.549881774429796906e+02 1.603121992048545792e+02 2.378342749529190314e+02
2.549968612680476951e+02 1.602826951245030216e+02 2.377027620841180067e+02
2.549981167608286228e+02 1.613208830299225838e+02 2.381148775894538687e+02
2.549964427704540810e+02 1.621715840133919357e+02 2.382172002510985465e+02
2.549894329357606182e+02 1.636529608704749990e+02 2.384622305921741088e+02
2.549950826532747499e+02 1.639462230592174024e+02 2.387809165097300763e+02
2.549878635697844800e+02 1.651763967357187823e+02 2.388859594057334164e+02
2.549903745553463068e+02 1.659089767733835572e+02 2.386991002301736842e+02
2.549916300481272344e+02 1.652167817535049039e+02 2.388061309897468050e+02
2.549851433354258177e+02 1.613748692195019885e+02 2.383972588407616797e+02
2.549936179116970152e+02 1.546611215735509575e+02 2.370539861895794047e+02
2.549920485457208486e+02 1.509132663737183577e+02 2.359044779242519496e+02
2.549898514333542607e+02 1.504816907302783022e+02 2.355729232056915805e+02
2.549877589453860764e+02 1.510716677129106529e+02 2.355236451140405904e+02
2.549890144381669757e+02 1.523975727139568903e+02 2.359138941201088073e+02
2.549906884285415458e+02 1.539357606193764525e+02 2.368730906047290148e+02
2.549943502824858683e+02 1.548102113412847984e+02 2.371551579828415868e+02
2.549953965264699605e+02 1.551735718769617165e+02 2.371180163214061452e+02
2.549891190625653792e+02 1.566327683615819240e+02 2.372584222640719815e+02
2.549936179116970152e+02 1.565170537769407701e+02 2.374371207365557552e+02
2.549979075120318157e+02 1.574244611843481891e+02 2.375309688219292639e+02
2.549939317848922258e+02 1.587003557229545834e+02 2.375049173467252501e+02
2.549939317848922258e+02 1.593522703494454902e+02 2.380127641766059980e+02
2.549946641556811073e+02 1.608526888470391327e+02 2.380192508893073864e+02
2.549952919020715569e+02 1.623843900397572781e+02 2.383974680895584868e+02
2.549915254237288025e+02 1.638053986189579518e+02 2.388211969031177944e+02
2.549926762921113266e+02 1.631545302364511372e+02 2.382076794308432852e+02
2.549942456580874648e+02 1.595802469135802539e+02 2.376031596568319628e+02
2.549902699309479033e+02 1.547063193136639541e+02 2.369425612052730798e+02
2.549915254237288025e+02 1.522356141452186762e+02 2.363055032433563554e+02
2.549924670433144911e+02 1.520952082025528398e+02 2.357257794517681475e+02
2.549889098137685721e+02 1.526688637790332734e+02 2.360292948315547221e+02
2.549842017158401291e+02 1.540057543419125352e+02 2.368869010253191050e+02
2.549894329357606182e+02 1.558183720443607569e+02 2.364310525214480094e+02
2.549903745553463068e+02 1.567055869428750725e+02 2.370480225988700624e+02
2.549902699309479033e+02 1.582279765641347637e+02 2.373772755806654118e+02
2.549939317848922258e+02 1.601661435446746111e+02 2.381497175141242906e+02
2.549925716677129230e+02 1.612564344005022008e+02 2.383310315965683230e+02
2.549917346725256380e+02 1.623412847876124658e+02 2.384985352584222653e+02
2.549877589453860764e+02 1.641488805189370055e+02 2.391452186649926830e+02
2.549963381460556491e+02 1.653034107553881427e+02 2.395162167817535135e+02
2.549944549068842718e+02 1.663742414731115389e+02 2.394161958568738271e+02
2.549914207993303989e+02 1.684084536513915111e+02 2.396224105461393492e+02
2.549877589453860764e+02 1.689581502406361153e+02 2.396959614982213793e+02
2.549948734044779144e+02 1.682720234358652363e+02 2.395396526469972684e+02
2.549942456580874648e+02 1.644747855199832713e+02 2.389384808537350864e+02
2.549945595312827038e+02 1.607596777568529092e+02 2.381972169910023069e+02
2.549881774429796906e+02 1.587675245867336287e+02 2.375486503452605120e+02
2.549906884285415458e+02 1.583511194810629945e+02 2.376920903954802213e+02
2.549868173258003878e+02 1.595142289181837327e+02 2.376978447373927565e+02
2.549930947897049691e+02 1.612283950617284063e+02 2.379246704331449962e+02
2.549928855409081336e+02 1.623994559531282675e+02 2.382609332496338084e+02
2.549952919020715569e+02 1.635163214061519170e+02 2.389990583804143114e+02
2.549897468089558572e+02 1.649632768361582009e+02 2.391212596777568535e+02
2.549876543209876445e+02 1.667568528980958433e+02 2.388974680895584868e+02
2.549944549068842718e+02 1.673521657250470867e+02 2.393127223268466253e+02
2.549959196484620350e+02 1.681314082444025928e+02 2.394094998953756033e+02
2.549945595312827038e+02 1.674138941201088073e+02 2.395977191881146666e+02
2.549780288763339513e+02 1.677539234149403740e+02 2.398872148985143440e+02
2.549826323498639908e+02 1.689506172839506064e+02 2.395935342121782696e+02
2.549921531701192805e+02 1.693762293366813196e+02 2.391317221175978318e+02
2.549961288972588420e+02 1.677751621678175411e+02 2.393739275999162999e+02
2.549877589453860764e+02 1.627024482109227961e+02 2.384274952919020620e+02
2.549921531701192805e+02 1.578290437329985423e+02 2.372956685499058267e+02
2.549929901653065372e+02 1.551622724419334531e+02 2.367244193345888164e+02
2.549849340866290106e+02 1.539387947269303254e+02 2.370156936597614674e+02
2.549833647206528440e+02 1.542928436911487893e+02 2.369781335007323833e+02
2.549815861058798987e+02 1.546307804980121432e+02 2.371225151705377812e+02
2.549800167399037321e+02 1.554631722117597690e+02 2.375275162167817484e+02
2.549726930320150586e+02 1.571132035990792986e+02 2.372463904582548651e+02
2.549906884285415458e+02 1.576218874241473031e+02 2.375994978028876403e+02
2.549927809165097301e+02 1.575002092487968071e+02 2.375365139150449920e+02
2.549887005649717651e+02 1.583598033061309991e+02 2.379549068842854069e+02
2.549945595312827038e+02 1.596408244402594789e+02 2.376068215107763137e+02
2.549911069261351884e+02 1.606922996442770568e+02 2.380973006905210241e+02
2.549969658924461271e+02 1.614129525005231187e+02 2.380970914417242170e+02
2.549928855409081336e+02 1.635742833228708832e+02 2.387708725674827406e+02
2.549970705168445306e+02 1.655039757271395615e+02 2.394544883866917644e+02
2.549946641556811073e+02 1.666779661016949206e+02 2.396351747227453473e+02
2.549944549068842718e+02 1.641753504917346618e+02 2.387152123875287657e+02
2.549971751412429342e+02 1.588039338773802172e+02 2.371646788030968764e+02
2.549942456580874648e+02 1.534313663946432200e+02 2.363983050847457719e+02
2.549935132872986117e+02 1.505669596149822098e+02 2.359345051265955249e+02
2.549900606821510678e+02 1.508644067796610102e+02 2.362065285624607611e+02
2.549978028876333838e+02 1.521251307804980115e+02 2.363853316593429668e+02
2.549960242728604385e+02 1.536557857292320648e+02 2.366259677756852966e+02
2.549976982632349802e+02 1.555109855618330243e+02 2.368158610587989017e+02
2.549938271604938222e+02 1.570619376438585562e+02 2.374023854362837369e+02
2.549953965264699605e+02 1.589486294203808256e+02 2.376771291065076355e+02
2.549959196484620350e+02 1.600825486503452737e+02 2.382823812513078110e+02
2.549935132872986117e+02 1.620768989328311420e+02 2.384087675245867217e+02
2.549960242728604385e+02 1.626026365348399167e+02 2.387200251098556123e+02
2.549962335216572455e+02 1.643319732161540117e+02 2.389258213015275203e+02
2.549933040385017762e+02 1.657545511613308236e+02 2.394860849550115063e+02
2.549961288972588420e+02 1.675225988700564983e+02 2.394899560577526643e+02
2.549926762921113266e+02 1.693177442979702789e+02 2.397593638836576702e+02
2.549753086419753174e+02 1.695683197321615410e+02 2.399338773802050753e+02
2.549943502824858683e+02 1.669425612052730798e+02 2.392017158401339145e+02
2.549920485457208486e+02 1.624659970705168348e+02 2.383647206528562492e+02
2.549907930529399493e+02 1.585420590081606917e+02 2.373664992676292229e+02
2.549927809165097301e+02 1.571889516635279449e+02 2.372748482946223021e+02
2.549890144381669757e+02 1.567306967984933976e+02 2.370619376438585562e+02
2.549884913161749296e+02 1.581052521448001755e+02 2.378962125967775592e+02
2.549900606821510678e+02 1.601009625444653750e+02 2.381436492990165448e+02
2.549904791797447103e+02 1.611405105670642399e+02 2.382339401548441060e+02
2.549911069261351884e+02 1.626842435655995018e+02 2.390102531910441428e+02
2.549957103996651995e+02 1.638445281439631742e+02 2.391211550533584500e+02
2.549969658924461271e+02 1.654584641138313543e+02 2.391120527306968029e+02
2.549933040385017762e+02 1.666950198786356907e+02 2.392942038083280920e+02
2.549947687800795109e+02 1.687245239589872483e+02 2.398873195229127475e+02
2.549929901653065372e+02 1.694888051893701686e+02 2.397228499686126781e+02
2.549940364092906577e+02 1.697954593011090196e+02 2.397775685289809644e+02
2.549971751412429342e+02 1.704408872148985097e+02 2.398523749738438937e+02
2.549925716677129230e+02 1.717732789286461639e+02 2.405154844109646319e+02
2.549939317848922258e+02 1.710169491525423666e+02 2.400699937225360827e+02
2.549928855409081336e+02 1.672046453232893839e+02 2.392646997279765628e+02
2.549953965264699605e+02 1.614201715840133886e+02 2.378375183092697114e+02
2.549981167608286228e+02 1.581772337309060390e+02 2.368079096045197787e+02
2.549905838041431139e+02 1.556084955011508555e+02 2.365846411383134580e+02
2.549936179116970152e+02 1.561718978865871463e+02 2.363754969658924381e+02
2.549904791797447103e+02 1.569878635697844800e+02 2.370435237497384264e+02
2.549905838041431139e+02 1.577413684871312114e+02 2.368425402803933935e+02
2.549892236869638111e+02 1.586728395061728349e+02 2.367264071981585971e+02
2.549881774429796906e+02 1.595716677129106529e+02 2.374192299644277000e+02
2.549894329357606182e+02 1.595487549696589156e+02 2.372975517890772039e+02
2.549951872776731534e+02 1.609733207784055367e+02 2.378655576480435343e+02
2.549953965264699605e+02 1.615598451558903434e+02 2.376973216154007105e+02
2.549929901653065372e+02 1.624903745553463068e+02 2.378459928855409089e+02
2.549933040385017762e+02 1.642358233940154832e+02 2.381043105252144869e+02
2.549947687800795109e+02 1.652746390458254950e+02 2.383916091232475480e+02
2.549893283113622147e+02 1.665915463486084889e+02 2.391580874659970846e+02
2.549911069261351884e+02 1.651631094371207382e+02 2.389814814814814952e+02
2.549897468089558572e+02 1.615805607867754645e+02 2.376009625444653750e+02
2.549948734044779144e+02 1.539746808955848394e+02 2.355899769826323507e+02
2.549880728185812870e+02 1.494904791797447103e+02 2.343856455325381773e+02
2.549935132872986117e+02 1.477821720025109755e+02 2.341559949780288719e+02
2.549897468089558572e+02 1.471541117388574946e+02 2.342026574597196031e+02
2.549902699309479033e+02 1.494042686754551141e+02 2.343752877170956310e+02
2.549897468089558572e+02 1.498576061937643829e+02 2.342638627327892777e+02
2.549826323498639908e+02 1.509539652646997183e+02 2.345092069470600507e+02
2.549916300481272344e+02 1.524877589453860764e+02 2.348452605147520273e+02
2.549899560577526643e+02 1.529629629629629619e+02 2.350619376438585562e+02
2.549836785938480830e+02 1.540524168236032665e+02 2.354560577526679310e+02
2.549950826532747499e+02 1.540508474576271283e+02 2.355189370161121474e+02
2.549935132872986117e+02 1.548001673990374627e+02 2.351964846202134254e+02
2.549925716677129230e+02 1.559817953546767058e+02 2.356635279347143808e+02
2.549974890144381732e+02 1.575216572504708097e+02 2.360062774639045813e+02
2.549812722326846597e+02 1.588523749738438937e+02 2.362027620841180067e+02
2.549959196484620350e+02 1.594583594894329224e+02 2.361924042686754603e+02
2.549964427704540810e+02 1.574063611634232984e+02 2.359421427076794373e+02
2.549953965264699605e+02 1.507312199204854437e+02 2.338958987235823486e+02
2.549858757062146992e+02 1.449720652856246090e+02 2.323927599916300437e+02
2.549870265745971949e+02 1.425551370579619288e+02 2.321220966729441386e+02
2.549943502824858683e+02 1.422429378531073496e+02 2.321667712910650891e+02
2.549956057752667959e+02 1.431330822347771630e+02 2.323113622096672941e+02
2.549898514333542607e+02 1.450648671270140255e+02 2.330053358443188927e+02
2.549899560577526643e+02 1.466313036200041893e+02 2.337856246076585194e+02
2.549849340866290106e+02 1.481654111738857580e+02 2.335925925925925810e+02
2.549856664574178637e+02 1.496782799748901311e+02 2.341828834484201707e+02
2.549899560577526643e+02 1.509333542582130292e+02 2.346288972588407660e+02
2.549920485457208486e+02 1.520052312199204891e+02 2.346053567691985791e+02
2.549967566436492916e+02 1.534673571876961660e+02 2.350346306758736148e+02
2.549883866917765260e+02 1.552066331868591647e+02 2.356516007532956678e+02
2.549956057752667959e+02 1.566185394433981912e+02 2.361829880728185742e+02
2.549934086629001797e+02 1.582316384180790863e+02 2.365482318476668695e+02
2.549955011508683924e+02 1.600899769826323507e+02 2.368382506800585929e+02
2.549914207993303989e+02 1.604136848713120003e+02 2.371326637371835204e+02
2.549933040385017762e+02 1.592885540908139888e+02 2.364121155053358336e+02
2.549858757062146992e+02 1.542202343586524478e+02 2.351707470182046507e+02
2.549840970914417255e+02 1.480578572923205627e+02 2.335852688847039076e+02
2.549908976773383529e+02 1.458531073446327753e+02 2.329813768570830632e+02
2.549918392969240415e+02 1.457998535258422237e+02 2.332385436283741456e+02
2.549901653065494997e+02 1.469280184138941081e+02 2.338307177233730840e+02
2.549920485457208486e+02 1.487743251726302560e+02 2.345140196693868972e+02
2.549912115505335919e+02 1.498522703494454902e+02 2.350697844737392757e+02
2.549949780288763463e+02 1.510691567273488261e+02 2.350974053149194276e+02
2.549937225360954187e+02 1.519745762711864359e+02 2.354189160912324894e+02
2.549959196484620350e+02 1.534187068424356539e+02 2.353770663318686047e+02
2.549964427704540810e+02 1.545060682151077742e+02 2.356287926344423624e+02
2.549928855409081336e+02 1.553700564971751419e+02 2.359968612680476951e+02
2.549919439213224450e+02 1.571321406151914744e+02 2.360918602218037279e+02
2.549987445072190724e+02 1.573990374555346250e+02 2.366009625444653750e+02
2.549929901653065372e+02 1.589893283113622147e+02 2.367676292111320322e+02
2.549924670433144911e+02 1.604770872567482627e+02 2.371017995396526601e+02
2.549946641556811073e+02 1.613533165934295823e+02 2.372804980121364338e+02
2.549962335216572455e+02 1.587476459510357927e+02 2.363721489851433262e+02
2.549925716677129230e+02 1.529731115296087012e+02 2.351970077422054715e+02
2.549917346725256380e+02 1.477655367231638479e+02 2.336277463904582419e+02
2.549868173258003878e+02 1.456462649089767751e+02 2.333579200669596219e+02
2.549913161749319954e+02 1.450504289600334857e+02 2.330308641975308603e+02
2.549884913161749296e+02 1.458789495710399535e+02 2.333119899560577437e+02
2.549835739694496795e+02 1.466236660389202768e+02 2.341144590918602262e+02
2.549919439213224450e+02 1.481157145846411254e+02 2.343768570830717692e+02
2.549948734044779144e+02 1.488111529608704870e+02 2.338640929064657996e+02
2.549924670433144911e+02 1.484642184557438895e+02 2.348510148566645626e+02
2.549946641556811073e+02 1.496296296296296191e+02 2.348057124921531624e+02
2.549964427704540810e+02 1.502595731324544772e+02 2.352068424356560001e+02
2.549918392969240415e+02 1.512780916509730105e+02 2.349786566227244293e+02
2.549973843900397696e+02 1.526492990165306480e+02 2.355171584013392021e+02
2.549979075120318157e+02 1.541736765013601200e+02 2.354489432935760647e+02
2.549946641556811073e+02 1.552807072609332408e+02 2.361025319104415132e+02
2.549944549068842718e+02 1.560283532119690335e+02 2.362296505545093055e+02
2.549956057752667959e+02 1.573415986608077048e+02 2.361046243984096975e+02
2.549905838041431139e+02 1.557996442770454166e+02 2.358538397154216284e+02
2.549916300481272344e+02 1.516612261979493610e+02 2.352659552207574905e+02
2.549919439213224450e+02 1.463313454697635621e+02 2.336951245030340942e+02
2.549929901653065372e+02 1.433513287298598016e+02 2.328716258631512801e+02
2.549881774429796906e+02 1.414349236241891674e+02 2.325470809792843738e+02
2.549902699309479033e+02 1.424116970077422195e+02 2.332465997070516721e+02
2.549881774429796906e+02 1.438453651391504593e+02 2.338697426239799029e+02
2.549945595312827038e+02 1.447958777987026622e+02 2.336916718978865788e+02
2.549900606821510678e+02 1.449539652646997183e+02 2.341770244821092319e+02
2.549956057752667959e+02 1.458658715212387449e+02 2.345038711027411580e+02
2.549926762921113266e+02 1.460948943293576008e+02 2.343890981376857212e+02
2.549896421845574253e+02 1.468467252563297620e+02 2.341391504498849088e+02
2.549921531701192805e+02 1.472810211341284798e+02 2.343060263653484014e+02
2.549901653065494997e+02 1.485574387947269202e+02 2.351390458254865052e+02
2.549861895794099098e+02 1.489074074074074190e+02 2.350772128060263526e+02
2.549828415986607979e+02 1.502305921740949941e+02 2.354710190416405169e+02
2.549815861058798987e+02 1.513026783845992895e+02 2.354883866917765260e+02
2.549830508474576334e+02 1.530780498012136377e+02 2.359803306130989711e+02
2.549926762921113266e+02 1.541489851433354374e+02 2.358607449257166877e+02
2.549935132872986117e+02 1.535827578991420808e+02 2.360644486294203830e+02
2.549935132872986117e+02 1.497740112994350170e+02 2.354399455953128211e+02
2.549930947897049691e+02 1.426427076794308562e+02 2.333221385227034830e+02
2.549905838041431139e+02 1.390491734672525581e+02 2.328245448838669063e+02
2.549887005649717651e+02 1.381911487758945327e+02 2.328462021343377160e+02
2.549853525842226531e+02 1.390680058589663020e+02 2.332345679012345556e+02
2.549845155890353681e+02 1.412006695961498224e+02 2.339642184557438895e+02
2.549857710818162673e+02 1.430917555974053244e+02 2.340902908558275897e+02
2.549939317848922258e+02 1.446036827788240089e+02 2.344248796819418317e+02
2.549953965264699605e+02 1.462672107135383897e+02 2.347681523331240783e+02
2.549937225360954187e+02 1.483168026783845903e+02 2.352864616028457760e+02
2.549922577945176840e+02 1.492180372462858315e+02 2.353097928436911559e+02
2.549918392969240415e+02 1.505697844737392757e+02 2.358705796191671880e+02
2.549879681941828835e+02 1.520423728813559308e+02 2.364897468089558572e+02
2.549883866917765260e+02 1.533377275580665469e+02 2.366340238543628516e+02
2.549891190625653792e+02 1.553592801841389530e+02 2.366010671688637785e+02
2.549928855409081336e+02 1.559810629838878526e+02 2.371375810839087706e+02
2.549855618330194602e+02 1.574312617702448165e+02 2.377138522703494345e+02
2.549950826532747499e+02 1.584919439213224450e+02 2.376388365766896982e+02
2.549960242728604385e+02 1.570381879054195338e+02 2.372606193764385978e+02
2.549889098137685721e+02 1.527011927181418685e+02 2.362093534212178270e+02
2.549917346725256380e+02 1.482184557438794741e+02 2.350573341703285166e+02
2.549926762921113266e+02 1.451379995815024131e+02 2.343905628792634559e+02
2.549846202134337716e+02 1.438242310106716957e+02 2.344084536513915111e+02
2.549925716677129230e+02 1.446431261770244703e+02 2.342040175768989343e+02
2.549927809165097301e+02 1.451205273069679720e+02 2.341488805189370055e+02
2.549916300481272344e+02 1.464104415149612919e+02 2.348896212596777673e+02
2.549904791797447103e+02 1.472042268256957414e+02 2.351817325800376750e+02
2.549853525842226531e+02 1.481088093743460945e+02 2.351453232893910865e+02
2.549944549068842718e+02 1.490964636953337390e+02 2.351630048127223347e+02
2.549925716677129230e+02 1.497851014856664449e+02 2.353017367650136009e+02
2.549874450721908374e+02 1.506944967566436446e+02 2.361437539234149483e+02
2.549906884285415458e+02 1.523598033061309991e+02 2.359725884076166551e+02
2.549904791797447103e+02 1.527912743251726226e+02 2.360626700146474093e+02
2.549902699309479033e+02 1.536368487131198890e+02 2.366666666666666572e+02
2.549883866917765260e+02 1.543431680267838431e+02 2.371773383553044710e+02
2.549965473948524846e+02 1.554280184138941081e+02 2.372559112785101547e+02
2.549920485457208486e+02 1.550051265955220856e+02 2.371870684243565677e+02
2.549992676292111184e+02 1.506844528143963089e+02 2.355582757899142052e+02
2.549964427704540810e+02 1.460005231219920461e+02 2.348148148148148096e+02
2.549859803306131028e+02 1.441446955430006369e+02 2.340909186022180393e+02
2.549914207993303989e+02 1.430355722954593034e+02 2.341906256539024866e+02
2.549907930529399493e+02 1.432274534421427177e+02 2.344302155262607243e+02
2.549865034526051488e+02 1.437655367231638479e+02 2.342802887633395983e+02
2.549887005649717651e+02 1.446329776103787310e+02 2.338882611424984361e+02
2.549907930529399493e+02 1.447232684662063207e+02 2.348265327474367155e+02
2.549881774429796906e+02 1.454481062983887796e+02 2.359517681523331305e+02
2.549890144381669757e+02 1.457676292111320322e+02 2.359048964218455637e+02
2.549833647206528440e+02 1.464997907512031929e+02 2.356287926344423624e+02
2.549907930529399493e+02 1.464052102950408027e+02 2.354486294203808256e+02
2.549934086629001797e+02 1.471049382716049365e+02 2.357655367231638479e+02
2.549925716677129230e+02 1.479703912952500389e+02 2.357776731533793679e+02
2.549868173258003878e+02 1.483067587361372546e+02 2.355913370998116818e+02
2.549881774429796906e+02 1.496188533165934302e+02 2.358223477715003185e+02
2.549825277254655873e+02 1.517994350282485811e+02 2.367214898514333470e+02
2.549938271604938222e+02 1.521587152123875342e+02 2.364234149403640970e+02
2.549901653065494997e+02 1.511908349026993221e+02 2.360899769826323507e+02
2.549937225360954187e+02 1.475698890981376792e+02 2.356421845574387817e+02
2.549900606821510678e+02 1.445381879054195338e+02 2.348583385645532644e+02
2.549940364092906577e+02 1.421823603264281246e+02 2.342713956894747866e+02
2.549899560577526643e+02 1.412387528771709526e+02 2.341512868801004288e+02
2.549865034526051488e+02 1.418413894120108694e+02 2.345581711655158017e+02
2.549877589453860764e+02 1.425806654111738965e+02 2.349192299644277000e+02
2.549892236869638111e+02 1.437423101067169000e+02 2.348675455116133151e+02
2.549921531701192805e+02 1.447733835530445674e+02 2.350512659552207708e+02
2.549881774429796906e+02 1.448685917555974072e+02 2.347974471646788004e+02
2.549806444862942101e+02 1.462593638836576702e+02 2.355620422682569597e+02
2.549879681941828835e+02 1.468509102322661590e+02 2.357498430634023805e+02
2.549929901653065372e+02 1.469426658296714834e+02 2.357035990793052918e+02
2.549948734044779144e+02 1.480751203180581683e+02 2.361902071563088441e+02
2.549938271604938222e+02 1.491084955011508555e+02 2.360833856455325304e+02
2.549885959405733331e+02 1.498459928855409089e+02 2.363947478551998245e+02
2.549958150240636030e+02 1.510841180163214119e+02 2.363051893701611164e+02
2.549965473948524846e+02 1.529697635488595893e+02 2.366243984097091300e+02
2.549919439213224450e+02 1.537265118225570291e+02 2.364818999790751093e+02
2.549935132872986117e+02 1.517103996652019191e+02 2.365519983260096240e+02
2.549924670433144911e+02 1.483126177024482217e+02 2.357562251517053653e+02
2.549947687800795109e+02 1.452797656413475522e+02 2.350570202971332776e+02
2.549947687800795109e+02 1.436408244402594789e+02 2.349891190625653792e+02
2.549848294622305787e+02 1.444671479388993589e+02 2.350405942665829571e+02
2.549888051893701686e+02 1.457210713538397044e+02 2.351984724837832061e+02
2.549827369742623944e+02 1.465772128060263526e+02 2.358882611424984361e+02
2.549887005649717651e+02 1.481677129106507778e+02 2.363636744088721571e+02
2.549904791797447103e+02 1.486439631722117554e+02 2.362350910232266301e+02
2.549943502824858683e+02 1.503112575852688906e+02 2.365130780498012086e+02
2.549963381460556491e+02 1.517086210504289738e+02 2.367773592801841289e+02
2.549961288972588420e+02 1.519870265745971949e+02 2.371157145846411254e+02
2.549924670433144911e+02 1.528640929064657996e+02 2.367674199623352251e+02
2.549862942038083418e+02 1.528030968821929321e+02 2.373675455116133151e+02
2.549896421845574253e+02 1.536237706633186804e+02 2.370604729022808215e+02
2.549928855409081336e+02 1.547870893492362541e+02 2.372981795354676819e+02
2.549893283113622147e+02 1.557449257166771304e+02 2.370533584431889551e+02
2.549937225360954187e+02 1.555253191044151606e+02 2.368960033479807521e+02
2.549947687800795109e+02 1.507829043732998571e+02 2.364085582757899147e+02
2.549943502824858683e+02 1.461471019041640602e+02 2.350615191462649136e+02
2.549927809165097301e+02 1.433350073237078846e+02 2.345464532328939242e+02
2.549916300481272344e+02 1.417609332496338084e+02 2.338626281648880649e+02
2.549952919020715569e+02 1.407682569575224818e+02 2.340639255074283369e+02
2.549903745553463068e+02 1.419138941201088073e+02 2.341659342958778041e+02
2.549915254237288025e+02 1.421882192927390633e+02 2.345005231219920461e+02
2.549943502824858683e+02 1.422743251726302560e+02 2.345956267001464823e+02
2.549965473948524846e+02 1.431715840133919357e+02 2.345328520611006411e+02
2.549869219501987914e+02 1.434350282485875709e+02 2.348471437539234046e+02
2.549929901653065372e+02 1.447059008160703115e+02 2.351170747018204565e+02
2.549947687800795109e+02 1.453107344632768445e+02 2.360124503034107590e+02
2.549917346725256380e+02 1.447333124084536564e+02 2.353634651600753216e+02
2.549927809165097301e+02 1.444038501778614716e+02 2.354477924251935690e+02
