2.549313045202220565e+02 1.076367961934972186e+02 2.310661181601903138e+02
2.549313045202220565e+02 1.066477002379064203e+02 2.303780729579698630e+02
2.549700634417129379e+02 1.610046590007930263e+02 2.391620737509912829e+02
2.549794805709754257e+02 1.616892347343378162e+02 2.395586835844567872e+02
2.549800753370340942e+02 1.629000793021411653e+02 2.396830888183980903e+02
2.549856264869151516e+02 1.659936558287073751e+02 2.399654044409199116e+02
2.549828509119746229e+02 1.678892743854084131e+02 2.404153449643140448e+02
2.549821570182394908e+02 1.688217684377478065e+02 2.409386399682791478e+02
2.549895915939730457e+02 1.699654044409199116e+02 2.411368953211736823e+02
2.549893933386201468e+02 1.700873314829500487e+02 2.413303925455987269e+02
2.549931601903251419e+02 1.699750198255352984e+02 2.414756145915939669e+02
2.549946471054718415e+02 1.700500594766058668e+02 2.415142743854084131e+02
2.549908802537668464e+02 1.698552735923869932e+02 2.413307890563045248e+02
2.549854282315622527e+02 1.707339413164155530e+02 2.410831681205392556e+02
2.549893933386201468e+02 1.709600515463917532e+02 2.420067406819984228e+02
2.549790840602696278e+02 1.727677438540840740e+02 2.422989690721649367e+02
2.549833465503568561e+02 1.725347938144329873e+02 2.423677636796193440e+02
2.549890959555908125e+02 1.722881641554321845e+02 2.422880650277557493e+02
2.549812648691514596e+02 1.712790444091990594e+02 2.418830293417922235e+02
2.549873116574147502e+02 1.668768834258524976e+02 2.413023394131641624e+02
2.549868160190325170e+02 1.627458366375892069e+02 2.405077319587628892e+02
2.549830491673275219e+02 1.609859238699444859e+02 2.400226011102299708e+02
2.549764076130055628e+02 1.601487906423473362e+02 2.393286082474226930e+02
2.549863203806502838e+02 1.597062846946867580e+02 2.396468080888184033e+02
2.549786875495638299e+02 1.600858445678033206e+02 2.401925059476605782e+02
2.549883029341792167e+02 1.607224425059476687e+02 2.402571371927041923e+02
2.549820578905630555e+02 1.611808088818398232e+02 2.399403251387787463e+02
2.549907811260904111e+02 1.601062648691514596e+02 2.398231562252180709e+02
2.549811657414750243e+02 1.607612014274385501e+02 2.400856463124504501e+02
2.549907811260904111e+02 1.593239492466296667e+02 2.399339809674861215e+02
2.549848334655035558e+02 1.592163957176843780e+02 2.399748215701823995e+02
2.549877081681205482e+02 1.592417724028548776e+02 2.397828112609040545e+02
2.549915741475019786e+02 1.594098929421094510e+02 2.390796986518635947e+02
2.549901863600317142e+02 1.599258524980174343e+02 2.390613600317208522e+02
2.549949444885011758e+02 1.603862014274385501e+02 2.392963917525773070e+02
2.549906819984139474e+02 1.616141950832672478e+02 2.398800555114988242e+02
2.549903846153846132e+02 1.613381245043616161e+02 2.403244448850118999e+02
2.549866177636796181e+02 1.604238699444885015e+02 2.400215107057890691e+02
2.549911776367961806e+02 1.563075931800158571e+02 2.392386003172085509e+02
2.549905828707375122e+02 1.536913164155432128e+02 2.385033703409991972e+02
2.549880055511498824e+02 1.534090007930214199e+02 2.385965503568596375e+02
2.549880055511498824e+02 1.535326130055511555e+02 2.384098929421094510e+02
2.549929619349722429e+02 1.537587232355273557e+02 2.383877874702616850e+02
2.549849325931800195e+02 1.536851704996034869e+02 2.387553528945281585e+02
2.549821570182394908e+02 1.546053727200634285e+02 2.385977398889770029e+02
2.549871134020618513e+02 1.552099524187153179e+02 2.389024583663758960e+02
2.549841395717684236e+02 1.549744250594766015e+02 2.388536875495638299e+02
2.549854282315622527e+02 1.542928231562252108e+02 2.388523988897700292e+02
2.549897898493259447e+02 1.549667922283901760e+02 2.391266851704995986e+02
2.549890959555908125e+02 1.562763679619349659e+02 2.395422283901665423e+02
2.549847343378271205e+02 1.575075337034099903e+02 2.393892743854084131e+02
2.549886994448850146e+02 1.587524781919111945e+02 2.395126883425852498e+02
2.549897898493259447e+02 1.591231165741475024e+02 2.397665543219666802e+02
2.549892942109436831e+02 1.598938342585249757e+02 2.398878865979381487e+02
2.549894924662965821e+02 1.608900674068199805e+02 2.399383425852498135e+02
2.549933584456780409e+02 1.601477002379064345e+02 2.399166336241078454e+02
2.549890959555908125e+02 1.612672482157018123e+02 2.401411578112609106e+02
2.549888977002379136e+02 1.613894726407613121e+02 2.401071570182394908e+02
2.549896907216494810e+02 1.609469666931007055e+02 2.399494448850118999e+02
2.549912767644726443e+02 1.578893735130848484e+02 2.387897501982553479e+02
2.549900872323552790e+02 1.555381641554321845e+02 2.383306899286280611e+02
2.549888977002379136e+02 1.541091395717684236e+02 2.382257137192704306e+02
2.549853291038858174e+02 1.545272601110229971e+02 2.383075931800158571e+02
2.549767049960348970e+02 1.540990285487708036e+02 2.385537272006344267e+02
2.549826526566217240e+02 1.539150475812846821e+02 2.386430412371134082e+02
2.549881046788263177e+02 1.542596153846153868e+02 2.383029341792228308e+02
2.549882038065027814e+02 1.544214908802537707e+02 2.386388778747026151e+02
2.549862212529738201e+02 1.546091395717684236e+02 2.387815226011102254e+02
2.549864195083267191e+02 1.545147700237906463e+02 2.391504758128469348e+02
2.549882038065027814e+02 1.553071966693100592e+02 2.388830293417922235e+02
2.549827517842981877e+02 1.551338223632038194e+02 2.390691911181601768e+02
2.549903846153846132e+02 1.553991871530531341e+02 2.387918318794607444e+02
2.549892942109436831e+02 1.565627478191911166e+02 2.389855273592386879e+02
2.549845360824742215e+02 1.559732355273592361e+02 2.386120142743854160e+02
2.549859238699444859e+02 1.573109635210150543e+02 2.385759318001585996e+02
2.549888977002379136e+02 1.573213719270420370e+02 2.387244250594766015e+02
2.549932593180015772e+02 1.577251189532117337e+02 2.392337430610626541e+02
2.549919706582077765e+02 1.579558881839809601e+02 2.389489492466296667e+02
2.549918715305313128e+02 1.584853291038858174e+02 2.394115781126090496e+02
2.549905828707375122e+02 1.595736518636003041e+02 2.390434179222839077e+02
2.549948453608247405e+02 1.590333068992862877e+02 2.392047977795400584e+02
2.549918715305313128e+02 1.559944488501189426e+02 2.385631443298969145e+02
2.549907811260904111e+02 1.518632038065027814e+02 2.377404837430610485e+02
2.549872125297383150e+02 1.502029143536875608e+02 2.375600713719270516e+02
2.549898889770023800e+02 1.509265463917525665e+02 2.379949444885011758e+02
2.549901863600317142e+02 1.512416732751784423e+02 2.381788263283108620e+02
2.549948453608247405e+02 1.518998810467882663e+02 2.382219468675654355e+02
2.549906819984139474e+02 1.523617168913560533e+02 2.385327121332275908e+02
2.549950436161776395e+02 1.536906225218080806e+02 2.388504163362410679e+02
2.549931601903251419e+02 1.536164750198255433e+02 2.388084853291038883e+02
2.549922680412371108e+02 1.534640166534496473e+02 2.383599325931800195e+02
2.549900872323552790e+02 1.542312648691514596e+02 2.382879659000793140e+02
2.549910785091197454e+02 1.550468873909595686e+02 2.384208961141950738e+02
2.549898889770023800e+02 1.566953806502775706e+02 2.383432791435368756e+02
2.549839413164155530e+02 1.562130253766851808e+02 2.383643933386201468e+02
2.549928628072958077e+02 1.569688739095955725e+02 2.386004163362410679e+02
2.549879064234734471e+02 1.581687153053132420e+02 2.387557494052339280e+02
2.549960348929421059e+02 1.582125297383029476e+02 2.389328905630451914e+02
2.549933584456780409e+02 1.589428033306899408e+02 2.390617565424266502e+02
2.549958366375892069e+02 1.593152260111023111e+02 2.393807494052339280e+02
2.549930610626486782e+02 1.601291633624107931e+02 2.395984337827121351e+02
2.549906819984139474e+02 1.607493061062648678e+02 2.397828112609040545e+02
2.549966296590008028e+02 1.612350317208564547e+02 2.398857057890563169e+02
2.549952418715305384e+02 1.601485923869944372e+02 2.395293417922283936e+02
2.549892942109436831e+02 1.560308287073750932e+02 2.386833862014274246e+02
2.549938540840602741e+02 1.540107057890563169e+02 2.384234734337827035e+02
2.549935567010309398e+02 1.544831482950039572e+02 2.386694091990483741e+02
2.549904837430610485e+02 1.553937351308485404e+02 2.391443298969072089e+02
2.549918715305313128e+02 1.566307494052339280e+02 2.392196669310071400e+02
2.549901863600317142e+02 1.572261102299762001e+02 2.392671490880253771e+02
2.549872125297383150e+02 1.579914750198255433e+02 2.393850118953211847e+02
2.549919706582077765e+02 1.584730372720063372e+02 2.393110626486915180e+02
2.549939532117367094e+02 1.588018437747819291e+02 2.392546590007930263e+02
2.549924662965900097e+02 1.588000594766058668e+02 2.395360824742268164e+02
2.549932593180015772e+02 1.593571570182394908e+02 2.394930610626486782e+02
2.549918715305313128e+02 1.610483743061062683e+02 2.400545202220459942e+02
2.549922680412371108e+02 1.614443893735130757e+02 2.402079698651863566e+02
2.549885011895321156e+02 1.631435368754956414e+02 2.404633227597145151e+02
2.549942505947660720e+02 1.643892743854084131e+02 2.404499405233941332e+02
2.549927636796193440e+02 1.650818794607454265e+02 2.407924266455194413e+02
2.549843378271213226e+02 1.663212727993655733e+02 2.406497819191118026e+02
2.549794805709754257e+02 1.657368160190325170e+02 2.405453013481364053e+02
2.549873116574147502e+02 1.658277160983346619e+02 2.407069785884218902e+02
2.549884020618556804e+02 1.649334853291038883e+02 2.402446471054718415e+02
2.549870142743854160e+02 1.608422878667724092e+02 2.397235329103885704e+02
2.549970261697065723e+02 1.580892149088025462e+02 2.394911776367961806e+02
2.549913758921490796e+02 1.581228191911181682e+02 2.395613600317208522e+02
2.549924662965900097e+02 1.580877279936558182e+02 2.395084258524980214e+02
2.549904837430610485e+02 1.600546193497224294e+02 2.394963322759714401e+02
2.549968279143536733e+02 1.609702616970658084e+02 2.399937549563838104e+02
2.549908802537668464e+02 1.623801546391752595e+02 2.401244052339413031e+02
2.549846352101506852e+02 1.623335646312450535e+02 2.400490681998414004e+02
2.549867168913560533e+02 1.622024187153052992e+02 2.400586835844567872e+02
2.549873116574147502e+02 1.625914948453608133e+02 2.401271808088818318e+02
2.549897898493259447e+02 1.628880848532910477e+02 2.407104480570975511e+02
2.549852299762093537e+02 1.636362014274385501e+02 2.409693695479778057e+02
2.549845360824742215e+02 1.639746233148295005e+02 2.406992466296590010e+02
2.549920697858842118e+02 1.639169310071371797e+02 2.405093180015860526e+02
2.549876090404440845e+02 1.632955987311657395e+02 2.405415344964314102e+02
2.549875099127676492e+02 1.635045598731165626e+02 2.402780531324345645e+02
2.549834456780333198e+02 1.632293814432989620e+02 2.404216891356066697e+02
2.549920697858842118e+02 1.645262688342585307e+02 2.404910785091197454e+02
2.549902854877081779e+02 1.652764670896114296e+02 2.408651863600317142e+02
2.549925654242664450e+02 1.654361617763679533e+02 2.412466296590008028e+02
2.549920697858842118e+02 1.645721649484536044e+02 2.404800753370340942e+02
2.549931601903251419e+02 1.611486915146709009e+02 2.398094766058683547e+02
2.549919706582077765e+02 1.578522006344171302e+02 2.393792624900872283e+02
2.549875099127676492e+02 1.573356463124504501e+02 2.393662767644726443e+02
2.549876090404440845e+02 1.571717882632831049e+02 2.392294805709754257e+02
2.549849325931800195e+02 1.566113203806502838e+02 2.390618556701030855e+02
2.549872125297383150e+02 1.580230967486122040e+02 2.393347541633624189e+02
2.549886994448850146e+02 1.580455987311657395e+02 2.396230174464710672e+02
2.549919706582077765e+02 1.584369547977795492e+02 2.400344964314036531e+02
2.549892942109436831e+02 1.589312053925455928e+02 2.397806304520221943e+02
2.549928628072958077e+02 1.580349920697858863e+02 2.392963917525773070e+02
2.549948453608247405e+02 1.579391356066613810e+02 2.393792624900872283e+02
2.549955392545598727e+02 1.587323552735923897e+02 2.395255749405233985e+02
2.549935567010309398e+02 1.597581284694686872e+02 2.399317010309278260e+02
2.549847343378271205e+02 1.595647303727200494e+02 2.396636597938144462e+02
2.549898889770023800e+02 1.604234734337827035e+02 2.397805313243457590e+02
2.549824544012688250e+02 1.611248017446471010e+02 2.399684773988897746e+02
2.549829500396510582e+02 1.616859635210150543e+02 2.400657216494845443e+02
2.549888977002379136e+02 1.620198255352894421e+02 2.399003766851704995e+02
2.549939532117367094e+02 1.622243259318001662e+02 2.402752775574940642e+02
2.549872125297383150e+02 1.613536875495638299e+02 2.402441514670896083e+02
2.549898889770023800e+02 1.594623314829500487e+02 2.397251189532117337e+02
2.549920697858842118e+02 1.573755947660586969e+02 2.389553925455987269e+02
2.549906819984139474e+02 1.538068992862807249e+02 2.380329103885804898e+02
2.549891950832672478e+02 1.530867367168913518e+02 2.381776367961934966e+02
2.549856264869151516e+02 1.531331284694686872e+02 2.385495638382236336e+02
2.549863203806502838e+02 1.522346352101506852e+02 2.383054123711340253e+02
2.549860229976209496e+02 1.530699841395717726e+02 2.385757335448057006e+02
2.549807692307692264e+02 1.543563639968279233e+02 2.384292228390166599e+02
2.549886994448850146e+02 1.549291237113401962e+02 2.391155828707375122e+02
2.549900872323552790e+02 1.552336439333861904e+02 2.392189730372720078e+02
2.549921689135606755e+02 1.549218873909595686e+02 2.388684575733544762e+02
2.549899881046788153e+02 1.554226804123711361e+02 2.390045598731165626e+02
2.549895915939730457e+02 1.561178628072958077e+02 2.392573354480570913e+02
2.549885011895321156e+02 1.580165543219666802e+02 2.394098929421094510e+02
2.549869151467089523e+02 1.587232355273592361e+02 2.395522402854876987e+02
2.549892942109436831e+02 1.597462331482950049e+02 2.396013084853290991e+02
2.549871134020618513e+02 1.593533901665344956e+02 2.398879857256145840e+02
2.549948453608247405e+02 1.601027954004757987e+02 2.399483544805709698e+02
2.549851308485329184e+02 1.612650674068199805e+02 2.401712926249008717e+02
2.549928628072958077e+02 1.618040245836637610e+02 2.402841990483743189e+02
2.549874107850911855e+02 1.619049365582870621e+02 2.401827914353687561e+02
2.549887985725614499e+02 1.627247224425059358e+02 2.403915543219666802e+02
2.549843378271213226e+02 1.624320975416336239e+02 2.397610031720856512e+02
2.549900872323552790e+02 1.589829500396510582e+02 2.392280927835051614e+02
2.549878072957969835e+02 1.582410785091197454e+02 2.391083465503568561e+02
2.549878072957969835e+02 1.580767248215701954e+02 2.386111221252973849e+02
2.549922680412371108e+02 1.582201625693893732e+02 2.390810864393338591e+02
2.549883029341792167e+02 1.584370539254559844e+02 2.393636994448850146e+02
2.549898889770023800e+02 1.595414353687549465e+02 2.394869151467089523e+02
2.549915741475019786e+02 1.600207176843774732e+02 2.393352498017446521e+02
2.549857256145915869e+02 1.605305313243457590e+02 2.399999008723235647e+02
2.549872125297383150e+02 1.608668715305313128e+02 2.399990087232355336e+02
2.549870142743854160e+02 1.614161379857256122e+02 2.397171887390959455e+02
2.549884020618556804e+02 1.618322759714512244e+02 2.398129460745440156e+02
2.549816613798572575e+02 1.625315226011102254e+02 2.401424464710547113e+02
2.549927636796193440e+02 1.632393933386201468e+02 2.404633227597145151e+02
2.549876090404440845e+02 1.641715900079302060e+02 2.402603092783505190e+02
2.549956383822363080e+02 1.653856066613798532e+02 2.403942307692307736e+02
2.549933584456780409e+02 1.657204599524187074e+02 2.403402061855670127e+02
2.549899881046788153e+02 1.663599325931800195e+02 2.404569785884218902e+02
2.549909793814433101e+02 1.668481363996828009e+02 2.408228588421887366e+02
2.549922680412371108e+02 1.681652458366375811e+02 2.410053528945281585e+02
2.549909793814433101e+02 1.684568794607454265e+02 2.410538263283108620e+02
2.549882038065027814e+02 1.691707969865186385e+02 2.409774980174464645e+02
2.549920697858842118e+02 1.665771213322759650e+02 2.404663957176843780e+02
2.549929619349722429e+02 1.639156423473433790e+02 2.402370142743854160e+02
2.549921689135606755e+02 1.629518239492466307e+02 2.402522799365582955e+02
2.549903846153846132e+02 1.629060269627279922e+02 2.398614195083267191e+02
2.549873116574147502e+02 1.630146708961141826e+02 2.397178826328310777e+02
2.549924662965900097e+02 1.633780729579698630e+02 2.397193695479778057e+02
2.549905828707375122e+02 1.643713322759714401e+02 2.399606463124504501e+02
2.549859238699444859e+02 1.654823552735923897e+02 2.407243259318001662e+02
2.549878072957969835e+02 1.656042823156225268e+02 2.403480372720063372e+02
2.549933584456780409e+02 1.655917922283901760e+02 2.405520420301347997e+02
2.549961340206185696e+02 1.657014274385408328e+02 2.405295400475812926e+02
2.549892942109436831e+02 1.665392545598731147e+02 2.407442505947660720e+02
2.549913758921490796e+02 1.671258921490880311e+02 2.410255749405233985e+02
2.549897898493259447e+02 1.677395915939730457e+02 2.412619944488501176e+02
2.549905828707375122e+02 1.684500396510705684e+02 2.411428429817605092e+02
2.549952418715305384e+02 1.685240880253766989e+02 2.412124306106264839e+02
2.549963322759714401e+02 1.693839214908802546e+02 2.413161181601903138e+02
2.549959357652656706e+02 1.700948651863600389e+02 2.411498810467882663e+02
2.549959357652656706e+02 1.702898493259318116e+02 2.413677636796193440e+02
2.549916732751784423e+02 1.704831482950039572e+02 2.417012291831879338e+02
2.549956383822363080e+02 1.691332275971451224e+02 2.417522799365582955e+02
2.549886003172085509e+02 1.655694885011895394e+02 2.408303925455987269e+02
2.549924662965900097e+02 1.646519627279936628e+02 2.402522799365582955e+02
2.549933584456780409e+02 1.648152260111023111e+02 2.402776566217287950e+02
2.549918715305313128e+02 1.655389571768437804e+02 2.402276962727993634e+02
2.549945479777954063e+02 1.646756542426645638e+02 2.399121728786677181e+02
2.549911776367961806e+02 1.652682394924663072e+02 2.403307890563045248e+02
2.549851308485329184e+02 1.671527557494052303e+02 2.408058088818398232e+02
2.549805709754163274e+02 1.688603291038858174e+02 2.412158009516256811e+02
2.549909793814433101e+02 1.692575337034099903e+02 2.410707771609833401e+02
2.549912767644726443e+02 1.687483148295004014e+02 2.408363402061855538e+02
2.549877081681205482e+02 1.683685567010309398e+02 2.408252379064234674e+02
2.549914750198255433e+02 1.693760904044409301e+02 2.407838025376685209e+02
2.549899881046788153e+02 1.704865186360031828e+02 2.408526962727993634e+02
2.549955392545598727e+02 1.702317605075336928e+02 2.409985130848533004e+02
2.549909793814433101e+02 1.704175257731958766e+02 2.413620142743854160e+02
2.549961340206185696e+02 1.707386994448850146e+02 2.410641356066613810e+02
2.549922680412371108e+02 1.712881641554321845e+02 2.415393536875495499e+02
2.549910785091197454e+02 1.717069785884218902e+02 2.412763679619349659e+02
2.549931601903251419e+02 1.720094171292624878e+02 2.415357850911974538e+02
2.549931601903251419e+02 1.722853885804916843e+02 2.413425852498017434e+02
2.549942505947660720e+02 1.724147501982553479e+02 2.414801744647105579e+02
2.549951427438540748e+02 1.716331284694686872e+02 2.413166137985725754e+02
2.549931601903251419e+02 1.679690721649484431e+02 2.405882236320380514e+02
2.549880055511498824e+02 1.669900872323552790e+02 2.405265662172878649e+02
2.549933584456780409e+02 1.666352101506740553e+02 2.403447660586835752e+02
2.549906819984139474e+02 1.675214115781126054e+02 2.403716296590008028e+02
2.549927636796193440e+02 1.672007335448057006e+02 2.405352894528152206e+02
2.549937549563838104e+02 1.679778945281522624e+02 2.408977002379064345e+02
2.549972244250594713e+02 1.681242069785884325e+02 2.413235527359238688e+02
2.549924662965900097e+02 1.682549563838223605e+02 2.414073156225218213e+02
2.549941514670896083e+02 1.679716494845360728e+02 2.412488104678826346e+02
2.549927636796193440e+02 1.669669904837430749e+02 2.407772601110229971e+02
2.549933584456780409e+02 1.677618953211736823e+02 2.409217882632831049e+02
2.549962331482950049e+02 1.685558088818398232e+02 2.407326526566217240e+02
2.549972244250594713e+02 1.691079500396510582e+02 2.410252775574940642e+02
2.549976209357652692e+02 1.701269825535289328e+02 2.415110031720856512e+02
2.549956383822363080e+02 1.708012490087232322e+02 2.414812648691514596e+02
2.549939532117367094e+02 1.714727398889770029e+02 2.417868754956383839e+02
2.549908802537668464e+02 1.711799167327517921e+02 2.418238501189532030e+02
2.549901863600317142e+02 1.704514274385408328e+02 2.414241673275178357e+02
2.549944488501189426e+02 1.713991871530531341e+02 2.414289254559873257e+02
2.549940523394131731e+02 1.724576724821570224e+02 2.416377874702616850e+02
2.549950436161776395e+02 1.725782117367168951e+02 2.421124107850911855e+02
2.549961340206185696e+02 1.731501784298176005e+02 2.416682196669310088e+02
2.549937549563838104e+02 1.702154044409199116e+02 2.411543417922283936e+02
2.549928628072958077e+02 1.685904044409199116e+02 2.409462727993655733e+02
2.549918715305313128e+02 1.686134020618556804e+02 2.407054916732751906e+02
2.549853291038858174e+02 1.678507137192704306e+02 2.405343973037271894e+02
2.549907811260904111e+02 1.673325733544805587e+02 2.404090007930214199e+02
2.549901863600317142e+02 1.672387985725614499e+02 2.403470459952418707e+02
2.549894924662965821e+02 1.685179421094369445e+02 2.406618754956383839e+02
2.549913758921490796e+02 1.689642149088025462e+02 2.405723632038065034e+02
2.549964314036479038e+02 1.686677240285487756e+02 2.405550158604282274e+02
2.549956383822363080e+02 1.693980967486122040e+02 2.408765860428231633e+02
2.549954401268834374e+02 1.701388778747026151e+02 2.410908009516256811e+02
2.549964314036479038e+02 1.705922878667724092e+02 2.409987113402061993e+02
2.549953409992069737e+02 1.713637985725614499e+02 2.412169904837430749e+02
2.549926645519429087e+02 1.724953409992069737e+02 2.413531919111815967e+02
2.549894924662965821e+02 1.737313639968279233e+02 2.416611816019032517e+02
2.549921689135606755e+02 1.739387390959555830e+02 2.418474425059476687e+02
2.549982157018239377e+02 1.742560467882632906e+02 2.419615384615384528e+02
2.549954401268834374e+02 1.743462529738303033e+02 2.416329302141157882e+02
2.549914750198255433e+02 1.748078905630451914e+02 2.418058088818398232e+02
2.549945479777954063e+02 1.755518437747819291e+02 2.420874306106264839e+02
2.549964314036479038e+02 1.755527359238699319e+02 2.418957176843774732e+02
2.549931601903251419e+02 1.732496034892942021e+02 2.412680412371134082e+02
2.549972244250594713e+02 1.704546986518635947e+02 2.405884218873909504e+02
2.549949444885011758e+02 1.696565226011102254e+02 2.405913957176843780e+02
2.549901863600317142e+02 1.704059278350515569e+02 2.411402656621728795e+02
2.549908802537668464e+02 1.709245638382236336e+02 2.410889175257731836e+02
2.549864195083267191e+02 1.719158406026962780e+02 2.412764670896114296e+02
2.549886994448850146e+02 1.725916931007137123e+02 2.415155630452022137e+02
2.549929619349722429e+02 1.725810864393338591e+02 2.413916534496431439e+02
2.549952418715305384e+02 1.726474028548770718e+02 2.414694686756542410e+02
2.549906819984139474e+02 1.731842783505154557e+02 2.415218080888184033e+02
2.549906819984139474e+02 1.729185170499603430e+02 2.417893536875495499e+02
2.549952418715305384e+02 1.736354084060269543e+02 2.416636597938144462e+02
2.549917724028548776e+02 1.740585844567803235e+02 2.417799365582870621e+02
2.549887985725614499e+02 1.744999008723235647e+02 2.419268437747819291e+02
2.549976209357652692e+02 1.750451030927835063e+02 2.420850515463917532e+02
2.549731363996828009e+02 1.760545202220459942e+02 2.419109833465503527e+02
2.549854282315622527e+02 1.767130253766851808e+02 2.420069389373513218e+02
2.549854282315622527e+02 1.770342981760507541e+02 2.419908802537668464e+02
2.549935567010309398e+02 1.770855471847739864e+02 2.424079103885804898e+02
2.549930610626486782e+02 1.766675257731958766e+02 2.420102101506740553e+02
2.549903846153846132e+02 1.748269230769230660e+02 2.417512886597938007e+02
2.549911776367961806e+02 1.718131443298969145e+02 2.409168318794607444e+02
2.549935567010309398e+02 1.707432593180015772e+02 2.406335249801744567e+02
2.549934575733544762e+02 1.705812846946867580e+02 2.406659397303727133e+02
2.549912767644726443e+02 1.710330095162569251e+02 2.408769825535289328e+02
2.549902854877081779e+02 1.709182196669310088e+02 2.406810071371926938e+02
2.549894924662965821e+02 1.714448850118953089e+02 2.410078310864393245e+02
2.549901863600317142e+02 1.719656026962728106e+02 2.410085249801744567e+02
2.549893933386201468e+02 1.721774385408405976e+02 2.410651268834258474e+02
2.549911776367961806e+02 1.726576130055511555e+02 2.411218279143536733e+02
2.549894924662965821e+02 1.719496431403647989e+02 2.409410190325138785e+02
2.549904837430610485e+02 1.721748612212529679e+02 2.406083465503568561e+02
2.549947462331483052e+02 1.719038461538461604e+02 2.410788065027755636e+02
2.549914750198255433e+02 1.730922878667724092e+02 2.410723632038065034e+02
2.549948453608247405e+02 1.730904044409199116e+02 2.415361816019032517e+02
2.549973235527359350e+02 1.741172680412371108e+02 2.415588818398096862e+02
2.549959357652656706e+02 1.740583862014274246e+02 2.415004956383822332e+02
2.549967287866772381e+02 1.740972442505947697e+02 2.412886597938144462e+02
2.549958366375892069e+02 1.743494250594766015e+02 2.411758524980174343e+02
2.549945479777954063e+02 1.740064432989690602e+02 2.414749206978588347e+02
2.549874107850911855e+02 1.749061260904044275e+02 2.416816019032513907e+02
2.549943497224425073e+02 1.748845162569389515e+02 2.415988302934179330e+02
2.549936558287073751e+02 1.723604282315622527e+02 2.418561657414750243e+02
2.549948453608247405e+02 1.694989095955590699e+02 2.410508524980174343e+02
2.549928628072958077e+02 1.696133029341792167e+02 2.409645122918318805e+02
2.549945479777954063e+02 1.701888382236320467e+02 2.404828509119746229e+02
2.549945479777954063e+02 1.701698057097541721e+02 2.408308881839809601e+02
2.549936558287073751e+02 1.714092981760507541e+02 2.408275178429817629e+02
2.549929619349722429e+02 1.716595955590800884e+02 2.409462727993655733e+02
2.549913758921490796e+02 1.717685368754956414e+02 2.411142942109436831e+02
2.549925654242664450e+02 1.715831681205392556e+02 2.411096352101506852e+02
2.549896907216494810e+02 1.707942109436954752e+02 2.412167922283901760e+02
2.549928628072958077e+02 1.709180214115781098e+02 2.410530333068992945e+02
2.549908802537668464e+02 1.714605471847739864e+02 2.409540047581284625e+02
2.549926645519429087e+02 1.716333267248215577e+02 2.405037668517049951e+02
2.549937549563838104e+02 1.715275574940523313e+02 2.406269825535289328e+02
2.549934575733544762e+02 1.718348532910388542e+02 2.413249405233941332e+02
2.549966296590008028e+02 1.727970856463124392e+02 2.411972640761300681e+02
2.549939532117367094e+02 1.735683980967486093e+02 2.416154837430610485e+02
2.549936558287073751e+02 1.739547977795400584e+02 2.415221054718477376e+02
2.549974226804123703e+02 1.747078707375099214e+02 2.418113600317208522e+02
2.549950436161776395e+02 1.751827914353687561e+02 2.421857652656621838e+02
2.549961340206185696e+02 1.754043417922283936e+02 2.422280927835051614e+02
2.549959357652656706e+02 1.742333465503568561e+02 2.412278945281522624e+02
2.549939532117367094e+02 1.716247026169706658e+02 2.410776169706581982e+02
2.549807692307692264e+02 1.707960943695479727e+02 2.413574544012688250e+02
2.549872125297383150e+02 1.705788065027755636e+02 2.411717882632831049e+02
2.549873116574147502e+02 1.704722442505947697e+02 2.406839809674861215e+02
2.549848334655035558e+02 1.704365582870737512e+02 2.409040444091990594e+02
2.549880055511498824e+02 1.710206185567010380e+02 2.412018239492466307e+02
2.549862212529738201e+02 1.714595559080095200e+02 2.415314234734337902e+02
2.549916732751784423e+02 1.715577914353687561e+02 2.415384615384615472e+02
2.549945479777954063e+02 1.717369151467089523e+02 2.416989492466296667e+02
2.549926645519429087e+02 1.722889571768437804e+02 2.416417525773195791e+02
2.549955392545598727e+02 1.726573156225218213e+02 2.417844964314036531e+02
2.549966296590008028e+02 1.727296788263283247e+02 2.419549960348929289e+02
2.549975218080888055e+02 1.735602696272799506e+02 2.420260705789056317e+02
2.549860229976209496e+02 1.745413362410785112e+02 2.418175059476605782e+02
2.549913758921490796e+02 1.753407018239492459e+02 2.421817010309278260e+02
2.549899881046788153e+02 1.751690126883425762e+02 2.424869151467089523e+02
2.549894924662965821e+02 1.765461934972244364e+02 2.425052537668516948e+02
2.549928628072958077e+02 1.777923275178429776e+02 2.428601308485329184e+02
2.549875099127676492e+02 1.778682593180015772e+02 2.426984536082474335e+02
2.549899881046788153e+02 1.771877478191911166e+02 2.426762490087232322e+02
2.549961340206185696e+02 1.749132632831086482e+02 2.424769032513877960e+02
2.549830491673275219e+02 1.727879659000793140e+02 2.419720459952418707e+02
2.549893933386201468e+02 1.724361617763679533e+02 2.418082870737509893e+02
2.549876090404440845e+02 1.732444488501189426e+02 2.421720856463124392e+02
2.549943497224425073e+02 1.740533306899286288e+02 2.420692902458366405e+02
2.549927636796193440e+02 1.747572363203806560e+02 2.422556502775574927e+02
2.549931601903251419e+02 1.755249801744647016e+02 2.424509318001585996e+02
2.549936558287073751e+02 1.766315424266455238e+02 2.426442307692307736e+02
2.549943497224425073e+02 1.766141950832672478e+02 2.425005947660586969e+02
2.549956383822363080e+02 1.768659793814433101e+02 2.428958168120539369e+02
2.549937549563838104e+02 1.770073354480570913e+02 2.426680214115781098e+02
2.549965305313243391e+02 1.778959159397303722e+02 2.428077914353687561e+02
2.549950436161776395e+02 1.787306701030927911e+02 2.428035289452815277e+02
2.549894924662965821e+02 1.791771411578112634e+02 2.431269825535289328e+02
2.549926645519429087e+02 1.795623513084853187e+02 2.431880452022204508e+02
2.549968279143536733e+02 1.795356859635210185e+02 2.433222640761300681e+02
2.549915741475019786e+02 1.791010111022997648e+02 2.430401467089611458e+02
2.549918715305313128e+02 1.791078509119746229e+02 2.427500000000000000e+02
2.549916732751784423e+02 1.794669904837430749e+02 2.429711538461538396e+02
2.549884020618556804e+02 1.796704004758128406e+02 2.432854877081681195e+02
2.549911776367961806e+02 1.768454599524187074e+02 2.428601308485329184e+02
2.549882038065027814e+02 1.741208366375892069e+02 2.420993259318001662e+02
2.549886003172085509e+02 1.737265067406819981e+02 2.418926447264076103e+02
2.549892942109436831e+02 1.743857057890563169e+02 2.420518437747819291e+02
2.549840404440919883e+02 1.732802339413164248e+02 2.419785884218873946e+02
2.549898889770023800e+02 1.736509714512291964e+02 2.419605471847739864e+02
2.549940523394131731e+02 1.738543814432989620e+02 2.418364393338620175e+02
2.549945479777954063e+02 1.736119151467089523e+02 2.418460547184774043e+02
2.549909793814433101e+02 1.730463917525773070e+02 2.415455987311657395e+02
2.549904837430610485e+02 1.721321371927041923e+02 2.416905233941316453e+02
2.549909793814433101e+02 1.712952022204599416e+02 2.412988699444885015e+02
2.549941514670896083e+02 1.716569191118160234e+02 2.412417724028548776e+02
2.549925654242664450e+02 1.728386201427438493e+02 2.419698651863600389e+02
2.549968279143536733e+02 1.749525178429817629e+02 2.423270222045995297e+02
2.549928628072958077e+02 1.760371728786677181e+02 2.427202616970658084e+02
2.549908802537668464e+02 1.756699048374306074e+02 2.426366970658207833e+02
2.549942505947660720e+02 1.765974425059476687e+02 2.425314234734337902e+02
2.549965305313243391e+02 1.766380848532910477e+02 2.423401070578905490e+02
2.549942505947660720e+02 1.769535091197462293e+02 2.423220658207771692e+02
2.549984139571768367e+02 1.764309080095162585e+02 2.422527755749405287e+02
2.549983148295004014e+02 1.748766851704995986e+02 2.418122521808088834e+02
2.549907811260904111e+02 1.728608247422680506e+02 2.415216098334655044e+02
2.549844369547977863e+02 1.733256344171292653e+02 2.411021015067406950e+02
2.549907811260904111e+02 1.723805511498810574e+02 2.413944290245836726e+02
2.549915741475019786e+02 1.699654044409199116e+02 2.410834655035685898e+02
2.549944488501189426e+02 1.678302934179222916e+02 2.403841197462331536e+02
2.549929619349722429e+02 1.690396510705789126e+02 2.409319984139571886e+02
2.549944488501189426e+02 1.707887589214908814e+02 2.409013679619349659e+02
2.549953409992069737e+02 1.704297184773988931e+02 2.407762688342585307e+02
2.549965305313243391e+02 1.677205590800951711e+02 2.404111816019032517e+02
2.549889968279143488e+02 1.655764274385408328e+02 2.398819389373513218e+02
2.549897898493259447e+02 1.646338223632038194e+02 2.398038263283108620e+02
2.549860229976209496e+02 1.666022006344171302e+02 2.400744448850118999e+02
2.549890959555908125e+02 1.691013084853290991e+02 2.406128072957969835e+02
2.549933584456780409e+02 1.704918715305313128e+02 2.409577716098334577e+02
2.549918715305313128e+02 1.716200436161776395e+02 2.414140563045202157e+02
2.549942505947660720e+02 1.722207573354480701e+02 2.412961934972244364e+02
2.549948453608247405e+02 1.727529738302934277e+02 2.412701229183188048e+02
2.549952418715305384e+02 1.739808683584456901e+02 2.415036677240285599e+02
2.549962331482950049e+02 1.740396510705789126e+02 2.413095757335448184e+02
2.549936558287073751e+02 1.737062846946867580e+02 2.410660190325138785e+02
2.549897898493259447e+02 1.718435765265662098e+02 2.410932791435368756e+02
2.549936558287073751e+02 1.702282910388580603e+02 2.411066613798572575e+02
2.549915741475019786e+02 1.690450039651070711e+02 2.404601506740681884e+02
2.549912767644726443e+02 1.694234734337827035e+02 2.406998413957176979e+02
2.549917724028548776e+02 1.702377081681205482e+02 2.409932593180015772e+02
2.549925654242664450e+02 1.709364591593973159e+02 2.414829500396510582e+02
2.549913758921490796e+02 1.712615979381443196e+02 2.413747026169706658e+02
2.549891950832672478e+02 1.713305908009516259e+02 2.414996034892942021e+02
2.549887985725614499e+02 1.716817010309278260e+02 2.413747026169706658e+02
2.549943497224425073e+02 1.720399484536082468e+02 2.417517842981760623e+02
2.549968279143536733e+02 1.725567010309278260e+02 2.419028548770816940e+02
2.549922680412371108e+02 1.725646312450436142e+02 2.415466891356066697e+02
2.549957375099127717e+02 1.726701030927835063e+02 2.418175059476605782e+02
2.549911776367961806e+02 1.730426249008723119e+02 2.416927042030134771e+02
2.549962331482950049e+02 1.734770023790642313e+02 2.418940325138778746e+02
2.549926645519429087e+02 1.745517446471054654e+02 2.419814631245043586e+02
2.549923671689135745e+02 1.745023790642347308e+02 2.422138183980967483e+02
2.549830491673275219e+02 1.756393735130848484e+02 2.426532513877874635e+02
2.549941514670896083e+02 1.748616177636796181e+02 2.422563441712926249e+02
2.549938540840602741e+02 1.720351903251387853e+02 2.414034496431403625e+02
2.549833465503568561e+02 1.697701229183188048e+02 2.415715701823949360e+02
2.549899881046788153e+02 1.703575535289452887e+02 2.412869746233148192e+02
2.549927636796193440e+02 1.723314829500396570e+02 2.417665543219666802e+02
2.549980174464710672e+02 1.738254361617763664e+02 2.421930015860428114e+02
2.549973235527359350e+02 1.751960745440126743e+02 2.426906225218080806e+02
2.549924662965900097e+02 1.765723632038065034e+02 2.429431007137192751e+02
2.549815622521808223e+02 1.772457375099127717e+02 2.431145915939730457e+02
2.549878072957969835e+02 1.772804321966693237e+02 2.433315820777160923e+02
2.549915741475019786e+02 1.785933782712133109e+02 2.432195678033306763e+02
2.549927636796193440e+02 1.784401268834258474e+02 2.432969865186360039e+02
2.549908802537668464e+02 1.774784892942109309e+02 2.428764869151466996e+02
2.549905828707375122e+02 1.766488897700237999e+02 2.427441514670896083e+02
2.549826526566217240e+02 1.775239888977002352e+02 2.425604678826328211e+02
2.549842386994448873e+02 1.795944686756542410e+02 2.430499603489294316e+02
2.549929619349722429e+02 1.809589611419508230e+02 2.438608247422680506e+02
2.549930610626486782e+02 1.817857850911974538e+02 2.435686954797779435e+02
2.549862212529738201e+02 1.822424662965900097e+02 2.433722244250594713e+02
2.549886994448850146e+02 1.809513283108643975e+02 2.431439333862014394e+02
2.549810666137985606e+02 1.771872521808088834e+02 2.423292030134813615e+02
2.549898889770023800e+02 1.754892942109436831e+02 2.420000991276764353e+02
2.549816613798572575e+02 1.753098731165741526e+02 2.423744052339413031e+02
2.549893933386201468e+02 1.751149881046788153e+02 2.422854877081681195e+02
2.549882038065027814e+02 1.755313243457573265e+02 2.421731760507533693e+02
2.549877081681205482e+02 1.764966296590008028e+02 2.424821570182394908e+02
2.549926645519429087e+02 1.779502379064234674e+02 2.424490483743061020e+02
2.549924662965900097e+02 1.780177438540840740e+02 2.426303528945281585e+02
2.549895915939730457e+02 1.786938937351308425e+02 2.427980769230769340e+02
2.549904837430610485e+02 1.787724028548770718e+02 2.427960943695479727e+02
2.549863203806502838e+02 1.782806304520221943e+02 2.424750198255352984e+02
2.549901863600317142e+02 1.773240483743061020e+02 2.419300158604282274e+02
2.549927636796193440e+02 1.770857454401268853e+02 2.417340404440919883e+02
2.549957375099127717e+02 1.765807890563045248e+02 2.420003965107057979e+02
2.549955392545598727e+02 1.764988104678826346e+02 2.419067208564631244e+02
2.549940523394131731e+02 1.767140166534496473e+02 2.417332474226804209e+02
2.549902854877081779e+02 1.767423671689135745e+02 2.419759119746233011e+02
2.549944488501189426e+02 1.781248017446471010e+02 2.421584060269627230e+02
2.549960348929421059e+02 1.792178826328310777e+02 2.426598929421094510e+02
2.549919706582077765e+02 1.808718279143536733e+02 2.430322164948453576e+02
2.549889968279143488e+02 1.804057295796986580e+02 2.429704599524187074e+02
2.549931601903251419e+02 1.770249801744647016e+02 2.423635011895321156e+02
2.549950436161776395e+02 1.748844171292624878e+02 2.417802339413164248e+02
2.549953409992069737e+02 1.749695678033306763e+02 2.417102498017446521e+02
2.549986122125297356e+02 1.744624306106264839e+02 2.419249603489294316e+02
2.549916732751784423e+02 1.741444290245836726e+02 2.416944885011895394e+02
2.549896907216494810e+02 1.756326328310864255e+02 2.415664155432196765e+02
2.549914750198255433e+02 1.778673671689135745e+02 2.426460150674068075e+02
2.549917724028548776e+02 1.795845559080095200e+02 2.428065027755749270e+02
2.549888977002379136e+02 1.795301348136399611e+02 2.427875693893735161e+02
2.549933584456780409e+02 1.792761697065820670e+02 2.428126486915146813e+02
2.549950436161776395e+02 1.799343774781919194e+02 2.432260111022997648e+02
2.549959357652656706e+02 1.806816019032513907e+02 2.432739888977002352e+02
2.549962331482950049e+02 1.810224028548770718e+02 2.433266256938937317e+02
2.549984139571768367e+02 1.810735527359238688e+02 2.431755551149881001e+02
2.549874107850911855e+02 1.817592188739095889e+02 2.436468080888184033e+02
2.549900872323552790e+02 1.819617367168913518e+02 2.437117367168913518e+02
2.549921689135606755e+02 1.831070578905630555e+02 2.440695876288659747e+02
2.549948453608247405e+02 1.841921094369548086e+02 2.437154044409199116e+02
2.549890959555908125e+02 1.849252577319587658e+02 2.442104480570975511e+02
2.549885011895321156e+02 1.836737708168120662e+02 2.435386597938144462e+02
2.549905828707375122e+02 1.799798770816811952e+02 2.430394528152260136e+02
2.549948453608247405e+02 1.782251189532117337e+02 2.426750594766058668e+02
2.549888977002379136e+02 1.777586241078509204e+02 2.430167525773195791e+02
2.549851308485329184e+02 1.777830095162569251e+02 2.426255947660586969e+02
2.549857256145915869e+02 1.778273195876288639e+02 2.426235130848533004e+02
2.549904837430610485e+02 1.782933187946074440e+02 2.430763283108643975e+02
2.549926645519429087e+02 1.790045598731165626e+02 2.430294409199048289e+02
2.549922680412371108e+02 1.793095757335448184e+02 2.433907613005551127e+02
2.549855273592386879e+02 1.790105075337034179e+02 2.429827517842981877e+02
2.549902854877081779e+02 1.791029936558286977e+02 2.429061260904044275e+02
2.549936558287073751e+02 1.796122125297383150e+02 2.433842188739095889e+02
2.549928628072958077e+02 1.793793616177636920e+02 2.434676843774781787e+02
2.549847343378271205e+02 1.804566812053925560e+02 2.435946669310071400e+02
2.549903846153846132e+02 1.810397501982553479e+02 2.434589611419508230e+02
2.549965305313243391e+02 1.821988501189532030e+02 2.436417525773195791e+02
2.549971252973830360e+02 1.824186161776368067e+02 2.438592386994448873e+02
2.549962331482950049e+02 1.820142743854084131e+02 2.439564829500396570e+02
2.549970261697065723e+02 1.828116574147501865e+02 2.439621332275971497e+02
2.549953409992069737e+02 1.836662371134020759e+02 2.437951030927835063e+02
2.549972244250594713e+02 1.834306106264869243e+02 2.437243259318001662e+02
2.549971252973830360e+02 1.829202022204599416e+02 2.439796788263283247e+02
2.549898889770023800e+02 1.802345360824742215e+02 2.434625297383029476e+02
2.549901863600317142e+02 1.774101903251387853e+02 2.432231363996828009e+02
2.549901863600317142e+02 1.778862014274385501e+02 2.433010507533703333e+02
2.549854282315622527e+02 1.777467287866772381e+02 2.433466494845360728e+02
2.549865186360031828e+02 1.773602299762093537e+02 2.432474226804123703e+02
2.549793814432989620e+02 1.779806701030927911e+02 2.431133029341792167e+02
2.549885011895321156e+02 1.783814432989690602e+02 2.432090602696272867e+02
2.549916732751784423e+02 1.789898889770023800e+02 2.433768834258524976e+02
2.549899881046788153e+02 1.785181403647898435e+02 2.434620340999206860e+02
2.549918715305313128e+02 1.786381839809674830e+02 2.432390959555908125e+02
2.549901863600317142e+02 1.790160586835844470e+02 2.433062053925455928e+02
2.549839413164155530e+02 1.798925455987311750e+02 2.432551546391752595e+02
2.549853291038858174e+02 1.810845559080095200e+02 2.438274187153052992e+02
2.549906819984139474e+02 1.813430808881839766e+02 2.437173869944488445e+02
2.549923671689135745e+02 1.819358643933386190e+02 2.437859833465503527e+02
2.549923671689135745e+02 1.828916534496431439e+02 2.439233743061062683e+02
2.549944488501189426e+02 1.836604877081681195e+02 2.435165543219666802e+02
2.549970261697065723e+02 1.833999801744647016e+02 2.436995440126883352e+02
2.549930610626486782e+02 1.838385210150674141e+02 2.438535884218873946e+02
2.549940523394131731e+02 1.839344766058683547e+02 2.438283108643933303e+02
2.549884020618556804e+02 1.836985527359238688e+02 2.435542228390166599e+02
2.549919706582077765e+02 1.810792030134813615e+02 2.431907216494845443e+02
2.549865186360031828e+02 1.781951823949246716e+02 2.423769825535289328e+02
2.549874107850911855e+02 1.779494448850118999e+02 2.419835448057097551e+02
2.549936558287073751e+02 1.779669904837430749e+02 2.425311260904044275e+02
2.549879064234734471e+02 1.784153449643140448e+02 2.425079302141157882e+02
2.549938540840602741e+02 1.779281324345757298e+02 2.425340007930214199e+02
2.549892942109436831e+02 1.787505947660586969e+02 2.427909397303727133e+02
2.549923671689135745e+02 1.796820975416336239e+02 2.429979183187946035e+02
2.549944488501189426e+02 1.797775574940523313e+02 2.430537272006344267e+02
2.549912767644726443e+02 1.791019032513877960e+02 2.428882831086439467e+02
2.549949444885011758e+02 1.796626685170499513e+02 2.429840404440919883e+02
2.549968279143536733e+02 1.796303528945281585e+02 2.431439333862014394e+02
2.549927636796193440e+02 1.804315027755749270e+02 2.428329698651863566e+02
2.549928628072958077e+02 1.809080095162569251e+02 2.430039651070578941e+02
2.549925654242664450e+02 1.814289254559873257e+02 2.430748413957176979e+02
2.549924662965900097e+02 1.821625693893735161e+02 2.431475019825535355e+02
2.549940523394131731e+02 1.829746233148295005e+02 2.434781919111815967e+02
2.549904837430610485e+02 1.833038263283108620e+02 2.436702022204599416e+02
2.549900872323552790e+02 1.833824345757335550e+02 2.434650079302141137e+02
2.549913758921490796e+02 1.841042823156225268e+02 2.435525376685170613e+02
2.549908802537668464e+02 1.850152656621728795e+02 2.436892347343378162e+02
2.549925654242664450e+02 1.848740087232355336e+02 2.441306502775574927e+02
2.549978191911181682e+02 1.834907811260904111e+02 2.439714512291831738e+02
2.549965305313243391e+02 1.805768239492466307e+02 2.434128667724028503e+02
2.549912767644726443e+02 1.792738897700237999e+02 2.428764869151466996e+02
2.549905828707375122e+02 1.792105471847739864e+02 2.428587430610626541e+02
2.549847343378271205e+02 1.795360824742268164e+02 2.428763877874702644e+02
2.549923671689135745e+02 1.798711340206185696e+02 2.429755154639175316e+02
2.549938540840602741e+02 1.809094964314036531e+02 2.435398493259318116e+02
2.549916732751784423e+02 1.810210150674068075e+02 2.436835844567803235e+02
2.549894924662965821e+02 1.811999405233941332e+02 2.431960745440126743e+02
2.549901863600317142e+02 1.815237906423473362e+02 2.432614988104678844e+02
2.549912767644726443e+02 1.812553528945281585e+02 2.433309873116574238e+02
2.549957375099127717e+02 1.817215503568596375e+02 2.435622521808088834e+02
2.549921689135606755e+02 1.822584258524980214e+02 2.436520618556700981e+02
2.549951427438540748e+02 1.827736915146709009e+02 2.437153053132434479e+02
2.549935567010309398e+02 1.824557890563045248e+02 2.437322561459159260e+02
2.549952418715305384e+02 1.836779341792228308e+02 2.442454401268834374e+02
2.549939532117367094e+02 1.844709555908009406e+02 2.437505947660586969e+02
2.549885011895321156e+02 1.841924068199841429e+02 2.438844171292624878e+02
2.549967287866772381e+02 1.845602696272799506e+02 2.434987113402061993e+02
2.549921689135606755e+02 1.845968477398889718e+02 2.442305709754163274e+02
2.549835448057097551e+02 1.851407613005551127e+02 2.441705987311657395e+02
2.549872125297383150e+02 1.853065027755749270e+02 2.439218873909595686e+02
2.549914750198255433e+02 1.825156621728786774e+02 2.433649881046788153e+02
2.549897898493259447e+02 1.798929421094369445e+02 2.429592585249801857e+02
2.549869151467089523e+02 1.794291237113401962e+02 2.427466296590008028e+02
2.549960348929421059e+02 1.785048572561459252e+02 2.428784694686756609e+02
2.549935567010309398e+02 1.790501586042823021e+02 2.426919111816019097e+02
2.549950436161776395e+02 1.793986915146709009e+02 2.428117565424266502e+02
2.549910785091197454e+02 1.802000396510705684e+02 2.428948255352894421e+02
2.549958366375892069e+02 1.803321768437747892e+02 2.431692109436954752e+02
2.549942505947660720e+02 1.803862014274385501e+02 2.429601506740681884e+02
2.549922680412371108e+02 1.800006938937351322e+02 2.428685567010309398e+02
2.549907811260904111e+02 1.800607652656621838e+02 2.428685567010309398e+02
2.549953409992069737e+02 1.803594369547977863e+02 2.428276169706581982e+02
2.549872125297383150e+02 1.810361816019032517e+02 2.429642149088025462e+02
2.549904837430610485e+02 1.809799762093576589e+02 2.432177835051546424e+02
2.549917724028548776e+02 1.820185368754956414e+02 2.432723037272006366e+02
2.549935567010309398e+02 1.818290047581284625e+02 2.431157811260904111e+02
2.549960348929421059e+02 1.819487509912767678e+02 2.433548770816811952e+02
2.549959357652656706e+02 1.822200634417129379e+02 2.436507731958762975e+02
2.549942505947660720e+02 1.826279738302934277e+02 2.440270618556700981e+02
2.549967287866772381e+02 1.836515662172878649e+02 2.437676447264076103e+02
2.549958366375892069e+02 1.830938739095955725e+02 2.441545400475812926e+02
2.549957375099127717e+02 1.816182593180015772e+02 2.436267842981760623e+02
2.549930610626486782e+02 1.782775574940523313e+02 2.427991673275178357e+02
2.549910785091197454e+02 1.763140364789849457e+02 2.426362014274385501e+02
2.549784892942109309e+02 1.762113402061855538e+02 2.424276367961934966e+02
2.549939532117367094e+02 1.766058683584456901e+02 2.422935170499603430e+02
2.549842386994448873e+02 1.768185963521015083e+02 2.425175455987311750e+02
2.549890959555908125e+02 1.768289056304520273e+02 2.426618754956383839e+02
2.549915741475019786e+02 1.774283306899286288e+02 2.427281919111815967e+02
2.549941514670896083e+02 1.782796391752577279e+02 2.427036082474226930e+02
2.549873116574147502e+02 1.777154044409199116e+02 2.424657018239492459e+02
2.549909793814433101e+02 1.770192307692307736e+02 2.423684575733544762e+02
2.549882038065027814e+02 1.776506740681998338e+02 2.426598929421094510e+02
2.549941514670896083e+02 1.784816613798572575e+02 2.428857057890563169e+02
2.549889968279143488e+02 1.782821173671689223e+02 2.424589611419508230e+02
2.549832474226804209e+02 1.765240880253766989e+02 2.423427835051546424e+02
2.549866177636796181e+02 1.779865186360031828e+02 2.425206185567010380e+02
2.549908802537668464e+02 1.786184575733544762e+02 2.429439928628073062e+02
2.549867168913560533e+02 1.792396907216494810e+02 2.431259912767644664e+02
2.549897898493259447e+02 1.792173869944488445e+02 2.427113402061855538e+02
2.549912767644726443e+02 1.779401268834258474e+02 2.427185765265662098e+02
2.549956383822363080e+02 1.778386201427438493e+02 2.424270420301347997e+02
2.549964314036479038e+02 1.802240285487708036e+02 2.431032910388580603e+02
2.549953409992069737e+02 1.796873513084853187e+02 2.429586637589214888e+02
2.549937549563838104e+02 1.737462331482950049e+02 2.415760309278350633e+02
2.549894924662965821e+02 1.713145321173671789e+02 2.414911776367961806e+02
2.549899881046788153e+02 1.721125099127676492e+02 2.416086439333861904e+02
2.549890959555908125e+02 1.754379460745440156e+02 2.423695479777954063e+02
2.549867168913560533e+02 1.767214512291831738e+02 2.426606859635210185e+02
2.549945479777954063e+02 1.757954004758128406e+02 2.422493061062648678e+02
2.549854282315622527e+02 1.745360824742268164e+02 2.419659000793021448e+02
2.549835448057097551e+02 1.733150277557494121e+02 2.420370737509912829e+02
2.549872125297383150e+02 1.744967287866772381e+02 2.421108247422680506e+02
2.549814631245043586e+02 1.754309080095162585e+02 2.421931998413957103e+02
2.549914750198255433e+02 1.761501784298176005e+02 2.422496034892942021e+02
2.549880055511498824e+02 1.768405035685963469e+02 2.423732157018239377e+02
2.549827517842981877e+02 1.766947858842188737e+02 2.421567208564631244e+02
2.549852299762093537e+02 1.774124702616970524e+02 2.426871530531324481e+02
2.549935567010309398e+02 1.783824345757335550e+02 2.427136201427438493e+02
2.549896907216494810e+02 1.785296391752577279e+02 2.429170301348136434e+02
2.549890959555908125e+02 1.787718080888184033e+02 2.429117763679619486e+02
2.549893933386201468e+02 1.786250000000000000e+02 2.430822759714512244e+02
2.549930610626486782e+02 1.794760111022997648e+02 2.429318992862807249e+02
2.549921689135606755e+02 1.800345955590800884e+02 2.429525178429817629e+02
2.549934575733544762e+02 1.801305511498810574e+02 2.431446272799365715e+02
2.549896907216494810e+02 1.792505947660586969e+02 2.425639373513084820e+02
2.549944488501189426e+02 1.767460348929421059e+02 2.423579500396510582e+02
2.549948453608247405e+02 1.748828310864393245e+02 2.418649881046788153e+02
2.549924662965900097e+02 1.753841197462331536e+02 2.422077716098334577e+02
2.549874107850911855e+02 1.756543417922283936e+02 2.423092783505154557e+02
2.549964314036479038e+02 1.750760309278350633e+02 2.424356661379857201e+02
2.549948453608247405e+02 1.750791038858049262e+02 2.420763283108643975e+02
2.549931601903251419e+02 1.754433980967486093e+02 2.425382632831086482e+02
2.549970261697065723e+02 1.760555114988104606e+02 2.427832077716098240e+02
2.549865186360031828e+02 1.770330095162569251e+02 2.426582077716098240e+02
2.549928628072958077e+02 1.775948651863600389e+02 2.429440919904837415e+02
2.549887985725614499e+02 1.785194290245836726e+02 2.429310071371926938e+02
2.549876090404440845e+02 1.795857454401268853e+02 2.432497026169706658e+02
2.549889968279143488e+02 1.794725416336241040e+02 2.429954401268834374e+02
2.549868160190325170e+02 1.789850317208564547e+02 2.431054718477398922e+02
2.549880055511498824e+02 1.794274385408405976e+02 2.431489888977002352e+02
2.549965305313243391e+02 1.800014869151466996e+02 2.433562648691514596e+02
2.549946471054718415e+02 1.801032910388580603e+02 2.432589214908802546e+02
2.549969270420301370e+02 1.807591197462331536e+02 2.436718873909595686e+02
2.549951427438540748e+02 1.804809674861221254e+02 2.435159595559080117e+02
2.549962331482950049e+02 1.799292228390166599e+02 2.433482355273592361e+02
2.549941514670896083e+02 1.776574147501982566e+02 2.429892942109436831e+02
2.549878072957969835e+02 1.746618754956383839e+02 2.425684972244250730e+02
2.549913758921490796e+02 1.738838223632038194e+02 2.421628667724028503e+02
2.549868160190325170e+02 1.745240880253766989e+02 2.424206978588421748e+02
2.549921689135606755e+02 1.744204004758128406e+02 2.421702022204599416e+02
2.549924662965900097e+02 1.742543616177636920e+02 2.422311657414750243e+02
2.549915741475019786e+02 1.736698057097541721e+02 2.425543219666930952e+02
2.549971252973830360e+02 1.740325138778746918e+02 2.422110428231562196e+02
2.549939532117367094e+02 1.739946471054718415e+02 2.424900872323552790e+02
2.549908802537668464e+02 1.750789056304520273e+02 2.426534496431403625e+02
2.549924662965900097e+02 1.764520222045995297e+02 2.426588025376685209e+02
2.549962331482950049e+02 1.765701823949246716e+02 2.430710745440126743e+02
2.549846352101506852e+02 1.777377081681205482e+02 2.433581482950039572e+02
2.549913758921490796e+02 1.793534892942109309e+02 2.437093576526566210e+02
2.549923671689135745e+02 1.815490681998414004e+02 2.442746827914353673e+02
2.549927636796193440e+02 1.839713521015067386e+02 2.446429421094369445e+02
2.549965305313243391e+02 1.830579896907216551e+02 2.443931403647898435e+02
2.549978191911181682e+02 1.807306701030927911e+02 2.438672680412371108e+02
2.549967287866772381e+02 1.787557494052339280e+02 2.436381839809674830e+02
2.549914750198255433e+02 1.806420499603489418e+02 2.438588421887390894e+02
2.549890959555908125e+02 1.805469865186360039e+02 2.437550555114988242e+02
2.549908802537668464e+02 1.757143140364789815e+02 2.429548969072164937e+02
2.549943497224425073e+02 1.719188144329896772e+02 2.423793616177636920e+02
2.549875099127676492e+02 1.691631641554321845e+02 2.417252180808881974e+02
2.549806701030927911e+02 1.676892347343378162e+02 2.413355471847739864e+02
2.549934575733544762e+02 1.661857652656621838e+02 2.408723235527359350e+02
2.549949444885011758e+02 1.651993457573354362e+02 2.406287668517049951e+02
2.549927636796193440e+02 1.648338620142743878e+02 2.405904044409199116e+02
2.549965305313243391e+02 1.671851704996034869e+02 2.411147898493259447e+02
2.549866177636796181e+02 1.708654837430610485e+02 2.417288858049167288e+02
2.549938540840602741e+02 1.728295995241871594e+02 2.420814829500396570e+02
2.549882038065027814e+02 1.731024980174464645e+02 2.429399286280729484e+02
2.549917724028548776e+02 1.730199246629659058e+02 2.428860031720856512e+02
2.549935567010309398e+02 1.742719072164948386e+02 2.429985130848533004e+02
2.549951427438540748e+02 1.733664750198255433e+02 2.426253965107057979e+02
2.549893933386201468e+02 1.701471054718477376e+02 2.416157811260904111e+02
2.549872125297383150e+02 1.687761697065820670e+02 2.414751189532117337e+02
2.549871134020618513e+02 1.719709555908009406e+02 2.421242069785884325e+02
2.549863203806502838e+02 1.765165543219666802e+02 2.427128271213322819e+02
2.549921689135606755e+02 1.777399881046788153e+02 2.432046986518635947e+02
2.549980174464710672e+02 1.775270618556700981e+02 2.428673671689135745e+02
2.549956383822363080e+02 1.753390166534496473e+02 2.426850713719270516e+02
2.549967287866772381e+02 1.724179222839016745e+02 2.420622521808088834e+02
2.549940523394131731e+02 1.707723037272006366e+02 2.412383029341792167e+02
2.549959357652656706e+02 1.704310071371926938e+02 2.418750991276764353e+02
2.549946471054718415e+02 1.702389968279143488e+02 2.415291435368754946e+02
2.549931601903251419e+02 1.681506740681998338e+02 2.411827914353687561e+02
2.549880055511498824e+02 1.686252973830293342e+02 2.405611617763679533e+02
2.549886003172085509e+02 1.709391356066613810e+02 2.415911974623314791e+02
2.549926645519429087e+02 1.728654837430610485e+02 2.420748413957176979e+02
2.549941514670896083e+02 1.733945281522601078e+02 2.425071371927041923e+02
2.549948453608247405e+02 1.725296391752577279e+02 2.422508921490880311e+02
2.549894924662965821e+02 1.718382236320380514e+02 2.421474028548770718e+02
2.549940523394131731e+02 1.720521411578112634e+02 2.422279936558286977e+02
2.549960348929421059e+02 1.722136201427438493e+02 2.424594567803330563e+02
2.549928628072958077e+02 1.716045796986518610e+02 2.420738501189532030e+02
2.549952418715305384e+02 1.717101506740681884e+02 2.420979381443299019e+02
2.549966296590008028e+02 1.691325337034099903e+02 2.413783703409991972e+02
2.549925654242664450e+02 1.656694091990483741e+02 2.406518636003171991e+02
2.549967287866772381e+02 1.664252577319587658e+02 2.405650277557494121e+02
2.549969270420301370e+02 1.713867961934972186e+02 2.419193100713719389e+02
2.549968279143536733e+02 1.755006938937351322e+02 2.427654639175257785e+02
2.549952418715305384e+02 1.744318992862807249e+02 2.424346748612212537e+02
2.549895915939730457e+02 1.713717287866772381e+02 2.416258921490880311e+02
2.549946471054718415e+02 1.702569389373513218e+02 2.410691911181601768e+02
2.549934575733544762e+02 1.725795995241871594e+02 2.415818794607454265e+02
2.549879064234734471e+02 1.711056701030927911e+02 2.412287866772402936e+02
2.549885011895321156e+02 1.661644528152260136e+02 2.403120539254559844e+02
2.549919706582077765e+02 1.641971649484536044e+02 2.401458168120539369e+02
2.549897898493259447e+02 1.665458961141950738e+02 2.404389373513084820e+02
2.549930610626486782e+02 1.668396114195083157e+02 2.406539452815225957e+02
2.549858247422680506e+02 1.675091197462331536e+02 2.405527359238699319e+02
2.549956383822363080e+02 1.678779738302934277e+02 2.405482751784298046e+02
2.549891950832672478e+02 1.667916336241078454e+02 2.406719865186360039e+02
2.549880055511498824e+02 1.664448850118953089e+02 2.401816019032513907e+02
2.549906819984139474e+02 1.663503172085646327e+02 2.402796391752577279e+02
2.549884020618556804e+02 1.641925059476605782e+02 2.397850911974623216e+02
2.549885011895321156e+02 1.618436756542426735e+02 2.393952220459952400e+02
2.549873116574147502e+02 1.608828310864393245e+02 2.390288461538461604e+02
2.549899881046788153e+02 1.612620935765265529e+02 2.388950237906423411e+02
2.549906819984139474e+02 1.637241276764472673e+02 2.397042030134813615e+02
2.549794805709754257e+02 1.669058287073750932e+02 2.402785487708168262e+02
2.549851308485329184e+02 1.687752775574940642e+02 2.406663362410785112e+02
2.549882038065027814e+02 1.660701823949246716e+02 2.403032315622521935e+02
2.549847343378271205e+02 1.642625892149088145e+02 2.399590602696272867e+02
2.549929619349722429e+02 1.640695876288659747e+02 2.398356463124504501e+02
2.549850317208564547e+02 1.639759119746233011e+02 2.394424068199841429e+02
2.549842386994448873e+02 1.637440523394131731e+02 2.394782910388580603e+02
2.549776962727993634e+02 1.643516058683584333e+02 2.398691514670896083e+02
2.549754163362410679e+02 1.655912965900079428e+02 2.397148096748612147e+02
2.549907811260904111e+02 1.646970658207771692e+02 2.395424266455194413e+02
2.549842386994448873e+02 1.638427835051546424e+02 2.397185765265662098e+02
2.549803727200634285e+02 1.648660785091197454e+02 2.398719270420301370e+02
2.549851308485329184e+02 1.654952418715305384e+02 2.403775773195876297e+02
2.549916732751784423e+02 1.662757731958762975e+02 2.399707573354480701e+02
2.549874107850911855e+02 1.661466098334655044e+02 2.403575535289452887e+02
2.549921689135606755e+02 1.661504758128469348e+02 2.403590404440919883e+02
2.549890959555908125e+02 1.666822957969865229e+02 2.403446669310071400e+02
2.549856264869151516e+02 1.655772204599524287e+02 2.398816415543219591e+02
2.549907811260904111e+02 1.621993457573354362e+02 2.391227200634417045e+02
2.549926645519429087e+02 1.605509516256938980e+02 2.388557692307692264e+02
2.549960348929421059e+02 1.633296986518635947e+02 2.394405233941316453e+02
2.549941514670896083e+02 1.656488897700237999e+02 2.397956978588421748e+02
2.549900872323552790e+02 1.639514274385408328e+02 2.391163758921490796e+02
2.549908802537668464e+02 1.613686558287073751e+02 2.389283306899286288e+02
2.549917724028548776e+02 1.599825535289452887e+02 2.382627874702616850e+02
2.549875099127676492e+02 1.601845757335448184e+02 2.389834456780333198e+02
2.549904837430610485e+02 1.616951823949246716e+02 2.391891356066613810e+02
2.549858247422680506e+02 1.635236915146709009e+02 2.400416336241078454e+02
2.549851308485329184e+02 1.652735923869944372e+02 2.400077319587628892e+02
2.549821570182394908e+02 1.612063838223631933e+02 2.388331681205392556e+02
2.549777954004757987e+02 1.551830888183980903e+02 2.372892545598731147e+02
2.549927636796193440e+02 1.546761498810467970e+02 2.371961736716891380e+02
2.549864195083267191e+02 1.605279540047581293e+02 2.383796590007930263e+02
2.549839413164155530e+02 1.648391157811260825e+02 2.394330888183980903e+02
2.549863203806502838e+02 1.655236915146709009e+02 2.398342585249801857e+02
2.549846352101506852e+02 1.630903053132434479e+02 2.389100911974623216e+02
2.549858247422680506e+02 1.592742862807295694e+02 2.379993061062648678e+02
2.549872125297383150e+02 1.546072561459159260e+02 2.372542624900872283e+02
2.549853291038858174e+02 1.538472442505947697e+02 2.369555908009516259e+02
2.549901863600317142e+02 1.558529936558286977e+02 2.372416732751784423e+02
2.549913758921490796e+02 1.576765463917525665e+02 2.376446272799365715e+02
2.549922680412371108e+02 1.578906621728786774e+02 2.385026764472640650e+02
2.549885011895321156e+02 1.571769429024583644e+02 2.379184179222839077e+02
2.549859238699444859e+02 1.531144924662965821e+02 2.367595162569389515e+02
2.549858247422680506e+02 1.472691316415543099e+02 2.353579500396510582e+02
2.549844369547977863e+02 1.453336637589214888e+02 2.345484734337827035e+02
2.549844369547977863e+02 1.451244052339413031e+02 2.343191911181601768e+02
2.549820578905630555e+02 1.450681998413957103e+02 2.345768239492466307e+02
2.549872125297383150e+02 1.447350317208564547e+02 2.342817208564631244e+02
2.549786875495638299e+02 1.449008723235527327e+02 2.344823552735923897e+02
2.549766058683584333e+02 1.460111022997620864e+02 2.347488104678826346e+02
2.549911776367961806e+02 1.469483544805709698e+02 2.347265067406819981e+02
2.549833465503568561e+02 1.470798969072164937e+02 2.346972640761300681e+02
2.549903846153846132e+02 1.463702418715305384e+02 2.348075931800158571e+02
2.549838421887390894e+02 1.466107256145915869e+02 2.351403647898493148e+02
2.549895915939730457e+02 1.470450039651070711e+02 2.349677835051546424e+02
2.549908802537668464e+02 1.488564631245043586e+02 2.352223433782712050e+02
2.549878072957969835e+02 1.500360824742268164e+02 2.355368754956383839e+02
2.549853291038858174e+02 1.514375495638382176e+02 2.359406225218080806e+02
2.549836439333861904e+02 1.531401665344964442e+02 2.355903053132434479e+02
2.549794805709754257e+02 1.533217684377478065e+02 2.360408406026962780e+02
2.549815622521808223e+02 1.527197660586835752e+02 2.359043417922283936e+02
2.549813639968279233e+02 1.532590206185566899e+02 2.363905630452022137e+02
2.549891950832672478e+02 1.532840999206978552e+02 2.364628271213322819e+02
2.549867168913560533e+02 1.543788659793814304e+02 2.366806106264869243e+02
2.549808683584456901e+02 1.521312450436161896e+02 2.362560467882632906e+02
2.549833465503568561e+02 1.488858049167327522e+02 2.359256542426645638e+02
2.549865186360031828e+02 1.483652854877081779e+02 2.357546590007930263e+02
2.549833465503568561e+02 1.481778350515463956e+02 2.352931205392545735e+02
2.549831482950039572e+02 1.473746034892942021e+02 2.348268239492466307e+02
2.549830491673275219e+02 1.473325733544805587e+02 2.348672680412371108e+02
2.549844369547977863e+02 1.474261498810467970e+02 2.347925257731958766e+02
2.549906819984139474e+02 1.476729777954004703e+02 2.349977200634417045e+02
2.549796788263283247e+02 1.476269825535289328e+02 2.345655233941316453e+02
2.549771015067406950e+02 1.476170697858842118e+02 2.351645519429024489e+02
2.549795796986518610e+02 1.486559278350515569e+02 2.352989690721649367e+02
2.549835448057097551e+02 1.493825337034099903e+02 2.354343774781919194e+02
2.549827517842981877e+02 1.525352894528152206e+02 2.363449643140364742e+02
2.549816613798572575e+02 1.546325337034099903e+02 2.363091792228390204e+02
2.549831482950039572e+02 1.556343180015860526e+02 2.370192307692307736e+02
2.549808683584456901e+02 1.547426645519429087e+02 2.370117961934972186e+02
2.549708564631245054e+02 1.547051942902458279e+02 2.369627279936558182e+02
2.549798770816811952e+02 1.553383227597145151e+02 2.372815226011102254e+02
2.549893933386201468e+02 1.545019825535289328e+02 2.368462529738303033e+02
2.549951427438540748e+02 1.544036478984932614e+02 2.367217486122125365e+02
2.549865186360031828e+02 1.530941712926249068e+02 2.361603885804916843e+02
2.549797779540047600e+02 1.507543616177636920e+02 2.357455392545598727e+02
2.549766058683584333e+02 1.514553925455987269e+02 2.358585448057097551e+02
2.549833465503568561e+02 1.524969270420301370e+02 2.364016653449643002e+02
2.549857256145915869e+02 1.527833068992862877e+02 2.361585051546391867e+02
2.549855273592386879e+02 1.523706383822363080e+02 2.363195876288659747e+02
2.549849325931800195e+02 1.523852101506740553e+02 2.365157613005551127e+02
2.549855273592386879e+02 1.517059873116574238e+02 2.361438342585249757e+02
2.549904837430610485e+02 1.516425455987311750e+02 2.363602299762093537e+02
2.549904837430610485e+02 1.503544805709754257e+02 2.362256145915939669e+02
2.549843378271213226e+02 1.496044805709754257e+02 2.358787668517049951e+02
2.549879064234734471e+02 1.484878072957969835e+02 2.357625892149088145e+02
2.549892942109436831e+02 1.490254758128469348e+02 2.356854678826328211e+02
2.549840404440919883e+02 1.509549960348929289e+02 2.360738501189532030e+02
2.549851308485329184e+02 1.536525574940523313e+02 2.365620539254559844e+02
2.549790840602696278e+02 1.543715305313243391e+02 2.372374107850911855e+02
2.549821570182394908e+02 1.564288263283108620e+02 2.379397303727200494e+02
2.549845360824742215e+02 1.578078905630451914e+02 2.378687549563838104e+02
2.549863203806502838e+02 1.581606859635210185e+02 2.379916732751784423e+02
2.549936558287073751e+02 1.577322561459159260e+02 2.378906621728786774e+02
2.549892942109436831e+02 1.579051348136399611e+02 2.378658802537668464e+02
2.549843378271213226e+02 1.584535091197462293e+02 2.377438540840602741e+02
2.549823552735923897e+02 1.561937946074544072e+02 2.374882038065027814e+02
2.549855273592386879e+02 1.550654242664551816e+02 2.376944885011895394e+02
2.549803727200634285e+02 1.542444488501189426e+02 2.373137390959555830e+02
2.549835448057097551e+02 1.544643140364789815e+02 2.368520023790642313e+02
2.549839413164155530e+02 1.542338421887390894e+02 2.371508723235527327e+02
2.549866177636796181e+02 1.542513877874702644e+02 2.370839611419508230e+02
2.549921689135606755e+02 1.534879064234734471e+02 2.372746827914353673e+02
2.549948453608247405e+02 1.535841593973037220e+02 2.371627676447264150e+02
2.549798770816811952e+02 1.533034298176050640e+02 2.371917129262490107e+02
2.549825535289452887e+02 1.535903053132434479e+02 2.363794607454401273e+02
2.549750198255352984e+02 1.545329103885804898e+02 2.371921094369548086e+02
2.549886003172085509e+02 1.554861221252973849e+02 2.378575535289452887e+02
2.549864195083267191e+02 1.559857256145915869e+02 2.378664750198255433e+02
2.549855273592386879e+02 1.558720261697065723e+02 2.377543616177636920e+02
