1.558387704237053413e+02 0.000000000000000000e+00 2.811586818055940284e+01
1.543435613403489413e+02 0.000000000000000000e+00 2.744115203544724579e+01
1.541507061755746406e+02 0.000000000000000000e+00 2.698033785654943273e+01
1.539580725560786618e+02 0.000000000000000000e+00 2.721456660204929534e+01
1.553868180559401821e+02 0.000000000000000000e+00 2.780542785931874761e+01
1.551160343395181371e+02 0.000000000000000000e+00 2.729116588202714055e+01
1.552518969814455829e+02 0.000000000000000000e+00 2.790351703129326921e+01
1.549701467737468761e+02 0.000000000000000000e+00 2.772600387704236979e+01
1.552016062032678008e+02 0.000000000000000000e+00 2.729648296870673008e+01
1.553303240099695302e+02 0.000000000000000000e+00 2.752484076433120919e+01
1.556695098310717356e+02 0.000000000000000000e+00 2.740703406258653985e+01
1.558900027693159700e+02 0.000000000000000000e+00 2.794671836056494030e+01
1.554792578233176528e+02 0.000000000000000000e+00 2.811996676820825414e+01
1.548295762946552259e+02 0.000000000000000000e+00 2.777784547216837296e+01
1.545441705898643079e+02 0.000000000000000000e+00 2.719767377457768021e+01
1.547291608972583674e+02 0.000000000000000000e+00 2.730384934921074347e+01
1.545724176128496197e+02 0.000000000000000000e+00 2.711088341179728545e+01
1.543907504846303027e+02 0.000000000000000000e+00 2.711276654666297503e+01
1.544050955414012662e+02 0.000000000000000000e+00 2.651863749653835356e+01
1.542347826086956388e+02 0.000000000000000000e+00 2.662176682359457303e+01
1.547406812517308197e+02 0.000000000000000000e+00 2.768690113541955000e+01
1.550039878150096797e+02 0.000000000000000000e+00 2.745843256715591352e+01
1.556428136250346199e+02 0.000000000000000000e+00 2.840365549709221682e+01
1.559574079202436963e+02 0.000000000000000000e+00 2.901428967045139728e+01
1.555693713652727865e+02 0.000000000000000000e+00 2.777967322071448208e+01
1.550019385211852807e+02 0.000000000000000000e+00 2.768313486568817439e+01
1.554134588756577102e+02 0.000000000000000000e+00 2.709471060648019858e+01
1.561020216006646422e+02 0.000000000000000000e+00 2.800947106064802128e+01
1.557454998615341992e+02 0.000000000000000000e+00 2.765848795347549327e+01
1.565314317363611281e+02 0.000000000000000000e+00 2.870833564109664948e+01
1.562317363611188057e+02 0.000000000000000000e+00 2.747776239268900511e+01
1.560699529216283565e+02 0.000000000000000000e+00 2.753392412074217788e+01
1.561046801440044192e+02 0.000000000000000000e+00 2.774860149543062704e+01
1.555436167266685175e+02 0.000000000000000000e+00 2.732168374411520517e+01
1.553550263085018059e+02 0.000000000000000000e+00 2.762675159235668687e+01
1.559142065909720429e+02 0.000000000000000000e+00 2.748629188590418337e+01
1.561734145666020481e+02 0.000000000000000000e+00 2.775990030462475744e+01
1.560180005538632031e+02 0.000000000000000000e+00 2.815220160620326695e+01
1.550683467183605728e+02 0.000000000000000000e+00 2.792196067571309825e+01
1.557586264192744352e+02 0.000000000000000000e+00 2.796322348379950284e+01
1.558365549709221796e+02 0.000000000000000000e+00 2.893752423151481423e+01
1.552263638881196357e+02 0.000000000000000000e+00 2.797673774577679140e+01
1.552117972860703503e+02 0.000000000000000000e+00 2.807255607864857438e+01
1.553900304624757780e+02 0.000000000000000000e+00 2.803046247576848415e+01
1.556499584602603079e+02 0.000000000000000000e+00 2.777319302132373480e+01
1.560241484353364854e+02 0.000000000000000000e+00 2.807421766823594567e+01
1.561294932151758417e+02 0.000000000000000000e+00 2.704048739961229586e+01
1.568439213514261894e+02 0.000000000000000000e+00 2.869587371919136132e+01
1.579127111603434059e+02 0.000000000000000000e+00 2.874328440875103752e+01
1.580497923013015793e+02 0.000000000000000000e+00 2.907155912489615091e+01
1.585276654666297418e+02 0.000000000000000000e+00 2.918277485461091203e+01
1.586074771531431793e+02 0.000000000000000000e+00 2.924430905566325123e+01
1.585990030462475886e+02 0.000000000000000000e+00 2.870357241761285039e+01
1.583873165328163850e+02 0.000000000000000000e+00 2.815696482968706604e+01
1.582888396566048073e+02 0.000000000000000000e+00 2.912816394350595317e+01
1.580882304070894406e+02 0.000000000000000000e+00 2.837972860703406397e+01
1.582218222099141371e+02 0.000000000000000000e+00 2.855652173913043512e+01
1.583159235668789790e+02 0.000000000000000000e+00 2.855364165051232206e+01
1.586604818609803260e+02 0.000000000000000000e+00 2.861484353364718913e+01
1.590427028523954505e+02 0.000000000000000000e+00 2.940642481307117251e+01
1.602808086402658603e+02 0.000000000000000000e+00 3.062414843533647257e+01
1.587485461091110608e+02 0.000000000000000000e+00 2.913248407643312277e+01
1.588103572417612952e+02 0.000000000000000000e+00 2.992744392135142562e+01
1.581828302409304854e+02 0.000000000000000000e+00 2.878360564940459554e+01
1.573471060648020057e+02 0.000000000000000000e+00 2.852334533370257574e+01
1.573762946552201640e+02 0.000000000000000000e+00 2.817779008584879463e+01
1.578545001384657951e+02 0.000000000000000000e+00 2.882503461644973797e+01
1.576421489891996544e+02 0.000000000000000000e+00 2.791653281639435136e+01
1.576135142619772864e+02 0.000000000000000000e+00 2.846829133204098738e+01
1.570087510384935001e+02 0.000000000000000000e+00 2.864541678205483421e+01
1.578323456106341780e+02 0.000000000000000000e+00 2.920958183328717794e+01
1.578193852118526763e+02 0.000000000000000000e+00 2.875762946552201527e+01
1.580836887288839705e+02 0.000000000000000000e+00 2.962154527831625472e+01
1.583497646081417827e+02 0.000000000000000000e+00 2.901102187759623519e+01
1.583243976737745697e+02 0.000000000000000000e+00 2.955153697036831772e+01
1.588133481030185408e+02 0.000000000000000000e+00 2.914245361395735401e+01
1.587485461091110608e+02 0.000000000000000000e+00 2.891332040985876617e+01
1.580681251730822510e+02 0.000000000000000000e+00 2.856150650789254897e+01
1.581051786208806504e+02 0.000000000000000000e+00 2.812157297147604496e+01
1.579424536139573547e+02 0.000000000000000000e+00 2.822292993630573221e+01
1.582865688175020864e+02 0.000000000000000000e+00 2.989958460260315576e+01
1.588496261423428280e+02 0.000000000000000000e+00 2.948324563832733247e+01
1.585698698421489894e+02 0.000000000000000000e+00 2.866219883688728842e+01
1.594953198559955752e+02 0.000000000000000000e+00 2.938748269177512995e+01
1.591009692605926205e+02 0.000000000000000000e+00 2.956837441152035595e+01
1.591033508723345449e+02 0.000000000000000000e+00 2.977147604541678305e+01
1.590216560509554142e+02 0.000000000000000000e+00 2.920908335641096798e+01
1.583599556909443322e+02 0.000000000000000000e+00 2.883217945167543661e+01
1.583423428413181853e+02 0.000000000000000000e+00 2.933381334810301766e+01
1.580602049293824507e+02 0.000000000000000000e+00 2.839014123511492826e+01
1.577126557740238297e+02 0.000000000000000000e+00 2.861921905289393564e+01
1.573783439490445915e+02 0.000000000000000000e+00 2.803289947382996417e+01
1.576826363888119715e+02 0.000000000000000000e+00 2.854865688175020821e+01
1.580294101356964802e+02 0.000000000000000000e+00 2.921545278316255789e+01
1.579190252007754225e+02 0.000000000000000000e+00 2.872733314871226895e+01
1.581114926613126670e+02 0.000000000000000000e+00 2.807039601218498959e+01
1.584295762946552202e+02 0.000000000000000000e+00 2.894284131819440731e+01
1.576162835779562386e+02 0.000000000000000000e+00 2.817873165328164120e+01
1.576764331210191017e+02 0.000000000000000000e+00 2.851614511215729664e+01
1.581098310717252957e+02 0.000000000000000000e+00 2.856820825256161811e+01
1.584602049293824564e+02 0.000000000000000000e+00 2.860564940459706307e+01
1.587138188867349697e+02 0.000000000000000000e+00 2.837385765715868047e+01
1.589458321794516849e+02 0.000000000000000000e+00 2.774566602049293707e+01
1.587257823317640657e+02 0.000000000000000000e+00 2.826851287731930285e+01
1.577945721406812538e+02 0.000000000000000000e+00 2.843096095264469625e+01
1.576491276654666365e+02 0.000000000000000000e+00 2.859789531985599709e+01
1.579019662143450660e+02 0.000000000000000000e+00 2.817790085848795201e+01
1.580446967599003187e+02 0.000000000000000000e+00 2.839545832179451779e+01
1.579080033231791731e+02 0.000000000000000000e+00 2.839667682082525602e+01
1.583841595126003767e+02 0.000000000000000000e+00 2.826264192744392290e+01
1.588470783716421977e+02 0.000000000000000000e+00 2.826114649681528590e+01
1.587270562171143808e+02 0.000000000000000000e+00 2.837214068125173227e+01
1.578520631404043115e+02 0.000000000000000000e+00 2.833885350318471197e+01
1.571340348933813402e+02 0.000000000000000000e+00 2.805948490722791533e+01
1.563993353641650401e+02 0.000000000000000000e+00 2.800121849903073823e+01
1.565698698421489894e+02 0.000000000000000000e+00 2.808053170866795867e+01
1.567675990030462572e+02 0.000000000000000000e+00 2.721190805870949703e+01
1.570759346441429045e+02 0.000000000000000000e+00 2.799363057324840653e+01
1.570375519246746023e+02 0.000000000000000000e+00 2.726518969814455673e+01
1.572872888396566111e+02 0.000000000000000000e+00 2.771276654666297290e+01
1.585094433674882168e+02 0.000000000000000000e+00 2.926109111049570899e+01
1.573251176959290945e+02 0.000000000000000000e+00 2.757114372749930808e+01
1.575867072833010241e+02 0.000000000000000000e+00 2.858078094710606365e+01
1.576922182220991431e+02 0.000000000000000000e+00 2.822298532262531268e+01
1.574167266685128652e+02 0.000000000000000000e+00 2.845067848241484398e+01
1.570691221268346851e+02 0.000000000000000000e+00 2.804137358072556196e+01
1.568744392135142505e+02 0.000000000000000000e+00 2.730456937136527173e+01
1.575337025754638489e+02 0.000000000000000000e+00 2.854184436444198170e+01
1.575750761561894251e+02 0.000000000000000000e+00 2.748795347549155466e+01
1.578841318194405972e+02 0.000000000000000000e+00 2.706662974245361397e+01
1.583172528385488818e+02 0.000000000000000000e+00 2.775801716975906785e+01
1.585595679867072931e+02 0.000000000000000000e+00 2.804048739961229586e+01
1.584063694267515814e+02 0.000000000000000000e+00 2.777413458875657781e+01
1.579255054001661449e+02 0.000000000000000000e+00 2.761921905289393564e+01
1.583949598449183043e+02 0.000000000000000000e+00 2.786214345056771080e+01
1.586031570202160026e+02 0.000000000000000000e+00 2.786391581279423946e+01
1.589361395735253382e+02 0.000000000000000000e+00 2.780847410689559851e+01
1.593293270562171244e+02 0.000000000000000000e+00 2.758925505400166145e+01
1.587412905012461977e+02 0.000000000000000000e+00 2.796870672943783021e+01
1.579912489615064999e+02 0.000000000000000000e+00 2.806723899196898486e+01
1.572869011354195550e+02 0.000000000000000000e+00 2.699479368595956785e+01
1.570873996122957692e+02 0.000000000000000000e+00 2.691752977014677484e+01
1.575302132373303721e+02 0.000000000000000000e+00 2.754439213514261908e+01
1.571868180559401935e+02 0.000000000000000000e+00 2.723694267515923428e+01
1.578351149266131301e+02 0.000000000000000000e+00 2.784613680420936177e+01
1.575290501246192321e+02 0.000000000000000000e+00 2.730612018831348564e+01
1.579272223760731038e+02 0.000000000000000000e+00 2.785499861534201216e+01
1.581698698421489837e+02 0.000000000000000000e+00 2.811409581833287064e+01
1.584260869565217433e+02 0.000000000000000000e+00 2.834394904458598674e+01
1.588509000276931715e+02 0.000000000000000000e+00 2.887776239268900724e+01
1.585993353641650572e+02 0.000000000000000000e+00 2.874034893381334754e+01
1.587382996399889237e+02 0.000000000000000000e+00 2.891885904181667044e+01
1.589348656881750230e+02 0.000000000000000000e+00 2.860731099418443790e+01
1.595853780116311214e+02 0.000000000000000000e+00 2.860132927166989703e+01
1.603376350041539808e+02 0.000000000000000000e+00 2.872245915258930893e+01
1.600677374688451948e+02 0.000000000000000000e+00 2.863644419828302290e+01
1.604737191913597201e+02 0.000000000000000000e+00 2.944702298532262574e+01
1.599098310717252787e+02 0.000000000000000000e+00 2.849603987815009631e+01
1.594763223483799379e+02 0.000000000000000000e+00 2.861849903073940737e+01
1.581956244807532528e+02 0.000000000000000000e+00 2.801196344502907820e+01
1.584309055663251229e+02 0.000000000000000000e+00 2.780836333425643758e+01
1.583968983661035850e+02 0.000000000000000000e+00 2.833359180282470291e+01
1.585678205483245620e+02 0.000000000000000000e+00 2.810019385211852594e+01
1.586284131819440688e+02 0.000000000000000000e+00 2.746751592356687866e+01
1.587180282470229713e+02 0.000000000000000000e+00 2.744165051232345576e+01
1.585197452229299415e+02 0.000000000000000000e+00 2.844021046801439923e+01
1.575880365549709268e+02 0.000000000000000000e+00 2.750551093879811759e+01
1.574180559401827679e+02 0.000000000000000000e+00 2.775923566878980964e+01
1.569340902797009107e+02 0.000000000000000000e+00 2.728319025200775272e+01
1.571070617557463436e+02 0.000000000000000000e+00 2.785837718083633519e+01
1.570923843810578830e+02 0.000000000000000000e+00 2.801506507892550601e+01
1.573976737745776688e+02 0.000000000000000000e+00 2.823666574356133907e+01
1.576088618111326412e+02 0.000000000000000000e+00 2.803677651620049716e+01
1.578300747715314287e+02 0.000000000000000000e+00 2.730855718637496565e+01
1.581343118249792212e+02 0.000000000000000000e+00 2.816759900304624864e+01
1.579389642758238779e+02 0.000000000000000000e+00 2.801312655774023952e+01
1.582528385488784295e+02 0.000000000000000000e+00 2.831919135973414470e+01
1.585596787593464398e+02 0.000000000000000000e+00 2.862558847964552911e+01
1.584823594572140735e+02 0.000000000000000000e+00 2.827842702852395362e+01
1.586038216560509682e+02 0.000000000000000000e+00 2.810828025477707115e+01
1.599412905012461863e+02 0.000000000000000000e+00 2.864680144004431028e+01
1.594442536693436807e+02 0.000000000000000000e+00 2.807571309886457911e+01
1.594871226806978655e+02 0.000000000000000000e+00 2.785605095541401255e+01
1.601939075048462939e+02 0.000000000000000000e+00 2.904453060094156669e+01
1.602377180836333537e+02 0.000000000000000000e+00 2.910711714206590983e+01
1.604347272223760683e+02 0.000000000000000000e+00 2.898227637773469922e+01
1.602245915258931177e+02 0.000000000000000000e+00 2.906729437828856177e+01
1.606344502907781759e+02 0.000000000000000000e+00 2.972345610634173241e+01
1.603503738576571607e+02 0.000000000000000000e+00 2.959263361949598448e+01
1.601558017169759012e+02 0.000000000000000000e+00 2.925998338410412458e+01
1.594549986153420207e+02 0.000000000000000000e+00 2.883976737745776830e+01
1.589708667959014008e+02 0.000000000000000000e+00 2.822725006923289826e+01
1.587470506784824238e+02 0.000000000000000000e+00 2.851409581833287277e+01
1.584792024369980652e+02 0.000000000000000000e+00 2.934212129603987762e+01
1.580999723068402147e+02 0.000000000000000000e+00 2.836510661866519101e+01
1.586757130988645770e+02 0.000000000000000000e+00 2.862137911935752044e+01
1.590750484630296455e+02 0.000000000000000000e+00 2.875607864857380136e+01
1.591717529770146768e+02 0.000000000000000000e+00 2.904148435336471934e+01
1.595947936859595586e+02 0.000000000000000000e+00 3.021085571863749664e+01
1.593317086679590204e+02 0.000000000000000000e+00 2.874638604264746533e+01
1.594677928551647881e+02 0.000000000000000000e+00 2.880216006646358196e+01
1.598639158127942324e+02 0.000000000000000000e+00 2.869315978953198609e+01
1.597256161728053030e+02 0.000000000000000000e+00 2.922381611741899832e+01
1.595896981445582981e+02 0.000000000000000000e+00 2.921766823594572315e+01
1.596880088618111415e+02 0.000000000000000000e+00 2.945001384657989618e+01
1.598402104680143907e+02 0.000000000000000000e+00 2.947178067017446779e+01
1.598558847964552854e+02 0.000000000000000000e+00 2.870972029908612555e+01
1.599745776793131995e+02 0.000000000000000000e+00 2.889387981168651365e+01
1.597045693713652668e+02 0.000000000000000000e+00 2.847349764608141953e+01
1.601416228191636719e+02 0.000000000000000000e+00 2.850695098310717412e+01
1.604568817502076854e+02 0.000000000000000000e+00 2.954494599833840951e+01
1.601603987815009589e+02 0.000000000000000000e+00 2.829066740515092704e+01
1.604207144835225733e+02 0.000000000000000000e+00 2.877596233730268693e+01
1.604594849072279032e+02 0.000000000000000000e+00 2.894422597618388338e+01
1.598102464691221201e+02 0.000000000000000000e+00 2.967947936859595615e+01
1.589724176128496254e+02 0.000000000000000000e+00 2.856261423428413337e+01
1.586586541124342205e+02 0.000000000000000000e+00 2.784813071171420518e+01
1.582525062309609609e+02 0.000000000000000000e+00 2.813071171420659056e+01
1.584691221268346624e+02 0.000000000000000000e+00 2.825599556909443422e+01
1.582895042924397728e+02 0.000000000000000000e+00 2.861307117142066048e+01
1.583230130157851079e+02 0.000000000000000000e+00 2.806480199390750485e+01
1.588146219883688843e+02 0.000000000000000000e+00 2.865139850456937154e+01
1.588163943505954023e+02 0.000000000000000000e+00 2.860542785931874832e+01
1.581117695929105480e+02 0.000000000000000000e+00 2.814145666020493053e+01
1.588472445306009320e+02 0.000000000000000000e+00 2.812849626142342885e+01
1.589567432844087591e+02 0.000000000000000000e+00 2.839473829963998952e+01
1.589927997784547244e+02 0.000000000000000000e+00 2.838377180836333480e+01
1.591837164220437444e+02 0.000000000000000000e+00 2.828634727222376100e+01
1.593553032400996869e+02 0.000000000000000000e+00 2.837563001938521268e+01
1.596704513985045821e+02 0.000000000000000000e+00 2.865826640819717497e+01
1.596634173359180409e+02 0.000000000000000000e+00 2.940886181113264897e+01
1.595183605649404512e+02 0.000000000000000000e+00 2.842470229853226371e+01
1.594254777070063653e+02 0.000000000000000000e+00 2.870440321240653603e+01
1.595139296593741278e+02 0.000000000000000000e+00 2.878654112434228907e+01
1.593297147604541806e+02 0.000000000000000000e+00 2.870722791470506863e+01
1.595736361118803757e+02 0.000000000000000000e+00 2.857989476599280110e+01
1.598427028523954618e+02 0.000000000000000000e+00 2.836056494045970666e+01
1.592774854610911177e+02 0.000000000000000000e+00 2.809775685405704948e+01
1.594400996953752383e+02 0.000000000000000000e+00 2.872578233176405504e+01
1.589754084741068993e+02 0.000000000000000000e+00 2.889476599279977975e+01
1.588556078648573759e+02 0.000000000000000000e+00 2.775668789808917225e+01
1.581990030462475829e+02 0.000000000000000000e+00 2.785948490722791604e+01
1.577765715868180507e+02 0.000000000000000000e+00 2.775436167266684961e+01
1.576646358349487684e+02 0.000000000000000000e+00 2.801683744115203467e+01
1.576244253669343607e+02 0.000000000000000000e+00 2.803168097479922594e+01
1.575165882027139332e+02 0.000000000000000000e+00 2.789747992245915142e+01
1.572433121019108171e+02 0.000000000000000000e+00 2.847172528385488732e+01
1.573422874549986261e+02 0.000000000000000000e+00 2.856604818609803331e+01
1.578525616172805428e+02 0.000000000000000000e+00 2.861894212129604043e+01
1.574110218775962267e+02 0.000000000000000000e+00 2.823827194682913344e+01
1.580485738022708517e+02 0.000000000000000000e+00 2.819091664358903415e+01
1.581176405427859208e+02 0.000000000000000000e+00 2.851985599556909534e+01
1.581240653558571125e+02 0.000000000000000000e+00 2.741982830240930369e+01
1.579276100803101599e+02 0.000000000000000000e+00 2.866302963168097406e+01
1.581659927997784507e+02 0.000000000000000000e+00 2.859423982276377885e+01
1.581795070617557428e+02 0.000000000000000000e+00 2.750468014400443195e+01
1.582201606203267659e+02 0.000000000000000000e+00 2.821617280531708616e+01
1.583165882027139162e+02 0.000000000000000000e+00 2.786873442259761902e+01
1.582908335641096755e+02 0.000000000000000000e+00 2.811636665743561281e+01
1.585565217391304316e+02 0.000000000000000000e+00 2.871226806978676294e+01
1.589339241207421765e+02 0.000000000000000000e+00 2.896920520631404017e+01
1.588784270285239586e+02 0.000000000000000000e+00 2.892932705621711520e+01
1.586402104680144021e+02 0.000000000000000000e+00 2.861811132650235479e+01
1.576537247299916942e+02 0.000000000000000000e+00 2.877346995292163001e+01
1.585204098587648787e+02 0.000000000000000000e+00 2.908900581556355647e+01
1.578031570202160196e+02 0.000000000000000000e+00 2.836687898089171966e+01
1.580697867626696222e+02 0.000000000000000000e+00 2.891193575186928655e+01
1.579123234561063498e+02 0.000000000000000000e+00 2.882797009138742794e+01
1.580830240930490049e+02 0.000000000000000000e+00 2.842547770700636889e+01
1.583853226253115452e+02 0.000000000000000000e+00 2.925992799778454767e+01
1.578799224591525956e+02 0.000000000000000000e+00 2.857596233730268764e+01
1.589702575463860512e+02 0.000000000000000000e+00 2.853697036831902523e+01
1.594636942675159332e+02 0.000000000000000000e+00 2.891880365549709353e+01
1.594544447521462303e+02 0.000000000000000000e+00 2.932085294932151598e+01
1.590090833564109687e+02 0.000000000000000000e+00 2.887133757961783331e+01
1.593594572140681294e+02 0.000000000000000000e+00 2.857363611188036501e+01
1.600939905843256668e+02 0.000000000000000000e+00 3.005056770977568448e+01
1.589726945444475348e+02 0.000000000000000000e+00 2.869271669897535304e+01
1.594959291055109247e+02 0.000000000000000000e+00 2.888252561617280634e+01
1.597397950706175607e+02 0.000000000000000000e+00 2.972783162558847891e+01
1.595621157574079234e+02 0.000000000000000000e+00 3.006668512877319444e+01
1.589800609249515446e+02 0.000000000000000000e+00 2.910246469122126811e+01
1.592574909997230748e+02 0.000000000000000000e+00 2.947000830794793558e+01
1.595843256715591281e+02 0.000000000000000000e+00 2.908468568263639042e+01
1.595707560232622484e+02 0.000000000000000000e+00 2.912245915258931106e+01
1.584700636942675089e+02 0.000000000000000000e+00 2.923090556632511650e+01
1.583947382996399824e+02 0.000000000000000000e+00 2.910229853226253027e+01
1.586110218775962437e+02 0.000000000000000000e+00 2.920742176682359315e+01
1.579628357795624538e+02 0.000000000000000000e+00 2.902215452783162419e+01
1.580704513985045594e+02 0.000000000000000000e+00 2.877535308778731604e+01
1.579673220714483648e+02 0.000000000000000000e+00 2.889387981168651365e+01
1.574641373580725485e+02 0.000000000000000000e+00 2.821611741899750925e+01
1.568893381334810329e+02 0.000000000000000000e+00 2.798127942398227574e+01
1.568896704513985014e+02 0.000000000000000000e+00 2.850944336748823105e+01
1.565184713375796264e+02 0.000000000000000000e+00 2.819169205206313933e+01
1.566633619495984533e+02 0.000000000000000000e+00 2.814023816117418875e+01
1.570977014677374655e+02 0.000000000000000000e+00 2.879025200775408422e+01
1.566567155912489682e+02 0.000000000000000000e+00 2.855696482968706817e+01
1.568359457214068016e+02 0.000000000000000000e+00 2.789382442536693318e+01
1.571405150927720911e+02 0.000000000000000000e+00 2.808374411520354386e+01
1.585724176128496197e+02 0.000000000000000000e+00 2.892689005815563519e+01
1.575766269731376212e+02 0.000000000000000000e+00 2.901955137081140990e+01
1.576230960952644580e+02 0.000000000000000000e+00 2.840758792578233027e+01
1.573611188036555006e+02 0.000000000000000000e+00 2.890185544170589793e+01
1.580718360564940497e+02 0.000000000000000000e+00 2.852256992522846701e+01
1.578001661589587457e+02 0.000000000000000000e+00 2.860055386319579185e+01
1.570612018831348564e+02 0.000000000000000000e+00 2.857557463306563150e+01
1.571047355303240067e+02 0.000000000000000000e+00 2.858211021877596281e+01
1.565237330379396212e+02 0.000000000000000000e+00 2.857524231514815938e+01
1.554626419274439115e+02 0.000000000000000000e+00 2.842974245361395802e+01
1.553816671282193340e+02 0.000000000000000000e+00 2.792960398781501041e+01
1.553434505677097661e+02 0.000000000000000000e+00 2.771127111603433946e+01
1.549451121572971601e+02 0.000000000000000000e+00 2.748889504292439767e+01
1.549626142342841320e+02 0.000000000000000000e+00 2.729609526446967749e+01
1.549803932428690132e+02 0.000000000000000000e+00 2.785577402381611734e+01
1.557126003877042422e+02 0.000000000000000000e+00 2.925483245638327290e+01
1.557816671282193397e+02 0.000000000000000000e+00 2.857214068125173156e+01
1.556265300470783757e+02 0.000000000000000000e+00 2.809177513154250860e+01
1.561934644142896786e+02 0.000000000000000000e+00 2.780642481307117109e+01
1.558135696482968626e+02 0.000000000000000000e+00 2.810650789255053894e+01
1.558608695652173992e+02 0.000000000000000000e+00 2.795441705898642937e+01
1.556725006923289811e+02 0.000000000000000000e+00 2.820636942675159275e+01
1.556293547493769154e+02 0.000000000000000000e+00 2.822536693436721222e+01
1.555883134865688078e+02 0.000000000000000000e+00 2.787045139850457076e+01
1.558723345333702639e+02 0.000000000000000000e+00 2.822038216560509483e+01
1.562681251730822396e+02 0.000000000000000000e+00 2.781417889781224062e+01
1.565669897535308905e+02 0.000000000000000000e+00 2.760443090556632484e+01
1.566012184990307503e+02 0.000000000000000000e+00 2.749465522016062025e+01
1.563303793962891177e+02 0.000000000000000000e+00 2.811071725283854761e+01
1.567974522292993527e+02 0.000000000000000000e+00 2.890855718637496707e+01
1.565449459983384202e+02 0.000000000000000000e+00 2.836172805317086798e+01
1.559322625311548052e+02 0.000000000000000000e+00 2.912256992522846843e+01
1.546311824979230209e+02 0.000000000000000000e+00 2.758432567155912452e+01
1.550083633342564440e+02 0.000000000000000000e+00 2.755114926613126514e+01
1.550079202436998003e+02 0.000000000000000000e+00 2.836693436721130013e+01
1.543243422874550106e+02 0.000000000000000000e+00 2.870944336748823034e+01
1.538266408197175394e+02 0.000000000000000000e+00 2.754184436444198170e+01
1.537302686236499483e+02 0.000000000000000000e+00 2.798377180836333267e+01
1.535070063694267617e+02 0.000000000000000000e+00 2.686513431182497769e+01
1.533160897258377133e+02 0.000000000000000000e+00 2.654267515923566734e+01
1.539954029354749423e+02 0.000000000000000000e+00 2.711514815840487458e+01
1.534716145112157335e+02 0.000000000000000000e+00 2.734594295209083370e+01
1.539560232622542344e+02 0.000000000000000000e+00 2.717923013015785116e+01
1.543780116311271229e+02 0.000000000000000000e+00 2.768064248130711746e+01
1.542614234284131953e+02 0.000000000000000000e+00 2.825904181667128157e+01
1.539236222653004802e+02 0.000000000000000000e+00 2.783129327056217051e+01
1.539791193575186981e+02 0.000000000000000000e+00 2.778404873996122859e+01
1.537387981168651265e+02 0.000000000000000000e+00 2.676200498476876177e+01
1.541623926890058272e+02 0.000000000000000000e+00 2.794034893381334683e+01
1.543128219329825583e+02 0.000000000000000000e+00 2.822614234284131740e+01
1.545052340072002153e+02 0.000000000000000000e+00 2.796543893658266455e+01
1.541096095264469739e+02 0.000000000000000000e+00 2.871631127111603377e+01
1.537179174743838246e+02 0.000000000000000000e+00 2.759351980060925058e+01
1.538900027693159700e+02 0.000000000000000000e+00 2.743710883411797141e+01
1.529674328440875115e+02 0.000000000000000000e+00 2.746762669620603603e+01
1.532568817502076968e+02 0.000000000000000000e+00 2.875065078925505446e+01
1.531193021323732921e+02 0.000000000000000000e+00 2.802935474937690330e+01
1.528732207144835229e+02 0.000000000000000000e+00 2.754428136250346171e+01
1.530294101356964802e+02 0.000000000000000000e+00 2.921705898643035226e+01
1.529392965937413464e+02 0.000000000000000000e+00 2.847050678482414909e+01
1.543343118249792383e+02 6.092495153697036940e-04 2.910390473553032464e+01
1.536568263638881149e+02 0.000000000000000000e+00 2.803289947382996417e+01
1.539185821102187788e+02 0.000000000000000000e+00 2.881495430628634580e+01
1.540551647743007493e+02 0.000000000000000000e+00 2.954383827194682866e+01
1.537963998892273594e+02 0.000000000000000000e+00 2.907837164220437387e+01
1.533626696206036968e+02 0.000000000000000000e+00 2.805272777623926928e+01
1.532637496538355038e+02 0.000000000000000000e+00 2.798847964552755485e+01
1.537527554693990623e+02 0.000000000000000000e+00 2.856084187205760117e+01
1.548254777070063710e+02 0.000000000000000000e+00 2.833265023539185989e+01
1.551625588479645614e+02 0.000000000000000000e+00 2.825522016062032549e+01
1.564906120188313423e+02 0.000000000000000000e+00 2.935707560232622626e+01
1.557762392689005821e+02 0.000000000000000000e+00 2.933841041262808247e+01
1.557725283854887834e+02 0.000000000000000000e+00 2.886502353918582031e+01
1.560049293824425263e+02 0.000000000000000000e+00 2.843611188036555149e+01
1.561935198006092378e+02 0.000000000000000000e+00 2.889304901689282801e+01
1.563587371919136046e+02 0.000000000000000000e+00 2.909709221822209813e+01
1.563623926890058158e+02 0.000000000000000000e+00 2.826208806424813247e+01
1.569504292439767426e+02 0.000000000000000000e+00 2.892423151481584043e+01
1.567560232622542173e+02 0.000000000000000000e+00 2.836521739130434838e+01
1.568804209360287985e+02 0.000000000000000000e+00 2.890368319025200705e+01
1.562566048186098158e+02 0.000000000000000000e+00 2.811653281639435065e+01
1.556870672943782949e+02 0.000000000000000000e+00 2.819573525339241371e+01
1.554564940459706577e+02 0.000000000000000000e+00 2.847798393796732341e+01
1.548850180005538562e+02 0.000000000000000000e+00 2.763251176959290945e+01
1.547890335087233495e+02 0.000000000000000000e+00 2.773259484907227801e+01
1.545551924674605289e+02 0.000000000000000000e+00 2.820038770423705188e+01
1.544104680144004362e+02 0.000000000000000000e+00 2.762658543339794903e+01
1.543510938798116854e+02 0.000000000000000000e+00 2.729947382996400052e+01
1.552463029631680911e+02 0.000000000000000000e+00 2.811542509000276979e+01
1.555012461921905356e+02 0.000000000000000000e+00 2.876084187205760045e+01
1.555420105234007337e+02 0.000000000000000000e+00 2.786934367211298635e+01
1.553441152035447317e+02 0.000000000000000000e+00 2.817607310994184289e+01
1.555484907227914846e+02 0.000000000000000000e+00 2.787189144281362374e+01
1.554317917474383819e+02 0.000000000000000000e+00 2.729039047355303182e+01
1.558568817502076911e+02 0.000000000000000000e+00 2.803107172528385505e+01
1.557558017169758955e+02 0.000000000000000000e+00 2.807200221545278396e+01
1.556328440875103922e+02 0.000000000000000000e+00 2.803483799501523066e+01
1.560679036278039291e+02 0.000000000000000000e+00 2.818487953475491636e+01
1.565442259761838955e+02 0.000000000000000000e+00 2.833652727776239288e+01
1.570748269177513237e+02 0.000000000000000000e+00 2.758249792301301540e+01
1.581014123511492642e+02 0.000000000000000000e+00 2.886048186098033952e+01
1.586228191636665770e+02 0.000000000000000000e+00 2.867554693990584269e+01
1.585560786485738163e+02 0.000000000000000000e+00 2.916233730268623603e+01
1.580661866518969703e+02 0.000000000000000000e+00 2.900365549709221824e+01
1.571217391304347757e+02 0.000000000000000000e+00 2.907521462198836915e+01
1.571285516477429951e+02 0.000000000000000000e+00 2.918028247022985155e+01
1.566387150373857651e+02 0.000000000000000000e+00 2.885760177236222646e+01
1.566222653004707865e+02 0.000000000000000000e+00 2.875347549155358706e+01
1.564188867349764678e+02 0.000000000000000000e+00 2.893359180282470078e+01
1.559351980060924916e+02 0.000000000000000000e+00 2.747754084741069036e+01
1.562681805594018272e+02 0.000000000000000000e+00 2.842110218775962238e+01
1.551214621988368947e+02 0.000000000000000000e+00 2.772954860149543066e+01
1.551394073663805102e+02 0.000000000000000000e+00 2.780708944890611889e+01
1.548742730545555162e+02 0.000000000000000000e+00 2.783118249792301313e+01
1.548008307947936828e+02 0.000000000000000000e+00 2.805195236776516055e+01
1.550383827194683022e+02 0.000000000000000000e+00 2.775120465245084489e+01
1.555916920520631379e+02 0.000000000000000000e+00 2.787964552755469327e+01
1.564255884796455405e+02 0.000000000000000000e+00 2.807255607864857438e+01
1.569379119357518562e+02 0.000000000000000000e+00 2.865505400166158978e+01
1.565062309609526494e+02 0.000000000000000000e+00 2.796582664081971714e+01
1.578634727222376171e+02 0.000000000000000000e+00 2.903566878980891630e+01
1.572444752146219855e+02 0.000000000000000000e+00 2.858122403766269670e+01
1.570696206037108880e+02 0.000000000000000000e+00 2.840564940459706378e+01
1.567635558017169899e+02 0.000000000000000000e+00 2.793359180282470078e+01
1.570480753253946204e+02 0.000000000000000000e+00 2.807366380504015524e+01
1.570640265854333961e+02 0.000000000000000000e+00 2.801024646912212646e+01
1.566170589864303508e+02 0.000000000000000000e+00 2.705455552478537840e+01
1.553340902797009164e+02 0.000000000000000000e+00 2.679501523123788331e+01
1.552817502076987068e+02 0.000000000000000000e+00 2.800116311271116132e+01
1.546846302963168114e+02 0.000000000000000000e+00 2.776759900304624651e+01
1.543694821379119446e+02 0.000000000000000000e+00 2.674993076710052620e+01
1.546786485738022634e+02 0.000000000000000000e+00 2.753591802824702128e+01
1.552988645804486225e+02 0.000000000000000000e+00 2.790955414012738700e+01
1.562538355026308636e+02 0.000000000000000000e+00 2.847986707283300944e+01
1.567961229576294784e+02 0.000000000000000000e+00 2.905361395735253538e+01
1.562700636942675203e+02 0.000000000000000000e+00 2.757623926890058286e+01
1.565975076156189516e+02 0.000000000000000000e+00 2.830346164497369088e+01
1.561901412351149361e+02 0.000000000000000000e+00 2.796588202713929761e+01
1.563429520908335633e+02 0.000000000000000000e+00 2.824962614234284075e+01
1.562818055940182660e+02 0.000000000000000000e+00 2.805184159512600317e+01
1.564150096926059348e+02 0.000000000000000000e+00 2.901838825810024858e+01
1.567008584879534681e+02 0.000000000000000000e+00 2.906679590141235181e+01
1.564357795624480616e+02 0.000000000000000000e+00 2.733248407643312206e+01
1.571057324840764409e+02 0.000000000000000000e+00 2.862370534477983952e+01
1.575363611188036543e+02 0.000000000000000000e+00 2.894993076710052549e+01
1.590960952644696818e+02 0.000000000000000000e+00 2.957186374965383635e+01
1.595519800609249614e+02 0.000000000000000000e+00 2.923937967322071430e+01
1.595359180282470106e+02 0.000000000000000000e+00 2.990373857657158752e+01
1.598366657435613263e+02 0.000000000000000000e+00 2.991232345610634269e+01
1.591616172805317149e+02 0.000000000000000000e+00 2.938631957906397218e+01
1.599510938798116797e+02 0.000000000000000000e+00 2.972893935198005977e+01
1.593492107449459922e+02 0.000000000000000000e+00 2.877978399335364301e+01
1.583902520077540714e+02 0.000000000000000000e+00 2.892245915258931177e+01
1.584331764054278722e+02 0.000000000000000000e+00 3.051968983661035750e+01
1.578403766269731250e+02 0.000000000000000000e+00 2.948047632234838034e+01
1.580564386596510644e+02 0.000000000000000000e+00 2.909864303517031203e+01
1.576630850180005439e+02 0.000000000000000000e+00 2.853979507061755783e+01
1.579920797563001997e+02 0.000000000000000000e+00 2.926845749099972238e+01
1.572279700913874194e+02 0.000000000000000000e+00 2.859324286901135537e+01
1.576009969537524285e+02 0.000000000000000000e+00 2.894633065632788771e+01
1.581996676820825201e+02 0.000000000000000000e+00 2.869670451398504696e+01
1.583117695929105651e+02 0.000000000000000000e+00 2.856815286624203765e+01
1.585159789531985552e+02 0.000000000000000000e+00 2.922686236499584567e+01
1.589499861534200988e+02 0.000000000000000000e+00 2.941467737468845201e+01
1.598012738853503265e+02 0.000000000000000000e+00 2.967466075879257659e+01
1.602794239822763700e+02 0.000000000000000000e+00 3.058089171974522458e+01
1.605378011631127038e+02 0.000000000000000000e+00 3.099080587094987393e+01
1.599022985322625345e+02 0.000000000000000000e+00 3.036959291055109489e+01
1.602901689282747100e+02 0.000000000000000000e+00 3.051309886458044929e+01
1.598420936028800838e+02 0.000000000000000000e+00 2.961462198836887438e+01
1.601700360011077180e+02 0.000000000000000000e+00 3.051642204375519185e+01
1.595976737745776859e+02 0.000000000000000000e+00 2.969282747161451042e+01
1.601276100803101770e+02 0.000000000000000000e+00 2.994461368042093596e+01
1.605398504569371312e+02 0.000000000000000000e+00 3.014483522569925356e+01
1.607849349210744947e+02 0.000000000000000000e+00 2.990135696482968797e+01
1.608559401827748445e+02 0.000000000000000000e+00 2.988656881750207717e+01
1.606720576017723658e+02 0.000000000000000000e+00 3.057673774577679282e+01
1.598451952367765045e+02 0.000000000000000000e+00 2.979213514261977380e+01
1.601221268346718318e+02 0.000000000000000000e+00 3.022209914151204657e+01
1.596044309055663177e+02 0.000000000000000000e+00 3.019313209637219586e+01
1.604471337579617796e+02 0.000000000000000000e+00 2.990168928274716009e+01
1.585805594018277418e+02 0.000000000000000000e+00 2.899224591525893047e+01
1.572647466075879379e+02 0.000000000000000000e+00 2.876039878150097095e+01
1.573427859318748290e+02 0.000000000000000000e+00 2.825450013846579722e+01
1.576122957629465589e+02 0.000000000000000000e+00 2.765970645250623150e+01
1.587577956244807638e+02 0.000000000000000000e+00 2.902974245361395589e+01
1.589789531985599638e+02 0.000000000000000000e+00 2.937479922459152704e+01
1.601509831071725216e+02 0.000000000000000000e+00 3.002082525616172859e+01
1.602672389919689806e+02 0.000000000000000000e+00 2.860132927166989703e+01
1.604845195236776476e+02 0.000000000000000000e+00 2.889603987815009845e+01
1.608553309332594949e+02 0.000000000000000000e+00 2.963893658266408337e+01
1.601300470783716321e+02 0.000000000000000000e+00 2.968468568263638829e+01
1.603456660204929278e+02 0.000000000000000000e+00 2.998133481030185621e+01
1.596701744669066727e+02 0.000000000000000000e+00 2.901661589587371992e+01
1.593309886458044957e+02 0.000000000000000000e+00 2.924187205760177122e+01
1.595110495707560290e+02 0.000000000000000000e+00 2.903406258654112548e+01
1.597735253392412176e+02 0.000000000000000000e+00 2.929293824425366921e+01
1.591828302409304854e+02 0.000000000000000000e+00 2.874738299639988881e+01
1.590104680144004305e+02 0.000000000000000000e+00 2.825754638604264812e+01
1.581852672389919690e+02 0.000000000000000000e+00 2.869487676543893784e+01
1.575081694821379017e+02 0.000000000000000000e+00 2.875535862641927309e+01
1.574276377734699395e+02 0.000000000000000000e+00 2.759124896150650841e+01
1.579729714760454158e+02 0.000000000000000000e+00 2.818161174189975071e+01
1.576488507338687270e+02 0.000000000000000000e+00 2.756698975353087633e+01
1.577549155358626365e+02 0.000000000000000000e+00 2.856698975353087633e+01
1.579468291332040906e+02 0.000000000000000000e+00 2.824414289670451339e+01
1.580935474937690515e+02 0.000000000000000000e+00 2.922442536693436566e+01
1.581558571032954887e+02 0.000000000000000000e+00 2.865837718083633234e+01
1.581828302409304854e+02 0.000000000000000000e+00 2.861711437274993131e+01
1.581819994461368140e+02 0.000000000000000000e+00 2.900697867626696080e+01
1.581833287178066882e+02 0.000000000000000000e+00 2.896527277762392671e+01
1.581739684297978386e+02 0.000000000000000000e+00 2.855812794239822594e+01
1.586916089725837651e+02 0.000000000000000000e+00 2.821046801440044405e+01
1.580651896981445645e+02 0.000000000000000000e+00 2.790534477983937833e+01
1.583504292439767482e+02 0.000000000000000000e+00 2.920193852118526578e+01
1.587144281362503477e+02 0.000000000000000000e+00 2.942004984768762199e+01
1.592321240653558618e+02 0.000000000000000000e+00 2.934129050124619198e+01
1.593350318471337630e+02 0.000000000000000000e+00 2.950739407366380362e+01
1.592123511492661407e+02 0.000000000000000000e+00 2.949349210744945893e+01
1.588792024369980709e+02 0.000000000000000000e+00 2.870866795901412516e+01
1.580084187205760315e+02 0.000000000000000000e+00 2.904009969537524327e+01
1.574596510661866660e+02 0.000000000000000000e+00 2.862741622819163823e+01
1.562571586818056062e+02 0.000000000000000000e+00 2.783212406535585615e+01
1.568983661035724140e+02 0.000000000000000000e+00 2.786181113265023512e+01
1.563902520077540714e+02 0.000000000000000000e+00 2.777003600110772652e+01
1.560859595679867198e+02 0.000000000000000000e+00 2.798953198559955524e+01
1.562801440044308947e+02 0.000000000000000000e+00 2.830905566325117562e+01
1.568841872057601847e+02 0.000000000000000000e+00 2.912727776239269062e+01
1.561289393519800512e+02 0.000000000000000000e+00 2.860653558571032917e+01
1.567424536139573661e+02 0.000000000000000000e+00 2.884818609803378564e+01
1.564532262531154743e+02 0.000000000000000000e+00 2.878626419274439385e+01
1.564430351703129247e+02 0.000000000000000000e+00 2.795790639711990977e+01
1.561637773469952890e+02 0.000000000000000000e+00 2.847122680697867736e+01
1.562671836056493930e+02 0.000000000000000000e+00 2.891631127111603305e+01
1.566144558294101330e+02 0.000000000000000000e+00 2.925145389088894987e+01
1.566353364718914349e+02 0.000000000000000000e+00 2.834223206867903500e+01
1.572412628080863897e+02 0.000000000000000000e+00 2.918631957906397290e+01
1.569549709221822127e+02 0.000000000000000000e+00 2.938188867349764521e+01
1.573486014954306427e+02 0.000000000000000000e+00 2.930412628080863868e+01
1.574352810855718587e+02 0.000000000000000000e+00 2.836643589033508661e+01
1.585605095541401397e+02 0.000000000000000000e+00 2.884408751038493435e+01
1.577708667959014122e+02 0.000000000000000000e+00 2.882292993630573363e+01
1.576635834948767751e+02 0.000000000000000000e+00 2.891293270562171003e+01
1.566438659651066132e+02 0.000000000000000000e+00 2.884652450844641436e+01
1.559188036554971006e+02 0.000000000000000000e+00 2.895319855995569114e+01
1.561673774577679410e+02 0.000000000000000000e+00 2.827083910274162193e+01
1.562284131819440631e+02 0.000000000000000000e+00 2.905538631957906404e+01
1.563633896427582499e+02 0.000000000000000000e+00 2.980238161174190026e+01
1.560582664081971700e+02 0.000000000000000000e+00 2.978355026308501863e+01
1.559455552478537754e+02 0.000000000000000000e+00 2.860847410689559567e+01
1.558905012461922013e+02 0.000000000000000000e+00 2.869731376350041430e+01
1.554332317917474313e+02 0.000000000000000000e+00 2.912323456106341624e+01
1.550589310440321356e+02 0.000000000000000000e+00 2.839091664358903344e+01
1.551421766823594623e+02 0.000000000000000000e+00 2.811786208806424980e+01
1.555375242315148228e+02 0.000000000000000000e+00 2.887222376073109942e+01
1.557102187759623462e+02 0.000000000000000000e+00 2.954245361395735259e+01
1.558045416782054815e+02 0.000000000000000000e+00 3.047759623373026727e+01
1.562155081694821490e+02 0.000000000000000000e+00 3.019230130157851022e+01
1.568629188590418266e+02 0.000000000000000000e+00 3.010274162281916333e+01
1.571478814732761009e+02 0.000000000000000000e+00 3.055264469675989858e+01
1.575246746053724678e+02 0.000000000000000000e+00 3.028529493215175705e+01
1.579548601495430660e+02 0.000000000000000000e+00 3.042010523400719890e+01
1.577714206590972026e+02 0.000000000000000000e+00 3.060459706452506268e+01
1.574209360288008952e+02 0.000000000000000000e+00 3.087676543893658376e+01
1.570245915258931007e+02 0.000000000000000000e+00 3.024652450844641294e+01
1.565772916089725868e+02 0.000000000000000000e+00 3.055270008307947904e+01
1.560881196344502939e+02 0.000000000000000000e+00 2.963705344779839379e+01
1.565059540293547400e+02 0.000000000000000000e+00 3.068917197452229217e+01
1.560737191913597428e+02 0.000000000000000000e+00 2.957474383827194586e+01
1.564239268900581692e+02 0.000000000000000000e+00 3.010828025477707115e+01
1.561353087787316554e+02 0.000000000000000000e+00 2.993148712268069644e+01
1.568360011077263891e+02 0.000000000000000000e+00 2.966491276654666365e+01
1.575462752700082945e+02 0.000000000000000000e+00 3.039545832179451779e+01
1.568713375796178298e+02 0.000000000000000000e+00 3.027997784547216753e+01
1.570775408474106882e+02 0.000000000000000000e+00 3.008640265854333862e+01
1.568917197452229289e+02 0.000000000000000000e+00 2.956638050401550899e+01
1.566684021046801547e+02 0.000000000000000000e+00 3.019972306840210408e+01
1.562425366934367332e+02 0.000000000000000000e+00 2.926070340625865285e+01
1.566952090833564171e+02 0.000000000000000000e+00 3.028158404873996190e+01
1.568258654112434272e+02 0.000000000000000000e+00 2.994970922182221074e+01
1.568607034062586649e+02 0.000000000000000000e+00 2.980465245084464243e+01
1.566474106895596776e+02 0.000000000000000000e+00 3.075103849349210705e+01
1.573935198006092548e+02 0.000000000000000000e+00 3.085815563555801688e+01
1.578008861811132704e+02 0.000000000000000000e+00 3.114727222376073001e+01
1.576577125450013739e+02 0.000000000000000000e+00 3.104353364718914321e+01
1.574850180005538505e+02 0.000000000000000000e+00 3.106901135419551352e+01
1.567561894212129516e+02 0.000000000000000000e+00 3.000764331210191216e+01
1.572156743284408833e+02 0.000000000000000000e+00 3.063838271946829295e+01
1.573874826917751193e+02 0.000000000000000000e+00 3.122747161451121656e+01
1.571464414289670515e+02 0.000000000000000000e+00 3.099501523123788260e+01
1.571628911658820300e+02 0.000000000000000000e+00 3.051946829133204275e+01
1.568409858764885030e+02 0.000000000000000000e+00 3.045361395735253396e+01
1.566379396289116528e+02 0.000000000000000000e+00 3.014400443090556792e+01
1.569986153420105097e+02 0.000000000000000000e+00 3.033852118526723984e+01
1.567379673220714551e+02 0.000000000000000000e+00 3.078715037385765640e+01
1.567952367765161910e+02 0.000000000000000000e+00 3.092268069786762652e+01
1.574815840487399612e+02 0.000000000000000000e+00 3.126247576848518506e+01
1.573229022431459327e+02 0.000000000000000000e+00 3.163655497092218383e+01
1.576629742453613972e+02 0.000000000000000000e+00 3.146563278870118907e+01
1.575338133481030241e+02 0.000000000000000000e+00 3.111913597341456494e+01
1.586417612849626266e+02 0.000000000000000000e+00 3.080337856549432374e+01
1.581972860703406241e+02 0.000000000000000000e+00 3.043782885627249968e+01
1.579904181667128285e+02 0.000000000000000000e+00 3.191996676820825130e+01
1.580459706452506339e+02 0.000000000000000000e+00 3.140243699806147859e+01
1.576907781777900937e+02 0.000000000000000000e+00 3.083428413181944094e+01
1.574942675159235534e+02 0.000000000000000000e+00 3.077114372749930737e+01
1.573759623373026955e+02 0.000000000000000000e+00 3.094572140681251682e+01
1.571703129327056274e+02 0.000000000000000000e+00 3.101157574079202561e+01
1.571729160897258453e+02 0.000000000000000000e+00 3.115713098864580388e+01
1.567730822486845739e+02 0.000000000000000000e+00 3.024453060094156598e+01
1.568645804486291979e+02 0.000000000000000000e+00 3.036482968706729579e+01
1.571711991138188864e+02 0.000000000000000000e+00 3.125112157297147775e+01
1.571447798393796802e+02 0.000000000000000000e+00 3.074367211298809366e+01
1.566867349764608264e+02 0.000000000000000000e+00 3.102536693436721293e+01
1.568711714206590955e+02 0.000000000000000000e+00 3.131608972583771688e+01
1.567087233453337092e+02 0.000000000000000000e+00 3.037363611188036572e+01
1.567832733314871234e+02 0.000000000000000000e+00 3.043129327056217193e+01
1.569185821102187788e+02 0.000000000000000000e+00 3.065915258931044107e+01
1.570411520354472543e+02 0.000000000000000000e+00 3.174616449736915058e+01
1.573073386873442132e+02 0.000000000000000000e+00 3.093071171420659127e+01
1.570433674882304160e+02 0.000000000000000000e+00 3.000193852118526650e+01
1.573086125726945568e+02 0.000000000000000000e+00 3.063262254223207037e+01
1.578752146219883628e+02 0.000000000000000000e+00 3.129354749376904010e+01
1.586228191636665770e+02 0.000000000000000000e+00 3.144945998338410575e+01
1.592769315978953273e+02 0.000000000000000000e+00 3.152644696759900356e+01
1.594766546662974349e+02 0.000000000000000000e+00 3.177119911381888784e+01
1.590626419274439343e+02 0.000000000000000000e+00 3.176721129880919392e+01
1.594483522569925356e+02 0.000000000000000000e+00 3.124242592079756164e+01
1.591864857380226965e+02 0.000000000000000000e+00 3.106120188313486707e+01
1.582417612849626209e+02 0.000000000000000000e+00 3.015081694821379088e+01
1.578679036278039405e+02 0.000000000000000000e+00 3.085992799778454554e+01
1.573211852672390023e+02 0.000000000000000000e+00 3.051874826917751449e+01
1.575298255330933159e+02 0.000000000000000000e+00 3.059778454721683616e+01
1.572346718360564921e+02 0.000000000000000000e+00 3.064320132927166895e+01
1.574782608695652186e+02 0.000000000000000000e+00 3.049747992245915285e+01
1.578931044032124191e+02 0.000000000000000000e+00 3.111476045416782199e+01
1.578870672943782836e+02 0.000000000000000000e+00 3.061074494599833784e+01
1.575767931320963839e+02 0.000000000000000000e+00 2.951968983661035750e+01
1.581097756854057081e+02 0.000000000000000000e+00 3.080404320132927154e+01
1.582062032677928585e+02 0.000000000000000000e+00 3.053204098587648829e+01
1.580735530324010085e+02 0.000000000000000000e+00 3.058792578233176229e+01
1.587040708944890639e+02 0.000000000000000000e+00 3.120864026585433493e+01
1.592258100249238453e+02 0.000000000000000000e+00 3.100304624757684735e+01
1.593829963998892367e+02 0.000000000000000000e+00 3.109376903904735556e+01
1.598750484630296285e+02 0.000000000000000000e+00 3.123555801716975822e+01
1.599898643035170380e+02 0.000000000000000000e+00 3.116704513985045821e+01
1.601442813625034489e+02 0.000000000000000000e+00 3.217153143173636209e+01
1.600398781500969392e+02 0.000000000000000000e+00 3.137684851841595091e+01
1.597586818055940228e+02 0.000000000000000000e+00 3.117790085848795201e+01
1.602078094710606422e+02 5.538631957906397021e-04 3.178172251453890951e+01
1.602531154804763105e+02 0.000000000000000000e+00 3.080420936028800938e+01
1.610224314594295265e+02 0.000000000000000000e+00 3.170002769315978952e+01
1.601462752700083172e+02 0.000000000000000000e+00 3.143622265300470886e+01
1.600142896704514044e+02 0.000000000000000000e+00 3.144469675990030311e+01
1.597698698421489780e+02 0.000000000000000000e+00 3.058947659927997620e+01
1.594245915258931063e+02 0.000000000000000000e+00 3.092821932982553434e+01
1.592783716422043767e+02 0.000000000000000000e+00 3.086142342841318253e+01
1.589322625311548052e+02 0.000000000000000000e+00 3.044962614234284004e+01
1.590689005815563632e+02 0.000000000000000000e+00 3.050085848795347587e+01
1.587167543616726562e+02 0.000000000000000000e+00 3.015231237884242432e+01
1.597686513431182505e+02 0.000000000000000000e+00 3.106685128773192872e+01
1.597587371919136103e+02 0.000000000000000000e+00 3.048496261423428422e+01
1.601606203267792807e+02 0.000000000000000000e+00 3.069088895042924392e+01
1.603201329271669806e+02 0.000000000000000000e+00 3.188197175297701591e+01
1.598216560509554256e+02 0.000000000000000000e+00 3.173204098587648758e+01
1.601047909166435943e+02 0.000000000000000000e+00 3.125760177236222503e+01
1.595780670174466991e+02 0.000000000000000000e+00 3.089011354195513803e+01
1.597489891996676761e+02 0.000000000000000000e+00 3.093996122957629424e+01
1.598309055663251286e+02 0.000000000000000000e+00 3.152256992522846701e+01
1.598533370257546267e+02 0.000000000000000000e+00 3.085516477430074644e+01
1.603697590695098256e+02 0.000000000000000000e+00 3.159041816671282277e+01
1.599211298809194091e+02 0.000000000000000000e+00 3.148258100249238467e+01
1.602871780670174360e+02 0.000000000000000000e+00 3.090473553032401099e+01
1.595597341456660274e+02 0.000000000000000000e+00 3.035973414566602102e+01
1.599531985599556947e+02 0.000000000000000000e+00 3.079340902797009250e+01
1.598451952367765045e+02 0.000000000000000000e+00 3.128285793409028059e+01
1.587973968429797935e+02 0.000000000000000000e+00 2.981805594018277361e+01
1.583648296870672993e+02 0.000000000000000000e+00 3.009171974522293169e+01
1.577116588202713956e+02 0.000000000000000000e+00 2.996604818609803544e+01
1.573752977014677299e+02 0.000000000000000000e+00 2.974898919966768318e+01
1.572269177513154261e+02 0.000000000000000000e+00 2.910822486845749069e+01
1.572143450567709806e+02 0.000000000000000000e+00 2.947371919135973428e+01
1.576808640265854251e+02 0.000000000000000000e+00 2.974771531431736449e+01
1.572332317917474427e+02 0.000000000000000000e+00 2.971514815840487245e+01
1.579327056217114489e+02 0.000000000000000000e+00 2.980177236222652937e+01
1.583036831902520021e+02 0.000000000000000000e+00 2.991786208806424696e+01
1.584760454167820569e+02 0.000000000000000000e+00 2.953802270839102917e+01
1.584958183328717780e+02 0.000000000000000000e+00 2.964381057878703984e+01
1.588609803378565459e+02 0.000000000000000000e+00 2.960243699806147788e+01
1.589286070340625940e+02 0.000000000000000000e+00 2.986873442259761902e+01
1.585934644142896843e+02 0.000000000000000000e+00 3.009814455829410207e+01
1.593878703960121754e+02 0.000000000000000000e+00 3.081201883134865582e+01
1.594020492938244331e+02 0.000000000000000000e+00 3.110080310163389683e+01
1.593314317363611110e+02 0.000000000000000000e+00 3.078726114649681378e+01
1.592388258100249345e+02 0.000000000000000000e+00 3.023799501523123823e+01
1.595230684021046841e+02 0.000000000000000000e+00 3.034561063417335802e+01
1.600202713929659240e+02 0.000000000000000000e+00 3.110384934921074418e+01
1.604347826086956559e+02 0.000000000000000000e+00 3.087499307671005155e+01
1.603276100803101656e+02 0.000000000000000000e+00 3.119983384104126145e+01
1.602341733591802893e+02 0.000000000000000000e+00 3.111464968152866106e+01
1.597236222653004631e+02 0.000000000000000000e+00 3.104131819440598150e+01
1.587446136804209402e+02 0.000000000000000000e+00 3.090684021046801533e+01
1.583369149819994561e+02 0.000000000000000000e+00 3.040005538631957904e+01
1.578567155912489568e+02 0.000000000000000000e+00 2.985882027139296468e+01
1.587457767931321087e+02 0.000000000000000000e+00 3.122841318194405957e+01
1.576564386596510587e+02 0.000000000000000000e+00 3.013769039047355136e+01
1.586535585710329599e+02 0.000000000000000000e+00 3.109908612572694508e+01
1.598638050401550856e+02 0.000000000000000000e+00 3.150927720852949321e+01
1.599631680974799224e+02 0.000000000000000000e+00 3.120603710883411708e+01
1.599047355303240181e+02 0.000000000000000000e+00 3.087454998615341850e+01
1.588635281085571762e+02 0.000000000000000000e+00 3.011741899750761675e+01
1.588415951260038810e+02 0.000000000000000000e+00 3.016438659651066345e+01
1.591446690667405051e+02 0.000000000000000000e+00 3.142392689005815498e+01
1.598200498476876135e+02 0.000000000000000000e+00 3.151060648019939237e+01
1.596507892550540078e+02 0.000000000000000000e+00 3.077923013015785259e+01
1.602326779285516523e+02 0.000000000000000000e+00 3.142647466075879237e+01
1.600517862088064192e+02 0.000000000000000000e+00 3.131996676820825343e+01
1.599796732207144885e+02 0.000000000000000000e+00 3.063633342564386552e+01
1.596726668512877438e+02 0.000000000000000000e+00 3.074860149543062704e+01
1.588187205760177108e+02 0.000000000000000000e+00 3.043472722237607186e+01
1.598561063417335788e+02 0.000000000000000000e+00 3.141500969260592768e+01
1.591446136804209459e+02 0.000000000000000000e+00 3.005605095541401184e+01
1.591129880919413040e+02 0.000000000000000000e+00 3.096039878150097024e+01
1.590437551924674722e+02 0.000000000000000000e+00 3.121639435059540446e+01
1.587432844087510375e+02 0.000000000000000000e+00 3.014765992799778616e+01
1.578969260592633646e+02 0.000000000000000000e+00 2.950218775962337148e+01
1.578539462752700047e+02 0.000000000000000000e+00 2.902503461644973726e+01
1.574696759900304528e+02 0.000000000000000000e+00 2.973497646081417756e+01
1.575250069232899364e+02 0.000000000000000000e+00 2.964873996122957678e+01
1.570579894765992890e+02 0.000000000000000000e+00 2.945721406812517174e+01
1.571264469675990085e+02 0.000000000000000000e+00 2.917574079202437076e+01
1.573696482968706789e+02 0.000000000000000000e+00 2.942669620603710712e+01
1.579299916920520559e+02 0.000000000000000000e+00 3.033237330379396113e+01
1.583149819994461325e+02 0.000000000000000000e+00 3.069349210744945822e+01
1.579202436998061501e+02 0.000000000000000000e+00 3.063893658266408337e+01
1.579008031016338975e+02 0.000000000000000000e+00 3.053708114095818260e+01
1.576482414843533775e+02 0.000000000000000000e+00 2.972118526723899024e+01
1.577040708944890639e+02 0.000000000000000000e+00 2.956449736914981941e+01
1.570626419274439343e+02 0.000000000000000000e+00 2.902824702298532245e+01
1.566189421212960440e+02 0.000000000000000000e+00 2.960044309055663092e+01
1.557198559955691053e+02 0.000000000000000000e+00 2.851066186651896928e+01
1.559044585987261087e+02 0.000000000000000000e+00 2.867338687344226145e+01
1.565208529493215224e+02 0.000000000000000000e+00 2.853381334810301695e+01
1.564043755192467415e+02 0.000000000000000000e+00 2.917385765715868118e+01
1.563295486014954179e+02 0.000000000000000000e+00 2.949443367488230550e+01
1.552574356134034872e+02 0.000000000000000000e+00 2.922409304901689353e+01
1.553643865965106556e+02 0.000000000000000000e+00 2.939019662143450518e+01
1.554321240653558505e+02 0.000000000000000000e+00 2.884962614234284217e+01
1.552605372472999079e+02 0.000000000000000000e+00 2.848557186374965511e+01
1.552792024369980481e+02 0.000000000000000000e+00 2.818205483245638376e+01
1.551034616449736916e+02 0.000000000000000000e+00 2.811326502353918499e+01
1.552575463860426339e+02 0.000000000000000000e+00 2.805632788701190705e+01
1.554808640265854365e+02 0.000000000000000000e+00 2.858665189698144715e+01
1.559046247576848430e+02 0.000000000000000000e+00 2.818083633342564553e+01
1.561236222653004688e+02 0.000000000000000000e+00 2.801284962614234431e+01
1.561724176128496140e+02 0.000000000000000000e+00 2.823622265300470957e+01
1.560886181113264968e+02 0.000000000000000000e+00 2.771287731930213383e+01
1.562693990584325547e+02 0.000000000000000000e+00 2.891431736361118965e+01
1.563293270562171244e+02 0.000000000000000000e+00 2.888828579340902891e+01
1.564880642481307120e+02 0.000000000000000000e+00 2.904309055663251016e+01
1.570588202713929604e+02 0.000000000000000000e+00 2.939518139019662257e+01
1.572680144004430929e+02 0.000000000000000000e+00 2.979462752700083072e+01
1.572805317086679509e+02 0.000000000000000000e+00 2.932860703406258551e+01
1.575813901966214416e+02 0.000000000000000000e+00 2.894400443090556507e+01
1.577039047355303296e+02 0.000000000000000000e+00 2.938571032954860129e+01
1.579015785101080098e+02 0.000000000000000000e+00 2.918975353087787283e+01
1.577011354195513775e+02 0.000000000000000000e+00 2.950966491276654580e+01
1.572004984768762199e+02 0.000000000000000000e+00 2.988762115757407756e+01
1.565581833287178029e+02 0.000000000000000000e+00 2.927172528385488803e+01
1.562118526723899095e+02 0.000000000000000000e+00 2.893613957352533816e+01
1.559276100803101599e+02 0.000000000000000000e+00 2.876715591248961346e+01
1.558511769592910525e+02 0.000000000000000000e+00 2.818593187482691675e+01
1.562109664912766505e+02 0.000000000000000000e+00 2.928019939075048583e+01
1.556726114649681563e+02 0.000000000000000000e+00 2.940127388535031727e+01
1.559008031016338975e+02 0.000000000000000000e+00 2.973647189144281455e+01
1.562953752423151457e+02 0.000000000000000000e+00 2.949969537524231455e+01
1.563084464137357941e+02 0.000000000000000000e+00 2.952866242038216527e+01
1.566847410689559581e+02 0.000000000000000000e+00 2.858936582664081882e+01
1.569627250069232787e+02 0.000000000000000000e+00 2.911055109387981332e+01
1.575839379673220719e+02 0.000000000000000000e+00 2.946751592356687866e+01
1.584596510661866660e+02 0.000000000000000000e+00 3.036383273331487231e+01
1.581277762392689112e+02 0.000000000000000000e+00 2.907488230407089347e+01
1.583257269454444724e+02 0.000000000000000000e+00 2.984347826086956346e+01
1.586955967875934732e+02 0.000000000000000000e+00 2.925023539185821164e+01
1.593248407643312134e+02 0.000000000000000000e+00 2.972378842425920809e+01
1.601468291332041076e+02 0.000000000000000000e+00 3.070368319025200776e+01
1.607081140958183312e+02 0.000000000000000000e+00 3.013746884519523661e+01
1.612801440044308947e+02 0.000000000000000000e+00 3.054001661589587258e+01
1.606671282193298396e+02 0.000000000000000000e+00 3.003849349210744890e+01
1.595950152312378805e+02 0.000000000000000000e+00 2.957507615618942154e+01
1.599444475214621946e+02 0.000000000000000000e+00 3.099628911658820130e+01
1.593467183605649495e+02 0.000000000000000000e+00 3.067410689559678616e+01
1.594387704237053356e+02 0.000000000000000000e+00 3.071404043201329159e+01
1.591760731099418535e+02 0.000000000000000000e+00 3.008446413735807212e+01
1.595880365549709268e+02 0.000000000000000000e+00 3.029792301301578661e+01
1.593860980337856574e+02 0.000000000000000000e+00 3.034771531431736236e+01
1.593210744945998272e+02 0.000000000000000000e+00 2.973824425366934321e+01
1.592759346441428931e+02 0.000000000000000000e+00 2.984940459706452387e+01
1.595354195513708078e+02 0.000000000000000000e+00 2.948324563832733247e+01
1.594177790085848869e+02 0.000000000000000000e+00 3.031919135973414470e+01
1.589771808363334173e+02 0.000000000000000000e+00 2.947776239268900511e+01
1.593282747161451027e+02 0.000000000000000000e+00 3.000670174466906559e+01
1.596971476045416694e+02 0.000000000000000000e+00 2.979246746053724593e+01
1.591624480753253863e+02 0.000000000000000000e+00 2.919274439213514327e+01
1.597703683190252093e+02 0.000000000000000000e+00 2.924619219052894081e+01
1.593199113818886872e+02 0.000000000000000000e+00 2.857446690667405065e+01
1.593340348933813289e+02 0.000000000000000000e+00 2.931359734145665996e+01
1.592872334533370235e+02 0.000000000000000000e+00 2.972096372196067549e+01
1.594743838271946856e+02 0.000000000000000000e+00 3.031243422874549864e+01
1.602258100249238453e+02 0.000000000000000000e+00 3.050052617003600020e+01
1.603282193298255436e+02 0.000000000000000000e+00 3.129891996676820654e+01
1.600120188313486551e+02 0.000000000000000000e+00 3.100454167820548435e+01
1.597874826917751250e+02 0.000000000000000000e+00 3.060864026585433351e+01
1.590686236499584538e+02 0.000000000000000000e+00 2.918271946829133157e+01
1.587406258654112321e+02 0.000000000000000000e+00 2.895181390196621507e+01
1.586921074494599964e+02 0.000000000000000000e+00 2.903854887842702936e+01
1.586265300470783757e+02 0.000000000000000000e+00 2.943577956244807581e+01
1.586327887011908047e+02 0.000000000000000000e+00 2.936222653004707794e+01
1.589627803932428662e+02 0.000000000000000000e+00 3.018283024093048894e+01
1.588175574633065708e+02 0.000000000000000000e+00 2.940614788147327729e+01
1.591097202990861206e+02 0.000000000000000000e+00 3.042952090833563972e+01
1.593431182497922975e+02 0.000000000000000000e+00 3.094400443090556507e+01
1.592998061478814691e+02 0.000000000000000000e+00 2.975375242315148228e+01
1.588693990584325775e+02 0.000000000000000000e+00 2.964940459706452458e+01
1.589853226253115395e+02 0.000000000000000000e+00 2.940731099418443506e+01
1.589414566602049206e+02 0.000000000000000000e+00 2.905865411243422969e+01
1.589811132650235379e+02 0.000000000000000000e+00 2.941307117142065763e+01
1.589940182774854520e+02 0.000000000000000000e+00 2.924364441982830343e+01
1.589936859595679834e+02 0.000000000000000000e+00 2.915895873719191300e+01
1.598183328717806830e+02 0.000000000000000000e+00 2.979778454721683900e+01
1.593067294378288636e+02 0.000000000000000000e+00 2.940642481307117251e+01
1.593405704790916673e+02 0.000000000000000000e+00 2.954926613126557911e+01
1.598273608418720642e+02 0.000000000000000000e+00 2.992849626142342956e+01
1.604548324563832864e+02 0.000000000000000000e+00 3.040731099418443506e+01
1.607834948767654453e+02 0.000000000000000000e+00 2.999363057324840653e+01
1.602163389642758204e+02 0.000000000000000000e+00 2.922702852395458351e+01
1.600243699806147788e+02 0.000000000000000000e+00 2.918460260315702115e+01
1.594501246192190536e+02 0.000000000000000000e+00 2.906098033785654877e+01
1.592757130988645713e+02 0.000000000000000000e+00 2.972362226530047025e+01
1.593595679867072761e+02 0.000000000000000000e+00 2.965306009415674282e+01
1.603770146773746887e+02 0.000000000000000000e+00 3.051858211021877665e+01
1.596106895596787467e+02 0.000000000000000000e+00 3.053458875657712568e+01
1.591148712268069687e+02 0.000000000000000000e+00 3.055918028247022988e+01
1.594145666020492911e+02 0.000000000000000000e+00 2.983323179174743700e+01
1.595257823317640486e+02 0.000000000000000000e+00 2.994417058986430291e+01
1.592518415951259954e+02 0.000000000000000000e+00 2.972705621711437374e+01
1.593360288008861687e+02 0.000000000000000000e+00 2.937269454444752270e+01
1.594201606203267829e+02 0.000000000000000000e+00 2.934721683744115239e+01
1.600076433121019193e+02 0.000000000000000000e+00 3.025001384657989334e+01
1.601522569925228368e+02 0.000000000000000000e+00 3.005128773193021274e+01
1.598391581279423974e+02 0.000000000000000000e+00 3.025566325117695854e+01
1.598441428967045113e+02 0.000000000000000000e+00 3.051874826917751449e+01
1.595330379396289118e+02 0.000000000000000000e+00 3.004702298532262361e+01
1.599380780947106189e+02 0.000000000000000000e+00 3.057175297701467898e+01
1.601983384104126173e+02 0.000000000000000000e+00 2.991974522292993655e+01
1.603034616449736802e+02 0.000000000000000000e+00 3.019695375242315194e+01
1.598358903350872424e+02 0.000000000000000000e+00 2.994034893381334683e+01
1.590862364995846008e+02 0.000000000000000000e+00 2.923234561063417303e+01
1.585069509831071741e+02 0.000000000000000000e+00 2.868224868457490828e+01
1.579284408751038598e+02 0.000000000000000000e+00 2.949775685405704806e+01
1.582883965660481920e+02 0.000000000000000000e+00 2.895774023816117548e+01
1.583783993353641790e+02 0.000000000000000000e+00 2.960116311271115919e+01
1.582017169759069475e+02 0.000000000000000000e+00 2.947936859595679948e+01
1.578121849903074008e+02 0.000000000000000000e+00 2.920609249515369754e+01
1.572364995846025977e+02 0.000000000000000000e+00 2.891409581833287135e+01
1.576044309055663177e+02 0.000000000000000000e+00 2.903733037939628758e+01
1.572304624757684905e+02 0.000000000000000000e+00 2.845422320686790485e+01
1.577824425366934236e+02 0.000000000000000000e+00 2.907333148712267956e+01
1.578139019662143312e+02 0.000000000000000000e+00 2.886358349487676378e+01
1.577697590695098313e+02 0.000000000000000000e+00 2.886651896981445731e+01
1.576337856549432388e+02 0.000000000000000000e+00 2.878266408197175252e+01
1.578389919689836631e+02 0.000000000000000000e+00 2.951736361118803487e+01
1.581015785101079985e+02 0.000000000000000000e+00 2.967261146496815272e+01
1.581827194682913387e+02 0.000000000000000000e+00 2.941224037662697199e+01
1.581159235668789904e+02 0.000000000000000000e+00 2.914832456383273396e+01
1.581589587371919094e+02 0.000000000000000000e+00 2.977075602326225479e+01
1.582425366934367332e+02 0.000000000000000000e+00 3.006031570202160097e+01
1.582619219052893982e+02 0.000000000000000000e+00 2.916117418997507471e+01
1.587653281639435079e+02 0.000000000000000000e+00 2.888656881750207717e+01
1.580695098310717128e+02 0.000000000000000000e+00 2.927482691775131585e+01
1.582133481030185465e+02 0.000000000000000000e+00 2.910285239545832070e+01
1.570973691498199969e+02 0.000000000000000000e+00 2.936826363888119573e+01
1.564739407366380419e+02 0.000000000000000000e+00 2.870606480199390731e+01
1.561525893104403337e+02 0.000000000000000000e+00 2.831675436167266824e+01
1.552250900027693206e+02 0.000000000000000000e+00 2.813442259761838926e+01
1.551113818886734919e+02 0.000000000000000000e+00 2.853425643865965000e+01
1.547657158681805640e+02 0.000000000000000000e+00 2.775607864857380136e+01
1.544669066740515007e+02 0.000000000000000000e+00 2.841750207698698460e+01
1.539972306840210479e+02 0.000000000000000000e+00 2.738089171974522174e+01
1.540207144835225677e+02 0.000000000000000000e+00 2.785743561340348862e+01
1.533797286070340533e+02 0.000000000000000000e+00 2.613935198006092619e+01
1.538178897812240393e+02 0.000000000000000000e+00 2.741301578510108072e+01
1.539299916920520559e+02 0.000000000000000000e+00 2.756067571309886333e+01
