2.468625514403292129e+02 6.410183314627758477e+01 1.514337448559670918e+02
2.484233445566779039e+02 6.502184811073699677e+01 1.563450056116722919e+02
2.486194537972315857e+02 6.421952861952861724e+01 1.570445940890385259e+02
2.486593340815562954e+02 6.415622895622895783e+01 1.568188552188552194e+02
2.487803965581743455e+02 6.741533857089412152e+01 1.584955480733258639e+02
2.487610175832398056e+02 6.696992143658810903e+01 1.576643471754582890e+02
2.482607557052001539e+02 6.656356154133932534e+01 1.564295548073325790e+02
2.480546202768425132e+02 6.538009726898616236e+01 1.558002992891881888e+02
2.479682005237560816e+02 6.621945379723157998e+01 1.569254769921436719e+02
2.482023194912083852e+02 6.631619902731013383e+01 1.577817433595211298e+02
2.481606434717545824e+02 6.613101384212495759e+01 1.570742237186681507e+02
2.482734006734006869e+02 6.643082678638234029e+01 1.564635241301907911e+02
2.484442947998503541e+02 6.664549195660306680e+01 1.572672652450430348e+02
2.484017957351290704e+02 6.651343060231948812e+01 1.573457538346427214e+02
2.485486719042274615e+02 6.741975308641974607e+01 1.580960718294051617e+02
2.485569023569023557e+02 6.735510662177328811e+01 1.572428731762065013e+02
2.485652076318743013e+02 6.741743359521137791e+01 1.576405536849981388e+02
2.485150766928544783e+02 6.750018705574261446e+01 1.570495323606434681e+02
2.485289936401047441e+02 6.771956603067714298e+01 1.572959970071081273e+02
2.486547699214365821e+02 6.764481855592966042e+01 1.579735877291432757e+02
2.486733258511036411e+02 6.794246165357276368e+01 1.578650953984287355e+02
2.486903853348297844e+02 6.800261878039655983e+01 1.576449682005237491e+02
2.488032173587729119e+02 6.812637485970819284e+01 1.581108118219229368e+02
2.488356154133931852e+02 6.811305649083426772e+01 1.582127197904975731e+02
2.487732884399551097e+02 6.813939393939394051e+01 1.576778151889263029e+02
2.487646838757949865e+02 6.837156752712307650e+01 1.578303030303030425e+02
2.486939019827908623e+02 6.835637860082304940e+01 1.576892630003740976e+02
2.487028058361391629e+02 6.754784885895996638e+01 1.572927796483351983e+02
2.487466517022072594e+02 6.777201646090534837e+01 1.580833520389076057e+02
2.486644219977553405e+02 6.774380845491955938e+01 1.573241301907968648e+02
2.487546576879910276e+02 6.767968574635241907e+01 1.571999251777029656e+02
2.486129442573887047e+02 6.751208380097268957e+01 1.573402169846614242e+02
2.485426861204639124e+02 6.702738496071829388e+01 1.570009726898615838e+02
2.483274223718668168e+02 6.682259633370745178e+01 1.567289936401047612e+02
2.484213243546576848e+02 6.647265245043023185e+01 1.565836139169472574e+02
2.482796857463524134e+02 6.642229704451926864e+01 1.563384960718294110e+02
2.483077441077440994e+02 6.641758323980546663e+01 1.564957725402169899e+02
2.481545828656939818e+02 6.623052749719415999e+01 1.566968948746726653e+02
2.482163860830527540e+02 6.613557800224467087e+01 1.568189300411522709e+02
2.482642723531612319e+02 6.706427235316124325e+01 1.575412644968200482e+02
2.484380097268986276e+02 6.720104751215862393e+01 1.577994014216236565e+02
2.483457538346427214e+02 6.711777029554806973e+01 1.582960718294051503e+02
2.484903853348297673e+02 6.718630751964084880e+01 1.581605686494575309e+02
2.484146651702207294e+02 6.716378600823044565e+01 1.579073699962588933e+02
2.486380097268986162e+02 6.731530115974560147e+01 1.576637485970819341e+02
2.485191919191919112e+02 6.733812196034418207e+01 1.576803591470258255e+02
2.486976430976430947e+02 6.743868312757201977e+01 1.578717545828656910e+02
2.487166479610924057e+02 6.752450430228208234e+01 1.582246913580246996e+02
2.487184436962214704e+02 6.769569771791994128e+01 1.578818555929667014e+02
2.486217732884399538e+02 6.767287691732136068e+01 1.574092031425364837e+02
2.488231949120838067e+02 6.783973063973064654e+01 1.575930415263748614e+02
2.487717171717171709e+02 6.786135428357650312e+01 1.580632248410026079e+02
2.487806210250654715e+02 6.793340815563037438e+01 1.577765806210250616e+02
2.487239057239057161e+02 6.788514777403666756e+01 1.580285072951739664e+02
2.487825664047886391e+02 6.733236064347175898e+01 1.572651702207257642e+02
2.487742611298166935e+02 6.726524504302281571e+01 1.577673026561915322e+02
2.487063224841002693e+02 6.727459783015338246e+01 1.578616535727646806e+02
2.487551814440703311e+02 6.732173587729143094e+01 1.578674148896371037e+02
2.486534231200897977e+02 6.756715301159745479e+01 1.583976056864945861e+02
2.485143284698840205e+02 6.743120089786756921e+01 1.571325102880658449e+02
2.485694725028058372e+02 6.744616535727647033e+01 1.568545454545454447e+02
2.484903105125327443e+02 6.745170220725776744e+01 1.571918443696221459e+02
2.484071081182192415e+02 6.697471006359894830e+01 1.567060980172091149e+02
2.483363262252151173e+02 6.683823419378974506e+01 1.562490834268612048e+02
2.482665918443696285e+02 6.700486344930789073e+01 1.560716049382716051e+02
2.482361391694724944e+02 6.663120089786755784e+01 1.560871679760568611e+02
2.482414515525626655e+02 6.662835765057987203e+01 1.561312383090160836e+02
2.482781893004115261e+02 6.661384212495323709e+01 1.568573138795360933e+02
2.482949494949494920e+02 6.669854096520762710e+01 1.570696595585484374e+02
2.484895622895622864e+02 6.694111485222596514e+01 1.575261503928170725e+02
2.485982042648709296e+02 6.691126075570520015e+01 1.572114478114478118e+02
2.485500187055742742e+02 6.693842124953235384e+01 1.573594463150018612e+02
2.485617658062102464e+02 6.705469509913955051e+01 1.571284698840254350e+02
2.486499812944257428e+02 6.720112233445566119e+01 1.571469509913954425e+02
2.486772914328469994e+02 6.719117096894875374e+01 1.574016460905349675e+02
2.486356154133931966e+02 6.729352787130565616e+01 1.577017583239805560e+02
2.486270108492330735e+02 6.747182940516273675e+01 1.571521137298915107e+02
2.486601571268238047e+02 6.747893752338197260e+01 1.567428357650579756e+02
2.487331088664421941e+02 6.774485596707819468e+01 1.566886644219977427e+02
2.488158623269734449e+02 6.768544706322484217e+01 1.573001870557426116e+02
2.487307145529367745e+02 6.766427235316123756e+01 1.573396184062850693e+02
2.486968948746726653e+02 6.786389824167602569e+01 1.570457912457912357e+02
2.485002618780396517e+02 6.778406285072951221e+01 1.570684624017957276e+02
2.486026936026935914e+02 6.788357650579872882e+01 1.574971193415637742e+02
2.487093901982790953e+02 6.796812570145903010e+01 1.574719042274597882e+02
2.487162738496071768e+02 6.819887766554433028e+01 1.573498690609801827e+02
2.487484474373363241e+02 6.842753460531238829e+01 1.576011971567527041e+02
2.487045267489712046e+02 6.829741863075196306e+01 1.570487841376730387e+02
2.485673026561915435e+02 6.802341937897493551e+01 1.567564534231200923e+02
2.483551814440703254e+02 6.762835765057987203e+01 1.565485222596333585e+02
2.481960344182566303e+02 6.707130564908342762e+01 1.555486719042274615e+02
2.481681257014590471e+02 6.708731762065094983e+01 1.560065843621399040e+02
2.481075196408529848e+02 6.691178451178451780e+01 1.557261503928170612e+02
2.480831275720164513e+02 6.697306397306397230e+01 1.556141414141414145e+02
2.482600823045267475e+02 6.691515151515152127e+01 1.568112981668537316e+02
2.483902731013842242e+02 6.689659558548447649e+01 1.560808829031051346e+02
2.483749345304900942e+02 6.698121960344182924e+01 1.558143658810325576e+02
2.483654320987654387e+02 6.692779648335204001e+01 1.563298166853722364e+02
2.484339693228582178e+02 6.732966704077814768e+01 1.570032921810699520e+02
2.484041900486344900e+02 6.720845491956603723e+01 1.562868686868687007e+02
2.485472502805836257e+02 6.723471754582865856e+01 1.571616909839132177e+02
2.484691358024691397e+02 6.718832772166105372e+01 1.567240553684998190e+02
2.484264122708567015e+02 6.738316498316498837e+01 1.569050505050504967e+02
2.485017583239805390e+02 6.766808829031050720e+01 1.566668911335578116e+02
2.486166105499438856e+02 6.750183314627759046e+01 1.569030303030303060e+02
2.487108866442199826e+02 6.792719790497568511e+01 1.569624392068836585e+02
2.486622521511410469e+02 6.785716423494201877e+01 1.573138047138047000e+02
2.486796109240553676e+02 6.777687991021323910e+01 1.568794612794612817e+02
2.486499064721286913e+02 6.792338196782641546e+01 1.568326973438084622e+02
2.487420875420875461e+02 6.818294051627384533e+01 1.577135054246165282e+02
2.488095024317246668e+02 6.821212121212121815e+01 1.575315375982042667e+02
2.487262252151141126e+02 6.820733258511036468e+01 1.572885895997007140e+02
2.487244294799850479e+02 6.832794612794613442e+01 1.579566778900112354e+02
2.486484848484848555e+02 6.843696221473999231e+01 1.575338570894126349e+02
2.487082678638234086e+02 6.840755705200149350e+01 1.576683875794986989e+02
2.486612794612794630e+02 6.850250654695099684e+01 1.571885521885521939e+02
2.487469509913954369e+02 6.850377852600074391e+01 1.578329218106995881e+02
2.486888888888888971e+02 6.848200523756079861e+01 1.571200897867564663e+02
2.486142162364384660e+02 6.821459034792367504e+01 1.570102506546951133e+02
2.483402918069584757e+02 6.774769921436588049e+01 1.566238683127571960e+02
2.481777029554807257e+02 6.761518892630003563e+01 1.570952487841376808e+02
2.481803965581743228e+02 6.756550692106247880e+01 1.574002244668911317e+02
2.482428731762065013e+02 6.720291806958474012e+01 1.566440703329592168e+02
2.482646464646464608e+02 6.722139917695473343e+01 1.569742611298166821e+02
2.482722035166479486e+02 6.690071081182192358e+01 1.565880284324728677e+02
2.482772166105499423e+02 6.717343808454918985e+01 1.570221473999251884e+02
2.483121586232697382e+02 6.733355780022446879e+01 1.568413767302656083e+02
2.484039655817433641e+02 6.733580246913579970e+01 1.567625888514777444e+02
2.485182192293303274e+02 6.733011597456041386e+01 1.569651328095772556e+02
2.485563037785260008e+02 6.745043022820800616e+01 1.569970819304152769e+02
2.485783015338570863e+02 6.738316498316498837e+01 1.574849233071455217e+02
2.486976430976430947e+02 6.759461279461280014e+01 1.579797979797979792e+02
2.486499812944257428e+02 6.777538346427235183e+01 1.578868686868686950e+02
2.486800598578376480e+02 6.797717919940141940e+01 1.576658436213991763e+02
2.486685372240927734e+02 6.774388327721661085e+01 1.579554059109614741e+02
2.486921810699588491e+02 6.803673774784886064e+01 1.581293677515899674e+02
2.485898241676019325e+02 6.806801346801346142e+01 1.569918443696221573e+02
2.486632996632996537e+02 6.791440329218106342e+01 1.561876543209876615e+02
2.488261878039655812e+02 6.813116348671904632e+01 1.575385708941264511e+02
2.488166105499438743e+02 6.806786382341937269e+01 1.571290684624017899e+02
2.489093153759820325e+02 6.818256640478863062e+01 1.574596333707444842e+02
2.488567901234567898e+02 6.829869060980172435e+01 1.576102506546951076e+02
2.487625140291806929e+02 6.844601571268238160e+01 1.577370744481855525e+02
2.485117845117844979e+02 6.849450056116722862e+01 1.568508791619902638e+02
2.487188178077066993e+02 6.839057239057238746e+01 1.576831275720164740e+02
2.485982790871679811e+02 6.793872053872054551e+01 1.565173213617657950e+02
2.484811073699962662e+02 6.754425738870183693e+01 1.569395435839880406e+02
2.483846614291058756e+02 6.715144032921810435e+01 1.561539094650205755e+02
2.482948746726524405e+02 6.692607557052001255e+01 1.561196408529741859e+02
2.482736251402918128e+02 6.698226711560045032e+01 1.558024691358024825e+02
2.483367003367003463e+02 6.686015712682379331e+01 1.555561541339318978e+02
2.484420501309390090e+02 6.675271230826785995e+01 1.564861952861952830e+02
2.483387953610175884e+02 6.689906472128694759e+01 1.552826786382341879e+02
2.483161990273101480e+02 6.683741114852226417e+01 1.557027310138421115e+02
2.485185185185185048e+02 6.696154133931911190e+01 1.556959221848110815e+02
2.484867938645716379e+02 6.697134306023194483e+01 1.559767302656191532e+02
2.483629629629629676e+02 6.710093527871305241e+01 1.552362139917695458e+02
2.483479985035540665e+02 6.717500935278712859e+01 1.553552562663673768e+02
2.483678264122708583e+02 6.719880284324729303e+01 1.558756453423119979e+02
2.484096520763187357e+02 6.740299289188178022e+01 1.558238683127572131e+02
2.484449682005237605e+02 6.743067714178825156e+01 1.559087167976056776e+02
2.484255892255892206e+02 6.769472502805835745e+01 1.566240179573512989e+02
2.485895248784137550e+02 6.769839132061353837e+01 1.567286943509165837e+02
2.486929292929293069e+02 6.773550317994762793e+01 1.566312008978675578e+02
2.486123456790123498e+02 6.776760194537972382e+01 1.569512906846240128e+02
2.486094276094275983e+02 6.800022446689114020e+01 1.563489711934156503e+02
2.486522259633370879e+02 6.798099513655068904e+01 1.564963711185933448e+02
2.486376356154133873e+02 6.799341563786008180e+01 1.562334455667788973e+02
2.486713804713804734e+02 6.805753834642723632e+01 1.565062476618032292e+02
2.487626636737747958e+02 6.825918443696221516e+01 1.569735129068462527e+02
2.487420875420875461e+02 6.824833520389076114e+01 1.565197904975682661e+02
2.486422745978301521e+02 6.841174710063599207e+01 1.566466142910587394e+02
2.486489337822671075e+02 6.843935652824541194e+01 1.567013842124953271e+02
2.487803965581743455e+02 6.821054994388327941e+01 1.566424990647212780e+02
2.485037037037037067e+02 6.772225963337074006e+01 1.553156004489337931e+02
2.484840254395809893e+02 6.715106621773288964e+01 1.556960718294051560e+02
2.482764683875795129e+02 6.682790871679760869e+01 1.551982790871679754e+02
2.481088664421997692e+02 6.679326599326599023e+01 1.538469135802469054e+02
2.481736625514403158e+02 6.652285821174710634e+01 1.540428731762065127e+02
2.482293303404414644e+02 6.605319865319864903e+01 1.540664421997755369e+02
2.479654320987654330e+02 6.542873176206509811e+01 1.543575009352787220e+02
2.480992143658810392e+02 6.553767302656191873e+01 1.542576879910213279e+02
2.481052749719416397e+02 6.505686494575382994e+01 1.541586980920314147e+02
2.479895997007108122e+02 6.474942012719790796e+01 1.536580621025065341e+02
2.478959221848110701e+02 6.469397680508791382e+01 1.530430976430976386e+02
2.479091657313879580e+02 6.480621025065470064e+01 1.526649457538346439e+02
2.480487093153759872e+02 6.479356528245416769e+01 1.531136550692106368e+02
2.481396932285821038e+02 6.592390572390571890e+01 1.536334455667789030e+02
2.481809203142536546e+02 6.573699962588851520e+01 1.529516647961092417e+02
2.481627384960718246e+02 6.574268612046390103e+01 1.530348671904227444e+02
2.483268237934904619e+02 6.612570145903478647e+01 1.533991021324354733e+02
2.486245417134306024e+02 6.666202768424990666e+01 1.537530115974560374e+02
2.487644594089038605e+02 6.707355031799475853e+01 1.543455293677515954e+02
2.488359895248784142e+02 6.707534605312383746e+01 1.543332585110362913e+02
2.488757949869061008e+02 6.695420875420875007e+01 1.540950991395435778e+02
2.488576131687242707e+02 6.705207631874299068e+01 1.545022820800598709e+02
2.488238683127572131e+02 6.683823419378974506e+01 1.551979049756827465e+02
2.488114478114478061e+02 6.682551440329217485e+01 1.545239805462027789e+02
2.487726150392817033e+02 6.658840254395809666e+01 1.543572764683875675e+02
2.487679012345678871e+02 6.644571642349420415e+01 1.541958099513655043e+02
2.487387953610175941e+02 6.684676393565283092e+01 1.544210998877665588e+02
2.487703703703703582e+02 6.684811073699962947e+01 1.539171717171717262e+02
2.488195286195286258e+02 6.707968574635241055e+01 1.541735877291432928e+02
2.488187803965581679e+02 6.727519640852973737e+01 1.544637485970819171e+02
2.488246913580246940e+02 6.681406659184436592e+01 1.545809951365506834e+02
2.485271230826786280e+02 6.606083052749718831e+01 1.534002244668911317e+02
2.483418630751964145e+02 6.566382341937897138e+01 1.532962962962963047e+02
2.483118593340815607e+02 6.586210250654694676e+01 1.542894126449681949e+02
2.483130564908342706e+02 6.585215114104002510e+01 1.538291058735503043e+02
2.482992891881780793e+02 6.607729143284699092e+01 1.542986906098017243e+02
2.483440329218107081e+02 6.600920314253647803e+01 1.542811821922933007e+02
2.483791994014216300e+02 6.616161616161616621e+01 1.540866442199775577e+02
2.484248410026187912e+02 6.600202020202020492e+01 1.540261878039655699e+02
2.485486719042274615e+02 6.622102506546950451e+01 1.553564534231200867e+02
2.486657687991021248e+02 6.636909839132061961e+01 1.555793490460157216e+02
2.486589599700710949e+02 6.622080059857837853e+01 1.553106621773288509e+02
2.487146277590722150e+02 6.643307145529367119e+01 1.557676767676767611e+02
2.487528619528619629e+02 6.649562289562290118e+01 1.562778900112233487e+02
2.487368499812944265e+02 6.674897119341564178e+01 1.562420501309390204e+02
2.487033295922184948e+02 6.675091657313879523e+01 1.556766180321735931e+02
2.486903105125327329e+02 6.619865319865320430e+01 1.556947250280583717e+02
2.487687242798353964e+02 6.618159371492704679e+01 1.564306771417882658e+02
2.485708941264496730e+02 6.652061354283576122e+01 1.550932285821174617e+02
2.485649831649831754e+02 6.621773288439955252e+01 1.554878413767302732e+02
2.484258136924803466e+02 6.609270482603815822e+01 1.553973812196034316e+02
2.482499812944257371e+02 6.354111485222596656e+01 1.535477740366629291e+02
2.480228208005985664e+02 6.355959595959595987e+01 1.534095024317246612e+02
2.477777029554807200e+02 6.571956603067714298e+01 1.540065843621399040e+02
2.479772540216984567e+02 6.719461279461279446e+01 1.554252899364010432e+02
2.479438832772165995e+02 6.786913580246913114e+01 1.560308267863823346e+02
2.481500935278712916e+02 6.900014964459408873e+01 1.568691358024691453e+02
2.482361391694724944e+02 7.042731013842124810e+01 1.572992143658810278e+02
2.485681257014590244e+02 7.122274597830153198e+01 1.586581369248035855e+02
2.484384586606808796e+02 7.135390946502057830e+01 1.589156004489337874e+02
2.483037037037036896e+02 7.098264122708566504e+01 1.588154882154882159e+02
2.480212495323606561e+02 7.017710437710437077e+01 1.578802843247287626e+02
2.479025813692480256e+02 6.942790871679760301e+01 1.578579872802094997e+02
2.478323980546202847e+02 7.000329218106995199e+01 1.576315750093527868e+02
2.477958847736625501e+02 6.954597830153385019e+01 1.578679386457164355e+02
2.474898615787504639e+02 6.907706696595585072e+01 1.569132809577253909e+02
2.473111859334081544e+02 6.816430976430976330e+01 1.564855218855218766e+02
2.473889263000374115e+02 6.794089038533482494e+01 1.567156752712308219e+02
2.472173587729143378e+02 6.741488963711185534e+01 1.564237934904601559e+02
2.470141414141414202e+02 6.762072577628133274e+01 1.565081930415263685e+02
2.470920314253647518e+02 6.851178451178451212e+01 1.569639356528245457e+02
2.472902356902357042e+02 6.923441825664048110e+01 1.579388701833146342e+02
2.474974186307519517e+02 6.971372989150766841e+01 1.588325476992143592e+02
2.475575757575757621e+02 6.977500935278713712e+01 1.591956603067714298e+02
2.474772166105499309e+02 6.955488215488215076e+01 1.589114852225963261e+02
2.474430976430976443e+02 6.915099139543583817e+01 1.594551440329218224e+02
2.473365506921062433e+02 6.922012719790497215e+01 1.583685746352412878e+02
2.472228208005985834e+02 6.859214365881032904e+01 1.572995136550692052e+02
2.472953236064347209e+02 6.842386831275720738e+01 1.580817059483726155e+02
2.472765432098765359e+02 6.844751215862326887e+01 1.577628133183688703e+02
2.472589599700710892e+02 6.851447811447810921e+01 1.584017957351290704e+02
2.472543209876543244e+02 6.876393565282454290e+01 1.580990647212869362e+02
2.474068088290310641e+02 6.885095398428731528e+01 1.574041152263374386e+02
2.472991395435839763e+02 6.889749345304900885e+01 1.574731762065095495e+02
2.472087542087542147e+02 6.882431724653946503e+01 1.577041526374859757e+02
2.472251402918069516e+02 6.833251028806584770e+01 1.571689487467265280e+02
2.470242424242424306e+02 6.766083052749719684e+01 1.564864197530864089e+02
2.470081556303778427e+02 6.759730639730639723e+01 1.561587729143284662e+02
2.469821174710063474e+02 6.743898241676019722e+01 1.562670407781518804e+02
2.469808454919566145e+02 6.696258885147774720e+01 1.561423120089786778e+02
2.469000374111485314e+02 6.670190796857463056e+01 1.557091657313879409e+02
2.468728020950243263e+02 6.677964833520388765e+01 1.562427983539094782e+02
2.471756079311634835e+02 6.685529367751590257e+01 1.563885521885521825e+02
2.471639356528245344e+02 6.659304152637486141e+01 1.561312383090160836e+02
2.471913954358398939e+02 6.786389824167602569e+01 1.572880658436214105e+02
2.472404788627010817e+02 6.779685746352413389e+01 1.572894126449681949e+02
2.473190422745978196e+02 6.783636363636364308e+01 1.575414889637111742e+02
2.473399925177702983e+02 6.823763561541339584e+01 1.580224466891133659e+02
2.474212495323606333e+02 6.817762813318368842e+01 1.589570520014964359e+02
2.473105125327347480e+02 6.857463524130190535e+01 1.577497942386831369e+02
2.475854096520763221e+02 6.888327721661055136e+01 1.590212495323606561e+02
2.476147399925177695e+02 6.921840628507294468e+01 1.589737373737373787e+02
2.479209128320239302e+02 6.922386831275720454e+01 1.590202020202020208e+02
2.479393191170968862e+02 6.861623643845865672e+01 1.587001122334455658e+02
2.478275346053123940e+02 6.761107369996258853e+01 1.571884773662551424e+02
2.476327721661054966e+02 6.756677890011224008e+01 1.578431724653947015e+02
2.474528245417134258e+02 6.749876543209876445e+01 1.563411896745230081e+02
2.472650205761316897e+02 6.767572016460904649e+01 1.568579124579124482e+02
2.471848858959970130e+02 6.765215114104003646e+01 1.560560419004863490e+02
2.471609427609427598e+02 6.714021698466143562e+01 1.563074448185559220e+02
2.470978675645342264e+02 6.713153759820426103e+01 1.558238683127572131e+02
2.469094650205761354e+02 6.680867938645715753e+01 1.552680134680134643e+02
2.465999999999999943e+02 6.522581369248035799e+01 1.536048634493078850e+02
2.465444818555929771e+02 6.565821174710063701e+01 1.547594463150018669e+02
2.462386831275720169e+02 6.511343060231949664e+01 1.534425738870183409e+02
2.462635241301908025e+02 6.495046763935653189e+01 1.538081556303778541e+02
2.461795735129068419e+02 6.454403292181069673e+01 1.533213617658062162e+02
2.461142536475869917e+02 6.383741114852225706e+01 1.529395435839880406e+02
2.461074448185559334e+02 6.457298915076692936e+01 1.536455667789001041e+02
2.462295548073325904e+02 6.487908716797605280e+01 1.538173587729143321e+02
2.462504302282080175e+02 6.447818930041152896e+01 1.536411522633744937e+02
2.462113729891507603e+02 6.445925925925925526e+01 1.539729891507669208e+02
2.462397306397306522e+02 6.544908342686120761e+01 1.549673026561915492e+02
2.462595585484474441e+02 6.508896371118594004e+01 1.546180321735877214e+02
2.462695847362514030e+02 6.499139543583987688e+01 1.553300411522633624e+02
2.463771043771043878e+02 6.527886270108491829e+01 1.551179947624391957e+02
2.464468387579498767e+02 6.554500561167228057e+01 1.554264870931537530e+02
2.467273475495697710e+02 6.570115974560418692e+01 1.556775907220351769e+02
2.467111111111111086e+02 6.589839132061354121e+01 1.555764309764309701e+02
2.466380845491956677e+02 6.603262252151141354e+01 1.564462401795735218e+02
2.467625140291806929e+02 6.596999625888514629e+01 1.564295548073325790e+02
2.467468761690983854e+02 6.604077815188925626e+01 1.561599700710811760e+02
2.462172839506172863e+02 6.577994762439206511e+01 1.556308267863823289e+02
2.463809203142536433e+02 6.562768424990646565e+01 1.559260755705200268e+02
2.466338196782641319e+02 6.604766180321735192e+01 1.568034418256640379e+02
2.467042274597830271e+02 6.625529367751589405e+01 1.566921062476617976e+02
2.467745604190048709e+02 6.650924055368500376e+01 1.574199027310138490e+02
2.467016835016835046e+02 6.660546202768425417e+01 1.567481481481481467e+02
2.466795361017583161e+02 6.661593714927047927e+01 1.568767676767676846e+02
2.465363262252151060e+02 6.620044893378226902e+01 1.567263000374111357e+02
2.462921062476617919e+02 6.551717171717172050e+01 1.559739618406285047e+02
2.462135428357650540e+02 6.518772914328469881e+01 1.565335578002244574e+02
2.461398428731762067e+02 6.489360269360268774e+01 1.557934904601571304e+02
2.461014590347923559e+02 6.488424990647213519e+01 1.556669659558548346e+02
2.461971567527123170e+02 6.482828282828282340e+01 1.552814066591844266e+02
2.461929667040778043e+02 6.480733258511035899e+01 1.551206135428357697e+02
2.462504302282080175e+02 6.479191919191919169e+01 1.552762439206883585e+02
2.464213243546576848e+02 6.489898989898989612e+01 1.558671904227459777e+02
2.465193415637860141e+02 6.526053123830901370e+01 1.558710811821922846e+02
2.464798353909465050e+02 6.493011597456042239e+01 1.554378600823045247e+02
2.466143658810325405e+02 6.515540591096146272e+01 1.562143658810325348e+02
2.465287691732136182e+02 6.528769173213618160e+01 1.566682379349045959e+02
2.466414515525626712e+02 6.554320987654321584e+01 1.565847362514029157e+02
2.467429854096520785e+02 6.687527123082678315e+01 1.574523007856341223e+02
2.466936026936026849e+02 6.692083800972689289e+01 1.568678638234193841e+02
2.467815937149270553e+02 6.623344556677889727e+01 1.557337822671156005e+02
2.468276842499064685e+02 6.618092031425365462e+01 1.568817807706696499e+02
2.469553310886644226e+02 6.654238683127572074e+01 1.563509165731387895e+02
2.469476243920688319e+02 6.643015338570894812e+01 1.568945753834642858e+02
2.469556303778526001e+02 6.670048634493079476e+01 1.564522259633370709e+02
2.471536101758323980e+02 6.672540216984661754e+01 1.565794238683127446e+02
2.470454919566030583e+02 6.672106247661803025e+01 1.560243920688365051e+02
2.468141414141414032e+02 6.665057987280209773e+01 1.558741488963711106e+02
2.468250654695099229e+02 6.666337448559670520e+01 1.560851477740366704e+02
2.468965955854844765e+02 6.651986531986531759e+01 1.564951739618406350e+02
2.469322109988776788e+02 6.672742237186682246e+01 1.556193789749345342e+02
2.470491582491582392e+02 6.700957725402169274e+01 1.562241676019453678e+02
2.469566778900112354e+02 6.682820800598578614e+01 1.562043396932285759e+02
2.466282080059857833e+02 6.649255518144407517e+01 1.559264496820052273e+02
2.465128320239431332e+02 6.571889263000373660e+01 1.545087916199027234e+02
2.464169098391320745e+02 6.532255892255892604e+01 1.544252899364010432e+02
2.463575757575757450e+02 6.530624766180321217e+01 1.543342312008978752e+02
2.462496071829405082e+02 6.544549195660306395e+01 1.539698466142910718e+02
2.463245791245791168e+02 6.493729891507669549e+01 1.539813692480359180e+02
2.462711560044893417e+02 6.467467265245042540e+01 1.538626262626262644e+02
2.462126449682005216e+02 6.408305274971941401e+01 1.536559670781892919e+02
2.462296296296296418e+02 6.435899738121960922e+01 1.548163112607556968e+02
2.462291806958473614e+02 6.466621773288440522e+01 1.545007108118219321e+02
2.464662925551814396e+02 6.562783389450055438e+01 1.543634867190422710e+02
2.465496445940890453e+02 6.586225215114103548e+01 1.543838383838383947e+02
2.465764309764309701e+02 6.605447063224841031e+01 1.555956603067714070e+02
2.465603441825664106e+02 6.612846988402543502e+01 1.556737747848858930e+02
2.465176206509539725e+02 6.624115226337448803e+01 1.546148896371118724e+02
2.464524504302281969e+02 6.615937149270482109e+01 1.553313131313131237e+02
2.465878787878787932e+02 6.649360269360269626e+01 1.553456041900486468e+02
2.465932659932659874e+02 6.633744855967077569e+01 1.553818930041152271e+02
2.464912832023942997e+02 6.672689861578750481e+01 1.561936401047512106e+02
2.466647212869435180e+02 6.584788627010848927e+01 1.557866816311260720e+02
2.466810325476992034e+02 6.605768799102132505e+01 1.553499438832772057e+02
2.466670407781518861e+02 6.621473999251776377e+01 1.551785260007482350e+02
2.467326599326599421e+02 6.632839506172840061e+01 1.557435839880284334e+02
2.467326599326599421e+02 6.706853722409277907e+01 1.561358024691357969e+02
2.467387953610175941e+02 6.714523007856341508e+01 1.562965207631874307e+02
2.466053123830901654e+02 6.703875794986906556e+01 1.557444818555929658e+02
2.467359521137298941e+02 6.741264496820052443e+01 1.564811821922932893e+02
2.466208754208754215e+02 6.755548073325850567e+01 1.555636363636363626e+02
2.467569023569023443e+02 6.772457912457912244e+01 1.559789001122334469e+02
2.467250280583614028e+02 6.748088290310512605e+01 1.560055368499812971e+02
2.465279461279461373e+02 6.665274971941639137e+01 1.553372240927796497e+02
2.460052375607931197e+02 6.588978675645341809e+01 1.544612046389824229e+02
2.458864945753834661e+02 6.508028432472876545e+01 1.536189300411522538e+02
2.459317620650953984e+02 6.492480359147025126e+01 1.539802469135802596e+02
2.459258511036288724e+02 6.574335952113729320e+01 1.553721661054994456e+02
2.460068088290310584e+02 6.578563411896745095e+01 1.544273849607182854e+02
2.460077815188926422e+02 6.593931911709690041e+01 1.538791619902731043e+02
2.460516273849607103e+02 6.605858585858585741e+01 1.551016086793864588e+02
2.461137298915076599e+02 6.613221099887766741e+01 1.537583239805462085e+02
2.462832772166105428e+02 6.663890759446314860e+01 1.545014590347923615e+02
2.464188552188552137e+02 6.686696595585485170e+01 1.545312383090160893e+02
2.465710437710437759e+02 6.673318368873924555e+01 1.553753086419752947e+02
2.465832398054620285e+02 6.690579872802095451e+01 1.552907594463150076e+02
2.466055368499812914e+02 6.698802843247287342e+01 1.553613168724279774e+02
2.467875046763935529e+02 6.702551440329217769e+01 1.556551440329218110e+02
2.466199775533108891e+02 6.710235690235690242e+01 1.557295173961840646e+02
2.467105873550318051e+02 6.714904601571268472e+01 1.558347175458286529e+02
2.466984661429105756e+02 6.717598204264871242e+01 1.562908342686120591e+02
2.466609053497942341e+02 6.710377852600075244e+01 1.555121586232697268e+02
2.466305274971941515e+02 6.722274597830153198e+01 1.554244668911335623e+02
2.467070707070706987e+02 6.706427235316124325e+01 1.555256266367377407e+02
2.466589599700710949e+02 6.736094276094276267e+01 1.556183314627758989e+02
2.466301533857089510e+02 6.749158249158249134e+01 1.555362514029180829e+02
2.466778900112233543e+02 6.774021698466142993e+01 1.546995136550692109e+02
2.467664047886269998e+02 6.775794986906097961e+01 1.553601945379723190e+02
2.466315001870557353e+02 6.771754582865693806e+01 1.547788252899364068e+02
2.466540216984661527e+02 6.726344930789375098e+01 1.551120838009726981e+02
2.461465020576131622e+02 6.673363262252151173e+01 1.535398428731762124e+02
2.461895248784137777e+02 6.610385334829778969e+01 1.536576131687242821e+02
2.460603067714178849e+02 6.607392442947998745e+01 1.528202020202020321e+02
2.461352038907594419e+02 6.574268612046390103e+01 1.526682379349045959e+02
2.461016086793864588e+02 6.542401795735129610e+01 1.534395809951365379e+02
2.461404414515525616e+02 6.532906846240179277e+01 1.530108492330714682e+02
2.461639356528245344e+02 6.553236064347174761e+01 1.534956977179199384e+02
2.462204264870931638e+02 6.536827534605312451e+01 1.542567901234567955e+02
2.461723905723905830e+02 6.515256266367377691e+01 1.545117096894874749e+02
2.463119341563786122e+02 6.623823419378975075e+01 1.541134306023194824e+02
2.462342686120463782e+02 6.580621025065470064e+01 1.536409277964833393e+02
2.463080433969322769e+02 6.543988028432472959e+01 1.534047138047137935e+02
2.461560044893378176e+02 6.527355031799476137e+01 1.537628881406659218e+02
2.462307519640853002e+02 6.502588851477740661e+01 1.531527871305649171e+02
2.460530490086045745e+02 6.488896371118593720e+01 1.529873550317994670e+02
2.459240553684998076e+02 6.437179199401421670e+01 1.534714552936775078e+02
2.459767302656191532e+02 6.438279087167975945e+01 1.531636363636363569e+02
2.458876169098391244e+02 6.427078189300411282e+01 1.519300411522633851e+02
2.459811447811447920e+02 6.414178825289936015e+01 1.525529367751589973e+02
2.459803217358772827e+02 6.403539094650206209e+01 1.525707444818555985e+02
2.461330340441451483e+02 6.394979423868312551e+01 1.534912832023942997e+02
2.459542087542087643e+02 6.409921436588103916e+01 1.522258885147774095e+02
2.461451552562663778e+02 6.423613916947250857e+01 1.527647586980920380e+02
2.460346427235316185e+02 6.415338570894125780e+01 1.533440329218107081e+02
2.459961840628507161e+02 6.404900860456416467e+01 1.534430228208005929e+02
2.460098765432098844e+02 6.366105499438832993e+01 1.529669285447063203e+02
2.460213991769547306e+02 6.368814066591844636e+01 1.527798728020950136e+02
2.458603067714178962e+02 6.283411896745229797e+01 1.519610924055368457e+02
2.457549569771792051e+02 6.247474747474747403e+01 1.515390946502057545e+02
2.457310886644220034e+02 6.230811821922932836e+01 1.514549943883277194e+02
2.457066217732884468e+02 6.240276842499064713e+01 1.514224466891133432e+02
2.456903105125327329e+02 6.240419004863449004e+01 1.519795735129068532e+02
2.456784885895997093e+02 6.217957351290684898e+01 1.516401795735129099e+02
2.456733258511036411e+02 6.220621025065469212e+01 1.519600448933782388e+02
2.457180695847362415e+02 6.309614665170220604e+01 1.523473999251777116e+02
2.456376356154133873e+02 6.314537972315750380e+01 1.523166479610924000e+02
2.456315750093527868e+02 6.305162738496071739e+01 1.528906846240179505e+02
2.457797231575009391e+02 6.314867190422746290e+01 1.531150766928544726e+02
2.458469884025439569e+02 6.345753834642723490e+01 1.516940516273849653e+02
2.459895248784137607e+02 6.339341563786008038e+01 1.529334829779274116e+02
2.460408529741862935e+02 6.345491956603067507e+01 1.528524504302282025e+02
2.461445566778900229e+02 6.340710811821922732e+01 1.531119341563785952e+02
2.461923681257014493e+02 6.358353909465020593e+01 1.531990273101384332e+02
2.462879910213243591e+02 6.359708193041526414e+01 1.532602319491208505e+02
2.463081930415263798e+02 6.384945753834642801e+01 1.533108118219229254e+02
2.463535353535353636e+02 6.428746726524504140e+01 1.535916199027310256e+02
2.462638982416760314e+02 6.422229704451926580e+01 1.536301533857089510e+02
2.463684998129442647e+02 6.443868312757201977e+01 1.537687991021324478e+02
2.463610924055368514e+02 6.444803591470258652e+01 1.542429479985035528e+02
2.464118219229330293e+02 6.455518144407032821e+01 1.534903105125327443e+02
2.463809951365506947e+02 6.425020576131687733e+01 1.530376356154133930e+02
2.463108118219229254e+02 6.419595959595959300e+01 1.529576505798727908e+02
2.463195660306771515e+02 6.429726898615787434e+01 1.538123456790123385e+02
2.463233071455293555e+02 6.398690609801720797e+01 1.533213617658062162e+02
2.462945005611672400e+02 6.394178825289936441e+01 1.528493827160493765e+02
2.461919191919191974e+02 6.372981668537224209e+01 1.522154882154882216e+02
2.457647586980920380e+02 6.284444444444444144e+01 1.514184062850729617e+02
2.456830527497194225e+02 6.238668163112607346e+01 1.515979797979798036e+02
2.456938271604938393e+02 6.278271604938271366e+01 1.516878413767302618e+02
2.457483726150392727e+02 6.297650579872802012e+01 1.518172839506172807e+02
2.458733258511036297e+02 6.283247287691732197e+01 1.519497942386831255e+02
2.457596707818929929e+02 6.298009726898615668e+01 1.523251028806584486e+02
2.458660680882903193e+02 6.294373363262252496e+01 1.527196408529741802e+02
2.458774410774410910e+02 6.285963337074448276e+01 1.528090534979423865e+02
2.460055368499812971e+02 6.291672278338945290e+01 1.533044519266741474e+02
2.458844743733632754e+02 6.316386083052749711e+01 1.515629629629629562e+02
2.459198653198653233e+02 6.290953984287317269e+01 1.526460157126823844e+02
2.459910961466516994e+02 6.338675645342311782e+01 1.527101384212495248e+02
2.460187055742611335e+02 6.354500561167228057e+01 1.526802095024317225e+02
2.461287691732136125e+02 6.375989524878414016e+01 1.521716423494201251e+02
2.461768799102132448e+02 6.378840254395809950e+01 1.529455293677515897e+02
2.463517396184062989e+02 6.413849607182940815e+01 1.538618032173587835e+02
2.463348297792742301e+02 6.457560793116348918e+01 1.533874298540965242e+02
2.464427235316124154e+02 6.506075570520015106e+01 1.537246539468761739e+02
2.464342686120463952e+02 6.572667414889636461e+01 1.537836887392442975e+02
2.465444818555929771e+02 6.608552188552188511e+01 1.539810699588477405e+02
2.466555181444070399e+02 6.592809577254021747e+01 1.542725028058361261e+02
2.466000748222970458e+02 6.596700336700337175e+01 1.535347549569771672e+02
2.466023194912083909e+02 6.645776281331836799e+01 1.542002244668911430e+02
2.466383838383838452e+02 6.675877291432847471e+01 1.540628507295174074e+02
2.467702207257762836e+02 6.634066591844369043e+01 1.540849981294425675e+02
2.466561915450804463e+02 6.689345304900859901e+01 1.545532360643471748e+02
2.466666666666666572e+02 6.671395435839880861e+01 1.549144032921810776e+02
2.464202768424990779e+02 6.609128320239430820e+01 1.536663673774784797e+02
2.464396558174335894e+02 6.589554807332585540e+01 1.536052375607931140e+02
2.463724653946876231e+02 6.620441451552562739e+01 1.545263748597081985e+02
2.462471380471380371e+02 6.619850355405911557e+01 1.536731762065095381e+02
2.461595211372989240e+02 6.537994762439207364e+01 1.526369622147399809e+02
2.462324728769173134e+02 6.508350168350168019e+01 1.526374859708193128e+02
2.460827534605312508e+02 6.517957351290684187e+01 1.522980172091283180e+02
2.461807706696595517e+02 6.553280957725402800e+01 1.527511410400299212e+02
2.463502431724653832e+02 6.584384586606809364e+01 1.536975682753460433e+02
2.464230452674896981e+02 6.583988028432473527e+01 1.540024691358024711e+02
2.464441451552562796e+02 6.566038159371493066e+01 1.533254769921436491e+02
2.463815937149270496e+02 6.531919191919192258e+01 1.535958099513655100e+02
2.463621399176954867e+02 6.577052001496446110e+01 1.539158997381219649e+02
2.464212495323606333e+02 6.620202020202020776e+01 1.541397680508791552e+02
2.463582491582491514e+02 6.625888514777403770e+01 1.539338570894126406e+02
2.464534231200897807e+02 6.645357276468386942e+01 1.544396558174335894e+02
2.466793116348671902e+02 6.656131687242798023e+01 1.543085671530116088e+02
2.466473625140291688e+02 6.661017583239805617e+01 1.545633370744481851e+02
2.467185185185185219e+02 6.661496445940890965e+01 1.549291432846988528e+02
2.466191545080434082e+02 6.660965207631873852e+01 1.545595959595959528e+02
2.465097643097643072e+02 6.667968574635241907e+01 1.546893378226711491e+02
2.465580246913580140e+02 6.678795361017583332e+01 1.548881406659184563e+02
2.465819678264122672e+02 6.682087542087542431e+01 1.549227085671530233e+02
2.465707444818555985e+02 6.696909839132061393e+01 1.555695473251028886e+02
2.463384212495323595e+02 6.629756827534605179e+01 1.537707444818555871e+02
2.462325476992143649e+02 6.580538720538720554e+01 1.539127572016460874e+02
2.459693228582117399e+02 6.565035540591095753e+01 1.527041526374859757e+02
2.460907594463149906e+02 6.561316872427983071e+01 1.538802095024317111e+02
2.460957725402169842e+02 6.551552562663674451e+01 1.542439206883651366e+02
2.458502805836139089e+02 6.441601197156752789e+01 1.537926674148896495e+02
2.457928918817807755e+02 6.350018705574261446e+01 1.529355780022446822e+02
2.456980920314253751e+02 6.291058735503180088e+01 1.527651328095772669e+02
2.456106247661803081e+02 6.244175084175083867e+01 1.516195286195286087e+02
2.456546202768425076e+02 6.249098391320613644e+01 1.525533857089412777e+02
2.457343060231949039e+02 6.220007482229704721e+01 1.522508043396932180e+02
2.455309390198279118e+02 6.175570520014964160e+01 1.509730639730639723e+02
2.456240179573512989e+02 6.196947250280583575e+01 1.525065469509914067e+02
2.458994388327721765e+02 6.303150018705574098e+01 1.534347923681256987e+02
2.458284324728769263e+02 6.321937897493452851e+01 1.530825289936400964e+02
2.458833520389075886e+02 6.330153385708941016e+01 1.527455293677516011e+02
2.459460531238308931e+02 6.319401421623643955e+01 1.528090534979423865e+02
2.458717545828656910e+02 6.297321361765806103e+01 1.525891507669285545e+02
2.460233445566778983e+02 6.275338570894126633e+01 1.533388701833146399e+02
2.459634867190422653e+02 6.279999999999999716e+01 1.531060231949120976e+02
2.458543958099513702e+02 6.261429105873550327e+01 1.532034418256640436e+02
2.458100261878039703e+02 6.225933408155630389e+01 1.525612420501309430e+02
2.459064721286943609e+02 6.203621399176955009e+01 1.529682753460531330e+02
2.456608305274971826e+02 6.176079311634867253e+01 1.522594837261503926e+02
2.457457538346427270e+02 6.197089412644967865e+01 1.524843247287691668e+02
2.458848484848484759e+02 6.197830153385709195e+01 1.533163486719042226e+02
2.458352413019079563e+02 6.227542087542087756e+01 1.532659932659932736e+02
2.456854470632248422e+02 6.141054994388327515e+01 1.530549943883277138e+02
2.453420875420875404e+02 6.063845866068088242e+01 1.518503554059109604e+02
2.452415263748597170e+02 6.038204264870931581e+01 1.516178077066965955e+02
2.450226711560044919e+02 6.063007856341189949e+01 1.514230452674896981e+02
2.452324728769173134e+02 6.098077066965955595e+01 1.520217732884399595e+02
2.454391320613542860e+02 6.088035914702581408e+01 1.527907220351664819e+02
2.455364010475121574e+02 6.063464272353161277e+01 1.527352038907594363e+02
2.453856341189674595e+02 6.054350916573138619e+01 1.529895997007108122e+02
2.456596333707444728e+02 6.085140291806958146e+01 1.528745978301533910e+02
2.456069584736251272e+02 6.113191170968948995e+01 1.539049008604564222e+02
2.458211747100635876e+02 6.106000748222970742e+01 1.543435091657313762e+02
2.457665544332211027e+02 6.130677141788252982e+01 1.540502805836139260e+02
2.457477740366629178e+02 6.179476243920688461e+01 1.541977553310886719e+02
2.458640478862701002e+02 6.209801720912832224e+01 1.545988028432472845e+02
2.458845491956602984e+02 6.215997007108118311e+01 1.549539842873176099e+02
2.457161990273101253e+02 6.202326973438084678e+01 1.547580246913580311e+02
2.456186307519640764e+02 6.180142162364384717e+01 1.543469509913954312e+02
2.456576879910213336e+02 6.187287691732136352e+01 1.538337448559670690e+02
2.457510662177328982e+02 6.195607931163486626e+01 1.541599700710811760e+02
2.457739618406285160e+02 6.217732884399551097e+01 1.549705948372615012e+02
2.456715301159745479e+02 6.197635615413393140e+01 1.543903479236812473e+02
2.458805087916198886e+02 6.188597081930415555e+01 1.549041526374859643e+02
2.459806210250654601e+02 6.212674897119341466e+01 1.546660680882903023e+02
2.457757575757575808e+02 6.216124205013093729e+01 1.547355031799476137e+02
2.458777403666292685e+02 6.232360643471754713e+01 1.548726524504302233e+02
2.459941638608305254e+02 6.262177328843995383e+01 1.551828656939767939e+02
2.458691358024691453e+02 6.283082678638233887e+01 1.557621399176954640e+02
2.459225589225589204e+02 6.280882903105125337e+01 1.557902731013842015e+02
2.458208005985783871e+02 6.266487093153759957e+01 1.558446689113355887e+02
2.454995884773662453e+02 6.236879910213243505e+01 1.557377478488589588e+02
2.454445192667414801e+02 6.111791994014216556e+01 1.547624392068836414e+02
2.454959970071081159e+02 6.123090160867938891e+01 1.539135054246165453e+02
2.455233071455293725e+02 6.187145529367751351e+01 1.549783763561541434e+02
2.455759820426487181e+02 6.243501683501683175e+01 1.553897493453048924e+02
2.453566030677141896e+02 6.198593340815563124e+01 1.547744107744107680e+02
2.455346801346801442e+02 6.270744481855592767e+01 1.555506921062476522e+02
2.456242424242424249e+02 6.299618406285073036e+01 1.556656939768051018e+02
2.457047512158623306e+02 6.308095772540217183e+01 1.558999625888514799e+02
2.457375233819678328e+02 6.334253647586980662e+01 1.552195286195286315e+02
2.457427609427609525e+02 6.344264870931537814e+01 1.563476992143658890e+02
2.459136550692106198e+02 6.343150018705573956e+01 1.568008978675645437e+02
2.459485970819304157e+02 6.366232697343808411e+01 1.557778526000748229e+02
2.460386083052749768e+02 6.368896371118593436e+01 1.559154508043396845e+02
2.462013468013468014e+02 6.424519266741488366e+01 1.563968574635241282e+02
2.461371492704826096e+02 6.477366255144032436e+01 1.567218106995884739e+02
2.461695473251028830e+02 6.490175832398054467e+01 1.565865319865319805e+02
2.461604190048634564e+02 6.502267115600449188e+01 1.566174335952113665e+02
2.462574635241302019e+02 6.397396184062850466e+01 1.566303778526000769e+02
2.461881780770669650e+02 6.412794612794613158e+01 1.561126075570520015e+02
2.461702955480733124e+02 6.442005237560793773e+01 1.563523381967826538e+02
2.462111485222596343e+02 6.432181069958848241e+01 1.575057239057238974e+02
2.460852974186307449e+02 6.410714552936775590e+01 1.567838383838383720e+02
2.460282828282828405e+02 6.422633744855967564e+01 1.555835390946502059e+02
2.460974934530489975e+02 6.417598204264871242e+01 1.559795735129068532e+02
2.460565656565656525e+02 6.439034792368126148e+01 1.560736251402917958e+02
2.459691732136176654e+02 6.405491956603067649e+01 1.560374859708192901e+02
2.459386457164235082e+02 6.402207257762813697e+01 1.556524504302282139e+02
2.457713430602319420e+02 6.376161616161616053e+01 1.554918069584736315e+02
2.456801346801346710e+02 6.400852974186307165e+01 1.557712682379348905e+02
2.456551440329218110e+02 6.418144407033295806e+01 1.551111859334081657e+02
2.458157875046763934e+02 6.434298540965207280e+01 1.552667414889637030e+02
2.457669285447063316e+02 6.399760568649457326e+01 1.557823419378974847e+02
2.457353535353535392e+02 6.367923681257014579e+01 1.560454919566030583e+02
2.458208005985783871e+02 6.380553684998129427e+01 1.560223718668163144e+02
2.459282454171342920e+02 6.368918817807706745e+01 1.557248784137672999e+02
2.458973438084549059e+02 6.394104002992892077e+01 1.552526748971193342e+02
2.459881780770669764e+02 6.390647212869435378e+01 1.562603815937149250e+02
2.457665544332211027e+02 6.404115226337448519e+01 1.556579124579124596e+02
2.459072951739618418e+02 6.412577628133183794e+01 1.568627759072203389e+02
2.460634493078937624e+02 6.431821922933033875e+01 1.568142910587355061e+02
2.460011971567527098e+02 6.428559670781892521e+01 1.564696595585484431e+02
2.460967452300785681e+02 6.396902356902356956e+01 1.564108492330714455e+02
2.459334081556303886e+02 6.365596707818929900e+01 1.554592592592592553e+02
2.458377104377104274e+02 6.348275346053123513e+01 1.551439580995136680e+02
2.457943883277216628e+02 6.310520014964459534e+01 1.549531612420501290e+02
2.457863823419378946e+02 6.315218855218855509e+01 1.545984287317620556e+02
2.458204264870931581e+02 6.316318742985409784e+01 1.547019827908716820e+02
2.458427235316124211e+02 6.329839132061353979e+01 1.544848484848484986e+02
2.458745978301533910e+02 6.332749719416386114e+01 1.554427983539094669e+02
2.459140291806958487e+02 6.349981294425738554e+01 1.550556677890011201e+02
2.460361391694725057e+02 6.323172465394687691e+01 1.547002618780396688e+02
2.457301907968574710e+02 6.270639730639730658e+01 1.541132061354283564e+02
2.455490460157126904e+02 6.192555181444070200e+01 1.535625140291807043e+02
2.454389075944631600e+02 6.181324354657687792e+01 1.537984287317620726e+02
2.453947624392068860e+02 6.186315001870557495e+01 1.528297792742237107e+02
2.454197530864197461e+02 6.160665918443696398e+01 1.523718668163112682e+02
2.453527871305649057e+02 6.139528619528619657e+01 1.525159745604190107e+02
2.451285447063224865e+02 6.116909839132061677e+01 1.532906098017209047e+02
2.451577254021698593e+02 6.111380471380471135e+01 1.522428731762065013e+02
2.453298166853722364e+02 6.102895622895622552e+01 1.529994014216236451e+02
2.454193041526374941e+02 6.127145529367751919e+01 1.533650579872802098e+02
2.455200149644594205e+02 6.211881780770669792e+01 1.536582865693976885e+02
2.455022072577628194e+02 6.226621773288439954e+01 1.529419378974934602e+02
2.456472876917321457e+02 6.232854470632248223e+01 1.525916947250280487e+02
2.457818181818181813e+02 6.274268612046390103e+01 1.537248784137672999e+02
2.456758698092031352e+02 6.280381593714927391e+01 1.542646464646464608e+02
2.457712682379348905e+02 6.303381967826412335e+01 1.542362888140665973e+02
2.459263748597082042e+02 6.322753460531238545e+01 1.541346053123830870e+02
2.460299289188178022e+02 6.330931537598204528e+01 1.543009352787130695e+02
2.460360643471754543e+02 6.320568649457538157e+01 1.540273849607183081e+02
2.460632996632996594e+02 6.333587729143284406e+01 1.546075570520015106e+02
2.460020202020201907e+02 6.279835390946502116e+01 1.540124205013093786e+02
2.460200523756079178e+02 6.271941638608305425e+01 1.545236812570146014e+02
2.461686494575383506e+02 6.251485222596333813e+01 1.538888140665918343e+02
2.462245417134305967e+02 6.256692854470632170e+01 1.541928918817807812e+02
2.460975682753460489e+02 6.227938645716423594e+01 1.538068088290310413e+02
2.459690983913206139e+02 6.189741863075196449e+01 1.530237186681630988e+02
2.460518518518518647e+02 6.207976056864945491e+01 1.529486719042274672e+02
2.460258885147773924e+02 6.188873924429479700e+01 1.531658810325477020e+02
2.457251028806584259e+02 6.149502431724653917e+01 1.518810325476992205e+02
2.456353909465020706e+02 6.110796857463524390e+01 1.520285072951739664e+02
2.455812944257388608e+02 6.110961466517021989e+01 1.516982416760194496e+02
2.456540216984661527e+02 6.157104377104376880e+01 1.520258136924803694e+02
2.456439955106621653e+02 6.125970819304152570e+01 1.520029180695847231e+02
2.456219229330340568e+02 6.037523381967826452e+01 1.519282454171342920e+02
2.455871305649083354e+02 5.971185933408155933e+01 1.518416760194537858e+02
2.456246165357276539e+02 5.964915824915824771e+01 1.510288814066591954e+02
2.455438084549195707e+02 6.006300037411148196e+01 1.519819678264122729e+02
2.456217732884399538e+02 6.109435091657314132e+01 1.524087542087542033e+02
2.456909090909090878e+02 6.102940516273849880e+01 1.522146651702207123e+02
2.457564534231200923e+02 6.108297792742236965e+01 1.528065843621399154e+02
2.457959595959596015e+02 6.165424616535727864e+01 1.521786008230452580e+02
2.459058735503180060e+02 6.166599326599326503e+01 1.529774784885896111e+02
2.459949869060980063e+02 6.157590722035166664e+01 1.531062476618032235e+02
2.460421997755331063e+02 6.132495323606434567e+01 1.524962962962962933e+02
2.459026561915450770e+02 6.085140291806958146e+01 1.523358772914328370e+02
2.456669659558548346e+02 6.058361391694725029e+01 1.514378600823045247e+02
2.456712308267863705e+02 6.085828656939767711e+01 1.523240553684998133e+02
2.457275720164608970e+02 6.106823793490460162e+01 1.516782641227085549e+02
2.458894126449681892e+02 6.159311634867190577e+01 1.523958847736625444e+02
2.459189674523007909e+02 6.195967078189300281e+01 1.528315750093527754e+02
2.460535727646838779e+02 6.195832398054620427e+01 1.536339693228582064e+02
2.459993265993265936e+02 6.244077815188926195e+01 1.533763561541339300e+02
2.461555555555555657e+02 6.288552188552188227e+01 1.540895622895622807e+02
2.462434717545828562e+02 6.311986531986531901e+01 1.542380097268986106e+02
2.462207257762813413e+02 6.365581743359521028e+01 1.543653572764683872e+02
2.462026187803965627e+02 6.274118967452300666e+01 1.544927796483352154e+02
2.461225589225589090e+02 6.259446315001870431e+01 1.539122334455667840e+02
2.458921062476618147e+02 6.248814066591844352e+01 1.540038907594463069e+02
2.457284698840254293e+02 6.254156378600823274e+01 1.530592592592592496e+02
2.457554807332585085e+02 6.267504676393565433e+01 1.537098391320613473e+02
2.456582117471006370e+02 6.251545080433969304e+01 1.526811073699962549e+02
2.456403292181069844e+02 6.226629255518144390e+01 1.538405536849981274e+02
2.456782641227085549e+02 6.208627010849232875e+01 1.524759446315001981e+02
2.457323606434717647e+02 6.240733258511036041e+01 1.530441451552562739e+02
2.458662925551814453e+02 6.264212495323606333e+01 1.543091657313879637e+02
2.460025439580995226e+02 6.298817807706696925e+01 1.542992891881780793e+02
2.459426861204638897e+02 6.330939019827908965e+01 1.548382341937897593e+02
2.460708567153011472e+02 6.329682005237560816e+01 1.548907594463150019e+02
2.460293303404414473e+02 6.339416386083052402e+01 1.553407407407407277e+02
2.460119715675271266e+02 6.372338196782641262e+01 1.552202020202020094e+02
2.461601197156752789e+02 6.431163486719042055e+01 1.561601945379723020e+02
2.462859708193041399e+02 6.456722783389450626e+01 1.563506172839506121e+02
2.463077441077440994e+02 6.495637860082304371e+01 1.556637485970819341e+02
2.464621773288440068e+02 6.481638608305274829e+01 1.553366255144032948e+02
2.465617658062102464e+02 6.497695473251029341e+01 1.557283950617284063e+02
2.465548821548821650e+02 6.507789001122334582e+01 1.559251777029554944e+02
2.464835765057987373e+02 6.412263374485596046e+01 1.553934156378600733e+02
2.464386083052749825e+02 6.453310886644220545e+01 1.559517396184062932e+02
2.463982790871679640e+02 6.466008230452675321e+01 1.554308267863823403e+02
2.465206883651327985e+02 6.517695473251028204e+01 1.563409652076318821e+02
2.465081930415263685e+02 6.560299289188178307e+01 1.569528619528619515e+02
2.466536475869809237e+02 6.605574261129817160e+01 1.575110362888140685e+02
2.464730265619154466e+02 6.570198279087168203e+01 1.566270856715301250e+02
2.462591096146651637e+02 6.488125701459034644e+01 1.554585858585858489e+02
2.457943883277216628e+02 6.482596333707445524e+01 1.545786756453423152e+02
2.459075944631500192e+02 6.461713430602318908e+01 1.552009726898615725e+02
2.459515899738121902e+02 6.430243172465394252e+01 1.555951365506921036e+02
2.457129068462401733e+02 6.385978301533857149e+01 1.538129442573886934e+02
2.458466891133557795e+02 6.375278713056491142e+01 1.543402169846614242e+02
2.460181069958847786e+02 6.369966329966329965e+01 1.547094650205761184e+02
2.459333333333333371e+02 6.363322109988776987e+01 1.546336700336700289e+02
2.460742237186681507e+02 6.387355031799476279e+01 1.554045641601197190e+02
2.460960718294051617e+02 6.374350916573138903e+01 1.555937149270482678e+02
2.459860830527497058e+02 6.380224466891133517e+01 1.556677141788252925e+02
2.460298540965207508e+02 6.401309390198278493e+01 1.556879910213243647e+02
2.460500561167227715e+02 6.395196408529741916e+01 1.561298915076692992e+02
2.460384586606808739e+02 6.389667040778152085e+01 1.550102506546951133e+02
2.461494949494949367e+02 6.388806584362139773e+01 1.555970071081182198e+02
2.461402169846614356e+02 6.399910213243546764e+01 1.555701459034792435e+02
2.462312008978675522e+02 6.374313505424616721e+01 1.560023943135054196e+02
2.462133931911709794e+02 6.386861204638982770e+01 1.556552188552188625e+02
2.462293303404414644e+02 6.367407407407407760e+01 1.556335952113729775e+02
2.461088664421997692e+02 6.382633744855966995e+01 1.554102506546950906e+02
2.462104002992891765e+02 6.369360269360269200e+01 1.550853722409277964e+02
2.461527871305649171e+02 6.379513655069210643e+01 1.555821174710063701e+02
2.461986531986532043e+02 6.357523381967826737e+01 1.550944257388701715e+02
2.458745230078563395e+02 6.328058361391694575e+01 1.552009726898615725e+02
2.457908716797605564e+02 6.266876169098391358e+01 1.541863823419379003e+02
2.456505050505050463e+02 6.199139543583987688e+01 1.536632248410026307e+02
2.454166105499438970e+02 6.184152637485971127e+01 1.535409652076318707e+02
2.455861578750467515e+02 6.170699588477366149e+01 1.536858211747100711e+02
2.456449682005237491e+02 6.184294799850355417e+01 1.540108492330714682e+02
2.456665918443696341e+02 6.141735877291432644e+01 1.538327721661055136e+02
2.456497568275346168e+02 6.179685746352412679e+01 1.541011597456041784e+02
2.457791245791245842e+02 6.185761316872427784e+01 1.544912083800972766e+02
2.458077815188926252e+02 6.197919940142162432e+01 1.556390572390572515e+02
2.457669285447063316e+02 6.161047512158623363e+01 1.555462775907220419e+02
2.458047138047137992e+02 6.159708193041526414e+01 1.559805462027684371e+02
2.458357650579872882e+02 6.151986531986531759e+01 1.558276842499064685e+02
2.457245043022820710e+02 6.142992891881780793e+01 1.549145529367751521e+02
2.457913954358398883e+02 6.138877665544332274e+01 1.559392442947998632e+02
2.456555929667040914e+02 6.149861578750467572e+01 1.556995136550692109e+02
2.457204638982416895e+02 6.139895248784137749e+01 1.557086419753086375e+02
2.458551440329217996e+02 6.147399925177703039e+01 1.558107744107743997e+02
2.458285821174710009e+02 6.151821922933034159e+01 1.555768799102132505e+02
2.457789749345304813e+02 6.175301159745604451e+01 1.558248410026187685e+02
2.459524130190796996e+02 6.174358398802843340e+01 1.560121960344182526e+02
2.460577628133183623e+02 6.179827908716797680e+01 1.562414515525626655e+02
2.460886644219977484e+02 6.164564160119715552e+01 1.563991021324354733e+02
2.460083052749719457e+02 6.190392817059483832e+01 1.569735877291432757e+02
2.460376356154133930e+02 6.179229330340441351e+01 1.565294425738870245e+02
2.458514777403666187e+02 6.216341189674523093e+01 1.562404788627010817e+02
2.459282454171342920e+02 6.193221099887766457e+01 1.573020576131687278e+02
2.458489337822671246e+02 6.175046763935652905e+01 1.564615787504676518e+02
2.458388327721661142e+02 6.092734754956977383e+01 1.554416011971567571e+02
2.452660680882902966e+02 6.039528619528619657e+01 1.549863075196408602e+02
2.452933034044145018e+02 6.024474373363262458e+01 1.553260007482229810e+02
2.451696969696969575e+02 6.020486344930789357e+01 1.550552188552188682e+02
2.451787504676393610e+02 5.981668537224092574e+01 1.551167976056864859e+02
2.452058361391694632e+02 5.983157500935278961e+01 1.546357650579872711e+02
2.452175832398054638e+02 5.936281331836887176e+01 1.553585484474373288e+02
2.453563786008230352e+02 5.931589973812196348e+01 1.552292555181444129e+02
2.453288439955106526e+02 5.940920314253647661e+01 1.545827160493827250e+02
2.453865319865319918e+02 5.962775907220351712e+01 1.549401421623643955e+02
2.455077441077441165e+02 6.000838009726898292e+01 1.553975308641975346e+02
2.456340441451552579e+02 6.071896745230078807e+01 1.567360269360269456e+02
2.457729891507669322e+02 6.195510662177328953e+01 1.570246913580246826e+02
2.459490460157126961e+02 6.241182192293303643e+01 1.572627759072203446e+02
2.463161242050130966e+02 6.343726150392816976e+01 1.585479236812570036e+02
2.465435091657313933e+02 6.475181444070332759e+01 1.596692106247661798e+02
2.467186681631125964e+02 6.532248410026187457e+01 1.600515525626636872e+02
2.465137298915076656e+02 6.466621773288440522e+01 1.593670781893004005e+02
2.463988776655443189e+02 6.412772166105499139e+01 1.583193415637859971e+02
2.461842873176206581e+02 6.325087916199027660e+01 1.568552188552188511e+02
2.459557800224467030e+02 6.202394313505424606e+01 1.564968200523755968e+02
2.458075570520014992e+02 6.215375982042648673e+01 1.562782641227085776e+02
2.458234942012719841e+02 6.240733258511036041e+01 1.560091283202394266e+02
2.460171343060231948e+02 6.246285072951739892e+01 1.566088290310512434e+02
2.460817807706696669e+02 6.317179199401421386e+01 1.568342686120464009e+02
2.463521885521885508e+02 6.340882903105125479e+01 1.575088664421997748e+02
2.462545454545454504e+02 6.381114852225963574e+01 1.572255144032921805e+02
2.461222596333707315e+02 6.345230078563412235e+01 1.569690983913206139e+02
2.459699214365880948e+02 6.354702581369247838e+01 1.568602319491208448e+02
2.460907594463149906e+02 6.390093527871305668e+01 1.563791994014216300e+02
2.461638608305275113e+02 6.419012345679011844e+01 1.573798728020950364e+02
2.460182566404788531e+02 6.364803591470258226e+01 1.561271979049756737e+02
2.457184436962214704e+02 6.287220351664796425e+01 1.569107369996258967e+02
2.458358398802843112e+02 6.298870183314627980e+01 1.555090160867938778e+02
2.458313505424616494e+02 6.316782641227085549e+01 1.554368873924429408e+02
2.459325851103628793e+02 6.368896371118593436e+01 1.561130564908342819e+02
2.460570145903479329e+02 6.385110362888140401e+01 1.569010101010100868e+02
2.460989898989899132e+02 6.409248035914703223e+01 1.567753086419753004e+02
2.462251402918069516e+02 6.432876917321361532e+01 1.571414889637111969e+02
2.461948372615039204e+02 6.452727272727273089e+01 1.575869809203142609e+02
2.463254021698466261e+02 6.484466891133557453e+01 1.586033670033669978e+02
2.463832398054620398e+02 6.542229704451926864e+01 1.584147399925177808e+02
2.463549569771791994e+02 6.569674523007856237e+01 1.583860082304526884e+02
2.463260755705200040e+02 6.561466517022073219e+01 1.585538346427235297e+02
2.463744107744107623e+02 6.581563786008230466e+01 1.587462775907220305e+02
2.462237186681631158e+02 6.598166853722409542e+01 1.586293303404414416e+02
2.463137298915076769e+02 6.653767302656191873e+01 1.589522633744855966e+02
2.462805836139169458e+02 6.568522259633370197e+01 1.586281331836887318e+02
2.463704451926674039e+02 6.614403292181070526e+01 1.584175084175084294e+02
2.463955106621773155e+02 6.628529741863074776e+01 1.587963337074448305e+02
2.464847736625514472e+02 6.683120089786756068e+01 1.591590722035166436e+02
2.465448559670781776e+02 6.696879910213243647e+01 1.591021324354657622e+02
2.465394687616909835e+02 6.718900112233446009e+01 1.594472128694351056e+02
2.465469509913954482e+02 6.712936775158996738e+01 1.590819304152637415e+02
2.462756453423120035e+02 6.659259259259259522e+01 1.585894500561167320e+02
2.460266367377478502e+02 6.584249906472128089e+01 1.579529367751590030e+02
2.461743359521137222e+02 6.617927422371866442e+01 1.585054994388327714e+02
2.461667040778151829e+02 6.604077815188925626e+01 1.587722409277964744e+02
2.461748597081930541e+02 6.698533482977927633e+01 1.592998877665544342e+02
2.462266367377478389e+02 6.730826786382341709e+01 1.596137673026561856e+02
2.462980172091283180e+02 6.758413767302656083e+01 1.591037785260007524e+02
2.463229330340441550e+02 6.803681257014589789e+01 1.589874298540965185e+02
2.462830527497194169e+02 6.800957725402169274e+01 1.596601571268238047e+02
2.464152637485970843e+02 6.819857837635615283e+01 1.593151515151515127e+02
2.464466142910587223e+02 6.837231575009353435e+01 1.601688739244294766e+02
2.465375982042648673e+02 6.730714552936774453e+01 1.598843995510662239e+02
2.464979423868312836e+02 6.738742985409652420e+01 1.599012345679012412e+02
2.464466891133557738e+02 6.721967826412270597e+01 1.598447437336326118e+02
2.464080059857837739e+02 6.719019827908716991e+01 1.596833520389076000e+02
2.463642349420127289e+02 6.716752712308267803e+01 1.592665918443696285e+02
2.463759820426487011e+02 6.719364010475121063e+01 1.591898241676019552e+02
2.463729891507669265e+02 6.721361765806210542e+01 1.590090534979423751e+02
2.463674523007856294e+02 6.715338570894125780e+01 1.584365881032547634e+02
2.462442947998503655e+02 6.731552562663674166e+01 1.589866816311260891e+02
2.464445192667414801e+02 6.716835016835017313e+01 1.594163112607556911e+02
2.461776281331837026e+02 6.707332585110363254e+01 1.591150766928544726e+02
2.462235690235690129e+02 6.694246165357276368e+01 1.599588477366255006e+02
2.462433969322858331e+02 6.676004489337822179e+01 1.594019453797231449e+02
2.459569771791994128e+02 6.587167976056865371e+01 1.583783015338570976e+02
2.457779274223718744e+02 6.541713430602320045e+01 1.581389450056116743e+02
2.455713430602319534e+02 6.475233819678264524e+01 1.576708567153011700e+02
2.456490834268612105e+02 6.489023569023568427e+01 1.577381219603441878e+02
2.456892630003740976e+02 6.518526000748222771e+01 1.585618406285072979e+02
2.456004489337822747e+02 6.474418256640478830e+01 1.579907968574635220e+02
2.455479236812570036e+02 6.440748222970445624e+01 1.573697717919940260e+02
2.454427235316124154e+02 6.390018705574261304e+01 1.572785634118967550e+02
2.454448933782267090e+02 6.320007482229704721e+01 1.571146277590721922e+02
2.453805462027684143e+02 6.290579872802094741e+01 1.567257014590347808e+02
2.455135054246165396e+02 6.448230452674897606e+01 1.584059857837635548e+02
2.455638608305274886e+02 6.472413019079685625e+01 1.585158997381219592e+02
2.458036662925551923e+02 6.501257014590348149e+01 1.590912083800972709e+02
2.458837261503928175e+02 6.541818181818182154e+01 1.593601945379723190e+02
2.459580995136550712e+02 6.544773662551440907e+01 1.592395061728394978e+02
2.458862701084923401e+02 6.538451178451178691e+01 1.593715675271230907e+02
2.459677515899738012e+02 6.501496445940890112e+01 1.595856341189674481e+02
2.458963711185933505e+02 6.471088664421998260e+01 1.587272727272727195e+02
2.459245043022820880e+02 6.479992517770295990e+01 1.583554807332585028e+02
2.459743359521137336e+02 6.450407781518892136e+01 1.585990273101384105e+02
2.458124205013093899e+02 6.438945005611672912e+01 1.585737373737373730e+02
2.458781893004115204e+02 6.453752338196783001e+01 1.584338945005611663e+02
2.458625514403292129e+02 6.475308641975308888e+01 1.586467639356528139e+02
2.456459408903853330e+02 6.447774036662924857e+01 1.586937523381967878e+02
2.456584362139917630e+02 6.466793864571641848e+01 1.587843621399177039e+02
2.457466517022072594e+02 6.485020576131687164e+01 1.588985409652076441e+02
2.455934904601571134e+02 6.323524130190796910e+01 1.577624392068836414e+02
2.454018705574261219e+02 6.269046015712682163e+01 1.571729143284698864e+02
2.452538720538720440e+02 6.234620276842498754e+01 1.568050879161990281e+02
2.452136176580621054e+02 6.240089786756453094e+01 1.564909839132061222e+02
2.452049382716049308e+02 6.246344930789375383e+01 1.570717545828657080e+02
2.452540216984661470e+02 6.358840254395809666e+01 1.573084175084175058e+02
2.453559296670407832e+02 6.319169472502805718e+01 1.575885521885521996e+02
2.452776655443322227e+02 6.342319491208380100e+01 1.582667414889637030e+02
2.454562663673774807e+02 6.390744481855593051e+01 1.588771417882529136e+02
2.455228582117470921e+02 6.401167227833894913e+01 1.586827534605312451e+02
2.456063598952487723e+02 6.382551440329218195e+01 1.593786756453422981e+02
2.455242798353909564e+02 6.372779648335203717e+01 1.588662177328843939e+02
2.455280957725402118e+02 6.352330714552936541e+01 1.588173587729143321e+02
2.456142162364384660e+02 6.349150766928544698e+01 1.586469135802469168e+02
2.453812196034418207e+02 6.378503554059109604e+01 1.588315001870557523e+02
2.454378600823045247e+02 6.419401421623643955e+01 1.594766180321735760e+02
2.455396184062850864e+02 6.462379349046015875e+01 1.598533482977927349e+02
2.457277216610549999e+02 6.517343808454918985e+01 1.608549195660306736e+02
2.457228582117471092e+02 6.505746352413018485e+01 1.604118967452300808e+02
2.457429105873550270e+02 6.494545454545455243e+01 1.604666666666666686e+02
2.457970819304152599e+02 6.525439580995136168e+01 1.604586606808829004e+02
2.459075944631500192e+02 6.576640478862701400e+01 1.610389075944631543e+02
2.459390198279087087e+02 6.542050130939020391e+01 1.607085671530115860e+02
2.461033295922184720e+02 6.587085671530115860e+01 1.610823793490460218e+02
2.461864571642349517e+02 6.620134680134680139e+01 1.619334829779274116e+02
2.463393191170968919e+02 6.626517022072577845e+01 1.603168724279835260e+02
2.461683501683501731e+02 6.605798728020950250e+01 1.602729517396184065e+02
2.460760942760942669e+02 6.568267863823419361e+01 1.601779274223718801e+02
2.460072577628133104e+02 6.550198279087167919e+01 1.606549943883277081e+02
2.456766928544706445e+02 6.536902356902356814e+01 1.602411522633744880e+02
2.456269360269360220e+02 6.540059857837636059e+01 1.606099513655069302e+02
2.456306771417882544e+02 6.579483726150392897e+01 1.608195286195286258e+02
2.456437710437710393e+02 6.587317620650954098e+01 1.610483352038907583e+02
2.456322484100261931e+02 6.574784885895996922e+01 1.611284698840254350e+02
2.456029928918817689e+02 6.562970445192667057e+01 1.615179947624392014e+02
2.457364758698091975e+02 6.551470258136924940e+01 1.617594463150018669e+02
2.457963337074448305e+02 6.577643097643097292e+01 1.615137298915076656e+02
2.458332959221848171e+02 6.571971567527123170e+01 1.613439580995136566e+02
2.458213991769547420e+02 6.590288065843621723e+01 1.618023194912083795e+02
2.458447437336326118e+02 6.609345304900860185e+01 1.618264122708567072e+02
2.459504676393565319e+02 6.636902356902356814e+01 1.622488589599700788e+02
