2.548564007421150279e+02 1.016465058750773096e+02 1.883872603586889340e+02
2.548191713048856002e+02 1.017986394557823076e+02 1.883398886827458227e+02
2.548268398268398300e+02 1.011568336425479231e+02 1.878069264069264079e+02
2.548489795918367236e+02 1.047732838589981412e+02 1.889683364254792934e+02
2.548137291280148418e+02 1.046263450834879336e+02 1.885452071737786071e+02
2.547918367346938737e+02 1.056555349412492291e+02 1.894870748299319700e+02
2.548059369202226208e+02 1.055349412492269607e+02 1.895108225108225213e+02
2.548431663574520769e+02 1.067774891774891728e+02 1.897729128014842388e+02
2.548486085343228069e+02 1.070098948670377297e+02 1.901935683364254714e+02
2.548472479901051315e+02 1.071003092145949296e+02 1.892982065553494238e+02
2.548585034013605366e+02 1.069751391465677131e+02 1.890040816326530546e+02
2.548620902906617118e+02 1.067649969078540551e+02 1.896117501546073072e+02
2.548743351886209041e+02 1.069384044526901647e+02 1.893307359307359263e+02
2.548612244897959158e+02 1.072940012368583780e+02 1.896828695114409413e+02
2.548719851576994415e+02 1.074975881261595561e+02 1.906801484230055621e+02
2.548664192949907203e+02 1.073424860853432250e+02 1.907354359925788572e+02
2.548670377241805909e+02 1.074860853432281971e+02 1.904792826221397775e+02
2.548763141620284500e+02 1.072972170686456366e+02 1.905908472479900979e+02
2.548550401978973525e+02 1.074373531230674104e+02 1.900465058750773153e+02
2.548216450216450255e+02 1.075235621521335787e+02 1.896299319727891088e+02
2.548653061224489704e+02 1.070718614718614674e+02 1.897419913419913371e+02
2.548722325293753954e+02 1.071842918985776123e+02 1.890967223252937401e+02
2.549051329622758146e+02 1.074171923314780486e+02 1.885945578231292643e+02
2.548566481137909818e+02 1.069360544217687021e+02 1.882420531849103327e+02
2.548829931972789211e+02 1.067334570191713112e+02 1.888761904761904873e+02
2.549199752628323949e+02 1.068358688930117495e+02 1.889913419913419830e+02
2.548987012987012974e+02 1.065981447124304253e+02 1.883673469387755119e+02
2.548999381570810101e+02 1.051072356215213404e+02 1.877836734693877645e+02
2.548679035250463869e+02 1.048634508348794014e+02 1.874024737167594310e+02
2.548358688930117637e+02 1.038528138528138527e+02 1.871772418058132246e+02
2.547829313543599312e+02 1.033656153370439057e+02 1.854650587507730393e+02
2.547849103277674772e+02 1.027653679653679717e+02 1.851250463821892254e+02
2.548236239950525714e+02 1.025466914038342594e+02 1.854796536796536657e+02
2.548316635745207179e+02 1.024557823129251659e+02 1.855460729746444031e+02
2.548277056277056261e+02 1.024258503401360514e+02 1.866100185528756867e+02
2.548228818800247382e+02 1.038758194186765564e+02 1.869012987012987139e+02
2.548184291898577669e+02 1.036019789734075403e+02 1.856562770562770481e+02
2.548076685219542412e+02 1.041384044526901675e+02 1.859392702535559749e+02
2.548889301175015589e+02 1.046734693877551052e+02 1.859993815708101295e+02
2.548771799628942460e+02 1.049642547928262246e+02 1.867128014842300558e+02
2.548832405689548466e+02 1.053678416821273913e+02 1.871099567099567196e+02
2.548842300556586338e+02 1.057554730983302420e+02 1.879630179344464977e+02
2.548865800865800963e+02 1.064023500309214540e+02 1.882437847866419247e+02
2.548899196042053177e+02 1.068143475572046981e+02 1.882007421150278219e+02
2.548834879406308005e+02 1.070593692022263497e+02 1.883019171304885617e+02
2.548836116264687632e+02 1.073840445269016755e+02 1.879113172541744063e+02
2.548824984539270133e+02 1.075966604823747730e+02 1.881680890538033282e+02
2.548935064935064929e+02 1.079224489795918345e+02 1.884116264687693274e+02
2.549073593073593145e+02 1.082364873222016115e+02 1.884258503401360656e+02
2.549104514533086103e+02 1.085546072974644431e+02 1.889102040816326564e+02
2.549032776747062599e+02 1.089163883735312339e+02 1.895361781076066734e+02
2.549145330859616649e+02 1.091344465058750757e+02 1.895957946815089770e+02
2.549235621521335702e+02 1.093716759431045205e+02 1.900969696969696940e+02
2.549192331478045901e+02 1.093656153370439057e+02 1.904186765615337151e+02
2.549390228818800210e+02 1.101997526283240632e+02 1.901675943104514488e+02
2.549468150896722420e+02 1.122000000000000028e+02 1.910902906617192230e+02
2.549627705627705723e+02 1.130951144094001251e+02 1.918942486085343262e+02
2.549631416202844889e+02 1.134890538033395160e+02 1.919292517006802825e+02
2.549595547309833137e+02 1.135121830550401967e+02 1.923763760049474456e+02
2.549590599876314059e+02 1.139255411255411303e+02 1.930683982683982549e+02
2.549359307359307252e+02 1.144039579468150833e+02 1.935833024118738308e+02
2.549485466914038341e+02 1.146367346938775569e+02 1.946695114409399991e+02
2.549602968460111185e+02 1.154686456400742145e+02 1.939433518862090295e+02
2.549661100803957936e+02 1.157555967841682190e+02 1.945307359307359434e+02
2.549725417439703108e+02 1.155218305504019725e+02 1.953022881880024784e+02
2.549562152133580639e+02 1.158789115646258523e+02 1.963171304885590587e+02
2.549558441558441473e+02 1.159365491651205957e+02 1.956183055040197871e+02
2.549638837353122938e+02 1.160897959183673436e+02 1.961228200371057540e+02
2.549798392084106240e+02 1.161811997526283307e+02 1.958380952380952351e+02
2.549633889919604144e+02 1.160387136672850943e+02 1.960185528756957467e+02
2.549569573283858972e+02 1.163460729746444002e+02 1.961779839208410579e+02
2.549747680890538106e+02 1.162952380952380906e+02 1.967020408163265301e+02
2.549521335807050093e+02 1.162644403215831801e+02 1.972994434137291364e+02
2.549607915893630263e+02 1.165601731601731643e+02 1.971764996907853913e+02
2.549578231292516932e+02 1.166393320964749591e+02 1.967557204700061959e+02
2.549562152133580639e+02 1.168786641929499126e+02 1.965447124304267277e+02
2.549537414965986386e+02 1.170508348794063096e+02 1.973042671614100243e+02
2.549694495980210149e+02 1.168863327149041424e+02 1.970204081632653015e+02
2.549694495980210149e+02 1.173546072974644403e+02 1.971461966604823886e+02
2.549609152752009891e+02 1.171799628942486038e+02 1.966922696351267916e+02
2.549717996289424775e+02 1.171437229437229490e+02 1.973299938157080931e+02
2.549668521954236269e+02 1.173668521954236184e+02 1.972556586270872003e+02
2.549699443413729227e+02 1.174644403215831829e+02 1.976973407544836050e+02
2.549721706864563942e+02 1.175969078540507127e+02 1.970827458256029558e+02
2.549700680272108855e+02 1.176739641311069846e+02 1.977140383426097685e+02
2.549628942486085350e+02 1.175317254174397021e+02 1.977234384662956188e+02
2.549684601113172562e+02 1.175098330241187341e+02 1.969416202844774375e+02
2.549724180581323481e+02 1.164528138528138470e+02 1.965265306122448976e+02
2.549631416202844889e+02 1.156212739641311060e+02 1.958615955473098325e+02
2.549657390228818770e+02 1.152937538651824383e+02 1.955396413110698859e+02
2.549438466295609089e+02 1.149739022881880004e+02 1.961563388991960437e+02
2.549522572665429720e+02 1.155658627087198482e+02 1.953856524427953048e+02
2.549341991341991331e+02 1.154573902288187952e+02 1.955696969696969632e+02
2.549280148423005699e+02 1.155094619666048175e+02 1.959714285714285609e+02
2.549423623995052708e+02 1.160956091527520044e+02 1.964724799010513436e+02
2.549525046382189259e+02 1.160393320964749506e+02 1.970446505875077321e+02
2.549449598021026588e+02 1.164803957946815132e+02 1.973109461966604954e+02
2.549720470006184314e+02 1.168711193568336455e+02 1.977222016079159062e+02
2.549703153988868394e+02 1.175421150278293112e+02 1.980307977736549105e+02
2.549700680272108855e+02 1.177949288806431696e+02 1.981341991341991218e+02
2.549824366110080405e+02 1.183935683364254743e+02 1.985255411255411389e+02
2.549653679653679603e+02 1.183672232529375350e+02 1.979769944341372820e+02
2.549646258503401270e+02 1.187128014842300558e+02 1.984899196042053120e+02
2.549678416821273856e+02 1.189736549165120607e+02 1.987923314780457531e+02
2.549773654916511987e+02 1.190228818800247410e+02 1.987365491651206071e+02
2.549694495980210149e+02 1.195475572047000554e+02 1.989709338280766815e+02
2.549668521954236269e+02 1.196739641311069846e+02 1.994828695114409527e+02
2.549719233147804687e+02 1.192864564007421109e+02 1.992051948051947932e+02
2.549680890538033395e+02 1.189239332096475010e+02 1.992596165739022922e+02
2.549781076066790320e+02 1.185349412492269607e+02 1.989449598021026588e+02
2.549636363636363683e+02 1.184209029066171865e+02 1.978940012368583723e+02
2.549669758812615896e+02 1.185119356833642570e+02 1.989280148423005699e+02
2.549576994434137305e+02 1.184902906617192286e+02 1.989064935064935185e+02
2.549600494743351931e+02 1.186473716759431056e+02 1.982048237476808765e+02
2.549734075448361068e+02 1.181596784168212793e+02 1.984787878787878697e+02
2.549538651824366013e+02 1.177057513914656823e+02 1.977459492888064290e+02
2.549555967841682218e+02 1.169935683364254828e+02 1.975893630179344598e+02
2.549616573902288224e+02 1.168153370439084711e+02 1.974373531230673962e+02
2.549589363017934431e+02 1.166606060606060566e+02 1.975961657390228936e+02
2.549555967841682218e+02 1.171249226963512626e+02 1.978635745207173784e+02
2.549627705627705723e+02 1.175631416202844832e+02 1.983022881880024784e+02
2.549687074829932101e+02 1.175537414965986329e+02 1.980175633889919595e+02
2.549761286332714860e+02 1.181461966604823743e+02 1.974961038961039037e+02
2.549750154607297361e+02 1.183282622139765010e+02 1.981769944341372991e+02
2.549641311069882477e+02 1.183269016697588114e+02 1.989291280148422913e+02
2.549659863945578309e+02 1.187200989486703833e+02 1.988634508348794157e+02
2.549693259121830522e+02 1.190680272108843525e+02 1.992790352504638349e+02
2.549632653061224516e+02 1.189555967841682076e+02 1.986004947433518737e+02
2.549586889301174892e+02 1.192628324056895508e+02 1.988378478664192812e+02
2.549557204700061845e+02 1.191422387136672825e+02 1.983369202226345180e+02
2.549604205318491097e+02 1.190765615337043926e+02 1.987308596165738948e+02
2.549640074211502849e+02 1.189136672850958547e+02 1.987499072356215208e+02
2.549615337043908596e+02 1.193505256648113857e+02 1.993807050092764257e+02
2.549656153370439142e+02 1.190803957946815075e+02 1.989161410018552942e+02
2.549695732838590061e+02 1.189936920222634456e+02 1.991855287569573250e+02
2.549626468769325811e+02 1.189146567717996277e+02 1.982871985157699442e+02
2.549716759431045148e+02 1.187764996907853998e+02 1.976852195423624039e+02
2.549672232529375435e+02 1.186643166357452088e+02 1.987583178726035840e+02
2.549402597402597337e+02 1.186707482993197260e+02 1.991816944959802242e+02
2.549407544836116131e+02 1.184606060606060538e+02 1.989273964131106993e+02
2.549596784168212764e+02 1.188059369202226350e+02 1.987870129870129858e+02
2.549527520098948798e+02 1.188521954236239964e+02 1.980865800865800850e+02
2.549605442176870724e+02 1.185345701917130441e+02 1.984613481756339013e+02
2.549680890538033395e+02 1.179093382807668462e+02 1.980174397031539968e+02
2.549432282003710668e+02 1.170730983302411943e+02 1.976479901051329762e+02
2.549700680272108855e+02 1.169903525046382242e+02 1.972577612863327090e+02
2.549551020408163140e+02 1.167880024737167588e+02 1.970209029066171809e+02
2.549473098330241214e+02 1.170206555349412554e+02 1.972993197278911452e+02
2.549739022881880146e+02 1.169734075448361210e+02 1.973536178107606816e+02
2.549696969696969688e+02 1.172927643784786653e+02 1.974942486085343205e+02
2.549747680890538106e+02 1.175000618429189814e+02 1.978159554730983416e+02
2.549739022881880146e+02 1.179667285095856499e+02 1.985747680890538049e+02
2.549711811997526354e+02 1.178470006184291918e+02 1.983188620902906507e+02
2.549724180581323481e+02 1.183398886827458227e+02 1.982954854669140445e+02
2.549814471243042533e+02 1.182383426097711805e+02 1.988111317254174537e+02
2.549695732838590061e+02 1.181217068645640040e+02 1.984039579468150976e+02
2.549721706864563942e+02 1.181636363636363569e+02 1.983118119975262914e+02
2.549762523191094488e+02 1.180664192949907232e+02 1.982100185528757095e+02
2.549633889919604144e+02 1.185764996907854112e+02 1.979889919604205204e+02
2.549716759431045148e+02 1.182812615955473063e+02 1.987403834260977078e+02
2.549767470624613566e+02 1.180398268398268442e+02 1.981458256029684719e+02
2.549609152752009891e+02 1.179814471243042675e+02 1.987912183055040316e+02
2.549756338899196066e+02 1.182260977118120024e+02 1.981615337043908482e+02
2.549492888064316674e+02 1.184457637600494735e+02 1.980199134199134221e+02
2.549572047000618511e+02 1.183523809523809547e+02 1.979125541125541190e+02
2.549620284477427390e+02 1.181896103896103938e+02 1.977380333951762452e+02
2.549612863327149057e+02 1.179709338280766815e+02 1.980791589363017806e+02
2.549575757575757677e+02 1.177638837353123051e+02 1.977788497217068766e+02
2.549729128014842274e+02 1.176445269016697637e+02 1.977118119975262971e+02
2.549752628324056900e+02 1.175434755720470008e+02 1.971569573283858858e+02
2.549705627705627649e+02 1.178427952999381603e+02 1.980113790970933962e+02
2.549824366110080405e+02 1.178222634508348818e+02 1.980397031539888815e+02
2.549719233147804687e+02 1.171294990723562108e+02 1.966523191094619563e+02
2.549679653679653768e+02 1.160862090290661683e+02 1.961936920222634626e+02
2.549593073593073598e+02 1.155768707482993136e+02 1.962119975262832270e+02
2.549611626468769430e+02 1.151615337043908482e+02 1.959774891774891898e+02
2.549549783549783513e+02 1.153010513296227515e+02 1.962115027829313476e+02
2.549606679035250352e+02 1.153976499690785431e+02 1.961017934446505819e+02
2.549646258503401270e+02 1.153381570810142307e+02 1.961993815708101465e+02
2.549696969696969688e+02 1.154268398268398244e+02 1.967683364254792764e+02
2.549548546691403885e+02 1.160124922696351319e+02 1.966343846629560801e+02
2.549648732220160809e+02 1.160285714285714249e+02 1.963165120593691881e+02
2.549669758812615896e+02 1.161985157699443363e+02 1.967129251700680186e+02
2.549666048237476730e+02 1.160053184910327815e+02 1.968225108225108215e+02
2.549799628942486152e+02 1.162362399505256718e+02 1.973214594928880672e+02
2.549715522572665520e+02 1.167202226345083460e+02 1.970519480519480453e+02
2.549622758194186645e+02 1.168805194805194816e+02 1.978503401360544274e+02
2.549635126777984055e+02 1.169105751391465731e+02 1.972544217687074877e+02
2.549814471243042533e+02 1.170053184910327815e+02 1.981558441558441643e+02
2.549776128633271526e+02 1.170382189239332149e+02 1.982468769325912206e+02
2.549751391465677273e+02 1.171022881880024755e+02 1.993604205318491154e+02
2.549741496598639401e+02 1.169505256648113800e+02 1.981913419913420000e+02
2.549719233147804687e+02 1.169330859616573832e+02 1.985525046382189203e+02
2.549813234384662906e+02 1.170143475572047009e+02 1.989145330859616649e+02
2.549713048855905981e+02 1.174855905998763177e+02 1.985701917130488425e+02
2.549830550401979110e+02 1.173990105132962327e+02 1.989558441558441473e+02
2.549889919604205204e+02 1.173930735930735949e+02 1.986260977118120081e+02
2.549647495361781182e+02 1.173116883116883145e+02 1.987762523191094601e+02
2.549651205936920348e+02 1.175371675943104464e+02 1.996027210884353735e+02
2.549657390228818770e+02 1.176800247371675994e+02 1.988080395794681579e+02
2.549756338899196066e+02 1.178004947433518907e+02 1.992338899196041950e+02
2.549684601113172562e+02 1.179262832405689494e+02 1.990869511440940016e+02
2.549742733457019312e+02 1.173214594928880672e+02 1.985924551638837272e+02
2.549777365491651153e+02 1.165546072974644431e+02 1.981037724180581279e+02
2.549443413729127883e+02 1.158995670995670935e+02 1.978215213358070628e+02
2.549547309833024258e+02 1.157988868274582615e+02 1.975126777983920761e+02
2.549584415584415638e+02 1.158787878787878753e+02 1.975496598639455783e+02
2.549470624613481675e+02 1.159865182436610951e+02 1.977100803957946766e+02
2.549647495361781182e+02 1.160747062461348236e+02 1.979991341991342040e+02
2.549659863945578309e+02 1.166488559059987580e+02 1.979213358070500988e+02
2.549689548546691356e+02 1.172664192949907260e+02 1.978659245516388410e+02
2.549751391465677273e+02 1.176272108843537438e+02 1.985414965986394691e+02
2.549698206555349316e+02 1.181496598639455726e+02 1.993411255411255354e+02
2.549715522572665520e+02 1.185544836116264662e+02 1.994352504638218875e+02
2.549580705009276471e+02 1.191241805813234436e+02 1.996602350030921400e+02
2.549645021645021643e+02 1.196799010513296224e+02 1.996389610389610425e+02
2.549725417439703108e+02 1.201898577612863335e+02 1.999609152752009891e+02
2.549586889301174892e+02 1.203098330241187455e+02 2.002526901669758672e+02
2.549636363636363683e+02 1.202298082869511404e+02 1.996257266542980915e+02
2.549719233147804687e+02 1.204445269016697608e+02 2.005402597402597280e+02
2.549784786641929486e+02 1.202545454545454504e+02 2.001384044526901675e+02
2.549716759431045148e+02 1.201952999381570777e+02 2.004702535559678438e+02
2.549642547928262104e+02 1.208280766852195427e+02 2.005361781076066734e+02
2.549641311069882477e+02 1.209931972789115662e+02 2.005818181818181927e+02
2.549647495361781182e+02 1.210858379715522517e+02 2.005872603586889227e+02
2.549636363636363683e+02 1.211805813234384601e+02 2.011656153370439029e+02
2.549621521335807017e+02 1.218474953617810712e+02 2.012132343846629681e+02
2.549701917130488482e+02 1.221896103896103938e+02 2.016641929499072319e+02
2.549804576376004945e+02 1.220074211502782902e+02 2.017552257266542881e+02
2.549762523191094488e+02 1.218500927643784735e+02 2.011218305504019668e+02
2.549637600494743310e+02 1.212315398886827467e+02 2.002991960420531825e+02
2.549640074211502849e+02 1.200549165120593642e+02 1.992218923933209567e+02
2.549698206555349316e+02 1.195988868274582586e+02 1.992987012987013031e+02
2.549777365491651153e+02 1.196599876314162003e+02 1.989944341372912788e+02
2.549574520717377766e+02 1.195349412492269607e+02 1.992907854050711194e+02
2.549479282622139635e+02 1.201546072974644375e+02 1.991460729746443974e+02
2.549640074211502849e+02 1.201604205318490983e+02 1.991922077922077960e+02
2.549722943722943853e+02 1.201605442176870753e+02 1.998864564007421052e+02
2.549687074829932101e+02 1.206902906617192315e+02 2.001670995670995694e+02
2.549715522572665520e+02 1.210750773036487260e+02 2.004875695732838494e+02
2.549595547309833137e+02 1.210388373531230712e+02 2.007376623376623286e+02
2.549607915893630263e+02 1.210309214594928875e+02 2.008622139764997030e+02
2.549646258503401270e+02 1.212582560296846026e+02 2.004850958565244241e+02
2.549683364254792934e+02 1.212369820655534909e+02 2.000935064935064815e+02
2.549705627705627649e+02 1.213818181818181756e+02 2.004530612244898009e+02
2.549696969696969688e+02 1.211764996907854055e+02 2.005089672232529381e+02
2.549641311069882477e+02 1.208576376004947406e+02 2.003293753865182509e+02
2.549695732838590061e+02 1.202056895485466868e+02 2.002643166357452174e+02
2.549746444032158195e+02 1.199356833642547997e+02 1.999059987631416107e+02
2.549646258503401270e+02 1.194688930117501542e+02 1.996063079777365488e+02
2.549646258503401270e+02 1.193782312925170004e+02 1.994857142857142946e+02
2.549617810760667851e+02 1.191692022263450781e+02 1.993137909709338373e+02
2.549658627087198397e+02 1.186233766233766289e+02 1.995283858998144808e+02
2.549773654916511987e+02 1.183223252937538632e+02 1.991348175633889923e+02
2.549752628324056900e+02 1.184137291280148361e+02 1.979599257884972303e+02
2.549834260977117992e+02 1.179903525046382242e+02 1.978962275819418721e+02
2.549663574520717475e+02 1.177779839208410664e+02 1.981755102040816325e+02
2.549602968460111185e+02 1.173532467532467507e+02 1.977193568336425358e+02
2.549543599257885091e+02 1.164557823129251659e+02 1.980633271490414415e+02
2.549531230674087681e+02 1.160089053803339567e+02 1.963966604823747559e+02
2.549474335188620842e+02 1.156874458874458895e+02 1.965037724180581336e+02
2.549568336425479345e+02 1.159471861471861445e+02 1.966236239950525544e+02
2.549526283240568887e+02 1.158839826839826799e+02 1.965466914038342736e+02
2.549554730983302306e+02 1.164612244897959243e+02 1.967212121212121190e+02
2.549654916512059231e+02 1.168397031539888644e+02 1.966648113790971024e+02
2.549475572047000753e+02 1.178183055040197900e+02 1.974126159554730862e+02
2.549726654298082735e+02 1.180378478664192983e+02 1.983136672850958462e+02
2.549663574520717475e+02 1.194556586270872032e+02 1.988380952380952351e+02
2.549734075448361068e+02 1.196385899814471259e+02 1.993983920841063764e+02
2.549793444650587446e+02 1.196732220160791655e+02 1.984195423623995111e+02
2.549748917748917734e+02 1.199527520098948656e+02 1.991667285095856528e+02
2.549580705009276471e+02 1.200363636363636317e+02 1.993213358070501044e+02
2.549698206555349316e+02 1.203721706864563998e+02 1.999120593692022396e+02
2.549684601113172562e+02 1.206051948051947988e+02 1.996559059987631315e+02
2.549766233766233654e+02 1.204320346320346289e+02 1.996567717996289559e+02
2.549802102659245406e+02 1.204743351886208984e+02 2.003079777365491623e+02
2.549798392084106240e+02 1.204008658008658017e+02 2.003078540507111995e+02
2.549750154607297361e+02 1.206565244279530020e+02 2.003469387755102105e+02
2.549648732220160809e+02 1.207656153370439114e+02 1.994016079158936350e+02
2.549823129251700777e+02 1.206294372294372295e+02 1.997449598021026702e+02
2.549858998144712530e+02 1.207288806431663630e+02 2.005304885590599895e+02
2.549784786641929486e+02 1.208770562770562833e+02 2.005182436611007972e+02
2.549609152752009891e+02 1.208325293753865139e+02 2.002933828076685359e+02
2.549803339517625318e+02 1.201776128633271554e+02 1.993500309214595063e+02
2.549695732838590061e+02 1.201997526283240632e+02 1.998763141620284500e+02
2.549663574520717475e+02 1.198671614100185536e+02 1.997976499690785488e+02
2.549583178726036010e+02 1.188507111935683298e+02 1.993349412492269721e+02
2.549620284477427390e+02 1.180712430426716111e+02 1.984446505875077378e+02
2.549620284477427390e+02 1.177652442795299947e+02 1.986158317872603618e+02
2.549614100185528685e+02 1.177528756957328397e+02 1.985692022263450838e+02
2.549559678416821384e+02 1.177081014223871307e+02 1.984727272727272691e+02
2.549673469387755063e+02 1.183256648113790988e+02 1.994662956091527519e+02
2.549658627087198397e+02 1.183757575757575751e+02 1.991855287569573250e+02
2.549611626468769430e+02 1.186651824366110048e+02 1.997299938157080987e+02
2.549652442795299976e+02 1.187975262832405718e+02 1.996498453927025309e+02
2.549590599876314059e+02 1.188838589981447171e+02 1.997447124304267163e+02
2.549591836734693970e+02 1.190756957328385965e+02 1.995097093382807714e+02
2.549599257884972303e+02 1.200502164502164533e+02 2.006158317872603618e+02
2.549658627087198397e+02 1.204239950525664824e+02 2.010180581323438389e+02
2.549687074829932101e+02 1.205943104514533104e+02 2.012406926406926289e+02
2.549774891774891898e+02 1.210721088435374213e+02 2.013847866419295087e+02
2.549846629560915403e+02 1.210781694495980219e+02 2.017401360544217823e+02
2.549841682127396325e+02 1.212702535559678410e+02 2.013599257884972076e+02
2.549918367346938908e+02 1.212389610389610368e+02 2.010392084106369737e+02
2.549923314780457702e+02 1.210904143475571999e+02 2.011626468769325982e+02
2.549891156462585116e+02 1.199870129870129887e+02 2.002832405689548523e+02
2.549884972170686410e+02 1.202090290661719223e+02 2.008230055658627009e+02
2.549913419913419830e+02 1.201480519480519433e+02 2.008455163883735395e+02
2.549805813234384573e+02 1.205306122448979522e+02 2.010343846629560858e+02
2.549837971552257159e+02 1.202519480519480481e+02 2.009710575139146442e+02
2.549774891774891898e+02 1.207747680890538078e+02 2.009466914038342509e+02
2.549803339517625318e+02 1.208278293135436030e+02 2.000797773654916512e+02
2.549658627087198397e+02 1.207124304267161392e+02 2.000382189239332149e+02
2.549762523191094488e+02 1.193213358070500902e+02 2.002692640692640680e+02
2.549732838589981441e+02 1.187114409400123662e+02 1.998711193568336455e+02
2.549741496598639401e+02 1.178164502164502210e+02 1.987090909090909179e+02
2.549680890538033395e+02 1.172959802102659239e+02 1.984676561533704273e+02
2.549672232529375435e+02 1.168896722325293780e+02 1.982601113172541716e+02
2.549643784786642016e+02 1.171458256029684577e+02 1.983715522572665293e+02
2.549693259121830522e+02 1.182786641929499041e+02 1.988190476190476090e+02
2.549547309833024258e+02 1.180456400742115051e+02 1.995021645021645043e+02
2.549741496598639401e+02 1.181648732220160838e+02 1.987433518862090409e+02
2.549752628324056900e+02 1.183669758812615953e+02 2.003374149659863974e+02
2.549731601731601813e+02 1.187417439703153974e+02 1.993893630179344427e+02
2.549819418676561611e+02 1.190740878169449530e+02 1.998687693259121829e+02
2.549735312306740980e+02 1.194455163883735338e+02 1.998169449598021004e+02
2.549605442176870724e+02 1.196397031539888616e+02 2.000894248608534269e+02
2.549692022263450895e+02 1.198507111935683298e+02 2.004777983920841109e+02
2.549740259740259773e+02 1.202834879406307920e+02 2.007526283240569001e+02
2.549708101422387188e+02 1.201632653061224545e+02 2.003538651824366070e+02
2.549776128633271526e+02 1.205985157699443420e+02 2.003073593073593202e+02
2.549713048855905981e+02 1.203585652442795322e+02 2.001325912183054925e+02
2.549703153988868394e+02 1.205865182436611036e+02 1.999815708101422445e+02
2.549673469387755063e+02 1.207397649969078515e+02 2.000523191094619619e+02
2.549743970315398940e+02 1.210749536178107633e+02 2.003914656771799514e+02
2.549685837971552189e+02 1.209626468769325953e+02 2.006388373531230798e+02
2.549722943722943853e+02 1.213047619047619037e+02 2.003761286332714917e+02
2.549722943722943853e+02 1.213758812615955520e+02 2.001176252319109494e+02
2.549799628942486152e+02 1.201461966604823743e+02 1.998779220779220793e+02
2.549636363636363683e+02 1.204305504019789765e+02 1.996696351267779903e+02
2.549643784786642016e+02 1.207407544836116244e+02 2.001214594928880501e+02
2.549755102040816439e+02 1.206620902906617232e+02 2.003235621521335759e+02
2.549666048237476730e+02 1.205784786641929429e+02 2.002871985157699442e+02
2.549673469387755063e+02 1.202479901051329563e+02 1.991605442176870611e+02
2.549786023500309113e+02 1.195005565862708750e+02 1.988943722943722889e+02
2.549673469387755063e+02 1.196582560296845941e+02 1.989590599876314059e+02
2.549643784786642016e+02 1.198272108843537467e+02 1.986515769944341514e+02
2.549602968460111185e+02 1.195280148423005500e+02 1.990983302411873979e+02
2.549730364873221902e+02 1.197328385899814407e+02 1.995792207792207762e+02
2.549736549165120607e+02 1.211103277674706220e+02 2.001245516388373460e+02
2.549731601731601813e+02 1.212414347557204763e+02 2.000508348794062954e+02
2.549719233147804687e+02 1.220651824366110105e+02 2.001945578231292586e+02
2.549588126159554804e+02 1.217847866419295002e+02 2.002883116883116941e+02
2.549763760049474399e+02 1.229750154607297503e+02 2.017724180581323310e+02
2.549583178726036010e+02 1.227971552257266552e+02 2.011405071119356762e+02
2.549521335807050093e+02 1.226577612863327147e+02 2.013194805194805213e+02
2.549684601113172562e+02 1.228011131725417471e+02 2.016077922077922153e+02
2.549732838589981441e+02 1.235528756957328369e+02 2.015124304267161506e+02
2.549704390847248021e+02 1.235041434755720502e+02 2.010909090909090935e+02
2.549789734075448280e+02 1.231118119975262886e+02 2.011601731601731728e+02
2.549542362399505180e+02 1.235522572665429806e+02 2.009057513914656852e+02
2.549581941867656099e+02 1.236008658008658045e+02 2.009945578231292416e+02
2.549745207173778567e+02 1.234288188002473703e+02 2.009837971552257159e+02
2.549709338280766815e+02 1.228894248608534383e+02 2.014113790970933735e+02
2.549784786641929486e+02 1.222573902288188066e+02 2.013636363636363740e+02
2.549850340136054285e+02 1.211614100185528713e+02 2.001722943722943739e+02
2.549632653061224516e+02 1.210977118119975273e+02 1.995068645640074294e+02
2.549745207173778567e+02 1.198849721706864528e+02 1.993097093382807543e+02
2.549811997526283278e+02 1.198445269016697523e+02 1.998413110698824937e+02
2.549734075448361068e+02 1.197128014842300558e+02 1.995648732220160753e+02
2.549773654916511987e+02 1.194277056277056346e+02 1.992430426716140914e+02
2.549743970315398940e+02 1.182834879406307920e+02 1.985776128633271469e+02
2.549717996289424775e+02 1.177061224489795848e+02 1.972465058750773039e+02
2.549781076066790320e+02 1.172541743970315338e+02 1.975076066790352627e+02
2.549727891156462647e+02 1.167795918367346957e+02 1.975287569573283974e+02
2.549643784786642016e+02 1.168493506493506544e+02 1.975356833642547940e+02
2.549531230674087681e+02 1.170524427952999389e+02 1.972074211502782930e+02
2.549627705627705723e+02 1.180094001236858361e+02 1.983601731601731615e+02
2.549735312306740980e+02 1.179283858998144723e+02 1.987781076066790433e+02
2.549464440321583254e+02 1.180794063079777345e+02 1.986868274582560332e+02
2.549559678416821384e+02 1.178191713048855860e+02 1.985090909090909008e+02
2.549757575757575694e+02 1.175808286951144055e+02 1.981549783549783683e+02
2.549602968460111185e+02 1.172745825602968495e+02 1.979095856524427859e+02
2.549529993815708053e+02 1.172744588744588725e+02 1.981939393939393881e+02
2.549581941867656099e+02 1.174384662956091461e+02 1.983113172541743836e+02
2.549648732220160809e+02 1.177236858379715585e+02 1.988841063698206426e+02
2.549532467532467592e+02 1.180362399505256690e+02 1.983628942486085407e+02
2.549559678416821384e+02 1.184834879406307948e+02 1.988975881261595475e+02
2.549557204700061845e+02 1.184847247990105075e+02 1.989568336425479345e+02
2.549647495361781182e+02 1.184165739022881922e+02 1.987335807050092740e+02
2.549611626468769430e+02 1.180648113790970939e+02 1.985787260358688968e+02
2.549795918367346985e+02 1.181677179962894257e+02 1.985852813852813767e+02
2.549635126777984055e+02 1.184807668521954298e+02 1.985646258503401498e+02
2.549596784168212764e+02 1.186382189239332092e+02 1.977882498453926985e+02
2.549490414347557135e+02 1.186039579468150862e+02 1.983521335807050150e+02
2.549560915275201012e+02 1.184874458874458867e+02 1.982358688930117410e+02
2.549494124922696301e+02 1.181914656771799628e+02 1.985851576994434140e+02
2.549341991341991331e+02 1.160732220160791570e+02 1.973465677179962938e+02
2.549419913419913541e+02 1.152471243042671603e+02 1.963204700061842800e+02
2.549303648732220040e+02 1.138037105751391493e+02 1.954518243661100882e+02
2.549215831787260242e+02 1.132755720470006224e+02 1.949298701298701246e+02
2.549320964749536245e+02 1.131386518243661072e+02 1.948775510204081627e+02
2.549351886209029203e+02 1.129273964131106993e+02 1.947110698824984638e+02
2.549304885590599952e+02 1.129299938157081016e+02 1.948624613481756285e+02
2.549276437847866532e+02 1.124920222634508349e+02 1.939810760667903651e+02
2.549510204081632594e+02 1.134824984539270218e+02 1.947440940012368458e+02
2.549563388991960551e+02 1.138126159554730918e+02 1.951172541743970328e+02
2.549497835497835467e+02 1.143241805813234322e+02 1.959479282622139635e+02
2.549469387755102048e+02 1.144275819418676576e+02 1.962802721088435476e+02
2.549586889301174892e+02 1.144383426097711833e+02 1.963367965367965269e+02
2.549548546691403885e+02 1.143380333951762537e+02 1.962707482993197345e+02
2.549445887445887422e+02 1.145278911564625872e+02 1.962732220160791599e+02
2.549419913419913541e+02 1.149162646876932570e+02 1.970304267161409939e+02
2.549539888682745925e+02 1.146181818181818244e+02 1.964507111935683383e+02
2.549516388373531299e+02 1.149659863945578167e+02 1.965863945578231267e+02
2.549464440321583254e+02 1.152648113790970967e+02 1.966797773654916455e+02
2.549549783549783513e+02 1.153777365491651210e+02 1.962918985776128693e+02
2.549599257884972303e+02 1.153158936301793460e+02 1.961875077303648709e+02
2.549623995052566556e+02 1.153678416821273913e+02 1.960411873840445196e+02
2.549682127396413023e+02 1.153431045145330813e+02 1.968075448361162785e+02
2.549544836116264719e+02 1.158238713667285111e+02 1.961111935683364322e+02
2.549630179344464977e+02 1.154843537414966050e+02 1.968111317254174537e+02
2.549778602350030781e+02 1.159405071119356876e+02 1.973450834879406273e+02
2.549678416821273856e+02 1.160144712430426779e+02 1.974931354359925706e+02
2.549793444650587446e+02 1.164478664192949964e+02 1.974546691403834302e+02
2.549887445887445949e+02 1.165637600494743396e+02 1.967003092145949381e+02
2.549735312306740980e+02 1.170192949907235658e+02 1.975789734075448223e+02
2.549730364873221902e+02 1.164359925788497208e+02 1.973887445887446006e+02
2.549807050092764484e+02 1.157685837971552303e+02 1.968841063698206426e+02
2.549335807050092626e+02 1.142111317254174452e+02 1.955068645640074294e+02
2.549437229437229462e+02 1.142879406307977774e+02 1.959563388991960551e+02
2.549646258503401270e+02 1.153777365491651210e+02 1.963814471243042590e+02
2.549527520098948798e+02 1.150593692022263497e+02 1.965170068027210846e+02
2.549500309214595006e+02 1.152889301175015504e+02 1.971053803339517572e+02
2.549614100185528685e+02 1.153507730364873254e+02 1.973525046382189316e+02
2.549670995670995808e+02 1.167558441558441586e+02 1.978150896722325172e+02
2.549675943104514602e+02 1.172232529375386463e+02 1.983736549165120664e+02
2.549689548546691356e+02 1.172680272108843553e+02 1.983877551020408134e+02
2.549828076685219571e+02 1.175200989486703804e+02 1.983693259121830579e+02
2.549818181818181699e+02 1.179121830550402024e+02 1.982630797773655047e+02
2.549774891774891898e+02 1.181816944959802100e+02 1.981764996907853913e+02
2.549891156462585116e+02 1.183920841063698219e+02 1.989417439703154002e+02
2.549856524427952991e+02 1.191512677798392019e+02 1.984390847247990166e+02
2.549811997526283278e+02 1.195134199134199093e+02 1.993880024737167673e+02
2.549741496598639401e+02 1.196567717996289417e+02 1.994931354359925706e+02
2.549730364873221902e+02 1.199212121212121218e+02 1.993888682745825633e+02
2.549645021645021643e+02 1.201189857761286390e+02 1.997504019789734002e+02
2.549674706246134690e+02 1.204494743351886257e+02 1.993205936920222712e+02
2.549713048855905981e+02 1.196829931972789183e+02 1.985677179962894172e+02
2.549740259740259773e+02 1.199358070500927624e+02 1.984185528756957240e+02
2.549620284477427390e+02 1.201641311069882505e+02 1.996374768089053759e+02
2.549799628942486152e+02 1.201790970933828078e+02 2.001935683364254714e+02
2.549861471861471784e+02 1.203325912183055095e+02 1.997876314162028564e+02
2.549722943722943853e+02 1.206729746444032116e+02 1.996421768707483011e+02
2.549756338899196066e+02 1.207986394557823076e+02 1.998446505875077435e+02
2.549854050711193452e+02 1.204106369820655544e+02 1.998027210884353622e+02
2.549766233766233654e+02 1.200784168212739615e+02 1.993784786641929543e+02
2.549799628942486152e+02 1.196803957946815160e+02 1.985249226963512683e+02
2.549692022263450895e+02 1.193273964131107050e+02 1.987466914038342622e+02
2.549924551638837329e+02 1.193862708719851611e+02 1.994703772418058065e+02
2.549860235003092157e+02 1.189612863327149057e+02 1.987982683982683909e+02
2.549835497835497904e+02 1.182390847247990138e+02 1.982346320346320283e+02
2.549763760049474399e+02 1.186374768089053759e+02 1.975828076685219514e+02
2.549788497217068652e+02 1.188380952380952351e+02 1.976931354359925876e+02
2.549790970933828191e+02 1.192009894867037758e+02 1.981757575757575864e+02
2.549788497217068652e+02 1.201386518243661072e+02 1.990963512677798519e+02
2.549505256648113800e+02 1.196379715522572695e+02 1.985423623995052651e+02
2.549769944341372820e+02 1.195269016697588143e+02 1.982974644403215905e+02
2.549701917130488482e+02 1.196583797155225710e+02 1.985646258503401498e+02
2.549795918367346985e+02 1.197668521954236240e+02 1.985939393939393938e+02
2.549855287569573363e+02 1.198264687693259134e+02 1.989089672232529438e+02
2.549641311069882477e+02 1.188853432282003695e+02 1.984868274582560161e+02
2.549837971552257159e+02 1.188628324056895451e+02 1.982367346938775370e+02
2.549792207792207819e+02 1.190994434137291336e+02 1.982990723562152198e+02
2.549816944959802072e+02 1.192504638218923958e+02 1.981176252319109494e+02
2.549705627705627649e+02 1.189715522572665378e+02 1.987276437847866362e+02
2.549551020408163140e+02 1.188293135435992554e+02 1.979763760049474399e+02
2.549706864564007560e+02 1.189661100803957936e+02 1.981877551020408248e+02
2.549818181818181699e+02 1.187358070500927596e+02 1.983204700061842800e+02
2.549594310451453225e+02 1.188350030921459535e+02 1.978180581323438503e+02
2.549623995052566556e+02 1.189270253555967827e+02 1.976996907854050676e+02
2.549579468150896844e+02 1.190918985776128665e+02 1.979925788497216956e+02
2.549479282622139635e+02 1.177153988868274581e+02 1.975724180581323424e+02
2.549419913419913541e+02 1.170763141620284529e+02 1.970387136672850943e+02
2.549673469387755063e+02 1.162931354359925820e+02 1.964941249226963578e+02
2.549576994434137305e+02 1.153751391465677187e+02 1.960881880024737143e+02
2.549630179344464977e+02 1.151934446505875087e+02 1.958379715522572724e+02
2.549403834260977249e+02 1.154113790970933877e+02 1.958873222016079296e+02
2.549533704390847220e+02 1.158693877551020393e+02 1.961393939393939263e+02
2.549703153988868394e+02 1.160055658627087212e+02 1.958634508348794157e+02
2.549557204700061845e+02 1.159119356833642485e+02 1.964534322820037175e+02
2.549572047000618511e+02 1.172404452690167034e+02 1.970087816944959798e+02
2.549776128633271526e+02 1.175528756957328369e+02 1.968562770562770652e+02
2.549788497217068652e+02 1.175210884353741534e+02 1.979071119356833606e+02
2.549631416202844889e+02 1.177053803339517657e+02 1.977684601113172675e+02
2.549651205936920348e+02 1.180455163883735281e+02 1.981474335188621012e+02
2.549602968460111185e+02 1.182578849721706860e+02 1.977257884972170814e+02
2.549579468150896844e+02 1.182364873222016115e+02 1.980691403834260882e+02
2.549710575139146442e+02 1.181727891156462533e+02 1.976807668521954326e+02
2.549673469387755063e+02 1.181758812615955492e+02 1.973418676561533687e+02
2.549586889301174892e+02 1.180942486085343290e+02 1.976807668521954326e+02
2.549632653061224516e+02 1.175598021026592477e+02 1.976343846629560801e+02
2.549788497217068652e+02 1.172372294372294306e+02 1.971370439084724921e+02
2.549553494124922679e+02 1.155839208410637013e+02 1.960954854669140275e+02
2.549523809523809632e+02 1.154821273964131052e+02 1.960810142238713638e+02
2.549642547928262104e+02 1.154914038342609786e+02 1.962086580086580057e+02
2.549491651205937046e+02 1.151690785405071153e+02 1.956069264069264193e+02
2.549574520717377766e+02 1.145760049474335176e+02 1.959233147804576447e+02
2.549401360544217710e+02 1.143840445269016755e+02 1.959311069882498373e+02
2.549502782931354261e+02 1.148215213358070486e+02 1.956602350030921400e+02
2.549507730364873339e+02 1.142852195423623982e+02 1.955487940630797823e+02
2.549382807668521878e+02 1.134237476808905427e+02 1.944901669758812659e+02
2.549382807668521878e+02 1.132373531230674075e+02 1.936479901051329762e+02
2.549301175015460785e+02 1.125282622139765039e+02 1.927771181199752561e+02
2.549224489795918487e+02 1.117529993815708167e+02 1.937374149659864031e+02
2.549353123067408831e+02 1.120092764378478734e+02 1.934622139764996973e+02
2.549316017316017451e+02 1.117696969696969660e+02 1.936479901051329762e+02
2.549406307977736503e+02 1.126430426716140971e+02 1.933308596165738891e+02
2.549397649969078543e+02 1.125815708101422388e+02 1.930918985776128523e+02
2.549554730983302306e+02 1.130713667285095880e+02 1.938572665429808239e+02
2.549369202226345124e+02 1.129809523809523739e+02 1.938794063079777459e+02
2.549458256029684549e+02 1.130789115646258551e+02 1.942484848484848499e+02
2.549538651824366013e+02 1.140220160791589308e+02 1.942336425479282696e+02
2.549616573902288224e+02 1.140900432900432833e+02 1.942380952380952408e+02
2.549621521335807017e+02 1.145774891774891842e+02 1.940615955473098211e+02
2.549633889919604144e+02 1.146165739022881951e+02 1.942016079158936179e+02
2.549666048237476730e+02 1.145048855905998693e+02 1.943664811379097159e+02
2.549630179344464977e+02 1.152242424242424192e+02 1.944890538033395160e+02
2.549573283858998138e+02 1.152585034013605423e+02 1.953052566481137831e+02
2.549605442176870724e+02 1.154530612244898009e+02 1.944984539270253663e+02
2.549619047619047478e+02 1.153339517625231849e+02 1.951757575757575864e+02
2.549620284477427390e+02 1.155452071737786071e+02 1.942534322820037005e+02
2.549612863327149057e+02 1.155214594928880700e+02 1.947212121212121190e+02
2.549600494743351931e+02 1.155320964749536188e+02 1.939332096474953744e+02
2.549559678416821384e+02 1.159172541743970299e+02 1.945991341991341983e+02
2.549662337662337563e+02 1.162738404452690162e+02 1.942932591218305447e+02
2.549678416821273856e+02 1.163753865182436584e+02 1.946415584415584306e+02
2.549714285714285609e+02 1.156799010513296224e+02 1.937370439084724865e+02
2.549714285714285609e+02 1.158437847866419332e+02 1.948112554112554164e+02
2.549459492888064176e+02 1.161599257884972189e+02 1.944978354978354957e+02
2.549623995052566556e+02 1.162666666666666657e+02 1.954463821892393298e+02
2.549489177489177507e+02 1.155945578231292501e+02 1.945586889301175120e+02
2.549572047000618511e+02 1.151097093382807657e+02 1.930555349412492205e+02
2.549684601113172562e+02 1.143893630179344427e+02 1.936293135435992667e+02
2.549544836116264719e+02 1.147011750154607341e+02 1.936254792826221376e+02
2.549558441558441473e+02 1.149788497217068652e+02 1.941546072974644517e+02
2.549705627705627649e+02 1.146876932591218292e+02 1.937886209029066151e+02
2.549670995670995808e+02 1.156100185528757009e+02 1.949854050711193452e+02
2.549470624613481675e+02 1.160568954854669101e+02 1.953292517006802598e+02
2.549463203463203342e+02 1.165924551638837414e+02 1.955751391465677216e+02
2.549581941867656099e+02 1.170353741496598587e+02 1.957516388373531129e+02
2.549622758194186645e+02 1.172789115646258438e+02 1.965615337043908539e+02
2.549824366110080405e+02 1.173793444650587503e+02 1.966994434137291421e+02
2.549633889919604144e+02 1.181068645640074237e+02 1.965891156462585059e+02
2.549661100803957936e+02 1.184651824366110020e+02 1.966524427952999474e+02
2.549663574520717475e+02 1.188184291898577669e+02 1.972656771799628928e+02
2.549625231910946184e+02 1.190128633271490344e+02 1.967062461348175759e+02
2.549602968460111185e+02 1.191160173160173201e+02 1.979432282003710668e+02
2.549741496598639401e+02 1.188510822510822464e+02 1.981659863945578195e+02
2.549724180581323481e+02 1.189583178726035868e+02 1.963393939393939434e+02
2.549732838589981441e+02 1.180659245516388438e+02 1.969684601113172562e+02
2.549652442795299976e+02 1.184722325293753897e+02 1.972749536178107519e+02
2.549735312306740980e+02 1.197090909090909037e+02 1.978003710575139280e+02
2.549834260977117992e+02 1.211581941867656127e+02 1.988320346320346346e+02
2.549690785405070983e+02 1.219993815708101437e+02 1.991004329004329065e+02
2.549715522572665520e+02 1.216117501546072930e+02 1.987564625850340008e+02
2.549758812615955605e+02 1.211047619047619008e+02 1.985325912183054982e+02
2.549604205318491097e+02 1.195513914656771846e+02 1.982801484230055564e+02
2.549583178726036010e+02 1.194578849721706888e+02 1.980008658008657960e+02
2.549823129251700777e+02 1.188609771181199761e+02 1.979445887445887422e+02
2.549654916512059231e+02 1.187862708719851526e+02 1.974701298701298811e+02
2.549646258503401270e+02 1.186247371675943043e+02 1.968121212121212125e+02
2.549696969696969688e+02 1.184808905380333925e+02 1.975445887445887365e+02
2.549705627705627649e+02 1.183230674087816965e+02 1.969643784786642016e+02
2.549776128633271526e+02 1.177136672850958519e+02 1.967690785405071097e+02
2.549756338899196066e+02 1.190968460111317313e+02 1.976873222016079126e+02
2.549693259121830522e+02 1.195808286951144055e+02 1.981846629560915289e+02
2.549764996907854027e+02 1.199492888064316674e+02 1.981584415584415524e+02
2.549693259121830522e+02 1.198633271490414387e+02 1.982993197278911452e+02
2.549816944959802072e+02 1.195172541743970385e+02 1.985776128633271469e+02
2.549857761286332618e+02 1.193481756338899231e+02 1.982185528756957353e+02
2.549666048237476730e+02 1.190364873222016087e+02 1.981453308596165641e+02
2.549750154607297361e+02 1.192029684601113217e+02 1.986047000618429195e+02
2.549735312306740980e+02 1.193198515769944379e+02 1.979106988249845358e+02
2.549790970933828191e+02 1.193491651205936961e+02 1.982891774891774901e+02
2.549833024118738365e+02 1.197317254174397050e+02 1.984738404452690190e+02
2.549714285714285609e+02 1.197563388991960380e+02 1.987847866419294860e+02
2.549725417439703108e+02 1.194477427334570194e+02 1.976335188620902841e+02
2.549696969696969688e+02 1.194564007421150222e+02 1.976871985157699498e+02
2.549769944341372820e+02 1.192079158936301724e+02 1.975285095856524435e+02
2.549646258503401270e+02 1.178912801484230073e+02 1.969956709956709915e+02
2.549606679035250352e+02 1.182549165120593671e+02 1.975886209029066265e+02
2.549688311688311728e+02 1.183722943722943768e+02 1.978055658627087325e+02
2.549666048237476730e+02 1.183069882498453893e+02 1.975889919604205431e+02
2.549854050711193452e+02 1.183319727891156532e+02 1.972894248608534440e+02
2.549741496598639401e+02 1.178331478045763703e+02 1.971431045145330927e+02
2.549536178107606759e+02 1.170716141001855277e+02 1.959041434755720559e+02
2.549619047619047478e+02 1.168264687693259134e+02 1.963580705009276528e+02
2.549523809523809632e+02 1.164446505875077236e+02 1.957022881880024840e+02
2.549598021026592392e+02 1.165997526283240546e+02 1.959721706864563942e+02
2.549479282622139635e+02 1.177528756957328397e+02 1.968697588126159417e+02
2.549439703153989001e+02 1.178270871985157697e+02 1.965356833642547940e+02
2.549647495361781182e+02 1.177789734075448393e+02 1.970747062461348094e+02
2.549649969078540437e+02 1.174482374768088988e+02 1.972942486085343319e+02
2.549461966604823715e+02 1.169012987012986997e+02 1.967950525664811323e+02
2.549541125541125552e+02 1.171255411255411190e+02 1.971842918985776123e+02
2.549622758194186645e+02 1.173736549165120664e+02 1.973324675324675184e+02
2.549510204081632594e+02 1.172077922077922096e+02 1.975402597402597280e+02
2.549674706246134690e+02 1.173355596784168142e+02 1.972124922696351348e+02
2.549621521335807017e+02 1.170482374768089073e+02 1.973005565862708579e+02
2.549534941249226847e+02 1.171886209029066208e+02 1.974002473716759312e+02
2.549594310451453225e+02 1.172776747062461311e+02 1.975866419294990806e+02
2.549680890538033395e+02 1.177573283858998110e+02 1.980369820655535023e+02
2.549721706864563942e+02 1.180843537414965994e+02 1.983205936920222712e+02
2.549758812615955605e+02 1.181710575139146613e+02 1.983931972789115719e+02
2.549672232529375435e+02 1.186683982683982634e+02 1.981631416202844775e+02
2.549656153370439142e+02 1.188267161410018531e+02 1.979040197897340647e+02
2.549675943104514602e+02 1.188891774891774844e+02 1.975435992578849778e+02
2.549663574520717475e+02 1.186212739641311060e+02 1.975407544836116358e+02
2.549771181199752732e+02 1.183037724180581307e+02 1.972786641929499183e+02
2.549816944959802072e+02 1.178937538651824326e+02 1.975622758194186872e+02
2.549736549165120607e+02 1.182023500309214654e+02 1.972822510822510935e+02
2.549699443413729227e+02 1.182495980210265856e+02 1.972227581941867527e+02
2.549637600494743310e+02 1.178038342609771121e+02 1.967657390228818883e+02
2.549390228818800210e+02 1.159490414347557135e+02 1.965287569573283974e+02
2.549392702535559749e+02 1.156426716141001805e+02 1.946410636982065512e+02
2.549572047000618511e+02 1.167508967223252938e+02 1.952158317872603561e+02
2.549466914038342509e+02 1.168900432900432946e+02 1.957580705009276301e+02
2.549516388373531299e+02 1.171223252937538604e+02 1.958432900432900396e+02
2.549551020408163140e+02 1.171103277674706220e+02 1.956730983302411744e+02
2.549600494743351931e+02 1.172604823747680882e+02 1.958941249226963635e+02
2.549429808286951129e+02 1.173036487322201538e+02 1.963395176252319061e+02
2.549625231910946184e+02 1.171444650587507681e+02 1.961220779220779207e+02
2.549589363017934431e+02 1.172106369820655516e+02 1.967217068645639984e+02
2.549579468150896844e+02 1.170849721706864557e+02 1.962705009276437806e+02
2.549709338280766815e+02 1.174556586270872032e+02 1.971158936301793574e+02
2.549687074829932101e+02 1.177312306740878114e+02 1.966225108225108329e+02
2.549747680890538106e+02 1.190358688930117523e+02 1.969459492888064176e+02
2.549674706246134690e+02 1.182822510822510793e+02 1.959622758194186645e+02
2.549551020408163140e+02 1.183094619666048288e+02 1.970184291898577555e+02
2.549568336425479345e+02 1.187933209647495403e+02 1.969099567099567025e+02
2.549628942486085350e+02 1.187403834260977078e+02 1.970552875695732951e+02
2.549708101422387188e+02 1.192012368583797155e+02 1.968723562152133582e+02
2.549868893011750117e+02 1.194651824366110020e+02 1.971502782931354432e+02
2.549773654916511987e+02 1.198891774891774844e+02 1.961990105132962299e+02
2.549774891774891898e+02 1.198201607915893590e+02 1.966857142857142833e+02
2.549763760049474399e+02 1.199949288806431724e+02 1.973580705009276528e+02
2.549563388991960551e+02 1.201933209647495318e+02 1.969799628942486152e+02
2.549632653061224516e+02 1.205068645640074152e+02 1.965964131106988191e+02
2.549647495361781182e+02 1.208776747062461396e+02 1.972805194805194731e+02
2.549783549783549859e+02 1.191940630797773650e+02 1.963836734693877588e+02
2.549682127396413023e+02 1.188025974025973994e+02 1.960837353123067430e+02
2.549637600494743310e+02 1.187318491032776677e+02 1.963355596784168142e+02
2.549658627087198397e+02 1.192629560915275135e+02 1.969933209647495289e+02
2.549557204700061845e+02 1.187632653061224488e+02 1.964503401360544217e+02
2.549704390847248021e+02 1.195551020408163225e+02 1.971569573283858858e+02
2.549606679035250352e+02 1.198126159554730918e+02 1.968024737167594367e+02
2.549745207173778567e+02 1.203792207792207734e+02 1.980131106988249883e+02
2.549730364873221902e+02 1.206278293135436002e+02 1.979946815089672327e+02
2.549833024118738365e+02 1.214343846629560915e+02 1.987872603586889397e+02
2.549585652442795265e+02 1.221134199134199179e+02 1.989354359925788458e+02
2.549682127396413023e+02 1.217980210265924512e+02 1.989870129870129745e+02
2.549846629560915403e+02 1.226987012987012946e+02 1.997286332714904233e+02
2.549837971552257159e+02 1.225359307359307337e+02 1.998470006184291776e+02
2.549912183055040202e+02 1.227805813234384686e+02 1.997626468769325925e+02
2.549898577612863448e+02 1.230508348794063096e+02 1.997388991960420412e+02
2.549802102659245406e+02 1.232521954236240020e+02 1.996105132962275945e+02
2.549729128014842274e+02 1.237422387136672910e+02 1.998275819418676633e+02
2.549807050092764484e+02 1.237298701298701360e+02 1.996794063079777288e+02
2.549850340136054285e+02 1.241570810142238770e+02 2.000770562770562719e+02
2.549872603586889284e+02 1.243084724799010559e+02 1.996964749536178090e+02
2.549797155225726613e+02 1.245382807668521963e+02 2.002259740259740397e+02
2.549805813234384573e+02 1.247520098948670437e+02 2.009541125541125552e+02
2.549741496598639401e+02 1.254124922696351234e+02 2.011776128633271412e+02
2.549847866419295030e+02 1.253580705009276386e+02 2.003614100185528741e+02
2.549800865800865779e+02 1.239396413110698774e+02 2.000498453927025366e+02
2.549628942486085350e+02 1.239176252319109466e+02 1.993985157699443391e+02
2.549720470006184314e+02 1.235802102659245492e+02 1.999043908472479814e+02
2.549750154607297361e+02 1.238283240568954824e+02 2.001106988249845529e+02
2.549771181199752732e+02 1.234201607915893675e+02 1.987858998144712359e+02
2.549831787260358738e+02 1.247047619047619094e+02 1.999538651824366013e+02
2.549898577612863448e+02 1.247905998763141611e+02 2.002508348794063124e+02
2.549792207792207819e+02 1.247108225108225099e+02 1.999810760667903651e+02
2.549768707482993193e+02 1.249026592455163893e+02 2.003047619047619037e+02
2.549656153370439142e+02 1.251794681508967244e+02 2.014419294990723586e+02
2.549824366110080405e+02 1.250958565244279583e+02 2.005948051948051898e+02
2.549790970933828191e+02 1.251716759431045176e+02 1.999517625231910927e+02
2.549808286951144112e+02 1.253037724180581307e+02 2.011341991341991218e+02
2.549799628942486152e+02 1.254555349412492262e+02 2.010280766852195313e+02
2.549836734693877531e+02 1.254575139146567722e+02 2.011993815708101465e+02
2.549820655534941238e+02 1.255040197897340732e+02 2.014264687693259077e+02
2.549752628324056900e+02 1.257815708101422416e+02 2.013290043290043343e+02
2.549717996289424775e+02 1.256204081632653100e+02 2.012013605442176924e+02
2.549792207792207819e+02 1.257774891774891728e+02 2.012492269635126831e+02
2.549646258503401270e+02 1.258144712430426750e+02 2.013912183055040259e+02
2.549666048237476730e+02 1.258285714285714221e+02 2.013052566481137831e+02
2.549734075448361068e+02 1.257835497835497875e+02 2.013511440940012278e+02
2.549850340136054285e+02 1.257640074211502821e+02 2.009820655534941238e+02
2.549692022263450895e+02 1.256322820037105714e+02 2.010030921459492959e+02
2.549774891774891898e+02 1.250218923933209680e+02 2.003163883735312254e+02
2.549877551020408077e+02 1.241324675324675297e+02 1.999948051948051955e+02
2.549828076685219571e+02 1.242524427952999417e+02 2.003009276437847745e+02
2.549730364873221902e+02 1.241534941249227018e+02 1.998742115027829414e+02
2.549617810760667851e+02 1.240885590599876309e+02 1.998985776128633347e+02
2.549611626468769430e+02 1.236547928262213958e+02 1.991898577612863335e+02
2.549716759431045148e+02 1.234815089672232489e+02 2.000479901051329534e+02
2.549632653061224516e+02 1.238743351886209041e+02 2.004534322820037175e+02
2.549645021645021643e+02 1.237480519480519519e+02 1.999576994434137305e+02
2.549727891156462647e+02 1.250136054421768677e+02 2.009521335807050093e+02
2.549695732838590061e+02 1.250174397031539826e+02 2.012594928880643295e+02
2.549772418058132359e+02 1.246018552875695775e+02 2.009380333951762623e+02
2.549764996907854027e+02 1.252326530612244966e+02 2.009653679653679603e+02
2.549811997526283278e+02 1.254029684601113104e+02 2.017276437847866362e+02
2.549768707482993193e+02 1.255339517625231878e+02 2.004911564625850247e+02
2.549774891774891898e+02 1.256269635126778041e+02 2.007700680272108968e+02
2.549752628324056900e+02 1.257084724799010473e+02 2.010462585034013614e+02
2.549710575139146442e+02 1.256540507111935625e+02 2.011443413729128054e+02
2.549784786641929486e+02 1.256979591836734755e+02 2.011854050711193622e+02
2.549735312306740980e+02 1.245941867656153335e+02 2.004098948670377354e+02
2.549778602350030781e+02 1.246791589363017891e+02 2.004056895485466896e+02
2.549589363017934431e+02 1.246284477427334565e+02 2.003722943722943626e+02
2.549531230674087681e+02 1.249034013605442226e+02 2.001369202226345010e+02
2.549580705009276471e+02 1.253776128633271441e+02 2.002371057513914536e+02
2.549722943722943853e+02 1.251490414347557163e+02 2.000977118119975273e+02
2.549709338280766815e+02 1.247969078540507155e+02 2.000223871366728474e+02
2.549694495980210149e+02 1.242954854669140445e+02 2.001222016079158834e+02
2.549722943722943853e+02 1.235504019789734116e+02 1.990676561533704501e+02
2.549752628324056900e+02 1.230786641929499012e+02 1.992233766233766232e+02
2.549835497835497904e+02 1.232754483611626455e+02 1.990277056277056147e+02
2.549771181199752732e+02 1.232946196660482343e+02 1.993393939393939434e+02
2.549721706864563942e+02 1.228541743970315423e+02 1.985737786023500178e+02
2.549724180581323481e+02 1.229390228818800210e+02 1.988448979591836689e+02
2.549719233147804687e+02 1.242373531230674075e+02 1.998737167594310336e+02
2.549809523809523739e+02 1.240576376004947434e+02 1.991632653061224403e+02
2.549734075448361068e+02 1.242248608534322756e+02 1.996615955473098438e+02
2.549773654916511987e+02 1.245839208410637013e+02 1.995776128633271469e+02
2.549731601731601813e+02 1.240991960420531797e+02 1.994028447742733476e+02
2.549721706864563942e+02 1.243532467532467507e+02 1.999079777365491566e+02
2.549757575757575694e+02 1.249434755720470065e+02 1.989861471861471784e+02
2.549784786641929486e+02 1.247079777365491680e+02 1.995620284477427333e+02
2.549706864564007560e+02 1.252430426716141056e+02 2.001356833642547883e+02
2.549764996907854027e+02 1.254049474335188563e+02 1.999955473098330287e+02
2.549830550401979110e+02 1.252194186765615314e+02 1.997319727891156447e+02
2.549797155225726613e+02 1.256821273964131080e+02 2.008912801484229931e+02
2.549813234384662906e+02 1.254759431045145277e+02 2.001683364254792821e+02
2.549605442176870724e+02 1.256171923314780514e+02 2.001627705627705609e+02
2.549716759431045148e+02 1.260865800865800850e+02 2.005476808905380324e+02
2.549877551020408077e+02 1.258709956709956685e+02 2.004481137909709219e+02
2.549883735312306783e+02 1.248649350649350680e+02 1.998044526901669826e+02
2.549823129251700777e+02 1.252813852813852833e+02 2.002410636982065455e+02
2.549774891774891898e+02 1.254071737786023562e+02 1.999888682745825577e+02
2.549758812615955605e+02 1.255156462585033950e+02 2.003325912183055095e+02
2.549752628324056900e+02 1.246070500927643820e+02 1.995478045763759951e+02
2.549887445887445949e+02 1.242849721706864585e+02 1.994933828076685245e+02
2.549833024118738365e+02 1.238722325293753812e+02 1.981701917130488653e+02
2.549802102659245406e+02 1.240806431663574472e+02 1.978796536796536714e+02
2.549658627087198397e+02 1.239698206555349458e+02 1.988283240568954966e+02
2.549753865182436527e+02 1.240885590599876309e+02 1.993215831787260299e+02
2.549774891774891898e+02 1.253642547928262161e+02 2.000735930735930594e+02
2.549732838589981441e+02 1.257225726654298086e+02 1.999795918367346985e+02
2.549703153988868394e+02 1.259935683364254828e+02 2.001762523191094658e+02
2.549767470624613566e+02 1.265199752628324035e+02 2.004493506493506629e+02
2.549763760049474399e+02 1.268051948051948017e+02 2.008520717377860194e+02
2.549619047619047478e+02 1.269353123067408831e+02 2.007960420531849195e+02
2.549614100185528685e+02 1.270664192949907232e+02 2.011353123067408717e+02
2.549679653679653768e+02 1.275083487940630818e+02 2.007656153370438972e+02
2.549581941867656099e+02 1.277677179962894201e+02 2.008068027210884452e+02
2.549809523809523739e+02 1.281734075448361239e+02 2.009930735930736034e+02
2.549630179344464977e+02 1.284983302411873751e+02 2.017970315398886783e+02
2.549647495361781182e+02 1.286437847866419304e+02 2.018943722943722889e+02
2.549716759431045148e+02 1.285825602968459975e+02 2.022658008658008555e+02
2.549674706246134690e+02 1.286411873840445139e+02 2.019747680890538106e+02
2.549652442795299976e+02 1.289996289424860834e+02 2.018885590599876423e+02
2.549730364873221902e+02 1.289257884972170700e+02 2.017717996289424889e+02
2.549715522572665520e+02 1.288803957946815046e+02 2.016111317254174367e+02
2.549657390228818770e+02 1.291948051948051841e+02 2.021228200371057540e+02
2.549490414347557135e+02 1.282885590599876195e+02 2.017006802721088548e+02
2.549675943104514602e+02 1.285254174397031477e+02 2.021521335807049979e+02
2.549701917130488482e+02 1.285129251700680300e+02 2.023706864564007333e+02
2.549652442795299976e+02 1.286520717377860308e+02 2.013437229437229519e+02
2.549361781076066791e+02 1.281247990105132999e+02 2.005904761904761813e+02
2.549557204700061845e+02 1.277951762523191093e+02 2.006747062461348037e+02
2.549675943104514602e+02 1.279356833642547997e+02 2.010259740259740227e+02
2.549699443413729227e+02 1.278918985776128636e+02 2.013147804576375961e+02
2.549694495980210149e+02 1.278160791589363043e+02 2.013790970933827964e+02
2.549653679653679603e+02 1.279672232529375435e+02 2.018230055658627009e+02
2.549740259740259773e+02 1.293777365491651210e+02 2.018498453927025480e+02
2.549789734075448280e+02 1.297055040197897426e+02 2.020876932591218349e+02
2.549710575139146442e+02 1.301334570191713169e+02 2.024226345083488070e+02
2.549696969696969688e+02 1.300936301793444727e+02 2.027236858379715443e+02
2.549813234384662906e+02 1.297311069882498487e+02 2.025417439703153946e+02
2.549813234384662906e+02 1.301224489795918373e+02 2.029020408163265188e+02
2.549781076066790320e+02 1.299066171923314812e+02 2.025333333333333314e+02
2.549722943722943853e+02 1.300680272108843667e+02 2.031725417439703278e+02
2.549719233147804687e+02 1.302434137291280081e+02 2.034226345083488070e+02
2.549730364873221902e+02 1.305089672232529381e+02 2.031532467532467479e+02
2.549685837971552189e+02 1.306463821892393184e+02 2.038421768707482897e+02
2.549470624613481675e+02 1.309230674087816908e+02 2.030371057513914650e+02
2.549662337662337563e+02 1.304641929499072432e+02 2.033495361781075985e+02
2.549674706246134690e+02 1.304846011131725447e+02 2.035777365491651096e+02
2.549664811379097102e+02 1.307798392084106354e+02 2.041944341372912675e+02
2.549544836116264719e+02 1.307395176252319118e+02 2.035017934446505876e+02
2.549630179344464977e+02 1.306091527520098907e+02 2.028613481756338786e+02
2.549643784786642016e+02 1.301313543599257798e+02 2.030927643784786767e+02
2.549662337662337563e+02 1.280765615337043926e+02 2.025311069882498316e+02
2.549768707482993193e+02 1.275557204700061789e+02 2.026841063698206540e+02
2.549704390847248021e+02 1.269461966604823715e+02 2.019543599257885091e+02
2.549704390847248021e+02 1.270216450216450284e+02 2.012343846629561028e+02
2.549670995670995808e+02 1.269508967223252967e+02 2.009630179344464977e+02
2.549716759431045148e+02 1.270451453308596115e+02 2.013250463821892424e+02
2.549747680890538106e+02 1.265465677179962825e+02 2.012995670995670991e+02
2.549689548546691356e+02 1.257649969078540551e+02 2.005990105132962356e+02
2.549654916512059231e+02 1.253424860853432250e+02 2.013637600494743367e+02
2.549729128014842274e+02 1.267908472479901008e+02 2.013447124304267106e+02
2.549819418676561611e+02 1.268849721706864528e+02 2.017167594310451477e+02
2.549762523191094488e+02 1.269059987631416249e+02 2.015584415584415581e+02
2.549752628324056900e+02 1.265189857761286305e+02 2.014849721706864614e+02
2.549789734075448280e+02 1.268248608534322841e+02 2.012484848484848499e+02
2.549669758812615896e+02 1.269898577612863306e+02 2.017184910327767398e+02
2.549693259121830522e+02 1.270329004329004334e+02 2.011862708719851582e+02
2.549762523191094488e+02 1.268006184291898535e+02 2.015429808286951072e+02
2.549643784786642016e+02 1.270837353123067430e+02 2.017563388991960380e+02
2.549616573902288224e+02 1.271690785405071153e+02 2.016659245516388239e+02
2.549860235003092157e+02 1.271407544836116301e+02 2.014160791589362987e+02
2.549725417439703108e+02 1.275275200989486706e+02 2.016961038961038923e+02
2.549783549783549859e+02 1.270564007421150308e+02 2.014466295609152837e+02
2.549628942486085350e+02 1.274049474335188563e+02 2.020712430426716253e+02
2.549659863945578309e+02 1.274419294990723586e+02 2.027128014842300558e+02
2.549627705627705723e+02 1.276379715522572695e+02 2.027090909090909179e+02
2.549578231292516932e+02 1.263360544217687078e+02 2.019826839826839944e+02
2.549581941867656099e+02 1.264894248608534326e+02 2.026363636363636260e+02
2.549485466914038341e+02 1.266352504638218903e+02 2.030347557204700024e+02
2.549607915893630263e+02 1.259541125541125552e+02 2.018488559059987608e+02
2.549598021026592392e+02 1.254648113790970996e+02 2.016247371675943043e+02
2.549674706246134690e+02 1.251212121212121247e+02 2.011788497217068539e+02
2.549657390228818770e+02 1.250695114409400190e+02 2.012927643784786653e+02
2.549788497217068652e+02 1.252058132343846637e+02 2.012273345701917151e+02
2.549670995670995808e+02 1.248873222016079154e+02 2.012847247990105188e+02
2.549661100803957936e+02 1.259884972170686410e+02 2.015923314780457645e+02
2.549729128014842274e+02 1.261419913419913428e+02 2.022035868893011639e+02
2.549641311069882477e+02 1.261642547928262275e+02 2.023071119356833663e+02
2.549764996907854027e+02 1.263431045145330813e+02 2.025156462585034092e+02
2.549692022263450895e+02 1.266743351886209012e+02 2.019609152752009891e+02
2.549696969696969688e+02 1.265851576994434140e+02 2.022357452071737782e+02
2.549640074211502849e+02 1.266782931354359931e+02 2.026895485466914124e+02
2.549756338899196066e+02 1.269581941867656099e+02 2.030191713048855888e+02
2.549703153988868394e+02 1.271458256029684577e+02 2.034445269016697466e+02
2.549641311069882477e+02 1.273807050092764399e+02 2.032641929499072262e+02
2.549734075448361068e+02 1.276032158317872671e+02 2.035680890538033339e+02
2.549695732838590061e+02 1.275756338899196010e+02 2.028693877551020535e+02
2.549648732220160809e+02 1.276881880024737228e+02 2.031255411255411332e+02
2.549716759431045148e+02 1.278263450834879364e+02 2.030604823747680996e+02
2.549763760049474399e+02 1.276597402597402606e+02 2.024027210884353849e+02
2.549637600494743310e+02 1.277924551638837301e+02 2.026090290661719280e+02
2.549610389610389518e+02 1.280300556586270773e+02 2.032932591218305447e+02
2.549669758812615896e+02 1.282858379715522688e+02 2.034169449598020947e+02
2.549626468769325811e+02 1.283431045145330813e+02 2.040321583178726144e+02
2.549696969696969688e+02 1.286745825602968409e+02 2.040300556586270773e+02
2.549689548546691356e+02 1.275670995670995609e+02 2.030089053803339425e+02
2.549633889919604144e+02 1.271366728509585613e+02 2.031423623995052594e+02
2.549774891774891898e+02 1.266608534322820105e+02 2.019767470624613566e+02
2.549819418676561611e+02 1.265670995670995609e+02 2.023804576376005002e+02
2.549757575757575694e+02 1.266896722325293752e+02 2.019612863327149057e+02
2.549746444032158195e+02 1.271010513296227629e+02 2.020794063079777345e+02
2.549538651824366013e+02 1.273722943722943768e+02 2.030481137909709446e+02
2.549593073593073598e+02 1.286382189239332092e+02 2.040896722325293808e+02
2.549692022263450895e+02 1.286481137909709389e+02 2.030500927643784905e+02
2.549773654916511987e+02 1.287277674706246273e+02 2.034426716141001918e+02
2.549680890538033395e+02 1.292089053803339596e+02 2.039604205318491097e+02
2.549746444032158195e+02 1.292244897959183731e+02 2.046648113790971024e+02
2.549761286332714860e+02 1.293784786641929543e+02 2.049418676561533630e+02
2.549704390847248021e+02 1.297319727891156447e+02 2.046932591218305504e+02
2.549663574520717475e+02 1.298458874458874561e+02 2.052573902288187924e+02
2.549647495361781182e+02 1.304473716759431170e+02 2.055763760049474342e+02
2.549622758194186645e+02 1.304755720470006111e+02 2.053414965986394520e+02
2.549633889919604144e+02 1.310441558441558527e+02 2.061392702535559636e+02
2.549651205936920348e+02 1.311798392084106410e+02 2.056333951762523213e+02
2.549678416821273856e+02 1.317010513296227714e+02 2.060695114409400048e+02
2.549668521954236269e+02 1.315327149041434893e+02 2.068372294372294391e+02
2.549635126777984055e+02 1.320158317872603675e+02 2.062916512059369154e+02
2.549476808905380381e+02 1.319421150278293169e+02 2.062410636982065455e+02
2.549547309833024258e+02 1.309486703772417968e+02 2.059170068027210903e+02
2.549576994434137305e+02 1.315783549783549802e+02 2.059651205936920348e+02
2.549525046382189259e+02 1.317631416202844719e+02 2.065938157081014310e+02
2.549353123067408831e+02 1.324465058750772926e+02 2.069194805194805156e+02
2.549516388373531299e+02 1.329689548546691356e+02 2.065693259121830465e+02
2.549698206555349316e+02 1.329287569573283747e+02 2.061955473098330174e+02
2.549627705627705723e+02 1.321741496598639571e+02 2.065941867656153477e+02
2.549795918367346985e+02 1.318474953617810854e+02 2.063111935683364209e+02
2.549694495980210149e+02 1.320712430426716253e+02 2.065768707482993136e+02
2.549716759431045148e+02 1.321278911564625957e+02 2.058692640692640623e+02
2.549739022881880146e+02 1.324253555967841578e+02 2.060649350649350708e+02
2.549719233147804687e+02 1.338706246134817661e+02 2.073250463821892424e+02
