2.447902772197669776e+02 3.237758135797508885e+01 1.372246685415829575e+02
2.441270389714744908e+02 3.217846524708718192e+01 1.367071112896745717e+02
2.436036962635596694e+02 3.021791884290879793e+01 1.354578545600642769e+02
2.435316994777018920e+02 3.250510245078344695e+01 1.369428686219365261e+02
2.434556850140618849e+02 3.274222579349136453e+01 1.365396544797107197e+02
2.434695058256327798e+02 3.286556850140618735e+01 1.364030534351145150e+02
2.436803535556448423e+02 3.239887505022097258e+01 1.363895540377661746e+02
2.437176376054640343e+02 3.275612695861791934e+01 1.362583366813981627e+02
2.435895540377661632e+02 3.249441542788268578e+01 1.357033346725592651e+02
2.434275612695861923e+02 3.224114102049015429e+01 1.357844917637605420e+02
2.434036159100040209e+02 3.215861791884290710e+01 1.359431096826034491e+02
2.434795500200883964e+02 3.210341502611490228e+01 1.358019284853354804e+02
2.434228204098031370e+02 3.241004419445560814e+01 1.358664523905182762e+02
2.433778224186420118e+02 3.200859783045400064e+01 1.351648854961832171e+02
2.432952993169947717e+02 3.169240658899156315e+01 1.346462032944957912e+02
2.434651667336279672e+02 3.206323824829248537e+01 1.355139413419043706e+02
2.434596223382884830e+02 3.177967055042185507e+01 1.355665729208517405e+02
2.434166331860184869e+02 3.197605464041783918e+01 1.354061068702289958e+02
2.435456006428284468e+02 3.214704700683005001e+01 1.355018883085576533e+02
2.436183206106870216e+02 3.206380072318199836e+01 1.347677782241864293e+02
2.437945359582161586e+02 3.247006830052229986e+01 1.356590598633989657e+02
2.439081558858979406e+02 3.281100843712334125e+01 1.364089192446765821e+02
2.439685014061872153e+02 3.265126556850140815e+01 1.361132985134592275e+02
2.440571313780634739e+02 3.305946163117717873e+01 1.362502209722780151e+02
2.439240658899156244e+02 3.274407392527119498e+01 1.360065086380072330e+02
2.438634793089594268e+02 3.259550020088389033e+01 1.356231418240257085e+02
2.437635998392928798e+02 3.257991161108878941e+01 1.350885496183205987e+02
2.439650462032944915e+02 3.264355162715950343e+01 1.354699879469666541e+02
2.438140618722378576e+02 3.262249899558055688e+01 1.355738047408597708e+02
2.438298111691442216e+02 3.279662515066291917e+01 1.357650462032945029e+02
2.439776617115307431e+02 3.317999196464443656e+01 1.359868220168742425e+02
2.438492567296102891e+02 3.281486540779429362e+01 1.359080755323423091e+02
2.437212535154680495e+02 3.250887906789875359e+01 1.358077139413419161e+02
2.437235034150261015e+02 3.249955805544395560e+01 1.354509441542788295e+02
2.436081157091201419e+02 3.256392125351546696e+01 1.360713539574126116e+02
2.435386902370429993e+02 3.247882683808758486e+01 1.354743270389714667e+02
2.434730413820811634e+02 3.197460827641623027e+01 1.346770590598634101e+02
2.436376858175974291e+02 3.193539574126155145e+01 1.353833668139815245e+02
2.434401767778224155e+02 3.219935717155484411e+01 1.352246685415829575e+02
2.435840899959823105e+02 3.251988750502209768e+01 1.357712334270791530e+02
2.437260747288067364e+02 3.258392928887103324e+01 1.357077541181197375e+02
2.436586580956207229e+02 3.254286862193652041e+01 1.360849337083165835e+02
2.437369224588188104e+02 3.236376054640417976e+01 1.361698674166331955e+02
2.440217758135797510e+02 3.260000000000000142e+01 1.364706307754118200e+02
2.437975893933306679e+02 3.266291683406991098e+01 1.359990357573322513e+02
2.439556448372840407e+02 3.268196062675773561e+01 1.366122940940136630e+02
2.440364001607071032e+02 3.315323423061470720e+01 1.364016874246685518e+02
2.440976295701084666e+02 3.333772599437524775e+01 1.365874648453194027e+02
2.441132181599035675e+02 3.320216954600240911e+01 1.368149457613499465e+02
2.440824427480916086e+02 3.314664523905182847e+01 1.368832462836480488e+02
2.440366412213740546e+02 3.308372840498191891e+01 1.363307352350341546e+02
2.441208517476898407e+02 3.328726396143029120e+01 1.365122539172358245e+02
2.442150261149055837e+02 3.347480916030534104e+01 1.367851345922057078e+02
2.443142627561269649e+02 3.373555644837284007e+01 1.371889915628766516e+02
2.444953796705504203e+02 3.413186018481317774e+01 1.376441944556046622e+02
2.444759341100843812e+02 3.358762555243069414e+01 1.372973885094415323e+02
2.444237846524708857e+02 3.334415427882683503e+01 1.374939333065488256e+02
2.442702290076335885e+02 3.357010847730011704e+01 1.376503013258336807e+02
2.441995178786661427e+02 3.379766974688629944e+01 1.373604660506227333e+02
2.442164724789071784e+02 3.366147047006830206e+01 1.373784652470871777e+02
2.443285656890317341e+02 3.385536359983929344e+01 1.375055845721173284e+02
2.442467657693852914e+02 3.363865006026516369e+01 1.370643631980715043e+02
2.441513057452792168e+02 3.312768179991964956e+01 1.371937324226597070e+02
2.441700281237444869e+02 3.327103254319003867e+01 1.372936118923262256e+02
2.441014061872237733e+02 3.331329851345922322e+01 1.370677380474085965e+02
2.440942547207714028e+02 3.336938529529931685e+01 1.370413820811570815e+02
2.441769385295299344e+02 3.337026918441141277e+01 1.371060666934511971e+02
2.442406588991563012e+02 3.335130574527922676e+01 1.373881880273202114e+02
2.442709521896343858e+02 3.360658899156288015e+01 1.380437926878264250e+02
2.441771795901968574e+02 3.342458818802732168e+01 1.376817195660908055e+02
2.440446765769385422e+02 3.319710727199678502e+01 1.374331056649256766e+02
2.440093210124547909e+02 3.309811169144234810e+01 1.372771394134190359e+02
2.439300120530333515e+02 3.296609079951787891e+01 1.370674969867416735e+02
2.437421454399357117e+02 3.272840498192044834e+01 1.370073121735636903e+02
2.436265970269184322e+02 3.248228204098031568e+01 1.363479308959421417e+02
2.436359983929288830e+02 3.222145439935717093e+01 1.359908396946565006e+02
2.435687424668541610e+02 3.210180795500200901e+01 1.367585375652872699e+02
2.437476898352752244e+02 3.224596223382884830e+01 1.368487746082764147e+02
2.436403374849336956e+02 3.224290879871434612e+01 1.369052631578947228e+02
2.437001205303334643e+02 3.237276014463640195e+01 1.365905182804339120e+02
2.436856568903174036e+02 3.226934511852149257e+01 1.365582161510646984e+02
2.435852952993169822e+02 3.236536761751707303e+01 1.367313780634792977e+02
2.436306147047006903e+02 3.263865006026516369e+01 1.364817195660907885e+02
2.437444756930494236e+02 3.274961832061068634e+01 1.374623543591803809e+02
2.437893933306548888e+02 3.275821615106468698e+01 1.369537967055042316e+02
2.437304941743672089e+02 3.235114503816794240e+01 1.370486942547207718e+02
2.433955002008839017e+02 3.188525512253917071e+01 1.361942948975492129e+02
2.435102450783447239e+02 3.185809562073121626e+01 1.364533547609481730e+02
2.434224989955805540e+02 3.170421856167135388e+01 1.359567697870630809e+02
2.433959019686621161e+02 3.162081157091201433e+01 1.352621132985134693e+02
2.436258738449176349e+02 3.204387304138207782e+01 1.362625954198473153e+02
2.436857372438730351e+02 3.226114905584572057e+01 1.360891924467657645e+02
2.437941341904379158e+02 3.250124548011249459e+01 1.361357975090397758e+02
2.439018883085576590e+02 3.266412213740458270e+01 1.360530333467255844e+02
2.439389312977099280e+02 3.272631578947368070e+01 1.364017677782241833e+02
2.440239453595821715e+02 3.262997187625552442e+01 1.361252711932503132e+02
2.440122137404580087e+02 3.282756126958617671e+01 1.360833266372036974e+02
2.441210124548011322e+02 3.292157492969063526e+01 1.364591402169546086e+02
2.440455604660506310e+02 3.288678184009642536e+01 1.366698272398553513e+02
2.440736038569706636e+02 3.300932101245479799e+01 1.360924869425471968e+02
2.440245881880273089e+02 3.293587786259541872e+01 1.362793893129770879e+02
2.438926476496584996e+02 3.256801928485335651e+01 1.353708316593009329e+02
2.437380474085978221e+02 3.202370429891522718e+01 1.345570108477299982e+02
2.435848935315387678e+02 3.198754519887505054e+01 1.338666934511852276e+02
2.436478103656086773e+02 3.214471675371635229e+01 1.342123744475693172e+02
2.437073523503414947e+02 3.224314985938127620e+01 1.344303736440337502e+02
2.436032944957814266e+02 3.225287263961430284e+01 1.341118521494576044e+02
2.435713137806347959e+02 3.197243873041382045e+01 1.336143029329047920e+02
2.435296102852551314e+02 3.161735636801928351e+01 1.334221775813579711e+02
2.434736842105263293e+02 3.149312977099236477e+01 1.331077541181197148e+02
2.434973885094415493e+02 3.152454801124949668e+01 1.335197267979108062e+02
2.436470871836078800e+02 3.214680594616311993e+01 1.342186420249095988e+02
2.439620731217356422e+02 3.250349537967055369e+01 1.352033748493370808e+02
2.438931297709923740e+02 3.255813579750903841e+01 1.347599035757332331e+02
2.438890317396544845e+02 3.237356368019284503e+01 1.344193652069104132e+02
2.436817999196464370e+02 3.195532342306147200e+01 1.342232221775813628e+02
2.435320208919244749e+02 3.161165126556850069e+01 1.331689031739654467e+02
2.434181599035757415e+02 3.124403374849337212e+01 1.328500602651667464e+02
2.432744877460827695e+02 3.083479308959421417e+01 1.321443953394937694e+02
2.432378465247087149e+02 3.044523905182804313e+01 1.318051426275612812e+02
2.434840498192045004e+02 3.088903173965448090e+01 1.322096424266773909e+02
2.434101245480112539e+02 3.092952993169947717e+01 1.316471675371635115e+02
2.434231418240257199e+02 3.080241060666934416e+01 1.319732422659702706e+02
2.434355966251506516e+02 3.106187223784652573e+01 1.325200482121333891e+02
2.435707513057452900e+02 3.120618722378465293e+01 1.326918441141020537e+02
2.435692245881880353e+02 3.112165528324628383e+01 1.329598232221775902e+02
2.435418240257131401e+02 3.090719164323021317e+01 1.333242265970269216e+02
2.433647247890719143e+02 3.056207312173563651e+01 1.330958617918842890e+02
2.432407392527119327e+02 3.041044596223382968e+01 1.325226195259140241e+02
2.430168742466854042e+02 3.049079951787866705e+01 1.325136199276817877e+02
2.431719566090799560e+02 3.052503013258336750e+01 1.326994777018882985e+02
2.432233828846926542e+02 3.082024909602250062e+01 1.339750903977501082e+02
2.432792286058657965e+02 3.067882683808758415e+01 1.335350743270389842e+02
2.432474085978304572e+02 3.085126556850140744e+01 1.332887906789875387e+02
2.435020490156689448e+02 3.123913218159903593e+01 1.346302932904781073e+02
2.438195259140216820e+02 3.160771394134190615e+01 1.351387705905986252e+02
2.437782241864202604e+02 3.157018883085576633e+01 1.352490156689433434e+02
2.438625150662916781e+02 3.150333467255926223e+01 1.341899558055444004e+02
2.438163921253515412e+02 3.152647649658497286e+01 1.347704298915226957e+02
2.439035757332262051e+02 3.149369224588188132e+01 1.346214543993571624e+02
2.438151064684612379e+02 3.163165930092406697e+01 1.349609481719566020e+02
2.440393732422659809e+02 3.193186018481317845e+01 1.351284049819204540e+02
2.439122539172358302e+02 3.182699879469666371e+01 1.345780634793089519e+02
2.440021695460024205e+02 3.189039775010044053e+01 1.350011249497790402e+02
2.438736842105263065e+02 3.167898754519887561e+01 1.343031739654479679e+02
2.438289272800321328e+02 3.147505022097227823e+01 1.344167938931297783e+02
2.438313378867014762e+02 3.160032141422258078e+01 1.345570108477299982e+02
2.437329851345922123e+02 3.139276817999196467e+01 1.344399357171554925e+02
2.439691442346323811e+02 3.185447971072720108e+01 1.348784250703093619e+02
2.441350743270389785e+02 3.211603053435114674e+01 1.341856167135395879e+02
2.441967055042185564e+02 3.207617517075130564e+01 1.347796705504218551e+02
2.442127762153475317e+02 3.206974688629971837e+01 1.354666130976295619e+02
2.439581357975090441e+02 3.125415829650462030e+01 1.347885897950984315e+02
2.437680996384090122e+02 3.106195259140216791e+01 1.340585777420650970e+02
2.436633186018481183e+02 3.130614704700683149e+01 1.338073121735636732e+02
2.435917235837685837e+02 3.146934511852149541e+01 1.339998392928887085e+02
2.437023704298915163e+02 3.163173965447970915e+01 1.336413820811571043e+02
2.439280032141422225e+02 3.176793893129771007e+01 1.347476094817195644e+02
2.440175170751305700e+02 3.198039373242265881e+01 1.344771394134190530e+02
2.441634391321815940e+02 3.294921655283246054e+01 1.357873844917637598e+02
2.443313780634793204e+02 3.333804740859783067e+01 1.364500602651667407e+02
2.446392125351546838e+02 3.372679791080755507e+01 1.372188830855765502e+02
2.444867014865407668e+02 3.332840498192044976e+01 1.363179590196866116e+02
2.445599035757332160e+02 3.325174768983527684e+01 1.362852551225391835e+02
2.446041783848935438e+02 3.357878666130976342e+01 1.364094013660104565e+02
2.444795500200883964e+02 3.361165126556850424e+01 1.365186822016874260e+02
2.444818802732020799e+02 3.327127360385696875e+01 1.363045399758939311e+02
2.446514262756126925e+02 3.346171153073523641e+01 1.367125753314584244e+02
2.445357975090397815e+02 3.354937725994375342e+01 1.363739654479710737e+02
2.445973483326637279e+02 3.383093611892326180e+01 1.364222579349136311e+02
2.445678585777420722e+02 3.386902370429891818e+01 1.367805544395339439e+02
2.447169947770188969e+02 3.421189232623543575e+01 1.370503816793893179e+02
2.448470068300522371e+02 3.445978304539976023e+01 1.371357975090397758e+02
2.447897147448774717e+02 3.405914021695460292e+01 1.367849738850944163e+02
2.446312575331458277e+02 3.403278425070309510e+01 1.368830855765367573e+02
2.446734431498593949e+02 3.417026918441140992e+01 1.369267979108075508e+02
2.446159903575733097e+02 3.422057051024507501e+01 1.369152269987947079e+02
2.446650863800723243e+02 3.421976697468863193e+01 1.375204499799116036e+02
2.446028123744475806e+02 3.404556046605062392e+01 1.364898352752109361e+02
2.445796705504218664e+02 3.403640016070711027e+01 1.369076737645640947e+02
2.445811972679791211e+02 3.422057051024507501e+01 1.367835275210928216e+02
2.444736842105263293e+02 3.389136199276818218e+01 1.369172358376858085e+02
2.444870229007633498e+02 3.362587384491763487e+01 1.367196464443551633e+02
2.442040176777822467e+02 3.341639212535154968e+01 1.358849337083165949e+02
2.440342306147047111e+02 3.321132985134592275e+01 1.354013660104459689e+02
2.439516271595018111e+02 3.326492567296102720e+01 1.354766572920851786e+02
2.440884692647649672e+02 3.370301325833668216e+01 1.360372840498191920e+02
2.443345922057050927e+02 3.380385697067094952e+01 1.367765367617517143e+02
2.445574929690638726e+02 3.405287263961430000e+01 1.371960626757733905e+02
2.446064282844515958e+02 3.409184411410205229e+01 1.375520289272800198e+02
2.445074327038971376e+02 3.423656086781839747e+01 1.372900763358778704e+02
2.446267577340297237e+02 3.438585777420650658e+01 1.368719967858577604e+02
2.446691040578545540e+02 3.438682201687424822e+01 1.370492567296102777e+02
2.446743270389714837e+02 3.440731217356368177e+01 1.373703495379670585e+02
2.446448372840498280e+02 3.460634793089594297e+01 1.370937725994375285e+02
2.447092004821213322e+02 3.467786259541984606e+01 1.375303334672559288e+02
2.450073121735636903e+02 3.498352752109281028e+01 1.377735636801928365e+02
2.449218963439132040e+02 3.483447167537163836e+01 1.380291683406990728e+02
2.448226597026918512e+02 3.453973483326637250e+01 1.372967456809963949e+02
2.445351546805946157e+02 3.377613499397348562e+01 1.362042587384491696e+02
2.440968260345520378e+02 3.286106870229007626e+01 1.354386500602651608e+02
2.438924065889915767e+02 3.233370831659301103e+01 1.350516673362796212e+02
2.440066693451185245e+02 3.309128163921253218e+01 1.357556448372840521e+02
2.438577742065086511e+02 3.349754921655283368e+01 1.357614302932904877e+02
2.443058256327842628e+02 3.402844515869827546e+01 1.368392928887103324e+02
2.443656086781840031e+02 3.408099638408999255e+01 1.367311370028123747e+02
2.444011249497790175e+02 3.426733627963037065e+01 1.369498593812776335e+02
2.443474487746082673e+02 3.387762153475291171e+01 1.365870630775411882e+02
2.440126155082362516e+02 3.317364403374849502e+01 1.355393330654881368e+02
2.440943350743270344e+02 3.298143832864604263e+01 1.356911209321012564e+02
2.440768179991964644e+02 3.298899156287665591e+01 1.357771795901968801e+02
2.440142225793491377e+02 3.291956609079952045e+01 1.356651667336279559e+02
2.440969867416633292e+02 3.300715146645239173e+01 1.358796303736440336e+02
2.440916030534351080e+02 3.303527521092808428e+01 1.356742466854158238e+02
2.442753716351948583e+02 3.330550421856167276e+01 1.361493772599437477e+02
2.443096022498995694e+02 3.362531137002812187e+01 1.369046203294495854e+02
2.442969867416633178e+02 3.364893531538770333e+01 1.362173563680192956e+02
2.443124146243471273e+02 3.349224588188027241e+01 1.365374849337083276e+02
2.443893129770992232e+02 3.347593411008437414e+01 1.366925672961028511e+02
2.444392928887103267e+02 3.334142225793491576e+01 1.369877862595419913e+02
2.443502611490558536e+02 3.327464845319405384e+01 1.369877059059863313e+02
2.443971876255524194e+02 3.353386902370429823e+01 1.367157091201285652e+02
2.442871032543189926e+02 3.337734029730815877e+01 1.371015668943350647e+02
2.443100843712334154e+02 3.323398955403776966e+01 1.372797107271996708e+02
2.442030534351144979e+02 3.315395741261551166e+01 1.360974688629971752e+02
2.438982723985536438e+02 3.265946163117718015e+01 1.355673764564081978e+02
2.438357573322619487e+02 3.227914825231016493e+01 1.353424668541582889e+02
2.437262354359180279e+02 3.204925672961028482e+01 1.348836480514262632e+02
2.437574126155082297e+02 3.222539172358376902e+01 1.351866613097629681e+02
2.439218963439132040e+02 3.223029329047810165e+01 1.351768581759742744e+02
2.440485335476094804e+02 3.248477300120530487e+01 1.360095620731217423e+02
2.437259140216954734e+02 3.187247890719164189e+01 1.347793491361992722e+02
2.436180795500200986e+02 3.146428284451587132e+01 1.347698674166331898e+02
2.435018883085576533e+02 3.122057051024507857e+01 1.345576536761751640e+02
2.435501004419445508e+02 3.119991964644435356e+01 1.340728806749698663e+02
2.438280433909200440e+02 3.146813981518682368e+01 1.350498995580554435e+02
2.439206910405785322e+02 3.153909200482121378e+01 1.350201687424668648e+02
2.441555644837283978e+02 3.212559260747288192e+01 1.360764965849738815e+02
2.440495781438328606e+02 3.227159501807955166e+01 1.356865407794294924e+02
2.441317798312575462e+02 3.239373242265970276e+01 1.360912816392125251e+02
2.444748091603053410e+02 3.262185616713539815e+01 1.366050622740056326e+02
2.444044194455604782e+02 3.254069907593410704e+01 1.363003615910004100e+02
2.444701486540779456e+02 3.257492969063881105e+01 1.365757332261952683e+02
2.444955403776617118e+02 3.242659702691844359e+01 1.361718762555242961e+02
2.444309361189232561e+02 3.243640016070710885e+01 1.363937324226596957e+02
2.443719566090799447e+02 3.230148654077942894e+01 1.361490558457211648e+02
2.443847328244274877e+02 3.250140618722378605e+01 1.360712736038569801e+02
2.443419043792687830e+02 3.254672559260747278e+01 1.361401366010445884e+02
2.443138609883487220e+02 3.258441141020490051e+01 1.363697067095218927e+02
2.445642426677380570e+02 3.291474487746082644e+01 1.361181197267979144e+02
2.445082362394535949e+02 3.287151466452390736e+01 1.363172358376858142e+02
2.443250301325833789e+02 3.275082362394535807e+01 1.361627159501807967e+02
2.440857372438730408e+02 3.235749296906388395e+01 1.350599437525110602e+02
2.439554037766171177e+02 3.197492969063880963e+01 1.346749698674166211e+02
2.439631980715146540e+02 3.201213338690237009e+01 1.346866211329851239e+02
2.439496986741663420e+02 3.195170751305745327e+01 1.343930895942145298e+02
2.438896745680996503e+02 3.190156689433507609e+01 1.349561269586179151e+02
2.439448774608276551e+02 3.177227802330252970e+01 1.344953796705504203e+02
2.439044596223382939e+02 3.178730413820811407e+01 1.347365206910405675e+02
2.439460024106066669e+02 3.183832864604258717e+01 1.348951386098834746e+02
2.440117316191241343e+02 3.169819204499799170e+01 1.350719164323021175e+02
2.441167537163519512e+02 3.185375652872639662e+01 1.363322619525914092e+02
2.442349537967054971e+02 3.244483728404981804e+01 1.367978304539975909e+02
2.441982322217758110e+02 3.256809963840900224e+01 1.362265166733627950e+02
2.443061470470068173e+02 3.288718360787464690e+01 1.369409401366010570e+02
2.444739252711932522e+02 3.299662515066291490e+01 1.364009642426677260e+02
2.445650462032944858e+02 3.315500200883889192e+01 1.369468862997187557e+02
2.445060666934511744e+02 3.280305343511450644e+01 1.363570108477300096e+02
2.445240658899156188e+02 3.279244676576938389e+01 1.366375251104861377e+02
2.444705504218561600e+02 3.291595018079549817e+01 1.364924065889915710e+02
2.445631177179590168e+02 3.287810365608677898e+01 1.366427480916030675e+02
2.444725592607472890e+02 3.291795901968662008e+01 1.362207312173563594e+02
2.444844515869827148e+02 3.284917637605464336e+01 1.359913218159903465e+02
2.445307352350341432e+02 3.299750903977501082e+01 1.363984732824427510e+02
2.444081157091201248e+02 3.281173161912414571e+01 1.360662916834070018e+02
2.444484531940538261e+02 3.253732422659702905e+01 1.357591000401767758e+02
2.445366813981518703e+02 3.274262756126958607e+01 1.357882683808758486e+02
2.446364001607070975e+02 3.282185616713539389e+01 1.364589795098433171e+02
2.445814383286460441e+02 3.285785456006428262e+01 1.359438328646042464e+02
2.444956207312173433e+02 3.289706709521896499e+01 1.357087987143431178e+02
2.445706709521896300e+02 3.333579750903977157e+01 1.367368421052631504e+02
2.445516271595018054e+02 3.339140216954600504e+01 1.369471273603857071e+02
2.445785456006428262e+02 3.345062274005624658e+01 1.370020891924467605e+02
2.444462032944957741e+02 3.359638408999597914e+01 1.368910405785456135e+02
2.443917235837685951e+02 3.318802732020891710e+01 1.363474487746082673e+02
2.442896745680996275e+02 3.267561269586179407e+01 1.354470068300522314e+02
2.443514664523905253e+02 3.257613499397348278e+01 1.353613499397348221e+02
2.443457613499397212e+02 3.256327842507030823e+01 1.358436319807151449e+02
2.444869425472077182e+02 3.312752109280835811e+01 1.365897147448774547e+02
2.445367617517075018e+02 3.331072719967858831e+01 1.360519083969465726e+02
2.447124949779027645e+02 3.333499397348332849e+01 1.370111691442346284e+02
2.445508236239453481e+02 3.348453194053836768e+01 1.365416633186018487e+02
2.446342306147047054e+02 3.348364805142627887e+01 1.362905584572117448e+02
2.446654881478505388e+02 3.357356368019284787e+01 1.363836078746484475e+02
2.447062274005624829e+02 3.362474889513860887e+01 1.363571715548413010e+02
2.447086380072318264e+02 3.375162715950180825e+01 1.359664122137404547e+02
2.447472077139413500e+02 3.334182402571313730e+01 1.357166733627963140e+02
2.447729208517476991e+02 3.346548814785054304e+01 1.358606669345118405e+02
2.446369626355966318e+02 3.337179590196866030e+01 1.357406187223784571e+02
2.445929288871032554e+02 3.326163117717958784e+01 1.353652872639614202e+02
2.446477300120530458e+02 3.313467255926074984e+01 1.355565287263961523e+02
2.445393330654881368e+02 3.288999598232221899e+01 1.348940940136600943e+02
2.444472478907191544e+02 3.267432703897147661e+01 1.342734431498593892e+02
2.443264764965849736e+02 3.261116914423462987e+01 1.342753716351948583e+02
2.442228204098031199e+02 3.256231418240257369e+01 1.343930895942145298e+02
2.443304941743672032e+02 3.269811169144234952e+01 1.346477300120530458e+02
2.442184009642426759e+02 3.258264363198071578e+01 1.341591803937324130e+02
2.442479710727199631e+02 3.241864202490960167e+01 1.347433507432703834e+02
2.440088388911209449e+02 3.205006026516673501e+01 1.338856568903173923e+02
2.440351948573724314e+02 3.191562876657292236e+01 1.341939734833266300e+02
2.440279630373644011e+02 3.178175974286862271e+01 1.343149055845721307e+02
2.438871032543190154e+02 3.167593411008436988e+01 1.339667336279630376e+02
2.439382081157091307e+02 3.151554841301727450e+01 1.341709923664122073e+02
2.440466854158296428e+02 3.198617918842908736e+01 1.345955805544395218e+02
2.441231820008035243e+02 3.200843712334270919e+01 1.340589795098433115e+02
2.442944957814383145e+02 3.223439132181599120e+01 1.356286058658095612e+02
2.443615106468461136e+02 3.228758537565287412e+01 1.356936922458818913e+02
2.444121333869023829e+02 3.236922458818802539e+01 1.358328646042587309e+02
2.445401366010445940e+02 3.213121735636801901e+01 1.359426275612695747e+02
2.444462032944957741e+02 3.181751707513057426e+01 1.356675773402972993e+02
2.444329449578143851e+02 3.176464443551627070e+01 1.355713941341904274e+02
2.443454399357171667e+02 3.188621936520690880e+01 1.351815990357573298e+02
2.443814383286460554e+02 3.225415829650462030e+01 1.352790678987545334e+02
2.443517878666131082e+02 3.230413820811570957e+01 1.353684210526315894e+02
2.443692245881880183e+02 3.241679389312977122e+01 1.354402571313780754e+02
2.444996384089996013e+02 3.258441141020490051e+01 1.360016070711128862e+02
2.445330654881478551e+02 3.250992366412213386e+01 1.357177179590196943e+02
2.442725592607473004e+02 3.221687424668541411e+01 1.348575331458416997e+02
2.443188429087987004e+02 3.211273603856970738e+01 1.349660907995178718e+02
2.439040578545600511e+02 3.173933306548814670e+01 1.344300522298111673e+02
2.438895942145439903e+02 3.169296906388107615e+01 1.342112494977902770e+02
2.439963037364403249e+02 3.161341904379268897e+01 1.348208115709120136e+02
2.439731619124146107e+02 3.138425070309361331e+01 1.346486139011651346e+02
2.439473684210526301e+02 3.143511450381679495e+01 1.338914423463238279e+02
2.440171153073523556e+02 3.191273603856970809e+01 1.347952591402169560e+02
2.441412615508236286e+02 3.193869023704299082e+01 1.347677782241864293e+02
2.442100441944556053e+02 3.199357171554841273e+01 1.350928887103254397e+02
2.443904379268782634e+02 3.191924467657693754e+01 1.355343511450381584e+02
2.444222579349136311e+02 3.193635998392928954e+01 1.348063479308959529e+02
2.445028525512254021e+02 3.222145439935717093e+01 1.356511048613901096e+02
2.443813579750903955e+02 3.221325833668139893e+01 1.354520691040578413e+02
2.444583366813981513e+02 3.213073523503415174e+01 1.357307352350341603e+02
2.446290076335877757e+02 3.235853756528726421e+01 1.366586580956207229e+02
2.446395339493772667e+02 3.246347930895942113e+01 1.365032543190036165e+02
2.446944154278826886e+02 3.243326637203696095e+01 1.364039373242266038e+02
2.445607874648453333e+02 3.225608678184009648e+01 1.359072719967858518e+02
2.444290879871434186e+02 3.206709521896343773e+01 1.361281639212535026e+02
2.443897950984330976e+02 3.203736440337485192e+01 1.359220570510244954e+02
2.443881880273202114e+02 3.197637605464041854e+01 1.360651667336279615e+02
2.444985938127762211e+02 3.228396946564885184e+01 1.364111691442346341e+02
2.447604660506227390e+02 3.263567697870630724e+01 1.367627963037364509e+02
2.446436319807151563e+02 3.278087585375652679e+01 1.369343511450381641e+02
2.446631578947368553e+02 3.257685817597428724e+01 1.365803133788670038e+02
2.444728003214142120e+02 3.215194857372438975e+01 1.358846122940940120e+02
2.440618722378465293e+02 3.149674568099638350e+01 1.350453194053836796e+02
2.440588188027320200e+02 3.126476496584973930e+01 1.346123744475692945e+02
2.439583768581759671e+02 3.130148654077942894e+01 1.350961028525512120e+02
2.438554439533949392e+02 3.120634793089594083e+01 1.349199678585777349e+02
2.438820409803133771e+02 3.135419847328244103e+01 1.346515066291683524e+02
2.439308959421454404e+02 3.110582563278424928e+01 1.352206508638007278e+02
2.443854560064282850e+02 3.146677380474086050e+01 1.353816793893129784e+02
2.443343511450381698e+02 3.124620329449578193e+01 1.355743672157493052e+02
2.444196062675773362e+02 3.148565689031739723e+01 1.355180393732422601e+02
2.443199678585777406e+02 3.144290879871434186e+01 1.351416633186018430e+02
2.443540377661711602e+02 3.136183206106870358e+01 1.349368421052631675e+02
2.445349136199276927e+02 3.179244676576938389e+01 1.359852149457613564e+02
2.444567296102852652e+02 3.192157492969063881e+01 1.357317798312575405e+02
2.445184411410205030e+02 3.212237846524708829e+01 1.357936520691040698e+02
2.447933306548814869e+02 3.231177179590196857e+01 1.361493772599437477e+02
2.448046605062274068e+02 3.250992366412213386e+01 1.369959823222177704e+02
2.447901968662113177e+02 3.273129770992366616e+01 1.367986339895540482e+02
2.447918842908798638e+02 3.287890719164322917e+01 1.363463238248292555e+02
2.449278425070309311e+02 3.270871836078746497e+01 1.362265970269184550e+02
2.449312173563680233e+02 3.289827239855363672e+01 1.361057452792286142e+02
2.450194455604660391e+02 3.298272398553636009e+01 1.363516271595018168e+02
2.450105263157894626e+02 3.306380072318199836e+01 1.364644435516271699e+02
2.449392527119325109e+02 3.270678987545198879e+01 1.358826838087585429e+02
2.449996785857774171e+02 3.266918441141020679e+01 1.356834873443149831e+02
2.447917235837685723e+02 3.257677782241864151e+01 1.352166331860184698e+02
2.448029730815588607e+02 3.231595018079549675e+01 1.352579349136199198e+02
2.443831257533145731e+02 3.192511048613901181e+01 1.347758939333065484e+02
2.442563278425070337e+02 3.170373644033748661e+01 1.342615508236239350e+02
2.442029730815588664e+02 3.173121735636802043e+01 1.337546002410606718e+02
2.442473282442747973e+02 3.157557251908396978e+01 1.333925271193250239e+02
2.440928887103254397e+02 3.157886701486540915e+01 1.341383688228204107e+02
2.441198875050220920e+02 3.143222177581358068e+01 1.335537163519485659e+02
2.439175572519083914e+02 3.122274005624748838e+01 1.331621534752912908e+02
2.441757332261952627e+02 3.138714343109682758e+01 1.338767376456408158e+02
2.444298915226998758e+02 3.197709923664122300e+01 1.342366412213740432e+02
2.444566492567296052e+02 3.216175170751305501e+01 1.346805142627561338e+02
2.446605062274005604e+02 3.237653676175170858e+01 1.356347127360385798e+02
2.447287263961430313e+02 3.243736440337485050e+01 1.356519887505021984e+02
2.448826838087585429e+02 3.249546002410606604e+01 1.368143029329047806e+02
2.448731217356368006e+02 3.251474487746082787e+01 1.364497388509441578e+02
2.447607071112896620e+02 3.261052631578947114e+01 1.364338288469264739e+02
2.448734431498593835e+02 3.266147047006830206e+01 1.368032944957814436e+02
2.447958216151064619e+02 3.224917637605464193e+01 1.360813177983125684e+02
2.447887505022097230e+02 3.239694656488549640e+01 1.360290076335877814e+02
2.448515066291683411e+02 3.246661309762956904e+01 1.368805946163117824e+02
2.448556046605062306e+02 3.255275210928083851e+01 1.365869023704298968e+02
2.449774206508637917e+02 3.281968662113298763e+01 1.364141422257934835e+02
2.450601848131779832e+02 3.285303334672559572e+01 1.371778224186420232e+02
2.448663720369626446e+02 3.278513459220570780e+01 1.362801928485335452e+02
2.447128163921253474e+02 3.273186018481317916e+01 1.358508638007231752e+02
2.444973081558858894e+02 3.206066693451185046e+01 1.346760144636400298e+02
2.445517075130574653e+02 3.191908396946564963e+01 1.344807553234230681e+02
2.443789473684210520e+02 3.190767376456408044e+01 1.344180795500200816e+02
2.444227400562474770e+02 3.187858577742064980e+01 1.344443551627159366e+02
2.442410606669345157e+02 3.165946163117718015e+01 1.340584170349538056e+02
2.442417838489353130e+02 3.152776215347529032e+01 1.337307352350341603e+02
2.442236239453595772e+02 3.162772197669746888e+01 1.341585375652872756e+02
2.441326637203696350e+02 3.151948573724387259e+01 1.335076737645640890e+02
2.443319405383688263e+02 3.160554439533949278e+01 1.339129770992366275e+02
2.443328244274809151e+02 3.162442748091602951e+01 1.339447971072719952e+02
2.444704700683005285e+02 3.180803535556448480e+01 1.340920851747689824e+02
2.444588991562876572e+02 3.186002410606669244e+01 1.340801124949778966e+02
2.445215749296906438e+02 3.161076737645640833e+01 1.340621132985134523e+02
2.445378867014865421e+02 3.166484531940538361e+01 1.339860988348734452e+02
2.443172358376858142e+02 3.147979108075532295e+01 1.335398151868220111e+02
2.443444756930494179e+02 3.129915628766572766e+01 1.339178786661309744e+02
2.447839292888710361e+02 3.165568501406187352e+01 1.343124949779027588e+02
2.446163921253515525e+02 3.153893129770992232e+01 1.336470068300522200e+02
2.446834069907593516e+02 3.182129369224588089e+01 1.344443551627159366e+02
2.446404981920449870e+02 3.188043390920048381e+01 1.335189232623543489e+02
2.445563680192848608e+02 3.182732020891924307e+01 1.339316994777018976e+02
2.445338690237043124e+02 3.196319807151466463e+01 1.345035757332261994e+02
2.445206910405785550e+02 3.166548814785054233e+01 1.344368019284853233e+02
2.444254720771394034e+02 3.159325030132583478e+01 1.338410606669345100e+02
2.443840096424266903e+02 3.125496183206106693e+01 1.335894736842105317e+02
2.442189634391321817e+02 3.113081558858979392e+01 1.331922860586580839e+02
2.441377259943752449e+02 3.096737645640819636e+01 1.330042587384491810e+02
2.440866211329851296e+02 3.101245480112494946e+01 1.327010847730012131e+02
2.441312977099236718e+02 3.082828445158698116e+01 1.331047006830052339e+02
2.440026516673362664e+02 3.055347529128163941e+01 1.327392527119324939e+02
2.439484130172760104e+02 3.019308959421454475e+01 1.320658095620731274e+02
2.440916030534351080e+02 3.028911209321012521e+01 1.330401767778224098e+02
2.440975492165528351e+02 3.040433909200482177e+01 1.332036962635596637e+02
2.443956609079951647e+02 3.094584170349537899e+01 1.335888308557653659e+02
2.443071916432302260e+02 3.096689433507432554e+01 1.334122940940136459e+02
2.444297308155885844e+02 3.117862595419847338e+01 1.333644033748493314e+02
2.444156689433507381e+02 3.112278023302530983e+01 1.334463640016070656e+02
2.444580956207312283e+02 3.108541582965046146e+01 1.338718360787464974e+02
2.444981116914423467e+02 3.108477300120530273e+01 1.339789473684210463e+02
2.444508638007231696e+02 3.118722378465247047e+01 1.340753716351948697e+02
2.444538368822820473e+02 3.115660907995178874e+01 1.341152269987946966e+02
2.444988348734431440e+02 3.129104057854560139e+01 1.341762153475291370e+02
2.445319405383688149e+02 3.130164724789072039e+01 1.345161912414624226e+02
2.444335877862595510e+02 3.129642426677380485e+01 1.340639614302932898e+02
2.446926476496585110e+02 3.134383286460425921e+01 1.341521092808356741e+02
2.447591803937324357e+02 3.120610687022900720e+01 1.341278425070309481e+02
2.447050220972278112e+02 3.151619124146243323e+01 1.343294495781438229e+02
2.445654479710727287e+02 3.107328244274809137e+01 1.337554841301727606e+02
2.443933306548814812e+02 3.094632382482924982e+01 1.333651265568501287e+02
2.442572117316191225e+02 3.076729610285255134e+01 1.329368421052631675e+02
2.441010044194455588e+02 3.053764564081960486e+01 1.332960224989955691e+02
2.439263961430293364e+02 3.031426275612695775e+01 1.326075532342306076e+02
2.438283648051426269e+02 2.985978304539975881e+01 1.321018079550020161e+02
2.439166733627963026e+02 2.986605062274005462e+01 1.325219766974688582e+02
2.437968662113298421e+02 2.949666532744073777e+01 1.312207312173563594e+02
2.438372840498192033e+02 2.973314584170349661e+01 1.319146645239051736e+02
2.438518280433909240e+02 2.989827239855363672e+01 1.325009240658899046e+02
2.439729208517476877e+02 2.988075532342306317e+01 1.325173161912414628e+02
2.439385295299317136e+02 2.964057854560064342e+01 1.323680996384090065e+02
2.441284049819204540e+02 3.000723182000803391e+01 1.330669345118521392e+02
2.443162715950180655e+02 3.006918441141020537e+01 1.334964242667738006e+02
2.443259943752510992e+02 3.033941341904379385e+01 1.335963840899959791e+02
2.446145439935717150e+02 3.090622740056247508e+01 1.348564081960626879e+02
2.447136199276818047e+02 3.123519485737243784e+01 1.351133788670148590e+02
2.444941743672157486e+02 3.099075934110084418e+01 1.338024909602249863e+02
2.445589393330654957e+02 3.094391321815990281e+01 1.340573724387304253e+02
2.444391321815990352e+02 3.033338690237042812e+01 1.336902370429891391e+02
2.443340297308155868e+02 3.028404981920450112e+01 1.339259140216954620e+02
2.441986339895540254e+02 3.011257533145841592e+01 1.330249096022498918e+02
2.441137806347931019e+02 2.985560466050622708e+01 1.321055845721173228e+02
2.440935315387705771e+02 2.943101647247890895e+01 1.323565287263961352e+02
2.439663318601848232e+02 2.945905986339895577e+01 1.323851345922057021e+02
2.440810767376456454e+02 2.960048212133386869e+01 1.325542788268381003e+02
2.441190036159100032e+02 2.954993973483326641e+01 1.326073925271193161e+02
2.440974688629971752e+02 2.955821615106468414e+01 1.325428686219365204e+02
2.439171554841301770e+02 2.948951386098834959e+01 1.320715950180795630e+02
2.442979509843310666e+02 2.947384491763760650e+01 1.322498995580554322e+02
2.442321414222579392e+02 2.962362394535958288e+01 1.320052229811169013e+02
2.442045801526717526e+02 2.959236641221373887e+01 1.323047006830052226e+02
2.441656890317396460e+02 2.985745279228605753e+01 1.325211731619124009e+02
2.438703093611892427e+02 2.938151868220168694e+01 1.321746082764162225e+02
2.437186018481317831e+02 2.892663720369626290e+01 1.320300522298111616e+02
2.438108477300120569e+02 2.885271193250301280e+01 1.317875451988750513e+02
2.437881076737645571e+02 2.898457211731619054e+01 1.321312977099236718e+02
2.440484531940538488e+02 2.911619124146243465e+01 1.330162314182402667e+02
2.439495379670550506e+02 2.927047006830052212e+01 1.330421052631579073e+02
2.440257934913619806e+02 2.969995982322217642e+01 1.327987143431096797e+02
2.441485737243872904e+02 2.988662113298513390e+01 1.331893129770992346e+02
2.442727199678585919e+02 3.009795098433105665e+01 1.336973081558859064e+02
2.443020490156689561e+02 3.027601446364001703e+01 1.336677380474085908e+02
2.444358376858176030e+02 3.030751305745279112e+01 1.338105263157894740e+02
2.444300522298111673e+02 3.018055443953394956e+01 1.343303334672559401e+02
2.443423061470469975e+02 3.027713941341904302e+01 1.344090799517878736e+02
2.443923664122137325e+02 3.040008035355564431e+01 1.345337886701486525e+02
2.444670148654078048e+02 3.035010044194455503e+01 1.344016874246685518e+02
2.444170349537967013e+02 3.040570510245078495e+01 1.350621936520691122e+02
2.444008035355564346e+02 2.991779831257533218e+01 1.343093611892326180e+02
2.443530735235034115e+02 3.011820008035355656e+01 1.346372036962635548e+02
2.444579349136199369e+02 3.039855363599839322e+01 1.350147850542386436e+02
2.444642828445158784e+02 3.065560466050622779e+01 1.359950180795500216e+02
2.445591000401767872e+02 3.073660104459622389e+01 1.362870229007633611e+02
2.446098031337886596e+02 3.068613901165126734e+01 1.367348332663720498e+02
2.446062675773403043e+02 3.076817999196464370e+01 1.367873041382081283e+02
2.444901566894335190e+02 3.078658095620731316e+01 1.358463640016070713e+02
2.444667738047408534e+02 3.060072318200080232e+01 1.358025713137806463e+02
2.444990759341100954e+02 3.056536761751707587e+01 1.363981518682201681e+02
2.444065889915628702e+02 3.025568501406187139e+01 1.357165126556850225e+02
2.442490156689433434e+02 3.007898754519887419e+01 1.349300924065889831e+02
2.441891522699879431e+02 3.010662916834069947e+01 1.348213740458015195e+02
2.442648453194053957e+02 3.053049417436721669e+01 1.355443953394937751e+02
2.444058658095620729e+02 3.050220972278023268e+01 1.359152269987947079e+02
2.443315387705906119e+02 3.050968260345520378e+01 1.355775813579750775e+02
2.444294094013660015e+02 3.064628364805142624e+01 1.361455202892728096e+02
2.443530735235034115e+02 3.080723182000803462e+01 1.360249899558055517e+02
2.445075934110084290e+02 3.086018481317798390e+01 1.367230212936922555e+02
2.445102450783447239e+02 3.097155484130172809e+01 1.372134190437926975e+02
2.444086781840096307e+02 3.095757332261952754e+01 1.360408999598232356e+02
2.445509039775010081e+02 3.065110486139011670e+01 1.369535556448372802e+02
2.443849738850944107e+02 3.067946966653274288e+01 1.370352752109280914e+02
2.444891924467657702e+02 3.061108879067898769e+01 1.373256729610285163e+02
2.443810365608678126e+02 3.069674568099638279e+01 1.365487344314985876e+02
2.444598633989554060e+02 3.075363599839293016e+01 1.368491763760546291e+02
2.444942547207713801e+02 3.121213338690236938e+01 1.370203294495781563e+02
2.446174367215749328e+02 3.145287263961430213e+01 1.372385697067095123e+02
2.446421052631579016e+02 3.158931297709923669e+01 1.379406187223784741e+02
2.445458417034953698e+02 3.148099638408999468e+01 1.373619927681799879e+02
2.445394134190437967e+02 3.153788670148654205e+01 1.372902370429891619e+02
2.444493370831659433e+02 3.074439533949377434e+01 1.365398955403776711e+02
2.443003615910004100e+02 3.057107271996785869e+01 1.361836882282040904e+02
2.441027721976697364e+02 3.047778224186420104e+01 1.362063479308959302e+02
2.441151466452390650e+02 3.048573724387304296e+01 1.356852551225391608e+02
2.441277621534752882e+02 3.083776617115307417e+01 1.354598633989554060e+02
2.443426275612695804e+02 3.099750903977501082e+01 1.364291683406990785e+02
2.444006428284451715e+02 3.079100040176777853e+01 1.368032141422257837e+02
2.443750100441944539e+02 3.079252711932502962e+01 1.362143029329047863e+02
2.445415026114905572e+02 3.151153073523503423e+01 1.369672157492969120e+02
2.447697067095218983e+02 3.122619525914021565e+01 1.361057452792286142e+02
2.448006428284451488e+02 3.161944556046605115e+01 1.370495781438328606e+02
2.448302932904780960e+02 3.191948573724387472e+01 1.373483326637203561e+02
2.448302932904780960e+02 3.199533949377260100e+01 1.373938931297709871e+02
2.448432302129369305e+02 3.181759742868621998e+01 1.371443149859381379e+02
2.447897147448774717e+02 3.216134993973483347e+01 1.375049417436721626e+02
2.449859381277621537e+02 3.241486540779429504e+01 1.379939734833266414e+02
2.449893129770992459e+02 3.262715950180795232e+01 1.378276416231418295e+02
2.448427480916030561e+02 3.248774608276416132e+01 1.373169947770188912e+02
2.449058256327842571e+02 3.263077541181197461e+01 1.372776215347529103e+02
2.449171554841301770e+02 3.214367215749297202e+01 1.373612695861791906e+02
2.448374447569304948e+02 3.223696263559662611e+01 1.366563278425070393e+02
2.447470470068300585e+02 3.206902370429891391e+01 1.367480916030534388e+02
2.447339493772599326e+02 3.227513057452792111e+01 1.363809562073121810e+02
2.447813579750904012e+02 3.244194455604660732e+01 1.362754519887504898e+02
2.448652470871836044e+02 3.254142225793491150e+01 1.371243873041381960e+02
2.447660104459622232e+02 3.270670952189634306e+01 1.369683406990759238e+02
2.446472478907191714e+02 3.222065086380072074e+01 1.362840498192045118e+02
2.444883889112093129e+02 3.203390920048212109e+01 1.363236641221374157e+02
2.444830052229811201e+02 3.168798714343109779e+01 1.362362394535958288e+02
2.442118119726797829e+02 3.100281237444756854e+01 1.351443149859381379e+02
2.443287263961430256e+02 3.150478103656086759e+01 1.356342306147047054e+02
2.441800723182000752e+02 3.139943752511048558e+01 1.353942145439935700e+02
2.442454801124949881e+02 3.114656488549618274e+01 1.352383286460425893e+02
2.441353957412615614e+02 3.101044596223382754e+01 1.356407392527119384e+02
2.442730413820811464e+02 3.104644435516271628e+01 1.356785857774206647e+02
2.444535958216150959e+02 3.151514664523905296e+01 1.362650060265166871e+02
2.443607874648453162e+02 3.140249096022499131e+01 1.368341502611490625e+02
2.444515869827239953e+02 3.136472478907191785e+01 1.365995178786661199e+02
2.443427882683808718e+02 3.144612294094013549e+01 1.363227802330252985e+02
2.446253917235837605e+02 3.161566894335074451e+01 1.373282442748091512e+02
2.446774608276416245e+02 3.154367215749297060e+01 1.373085576536761891e+02
2.445580554439534069e+02 3.139558055443953322e+01 1.368144636400160721e+02
2.446265970269184322e+02 3.150863800723181996e+01 1.364875050220972241e+02
2.445934913619927613e+02 3.152470871836078814e+01 1.366155082362394637e+02
2.447448774608276381e+02 3.168332663720369524e+01 1.369780634793089575e+02
2.447464041783848927e+02 3.158931297709923669e+01 1.368400964242667612e+02
2.448046605062274068e+02 3.177396544797107225e+01 1.373477701888308502e+02
2.447451988750502210e+02 3.183696263559662398e+01 1.378617918842908807e+02
2.446846122940940234e+02 3.192004821213338772e+01 1.374945761349939630e+02
2.447879469666532657e+02 3.205166733627962827e+01 1.372560867818400823e+02
2.448242667738047373e+02 3.214728806749698720e+01 1.371505022097227879e+02
2.448602651667336261e+02 3.218352752109280601e+01 1.371887505022097287e+02
2.447151466452390594e+02 3.214238650060265456e+01 1.364392928887103267e+02
2.447733226195259135e+02 3.215548413017275919e+01 1.367301727601446260e+02
2.447259140216954734e+02 3.202426677380474018e+01 1.360571313780634739e+02
2.446272398553635981e+02 3.189634391321816054e+01 1.361193250301325861e+02
2.444982723985536381e+02 3.182667738047408434e+01 1.353841703495379534e+02
2.444864604258738439e+02 3.165054238650060370e+01 1.354319003615910049e+02
2.444159100040176895e+02 3.172679791080755152e+01 1.357758135797509169e+02
2.443708316593009329e+02 3.137340297308155712e+01 1.347449578143832980e+02
2.444512655685014124e+02 3.144612294094013549e+01 1.343918039373242266e+02
2.443766974688630000e+02 3.122836480514262902e+01 1.337988750502209712e+02
2.444002410606669287e+02 3.132085174768983649e+01 1.341562876657291952e+02
2.445755725190839769e+02 3.148324628364805022e+01 1.349942948975492243e+02
2.447699477701888213e+02 3.222740056247489093e+01 1.358123744475693115e+02
2.449877059059863313e+02 3.259718762555242932e+01 1.365289674568099656e+02
2.449448774608276551e+02 3.267344314985938070e+01 1.357157894736841968e+02
2.450318200080353677e+02 3.294993973483326499e+01 1.363009240658899159e+02
2.449934110084371355e+02 3.254094013660104423e+01 1.355215749296906438e+02
2.453491361992768134e+02 3.283921253515467953e+01 1.356466050622740056e+02
2.451805544395339496e+02 3.279300924065889689e+01 1.350700683005223084e+02
2.451377259943752449e+02 3.281534752912816089e+01 1.347963840899959962e+02
2.450822016874246572e+02 3.268943350743270315e+01 1.345360385697067045e+02
2.451678585777420665e+02 3.275821615106468698e+01 1.347596625150662817e+02
2.452148654077942922e+02 3.282490960224989607e+01 1.353096022498995694e+02
2.450752109280835782e+02 3.286364001607071117e+01 1.350932101245480226e+02
2.451539574126155117e+02 3.296408196062675700e+01 1.348710325431900401e+02
2.450147850542386436e+02 3.249883487344315114e+01 1.348218561671353939e+02
2.450794696665327308e+02 3.251683406990759551e+01 1.348567296102852424e+02
2.451161912414624453e+02 3.265656890317396233e+01 1.353038971474487653e+02
2.450066693451185245e+02 3.270357573322619515e+01 1.348814785054238712e+02
2.451517878666130912e+02 3.281237444756930444e+01 1.351151466452390650e+02
2.451759742868621856e+02 3.274391321815990352e+01 1.352942547207713915e+02
2.449505825632784308e+02 3.278642024909602526e+01 1.350064282844515731e+02
2.448808356769787054e+02 3.261815990357573014e+01 1.345623141824025595e+02
2.447415026114905459e+02 3.281325833668140035e+01 1.344932904781036598e+02
2.448219365206910538e+02 3.285914021695460008e+01 1.349180393732422658e+02
2.446118923262354485e+02 3.278738449176375980e+01 1.347442346323824722e+02
2.446704700683005171e+02 3.262442748091603306e+01 1.352378465247087149e+02
2.446335877862595396e+02 3.215226998794696556e+01 1.343173161912414741e+02
2.446028927280032121e+02 3.222820409803134112e+01 1.349643230212936942e+02
2.446670952189634249e+02 3.236159100040176639e+01 1.352642024909602299e+02
2.448384089995982436e+02 3.254005624748894832e+01 1.350154278826838095e+02
2.448729610285255092e+02 3.272374447569305289e+01 1.355116110887906871e+02
2.449501807955001880e+02 3.272985134592205725e+01 1.351983929288871025e+02
2.448690237042989111e+02 3.285391723583768453e+01 1.352805946163117596e+02
2.448564885496183194e+02 3.278738449176375980e+01 1.350329449578143794e+02
2.448488549618320747e+02 3.281325833668140035e+01 1.357930895942145355e+02
2.448304539975893874e+02 3.238754519887505268e+01 1.356643631980715270e+02
2.446672559260747164e+02 3.224564081960626538e+01 1.352421856167135275e+02
2.447572519083969382e+02 3.213499397348332565e+01 1.354575331458416940e+02
2.445914825231016607e+02 3.228742466854158266e+01 1.347447167537163466e+02
2.449062274005624715e+02 3.252904781036561133e+01 1.359651265568501515e+02
2.449649658497388600e+02 3.273419043792687688e+01 1.360070711128967389e+02
2.450644435516271642e+02 3.304644435516271272e+01 1.366171153073523499e+02
2.451864202490960167e+02 3.310164724789071755e+01 1.367469666532743986e+02
2.451585375652872756e+02 3.299341100843712127e+01 1.359783045399758805e+02
2.450184813177983187e+02 3.256167135395741496e+01 1.364159100040176895e+02
2.446885496183206214e+02 3.212278023302530983e+01 1.353510646846122825e+02
2.442794696665327479e+02 3.118232221775813429e+01 1.337574126155082297e+02
2.443478505423865101e+02 3.117139413419043947e+01 1.341764564081960600e+02
2.443778224186420118e+02 3.169521896343913170e+01 1.348446765769385252e+02
2.443669746886299663e+02 3.180723182000803462e+01 1.347199678585777463e+02
2.444771394134190530e+02 3.202619525914021636e+01 1.354712736038569574e+02
2.444091603053435051e+02 3.183567697870630653e+01 1.349930895942145526e+02
2.444978706307754237e+02 3.199831257533145745e+01 1.356696665327440599e+02
2.446145439935717150e+02 3.217709923664121874e+01 1.355946163117718015e+02
2.446898352752109247e+02 3.262338288469264569e+01 1.352531940538368929e+02
2.446633186018481183e+02 3.264218561671354024e+01 1.355656086781840202e+02
2.447986339895540482e+02 3.281124949779027844e+01 1.363905986339895549e+02
2.448313378867014762e+02 3.276303736440337389e+01 1.359437525110486149e+02
2.447836882282040847e+02 3.274945761349939488e+01 1.358344716753716455e+02
2.449513057452792282e+02 3.290357573322619800e+01 1.365353957412615387e+02
2.448613097629570063e+02 3.295500200883888908e+01 1.363552430695058320e+02
2.449397348332663853e+02 3.280088388911209307e+01 1.362768983527521129e+02
2.449194053836882290e+02 3.274881478505423615e+01 1.365467255926074870e+02
2.447703495379670642e+02 3.266058658095620615e+01 1.356286862193651928e+02
2.448120530333467286e+02 3.277026918441141135e+01 1.358811570912012883e+02
2.448793893129771106e+02 3.277308155885897634e+01 1.356628364805142724e+02
2.450910405785456021e+02 3.269192446765769233e+01 1.356687022900763395e+02
2.451403776617115398e+02 3.284306950582563189e+01 1.359217356368019409e+02
2.452339895540377768e+02 3.312543190036159046e+01 1.361240658899156415e+02
2.452068300522298046e+02 3.308967456809963892e+01 1.362246685415829575e+02
2.449118521494576157e+02 3.312478907191643174e+01 1.358028123744475693e+02
2.449616713539573993e+02 3.293009240658899017e+01 1.356612294094013578e+02
2.448737645640819665e+02 3.247906789875452205e+01 1.347411811972679914e+02
2.445915628766572922e+02 3.218593812776215657e+01 1.349730012053033477e+02
2.445092808356769751e+02 3.204981920449979782e+01 1.349131378063479190e+02
2.445005222981116901e+02 3.193676175170751463e+01 1.346529529931699471e+02
2.444554439533949335e+02 3.174656488549618416e+01 1.346408999598232299e+02
2.443914825231016437e+02 3.172824427480916043e+01 1.344089995982322137e+02
2.443565287263961352e+02 3.113394937725994538e+01 1.339626355966251481e+02
2.443737243873041507e+02 3.120072318200080375e+01 1.343292888710325315e+02
2.444460425873844827e+02 3.131466452390518285e+01 1.341494576134994077e+02
2.446001607071112858e+02 3.188710325431900472e+01 1.354953796705504203e+02
2.447169144234632370e+02 3.221221374045801866e+01 1.353032543190036279e+02
2.446341502611490455e+02 3.231402169546002057e+01 1.351162715950180768e+02
2.448673362796303650e+02 3.232478907191643458e+01 1.354429891522700018e+02
2.448584973885094485e+02 3.259027721976697478e+01 1.355660104459622346e+02
2.449215749296906495e+02 3.248324628364805022e+01 1.352852551225391835e+02
2.448706307754118257e+02 3.219357171554841557e+01 1.351118521494576044e+02
2.447519485737243770e+02 3.223463238248292839e+01 1.348616311771795893e+02
2.448524708718360898e+02 3.227914825231016493e+01 1.350515869827239896e+02
2.447059863398955315e+02 3.220835676978706630e+01 1.347539574126155060e+02
2.448927280032141311e+02 3.261502611490558223e+01 1.349280032141422225e+02
2.449573322619525868e+02 3.274809160305343170e+01 1.348684612294094052e+02
2.449439935717155379e+02 3.263808758537565069e+01 1.350667738047408477e+02
2.449044596223382939e+02 3.263157894736841769e+01 1.352572117316191225e+02
2.449475291281639215e+02 3.233933306548814812e+01 1.350548011249497904e+02
2.447940538368822843e+02 3.223262354359180648e+01 1.339680192848533409e+02
2.447087183607874579e+02 3.192567296102852481e+01 1.337374849337083162e+02
2.447770992366412202e+02 3.183133788670148689e+01 1.337672961028525549e+02
2.447814383286460327e+02 3.194094013660104636e+01 1.339440739252711978e+02
2.448742466854158408e+02 3.232535154680594758e+01 1.348432302129369305e+02
2.449591000401767644e+02 3.281534752912816089e+01 1.350566492567295995e+02
2.449543591803937375e+02 3.293619927681800164e+01 1.351836078746484588e+02
2.448562474889513965e+02 3.280096424266773880e+01 1.349995178786661256e+02
2.449456006428284525e+02 3.263937324226596814e+01 1.347631980715146653e+02
2.448677380474086078e+02 3.229995982322217429e+01 1.349018883085576590e+02
2.446993973483326670e+02 3.199501807955002164e+01 1.344056247488951499e+02
2.447109682603455099e+02 3.198111691442346327e+01 1.338295701084772986e+02
2.449272800321414252e+02 3.239485737243872876e+01 1.347920449979911552e+02
2.449497790277219735e+02 3.254391321815990068e+01 1.346913619927681793e+02
2.451152269987946966e+02 3.287215749296906608e+01 1.359639212535154797e+02
2.450792286058658078e+02 3.320578545600643139e+01 1.358189634391321761e+02
2.453611892326235306e+02 3.340273202089192495e+01 1.369888308557653716e+02
2.451171554841301656e+02 3.368597830453997943e+01 1.366155082362394637e+02
2.451235034150261072e+02 3.351032543190036250e+01 1.364815588589794970e+02
2.449437525110486149e+02 3.273427079148252261e+01 1.352267577340297180e+02
2.449552430695058263e+02 3.271233427079148015e+01 1.354129369224588118e+02
2.447318601848131721e+02 3.278465247087183343e+01 1.351041382081156996e+02
2.448528726396143043e+02 3.272719967858577661e+01 1.355194053836882233e+02
2.448983527521092753e+02 3.286323824829248963e+01 1.356621936520691065e+02
2.449895540377661689e+02 3.319357171554841557e+01 1.357225391723583812e+02
2.450553635998392963e+02 3.343720369626355904e+01 1.359825632784250615e+02
2.453861791884290824e+02 3.409264764965849537e+01 1.367090397750100408e+02
2.453154680594616366e+02 3.415042185616713510e+01 1.372162314182402554e+02
2.453730815588589849e+02 3.401992768179992055e+01 1.370770590598633873e+02
2.453959823222177477e+02 3.401044596223383110e+01 1.371367617517075246e+02
2.454326235435918022e+02 3.367987143431096797e+01 1.368898352752109417e+02
2.452056247488951328e+02 3.363423061470469833e+01 1.357554037766171291e+02
2.451607874648453276e+02 3.363214142225793779e+01 1.359535556448372802e+02
2.451659300924065974e+02 3.355500200883889050e+01 1.358795500200884021e+02
2.451219766974688525e+02 3.339164323021293512e+01 1.357665729208517575e+02
2.448449979911611081e+02 3.318103656086781683e+01 1.355083969465648863e+02
2.448069104057854588e+02 3.275395741261550597e+01 1.352670952189634477e+02
2.449220570510244954e+02 3.279758939333065371e+01 1.356242667738047487e+02
2.448347127360385684e+02 3.270944154278826943e+01 1.354965849738850920e+02
2.447969465648855021e+02 3.254535958216150959e+01 1.360681398151868109e+02
2.449993571715548342e+02 3.295958216151064590e+01 1.368434712736038534e+02
2.449484130172760104e+02 3.302193652069104246e+01 1.360801124949778966e+02
2.448627561269586295e+02 3.297581357975090555e+01 1.361096826034552123e+02
2.449397348332663853e+02 3.310871836078746355e+01 1.369481719566090874e+02
2.450699879469666485e+02 3.318521494576135211e+01 1.367010044194455531e+02
2.450876657292085099e+02 3.318834873443150002e+01 1.365768581759742801e+02
2.450085174768983620e+02 3.292784250703093818e+01 1.365587786259542042e+02
2.449876255524306998e+02 3.307344314985937928e+01 1.369089594214543979e+02
2.450929690638810712e+02 3.291900361591000745e+01 1.366085174768983563e+02
2.451479308959421530e+02 3.272117316191241798e+01 1.367274407392526996e+02
2.451346725592607356e+02 3.304773001205303018e+01 1.367088790678987493e+02
2.451748493370831739e+02 3.333700281237445040e+01 1.369962233828846934e+02
2.451903575733226148e+02 3.334286862193651757e+01 1.373760546404178342e+02
2.453457613499397212e+02 3.357067095218963715e+01 1.379364403374849246e+02
2.453723583768581875e+02 3.344941743672157486e+01 1.376171153073523499e+02
2.450926476496584883e+02 3.274238650060264888e+01 1.369128163921253645e+02
2.449255926074728791e+02 3.266171153073523215e+01 1.366174367215749328e+02
2.448388107673764580e+02 3.258987545198875324e+01 1.362769787063077445e+02
2.448932101245480055e+02 3.247055042185616713e+01 1.367053435114503941e+02
2.447856970670952137e+02 3.255588589795098642e+01 1.364093210124547966e+02
2.447533145841703401e+02 3.211289674568099883e+01 1.363136199276817990e+02
2.445943752511048501e+02 3.162032944957814351e+01 1.362204901566894364e+02
2.445176376054640457e+02 3.181599035757332317e+01 1.362936118923262256e+02
2.445172358376858313e+02 3.167143431096825879e+01 1.361082362394535892e+02
2.444666130976295619e+02 3.159075934110084205e+01 1.362312575331458504e+02
2.445201285656890207e+02 3.179196464443551662e+01 1.364513459220570439e+02
2.445357171554841216e+02 3.183599839292888589e+01 1.361566090799517781e+02
2.447529931699477572e+02 3.204515869827239527e+01 1.366117316191241571e+02
2.448265970269184493e+02 3.221591000401767957e+01 1.372085174768983507e+02
2.448598633989554116e+02 3.215652872639614657e+01 1.369469666532744156e+02
2.449414222579349030e+02 3.269875451988750825e+01 1.370742466854158295e+02
2.447537967055042145e+02 3.198425070309361118e+01 1.363012454801124989e+02
2.446447569304941680e+02 3.165600642828445288e+01 1.355066291683407087e+02
2.447454399357171440e+02 3.170622740056247579e+01 1.360091603053434994e+02
2.446612294094013578e+02 3.164250703093611961e+01 1.359515468059461512e+02
2.447401366010445827e+02 3.207617517075130564e+01 1.365295299316994715e+02
2.447703495379670642e+02 3.217107271996786011e+01 1.357322619525914149e+02
2.447933306548814869e+02 3.227689835275210584e+01 1.366310164724789047e+02
2.448700683005222913e+02 3.215018079550019792e+01 1.361369224588188160e+02
2.447337886701486411e+02 3.189835275210928245e+01 1.358101245480112595e+02
2.447280032141422339e+02 3.180835676978706417e+01 1.350512655685014067e+02
2.446539975893933274e+02 3.179236641221374171e+01 1.359325833668139865e+02
2.447143431096826021e+02 3.174527922860586671e+01 1.353139413419043819e+02
2.447241462434712673e+02 3.166428284451587061e+01 1.349854560064282794e+02
2.446015267175572490e+02 3.147416633186018586e+01 1.349644033748493257e+02
2.444805946163117767e+02 3.118923262354359238e+01 1.341886701486540687e+02
2.443907593411008463e+02 3.111916432302129465e+01 1.344180795500200816e+02
2.444502209722780321e+02 3.106082764162314191e+01 1.348261952591402064e+02
2.443041382081157167e+02 3.112503013258336537e+01 1.340027320208919264e+02
2.442888710325431987e+02 3.097372438730413791e+01 1.341901968662113234e+02
2.446184813177983131e+02 3.087488951386098890e+01 1.336114102049015742e+02
2.446114102049015742e+02 3.131562876657292094e+01 1.342018481317798262e+02
2.446141422257935005e+02 3.123824829248694357e+01 1.343799919646444323e+02
2.446051426275612641e+02 3.118441141020490193e+01 1.344817195660907885e+02
2.447329851345922123e+02 3.136207312173563722e+01 1.350572920851747654e+02
2.447728404981920391e+02 3.161285656890317242e+01 1.348047408597830383e+02
2.448101245480112595e+02 3.158079550020088533e+01 1.348654881478505558e+02
2.448576938529529912e+02 3.174977902772197780e+01 1.349631177179590225e+02
2.449026114905584564e+02 3.170976295701084879e+01 1.353511450381679424e+02
2.449209321012454836e+02 3.165624748895138652e+01 1.351976697468863051e+02
2.449305745279228574e+02 3.171153073523503352e+01 1.358188830855765445e+02
2.447986339895540482e+02 3.140096424266773667e+01 1.351635194857372539e+02
2.448969063881076806e+02 3.153451185214945696e+01 1.352413017276014386e+02
2.447551627159501777e+02 3.147143431096825950e+01 1.354566492567296052e+02
2.447822418642024900e+02 3.163728404981920406e+01 1.353959019686621161e+02
2.449722780233025219e+02 3.227649658497388430e+01 1.361796705504218608e+02
2.451674568099638520e+02 3.269819204499798815e+01 1.363160305343511425e+02
2.451890719164323116e+02 3.301960626757733763e+01 1.368988348734431497e+02
2.451783848935315291e+02 3.251876255524307169e+01 1.365487344314985876e+02
2.451145038167938992e+02 3.270807553234230625e+01 1.362416231418240216e+02
2.451651265568501401e+02 3.272551225391723762e+01 1.366412213740458128e+02
2.451074327038971603e+02 3.271177179590196715e+01 1.361422257934913489e+02
2.450413017276014500e+02 3.246291683406990813e+01 1.356081157091201419e+02
2.450241864202490945e+02 3.243704298915226758e+01 1.360418642024909559e+02
2.448606669345118405e+02 3.220594616311771574e+01 1.354355162715950200e+02
2.449386902370429766e+02 3.216183206106870074e+01 1.356790678987545107e+02
2.447990357573322626e+02 3.224170349537966729e+01 1.361072719967858689e+02
2.447357171554841386e+02 3.241157091201285567e+01 1.355688228204097925e+02
2.448801928485335395e+02 3.246701486540779769e+01 1.358282040980313354e+02
2.447052631578947341e+02 3.247440739252711950e+01 1.355308155885898032e+02
2.446455604660506253e+02 3.174383286460425779e+01 1.350904781036560962e+02
2.446602651667336374e+02 3.165592607472880715e+01 1.353562876657292122e+02
2.448279630373644125e+02 3.210092406588991309e+01 1.362456408196062796e+02
2.446748895138609896e+02 3.226621132985134466e+01 1.355565287263961523e+02
2.447554841301727606e+02 3.229481719566090447e+01 1.361192446765769262e+02
2.448671755725190735e+02 3.248260345520289150e+01 1.364294897549216614e+02
2.449746886299718653e+02 3.276199276817999362e+01 1.364388107673764523e+02
2.450397750100441954e+02 3.283800723182000780e+01 1.362486139011651289e+02
2.450613097629570234e+02 3.283776617115307062e+01 1.364413820811570872e+02
2.450160707111289753e+02 3.255323423061470578e+01 1.360482924869425574e+02
2.450339092004821282e+02 3.254214543993571596e+01 1.362102049015668968e+02
2.450310968260345419e+02 3.259164323021293797e+01 1.361553234230614748e+02
2.450569706709521824e+02 3.269441542788268151e+01 1.362011249497790288e+02
2.449573322619525868e+02 3.268710325431900543e+01 1.358600241060667031e+02
2.450217758135797510e+02 3.297099236641221154e+01 1.361124949779027702e+02
2.452305343511450246e+02 3.307673764564081864e+01 1.365769385295299401e+02
2.450535958216151187e+02 3.309995982322217856e+01 1.363079951787866548e+02
2.450835676978706203e+02 3.301116914423463555e+01 1.361201285656890434e+02
2.449477701888308445e+02 3.249393330654881140e+01 1.355169947770188799e+02
2.448539172358376845e+02 3.211201285656890292e+01 1.351662515066291803e+02
2.447088790678987493e+02 3.186894335074326889e+01 1.352016070711129032e+02
2.445549216552832377e+02 3.180257131378063562e+01 1.345251908396946590e+02
2.446994777018882985e+02 3.171104861390116625e+01 1.349004419445560359e+02
2.447597428686219416e+02 3.184130172760144717e+01 1.354620329449578264e+02
2.447416633186018373e+02 3.230180795500201185e+01 1.351643230212936828e+02
2.448233828846926485e+02 3.217002812374447274e+01 1.351296102852551257e+02
2.446650863800723243e+02 3.182089192446765935e+01 1.344232221775813514e+02
2.444666130976295619e+02 3.141896343913218104e+01 1.339615910004017678e+02
2.445496986741663363e+02 3.145785456006428404e+01 1.347420650863800802e+02
2.446521494576134899e+02 3.145439935717155322e+01 1.354883085576536814e+02
2.448829248694254659e+02 3.138256327842507076e+01 1.358335877862595282e+02
2.449783045399758805e+02 3.196504620329449509e+01 1.355689031739654524e+02
2.450301325833668216e+02 3.193322619525914163e+01 1.359579750903977526e+02
2.448593009240658773e+02 3.194423463238248218e+01 1.355079951787866719e+02
2.448339895540377711e+02 3.208774608276416274e+01 1.351999196464443571e+02
2.449965447971072763e+02 3.216625150662916610e+01 1.351947770188830873e+02
2.450233025311370056e+02 3.214881478505424184e+01 1.357043792687826453e+02
2.449377259943752563e+02 3.206597026918441173e+01 1.359248694254720817e+02
2.449761349939734885e+02 3.211747689835275565e+01 1.356353555644837172e+02
2.449868220168742425e+02 3.197460827641623027e+01 1.357107271996785869e+02
2.450288469264764899e+02 3.181623141824025680e+01 1.355288067496986741e+02
2.449610285255122619e+02 3.209843310566492391e+01 1.354178384893531586e+02
2.449640016070711113e+02 3.212269987946966410e+01 1.361789473684210634e+02
2.449625552430695166e+02 3.226468461229409712e+01 1.360078746484531962e+02
2.450193652069104076e+02 3.228388911209321321e+01 1.363701084773001071e+02
2.450618722378465293e+02 3.232261952591402121e+01 1.355673764564081978e+02
2.451125753314584301e+02 3.211603053435114674e+01 1.358544797107271904e+02
2.450733627963037407e+02 3.185078344716753662e+01 1.348984331056649353e+02
2.447599035757332331e+02 3.172663720369626361e+01 1.349544395339493690e+02
2.446359180393732515e+02 3.169666532744074061e+01 1.344139815186821920e+02
2.445774206508638144e+02 3.164250703093611961e+01 1.347571715548413067e+02
2.447400562474889512e+02 3.158224186420249069e+01 1.346101245480112425e+02
2.446650863800723243e+02 3.133949377259943603e+01 1.344031337886701465e+02
2.445846524708718448e+02 3.107673764564081864e+01 1.342515066291683468e+02
2.447418240257131288e+02 3.103929288871032455e+01 1.345938127762153442e+02
2.447735636801928365e+02 3.115636801928485511e+01 1.345183607874648430e+02
2.448630775411811840e+02 3.164965849738850778e+01 1.346485335476094747e+02
2.450211329851345852e+02 3.198987545198875182e+01 1.355192446765769319e+02
2.449575733226195382e+02 3.199083969465648991e+01 1.355434310968260263e+02
2.448736842105263065e+02 3.193941341904379172e+01 1.350851747689835349e+02
2.449786259541984634e+02 3.207545198875050119e+01 1.349489754921655162e+02
2.450991562876657213e+02 3.205729208517477247e+01 1.353758939333065427e+02
2.449626355966251481e+02 3.209353153877059128e+01 1.351099236641221353e+02
2.450985134592205839e+02 3.208726396143029547e+01 1.345586179188429128e+02
2.450519887505022041e+02 3.215468059461630901e+01 1.345855363599839336e+02
2.451362796303736502e+02 3.230944154278827085e+01 1.345202089192446806e+02
2.451068702290076260e+02 3.230654881478505303e+01 1.350663720369626333e+02
2.451828043390920016e+02 3.245986339895540596e+01 1.341122539172358472e+02
2.452035355564483723e+02 3.252511048613901323e+01 1.349693049417436725e+02
2.452991562876657383e+02 3.259325030132583123e+01 1.349105664925672841e+02
2.452293290478103529e+02 3.249473684210526159e+01 1.346306950582563218e+02
2.452296504620329358e+02 3.203246283648051218e+01 1.344412213740457958e+02
2.453116914423463299e+02 3.219132181599035647e+01 1.346549618320610762e+02
2.451960626757733905e+02 3.188629971876255453e+01 1.345478505423864988e+02
2.450362394535958117e+02 3.154833266372036960e+01 1.339288067496986798e+02
2.447884290879871401e+02 3.139839292888710176e+01 1.330832462836480374e+02
2.448509441542788352e+02 3.127521092808356684e+01 1.339046203294495854e+02
2.447402973081558741e+02 3.099959823222177491e+01 1.335135395741261561e+02
2.445636801928485227e+02 3.057509039775009896e+01 1.330050622740056383e+02
2.444809160305343596e+02 3.037075130574528004e+01 1.322639614302932785e+02
2.442983527521092810e+02 2.996263559662515163e+01 1.321789473684210634e+02
2.445006026516673501e+02 3.014367215749296847e+01 1.323184411410204859e+02
2.446738449176376093e+02 3.063977501004419324e+01 1.336926476496585110e+02
