2.549556962025316409e+02 9.738630609896432588e+01 3.271357882623705393e+01
2.531890678941311990e+02 5.738354430379747129e+01 1.451655926352128745e+02
2.534414269275028744e+02 1.005186421173762881e+02 1.616545454545454561e+02
2.532531645569620196e+02 9.232669735327962712e+01 1.557729574223245095e+02
2.532976985040276077e+02 9.316156501726122485e+01 1.556591484464902067e+02
2.543711162255466149e+02 1.248365937859608721e+02 1.786211737629459151e+02
2.547634062140391222e+02 1.459227848101265863e+02 1.930952819332566150e+02
2.547369390103567355e+02 1.440121979286536202e+02 1.910530494821634022e+02
2.547582278481012565e+02 1.451014959723820539e+02 1.917884925201380781e+02
2.548240506329113941e+02 1.528204833141541883e+02 1.967173762945914746e+02
2.548586881472957373e+02 1.593516685845799827e+02 2.006989643268124155e+02
2.548477560414269192e+02 1.568588032220943660e+02 2.003887226697353299e+02
2.548563866513233620e+02 1.587094361334867756e+02 2.010502876869965405e+02
2.548730724971231325e+02 1.591873417721519104e+02 2.015107019562715891e+02
2.548808975834292312e+02 1.633275028768699713e+02 2.018050632911392483e+02
2.549021864211737523e+02 1.638402761795166782e+02 2.027044879171461389e+02
2.549082853855005624e+02 1.641785960874568389e+02 2.022655926352128972e+02
2.548978135788262307e+02 1.643370540851553585e+02 2.012164556962025301e+02
2.549013808975834365e+02 1.649447640966628228e+02 2.021737629459148309e+02
2.549014959723820368e+02 1.654636363636363683e+02 2.017707710011507345e+02
2.549269275028768789e+02 1.655896432681242914e+02 2.004757192174913598e+02
2.549186421173762938e+02 1.655730724971231211e+02 2.003535097813578716e+02
2.549154200230149456e+02 1.666815880322209296e+02 2.007782508630609755e+02
2.549209436133486690e+02 1.677627157652474068e+02 2.014289988492520251e+02
2.549329113924050603e+02 1.686974683544303844e+02 2.012416570771001147e+02
2.549433831990793919e+02 1.702345224395857315e+02 2.018936708860759381e+02
2.549388952819332701e+02 1.702036823935558232e+02 2.013021864211737579e+02
2.549505178365937752e+02 1.708528193325661562e+02 2.009894131185270396e+02
2.549471806674338268e+02 1.709084004602991911e+02 2.018277330264672003e+02
2.549319907940161158e+02 1.715271576524741022e+02 2.021133486766398164e+02
2.549140391254315432e+02 1.721479861910241596e+02 1.999932105868814745e+02
2.549046029919447562e+02 1.722696202531645611e+02 2.011915995397008032e+02
2.549052934407364717e+02 1.729180667433832070e+02 2.003434982738780263e+02
2.548762945914844522e+02 1.716444188722669821e+02 2.003791714614499426e+02
2.548880322209436144e+02 1.695321058688147389e+02 1.978191024165707574e+02
2.548983889528193458e+02 1.686360184119677683e+02 1.983510932105868676e+02
2.549146144994246299e+02 1.679255466052934480e+02 1.975096662830840160e+02
2.549307249712313137e+02 1.681001150747986230e+02 1.979097813578826219e+02
2.549363636363636374e+02 1.673173762945914973e+02 1.955653624856156512e+02
2.549307249712313137e+02 1.668192174913693862e+02 1.959270425776754792e+02
2.549284234752589100e+02 1.670895281933256626e+02 1.967991944764096672e+02
2.549263521288837637e+02 1.676731875719217442e+02 1.973156501726122087e+02
2.549150747986191163e+02 1.681660529344073609e+02 1.970394706559263511e+02
2.549237054085155307e+02 1.682556962025316523e+02 1.963428078250863109e+02
2.549341772151898624e+02 1.675764096662830980e+02 1.958771001150747963e+02
2.549372842347525818e+02 1.677866513233601893e+02 1.965850402761795124e+02
2.549353279631760643e+02 1.680309551208285370e+02 1.960210586881472921e+02
2.549367088607594951e+02 1.674042577675488985e+02 1.966903337169160011e+02
2.549383199079401550e+02 1.677905638665132244e+02 1.971785960874568389e+02
2.549132336018411991e+02 1.687911392405063395e+02 1.972034522439585658e+02
2.549313003452244004e+02 1.697390103567318818e+02 1.972937859608745725e+02
2.549327963176064316e+02 1.707512082853855020e+02 1.976088607594936661e+02
2.549314154200230291e+02 1.717339470655926448e+02 1.985623705408515605e+02
2.549433831990793919e+02 1.717431530494821743e+02 1.982891829689297936e+02
2.549449942462600802e+02 1.700048331415420080e+02 1.963751438434982788e+02
2.549133486766398278e+02 1.659003452243958634e+02 1.945589182968929833e+02
2.549115074798619105e+02 1.641761795166858349e+02 1.930878020713463741e+02
2.549095512082853929e+02 1.641439585730724957e+02 1.946887226697353412e+02
2.549249712313003329e+02 1.640308400460299083e+02 1.933505178365937809e+02
2.549245109321058749e+02 1.642970080552358922e+02 1.930424626006904418e+02
2.549140391254315432e+02 1.643640966628308320e+02 1.930901035673187494e+02
2.549154200230149456e+02 1.637073647871116293e+02 1.929054085155351004e+02
2.549226697353279576e+02 1.625423475258918415e+02 1.916983889528193288e+02
2.549192174913693805e+02 1.602790563866513196e+02 1.900119677790563912e+02
2.549269275028768789e+02 1.594626006904487951e+02 1.886980437284234711e+02
2.549269275028768789e+02 1.590665132336018530e+02 1.895658227848101376e+02
2.549372842347525818e+02 1.602405063291139129e+02 1.910636363636363626e+02
2.549303797468354560e+02 1.657746835443037980e+02 1.927867663981587896e+02
2.549331415420022893e+02 1.654255466052934480e+02 1.915377445339470626e+02
2.549315304948216294e+02 1.670423475258918415e+02 1.933539700805523580e+02
2.549401611047180722e+02 1.688807825086306025e+02 1.927132336018412104e+02
2.549280782508630523e+02 1.720616800920598450e+02 1.960169159953969995e+02
2.549325661680092026e+02 1.743252013808975960e+02 1.979881472957422375e+02
2.549500575373993172e+02 1.762630609896432645e+02 1.985696202531645440e+02
2.549489067894131153e+02 1.769467203682393688e+02 1.998575373993095639e+02
2.549265822784810211e+02 1.770652474108170225e+02 1.986012658227847965e+02
2.549220943613348709e+02 1.770845799769850544e+02 1.989210586881472977e+02
2.549304948216340563e+02 1.771608745684694952e+02 1.988483314154200343e+02
2.549417721518987321e+02 1.754280782508630523e+02 1.978417721518987378e+02
2.549271576524741079e+02 1.718611047180667413e+02 1.955856156501725991e+02
2.549186421173762938e+02 1.693425776754890819e+02 1.943838895281933219e+02
2.549177215189873493e+02 1.677672036823935571e+02 1.933395857307249628e+02
2.549067894131185312e+02 1.667983889528193231e+02 1.924373993095512105e+02
2.549097813578826219e+02 1.665474108170310785e+02 1.924317606444188584e+02
2.549051783659378714e+02 1.663758342922899942e+02 1.932731875719217385e+02
2.549073647871116179e+02 1.675922899884925243e+02 1.940994246260069076e+02
2.549149597238204876e+02 1.683462600690448880e+02 1.939537399309551233e+02
2.549142692750287722e+02 1.689696202531645497e+02 1.948095512082853986e+02
2.549131185270425703e+02 1.699316455696202581e+02 1.949212888377445267e+02
2.549234752589183017e+02 1.704806674338319965e+02 1.963243958573072518e+02
2.549037974683544405e+02 1.705935558112773265e+02 1.963930955120828514e+02
2.549109321058688238e+02 1.714601841196777912e+02 1.969649021864211704e+02
2.549072497123130177e+02 1.725255466052934423e+02 1.968089758342922835e+02
2.549333716915995467e+02 1.728904487917146184e+02 1.978040276179516752e+02
2.549142692750287722e+02 1.742676639815880435e+02 1.978168009205983822e+02
2.549222094361334996e+02 1.753344073647871255e+02 1.989757192174913598e+02
2.549361334867664084e+02 1.768224395857307343e+02 1.993738780207134766e+02
2.549104718066743374e+02 1.783455696202531726e+02 2.013131185270425760e+02
2.549194476409666379e+02 1.796283084004602983e+02 2.018353279631760699e+02
2.549089758342922778e+02 1.804700805523590361e+02 2.023101265822784853e+02
2.549192174913693805e+02 1.810438434982738727e+02 2.027522439585730751e+02
2.549096662830839932e+02 1.814143843498274009e+02 2.008421173762945955e+02
2.549215189873417842e+02 1.803486766398158920e+02 2.008995397008055193e+02
2.549143843498274009e+02 1.779429228998849339e+02 2.001346375143843375e+02
2.549199079401610959e+02 1.773462600690448880e+02 1.984402761795166725e+02
2.549321058688147161e+02 1.777978135788262364e+02 1.999491369390103443e+02
2.549281933256616810e+02 1.787228998849251980e+02 2.008963176064441996e+02
2.549263521288837637e+02 1.786033371691599427e+02 2.013393555811277338e+02
2.549434982738780207e+02 1.808589182968929663e+02 2.016846950517836490e+02
2.549468354430379691e+02 1.822349827387802179e+02 2.029133486766398278e+02
2.549298043728423409e+02 1.815057537399309524e+02 2.023032220943613311e+02
2.549390103567318704e+02 1.817975834292290074e+02 2.025139240506329088e+02
2.549433831990793919e+02 1.819484464902186289e+02 2.019592635212888467e+02
2.549344073647871198e+02 1.825817031070195640e+02 2.025154200230149684e+02
2.549474108170310842e+02 1.839728423475258978e+02 2.033527042577675559e+02
2.549531645569620366e+02 1.848912543153049342e+02 2.046413118527042627e+02
2.549410817031070167e+02 1.843228998849251923e+02 2.044936708860759609e+02
2.549400460299194435e+02 1.843559263521288756e+02 2.047505178365937866e+02
2.549584579976985026e+02 1.842157652474108147e+02 2.041978135788262421e+02
2.549654775604142571e+02 1.846043728423475159e+02 2.034998849252013713e+02
2.549246260069044752e+02 1.854584579976985026e+02 2.031447640966628398e+02
2.549250863060989616e+02 1.848901035673187607e+02 2.026449942462600688e+02
2.549376294591484395e+02 1.841608745684694952e+02 2.018013808975834422e+02
2.549422324510932185e+02 1.836959723820483248e+02 2.028731875719217612e+02
2.549441887226697361e+02 1.837163406214039014e+02 2.023930955120828514e+02
2.549593785960874470e+02 1.836629459148446415e+02 2.022850402761795294e+02
2.549624856156501664e+02 1.837660529344073552e+02 2.023510932105868676e+02
2.549614499424625933e+02 1.825205983889528056e+02 2.022628308400460355e+02
2.549644418872266840e+02 1.804378596087456970e+02 2.008843498273878083e+02
2.549268124280782502e+02 1.786035673187572002e+02 1.998210586881473034e+02
2.549261219792865347e+02 1.775758342922899828e+02 1.990147295742232529e+02
2.549065592635213022e+02 1.760589182968929833e+02 1.984329113924050603e+02
2.549156501726122031e+02 1.750240506329113828e+02 1.962536248561565060e+02
2.549084004602991911e+02 1.747288837744534078e+02 1.965227848101265806e+02
2.549062140391254445e+02 1.758811277330264602e+02 1.968765247410817096e+02
2.549202531645569536e+02 1.754973532796317670e+02 1.980205983889528056e+02
2.549124280782508549e+02 1.756470655926352151e+02 1.977484464902186403e+02
2.549242807825086174e+02 1.754843498273878026e+02 1.970260069044879288e+02
2.549352128883774355e+02 1.755583429228998966e+02 1.967220943613348538e+02
2.549296892980437406e+02 1.759689298043728343e+02 1.974835443037974585e+02
2.549161104718066611e+02 1.759516685845799771e+02 1.972879171461449914e+02
2.549292289988492541e+02 1.771295742232451005e+02 1.977093210586881469e+02
2.549261219792865347e+02 1.776613348676639816e+02 1.972890678941311933e+02
2.549350978135788353e+02 1.785088607594936718e+02 1.983728423475259035e+02
2.549552359033371829e+02 1.791563866513233734e+02 1.996158803222094491e+02
2.549507479861910326e+02 1.803544303797468444e+02 2.005631760644418762e+02
2.549434982738780207e+02 1.815164556962025415e+02 2.011672036823935628e+02
2.549464902186421114e+02 1.822372842347525932e+02 2.012246260069044865e+02
2.549449942462600802e+02 1.827765247410817153e+02 2.008414269275028801e+02
2.549342922899884911e+02 1.820135788262370511e+02 2.020414269275028687e+02
2.549393555811277281e+02 1.817403912543153126e+02 2.003964326812427998e+02
2.549430379746835342e+02 1.792422324510932015e+02 1.987559263521288813e+02
2.549154200230149456e+02 1.763565017261219907e+02 1.975498273878020825e+02
2.549264672036823924e+02 1.755863060989643145e+02 1.973110471806674298e+02
2.549260069044879060e+02 1.752005753739931038e+02 1.980112773302646758e+02
2.549123130034522546e+02 1.758398158803222202e+02 1.980830840046029948e+02
2.548986191024165748e+02 1.765064441887226678e+02 1.996819332566167873e+02
2.549113924050632818e+02 1.776165707710011645e+02 2.003993095512082903e+02
2.549143843498274009e+02 1.787535097813578773e+02 1.999479861910241709e+02
2.549205983889528113e+02 1.784144994246260012e+02 1.995948216340621286e+02
2.549276179516685943e+02 1.790347525891829719e+02 2.000264672036823868e+02
2.549310701956271714e+02 1.796686996547755939e+02 2.013585730724971370e+02
2.549224395857307286e+02 1.802796317606444063e+02 2.017096662830840046e+02
2.549265822784810211e+02 1.810888377445339472e+02 2.011606444188722662e+02
2.549283084004603097e+02 1.808495972382048365e+02 2.018227848101265920e+02
2.549369390103567241e+02 1.822020713463751349e+02 2.018192174913693862e+02
2.549421173762945898e+02 1.826845799769850487e+02 2.033490218642117497e+02
2.549581127733026449e+02 1.832616800920598337e+02 2.036743383199079460e+02
2.549497123130034595e+02 1.832432681242807746e+02 2.033605293440736546e+02
2.549432681242807917e+02 1.839776754890679058e+02 2.034889528193325532e+02
2.549456846950517956e+02 1.843835443037974642e+02 2.031347525891829662e+02
2.549421173762945898e+02 1.847063291139240562e+02 2.038048331415419909e+02
2.549468354430379691e+02 1.843820483314154330e+02 2.036556962025316579e+02
2.549469505178365978e+02 1.831744533947065463e+02 2.031101265822784683e+02
2.549344073647871198e+02 1.803146144994246356e+02 2.019387802071346414e+02
2.549283084004603097e+02 1.766197928653624842e+02 1.997640966628308377e+02
2.549043728423475272e+02 1.752794016110471773e+02 1.975861910241657142e+02
2.549148446490218589e+02 1.742032220943613368e+02 1.980540851553509754e+02
2.549170310701956339e+02 1.732882623705408491e+02 1.984036823935558118e+02
2.549049482163406140e+02 1.731200230149597132e+02 1.974973532796317670e+02
2.549334867663981470e+02 1.729102416570771084e+02 1.974525891829689215e+02
2.549330264672036890e+02 1.730840046029919392e+02 1.973743383199079346e+02
2.549291139240506254e+02 1.733454545454545439e+02 1.986292289988492428e+02
2.549345224395857201e+02 1.742254315304948307e+02 1.984059838895281871e+02
2.549432681242807917e+02 1.752388952819332530e+02 1.984676639815880321e+02
2.549469505178365978e+02 1.768582278481012793e+02 2.002689298043728456e+02
2.549448791714614515e+02 1.772533947065592770e+02 1.989395857307249571e+02
2.549432681242807917e+02 1.775012658227848021e+02 1.998965477560414286e+02
2.549387802071346414e+02 1.778646720368239471e+02 2.008292289988492598e+02
2.549309551208285427e+02 1.789632911392405106e+02 2.003276179516685715e+02
2.549508630609896329e+02 1.800897583429228916e+02 2.019905638665132415e+02
2.549532796317606369e+02 1.811393555811277452e+02 2.013844649021864086e+02
2.549560414269274986e+02 1.817049482163406253e+02 2.022765247410817153e+02
2.549563866513233563e+02 1.822316455696202411e+02 2.028037974683544178e+02
2.549576524741081585e+02 1.835161104718066838e+02 2.026172612197928515e+02
2.549558112773302696e+02 1.841058688147295754e+02 2.035582278481012679e+02
2.549472957422324555e+02 1.841215189873417728e+02 2.030920598388952953e+02
2.549506329113924039e+02 1.844807825086305968e+02 2.033200230149597303e+02
2.549522439585730638e+02 1.835192174913694032e+02 2.022233601841196844e+02
2.549336018411967757e+02 1.809493670886076018e+02 2.012327963176064429e+02
2.549507479861910326e+02 1.784182968929804360e+02 1.989890678941311819e+02
2.549461449942462536e+02 1.777706559263521342e+02 1.993447640966628285e+02
2.549398158803222145e+02 1.786247410817031209e+02 1.996886075949367125e+02
2.549340621403912621e+02 1.785294591484464775e+02 1.991915995397008032e+02
2.549247410817031039e+02 1.781849252013809064e+02 1.989718066743383247e+02
2.549171461449942342e+02 1.786887226697353412e+02 2.000719217491369477e+02
2.549294591484464831e+02 1.796947065592635226e+02 2.002920598388952840e+02
2.549334867663981470e+02 1.809850402761795181e+02 2.018057537399309638e+02
2.549405063291139300e+02 1.815856156501725991e+02 2.017334867663981584e+02
2.549491369390103443e+02 1.826660529344073609e+02 2.020529344073647735e+02
2.549399309551208148e+02 1.831785960874568389e+02 2.020429228998849283e+02
2.549558112773302696e+02 1.830654775604142799e+02 2.020141542002301378e+02
2.549563866513233563e+02 1.825219792865362365e+02 2.020623705408515605e+02
2.549645569620253127e+02 1.816976985040276134e+02 2.014301495972381986e+02
2.549532796317606369e+02 1.812278481012658347e+02 2.005880322209436031e+02
2.549666283084004590e+02 1.813272727272727138e+02 2.001052934407364887e+02
2.549482163406213999e+02 1.811233601841196901e+02 2.006069044879171486e+02
2.549400460299194435e+02 1.812874568469505050e+02 2.007555811277330235e+02
2.549536248561564946e+02 1.813988492520138038e+02 2.008062140391254218e+02
2.549629459148446529e+02 1.822029919447641078e+02 2.008558112773302753e+02
2.549495972382048308e+02 1.831071346375143776e+02 2.025074798619102410e+02
2.549411967779056454e+02 1.845759493670886116e+02 2.036768699654775503e+02
2.549553509781357832e+02 1.850430379746835570e+02 2.039811277330264545e+02
2.549422324510932185e+02 1.825238204833141538e+02 2.029579976985040162e+02
2.549291139240506254e+02 1.801384349827387723e+02 2.020306098964326793e+02
2.549278481012658233e+02 1.790787111622554733e+02 2.020191024165707745e+02
2.549362485615650087e+02 1.778914844649021916e+02 2.016026467203682273e+02
2.549368239355581238e+02 1.775982738780207058e+02 2.008327963176064372e+02
2.549269275028768789e+02 1.778215189873417614e+02 2.013895281933256740e+02
2.549327963176064316e+02 1.782874568469505050e+02 2.016437284234752667e+02
2.549405063291139300e+02 1.791423475258918359e+02 2.026606444188722662e+02
2.549437284234752497e+02 1.794942462600690476e+02 2.032266973532796328e+02
2.549508630609896329e+02 1.809512082853854906e+02 2.029070195627157602e+02
2.549325661680092026e+02 1.817917146144994263e+02 2.041569620253164601e+02
2.549498273878020598e+02 1.823537399309551290e+02 2.044121979286536259e+02
2.549518987341772061e+02 1.834141542002301435e+02 2.044940161104718186e+02
2.549432681242807917e+02 1.840010356731875731e+02 2.049232451093210727e+02
2.549429228998849339e+02 1.847411967779056283e+02 2.050414269275028687e+02
2.549508630609896329e+02 1.848484464902186346e+02 2.044750287686996444e+02
2.549469505178365978e+02 1.850615650172612163e+02 2.040168009205983992e+02
2.549391254315304991e+02 1.848988492520138038e+02 2.050322209436133392e+02
2.549429228998849339e+02 1.844354430379746930e+02 2.048723820483314171e+02
2.549332566168009180e+02 1.847873417721519047e+02 2.040490218642117384e+02
2.549299194476409696e+02 1.840918296892980379e+02 2.038493670886076075e+02
2.549472957422324555e+02 1.839834292289988582e+02 2.047383199079401663e+02
2.549454545454545382e+02 1.832149597238204706e+02 2.043158803222094377e+02
2.549434982738780207e+02 1.812125431530494950e+02 2.025364787111622604e+02
2.549437284234752497e+02 1.796211737629459151e+02 2.014232451093210727e+02
2.549411967779056454e+02 1.789922899884925300e+02 2.021205983889528284e+02
2.549394706559263568e+02 1.784469505178365978e+02 2.021430379746835513e+02
2.549441887226697361e+02 1.783937859608745669e+02 2.020611047180667299e+02
2.549482163406213999e+02 1.772075949367088583e+02 2.021855005753739931e+02
2.549477560414269135e+02 1.769637514384349686e+02 2.022890678941311933e+02
2.549459148446490246e+02 1.762895281933256513e+02 2.020302646720368216e+02
2.549385500575374124e+02 1.755209436133486633e+02 2.019737629459148422e+02
2.549574223245109295e+02 1.762675489067894148e+02 2.021423475258918359e+02
2.549308400460299140e+02 1.771993095512082732e+02 2.037902186421173667e+02
2.549227848101265863e+02 1.781663981588032186e+02 2.038453394706559152e+02
2.549394706559263568e+02 1.792691599539700746e+02 2.049657077100115146e+02
2.549411967779056454e+02 1.799378596087456970e+02 2.046883774453394835e+02
2.549301495972381986e+02 1.799087456846950488e+02 2.042843498273878140e+02
2.549219792865362422e+02 1.784644418872266840e+02 2.047590333716916007e+02
2.549379746835442972e+02 1.780781357882623581e+02 2.032835443037974699e+02
2.549342922899884911e+02 1.787980437284234654e+02 2.035232451093210670e+02
2.549440736478711074e+02 1.798028768699654734e+02 2.033544303797468444e+02
2.549263521288837637e+02 1.799309551208285427e+02 2.045309551208285370e+02
2.549287686996547677e+02 1.799749136939010441e+02 2.052819332566168100e+02
2.549334867663981470e+02 1.792552359033371658e+02 2.039724971231300401e+02
2.549029919447640964e+02 1.760370540851553471e+02 2.010713463751438326e+02
2.548904487917146184e+02 1.732257767548906884e+02 1.994785960874568502e+02
2.548845799769850373e+02 1.721187571921749111e+02 1.996542002301495984e+02
2.548840046029919506e+02 1.705327963176064543e+02 1.987594936708860871e+02
2.548899884925201320e+02 1.699963176064441939e+02 1.983551208285385599e+02
2.548805523590333735e+02 1.695048331415420080e+02 1.977363636363636488e+02
2.548955120828538554e+02 1.702087456846950602e+02 1.988237054085155364e+02
2.548958573072497131e+02 1.714744533947065577e+02 1.992286536248561504e+02
2.549063291139240448e+02 1.726376294591484566e+02 2.006058688147295754e+02
2.549127733026467126e+02 1.735219792865362365e+02 2.012937859608745725e+02
2.549133486766398278e+02 1.743177215189873550e+02 2.011270425776754962e+02
2.549039125431530408e+02 1.756780207134637521e+02 2.007441887226697474e+02
2.549055235903337291e+02 1.759592635212888467e+02 2.011542002301495984e+02
2.549136939010356855e+02 1.771607594936708949e+02 2.022506329113924153e+02
2.549393555811277281e+02 1.771917146144994319e+02 2.015784810126582158e+02
2.549416570771001034e+02 1.759909090909090992e+02 2.016032220943613424e+02
2.549459148446490246e+02 1.750384349827387780e+02 2.010186421173762881e+02
2.549554660529344119e+02 1.751443037974683534e+02 2.006683544303797362e+02
2.549466052934407401e+02 1.755754890678941251e+02 2.007986191024165805e+02
2.549420023014959611e+02 1.757668584579976994e+02 2.011406214039125473e+02
2.549210586881472977e+02 1.760502876869965405e+02 2.017049482163406253e+02
2.548975834292290017e+02 1.766359033371691680e+02 2.020208285385500631e+02
2.548987341772152035e+02 1.760802071346375044e+02 2.024685845799769766e+02
2.549081703107019621e+02 1.728829689298043775e+02 2.001159953970080494e+02
2.548964326812427998e+02 1.697493670886075847e+02 1.992883774453394778e+02
2.548963176064441996e+02 1.693035673187571888e+02 1.989936708860759609e+02
2.549060989643268158e+02 1.694518987341772061e+02 1.971994246260069019e+02
2.549245109321058749e+02 1.693684695051783535e+02 1.981766398158803213e+02
2.549104718066743374e+02 1.691179516685845670e+02 1.978003452243958691e+02
2.549173762945914916e+02 1.691612197928653529e+02 1.981157652474108204e+02
2.549238204833141594e+02 1.698775604142692828e+02 1.973429228998849112e+02
2.549211737629459265e+02 1.705851553509781411e+02 1.972607594936708892e+02
2.549285385500575387e+02 1.716825086306099024e+02 1.974243958573072462e+02
2.549111622554660528e+02 1.719682393555811188e+02 1.973611047180667413e+02
2.549189873417721515e+02 1.724219792865362422e+02 1.983483314154200343e+02
2.549266973532796214e+02 1.722363636363636488e+02 1.981047180667433736e+02
2.549166858457997762e+02 1.729684695051783763e+02 1.988963176064441996e+02
2.549201380897583533e+02 1.728605293440736546e+02 1.986107019562715834e+02
2.549089758342922778e+02 1.740057537399309524e+02 1.979814729574223122e+02
2.549289988492520251e+02 1.747686996547756166e+02 1.996891829689297992e+02
2.549401611047180722e+02 1.764767548906789330e+02 2.007049482163406253e+02
2.549409666283083880e+02 1.774403912543153012e+02 2.030532796317606312e+02
2.549318757192174871e+02 1.790998849252013940e+02 2.032205983889528227e+02
2.549402761795166725e+02 1.798827387802071485e+02 2.031608745684694952e+02
2.549454545454545382e+02 1.806614499424626104e+02 2.031203682393555709e+02
2.549378596087456970e+02 1.803204833141541883e+02 2.034844649021864313e+02
2.549108170310701951e+02 1.783077100115074813e+02 2.025105868814729604e+02
2.549208285385500687e+02 1.747441887226697474e+02 2.004599539700805622e+02
2.549261219792865347e+02 1.719467203682393688e+02 1.990154200230149684e+02
2.549372842347525818e+02 1.711995397008055306e+02 1.988626006904488008e+02
2.549382048331415547e+02 1.705790563866513310e+02 2.002438434982738897e+02
2.549209436133486690e+02 1.703682393555811245e+02 1.994782508630609925e+02
2.549200230149597246e+02 1.704130034522439701e+02 1.992162255466053011e+02
2.549130034522439701e+02 1.719269275028768789e+02 2.000298043728423352e+02
2.549210586881472977e+02 1.729337169159954044e+02 2.013609896432681126e+02
2.549230149597238153e+02 1.740856156501725991e+02 2.012735327963175962e+02
2.549271576524741079e+02 1.757178365937859610e+02 2.027115074798619219e+02
2.549266973532796214e+02 1.757085155350978027e+02 2.025332566168009123e+02
2.549345224395857201e+02 1.758673187571921801e+02 2.031260069044879231e+02
2.549333716915995467e+02 1.763850402761795237e+02 2.035873417721518877e+02
2.549286536248561674e+02 1.772064441887226565e+02 2.034530494821634079e+02
2.549269275028768789e+02 1.781556962025316579e+02 2.050180667433832014e+02
2.549208285385500687e+02 1.800842347525891967e+02 2.044261219792865347e+02
2.549326812428078313e+02 1.807936708860759438e+02 2.068300345224395755e+02
2.549364787111622661e+02 1.808565017261219907e+02 2.057784810126582329e+02
2.549398158803222145e+02 1.825569620253164658e+02 2.071457997698504130e+02
2.549409666283083880e+02 1.828521288837744407e+02 2.077079401611047160e+02
2.549451093210586805e+02 1.836556962025316579e+02 2.073043728423475329e+02
2.549471806674338268e+02 1.847950517836593747e+02 2.076631760644418989e+02
2.549522439585730638e+02 1.843324510932105795e+02 2.069646720368239414e+02
2.549424626006904475e+02 1.840975834292289903e+02 2.065810126582278485e+02
2.549354430379746930e+02 1.826578826237054045e+02 2.071472957422324441e+02
2.549463751438435111e+02 1.799391254315304991e+02 2.043288837744534021e+02
2.549457997698503959e+02 1.776074798619102353e+02 2.034072497123130177e+02
2.549464902186421114e+02 1.773841196777905509e+02 2.025547756041426908e+02
2.549464902186421114e+02 1.762597238204833161e+02 2.027639815880322089e+02
2.549510932105868903e+02 1.756433831990794090e+02 2.018484464902186346e+02
2.549514384349827480e+02 1.751339470655926220e+02 2.016726121979286575e+02
2.549363636363636374e+02 1.753527042577675559e+02 2.014013808975834365e+02
2.549409666283083880e+02 1.747118527042577796e+02 2.015414269275028687e+02
2.549367088607594951e+02 1.750574223245109238e+02 2.018334867663981527e+02
2.549278481012658233e+02 1.752084004602992025e+02 2.013604142692750258e+02
2.549289988492520251e+02 1.752573072497123121e+02 2.015727272727272634e+02
2.549356731875719220e+02 1.750090909090909008e+02 1.997281933256616924e+02
2.549434982738780207e+02 1.747678941311852725e+02 1.995050632911392370e+02
2.549323360184119736e+02 1.740440736478711301e+02 1.991848101265822777e+02
2.549169159953970052e+02 1.743316455696202638e+02 1.981711162255465979e+02
2.549307249712313137e+02 1.745761795166858406e+02 1.995591484464902123e+02
2.549136939010356855e+02 1.751066743383199196e+02 1.994761795166858462e+02
2.549186421173762938e+02 1.742246260069044865e+02 1.986181818181818244e+02
2.549224395857307286e+02 1.741392405063291164e+02 1.982719217491369363e+02
2.549146144994246299e+02 1.738490218642117497e+02 1.988011507479861848e+02
2.549447640966628228e+02 1.742624856156501778e+02 1.985365937859608607e+02
2.549463751438435111e+02 1.746821634062140447e+02 1.984845799769850316e+02
2.549363636363636374e+02 1.751891829689297992e+02 1.988148446490218646e+02
2.549398158803222145e+02 1.719602991944764199e+02 1.960105868814729604e+02
2.549179516685845783e+02 1.690140391254315375e+02 1.946781357882623809e+02
2.549010356731875788e+02 1.672224395857307115e+02 1.944991944764096559e+02
2.549063291139240448e+02 1.660545454545454618e+02 1.926601841196777798e+02
2.549202531645569536e+02 1.644943613348676763e+02 1.931864211737629375e+02
2.549180667433832070e+02 1.641837744533947046e+02 1.923835443037974642e+02
2.549192174913693805e+02 1.637768699654775730e+02 1.914731875719217555e+02
2.548975834292290017e+02 1.644443037974683648e+02 1.917018411967779059e+02
2.549078250863061044e+02 1.660663981588032243e+02 1.939406214039125302e+02
2.549072497123130177e+02 1.667024165707709926e+02 1.938156501726122087e+02
2.549113924050632818e+02 1.675761795166858406e+02 1.939264672036823924e+02
2.549248561565017326e+02 1.684972382048331383e+02 1.948272727272727138e+02
2.549278481012658233e+02 1.691031070195627137e+02 1.955421173762945841e+02
2.549225546605293573e+02 1.691736478711162306e+02 1.958258918296893114e+02
2.549186421173762938e+02 1.700712313003452323e+02 1.959782508630609925e+02
2.549108170310701951e+02 1.705617951668584453e+02 1.954144994246260012e+02
2.549074798619102467e+02 1.709735327963176132e+02 1.962547756041426794e+02
2.548997698504027483e+02 1.705896432681242914e+02 1.961155350978135914e+02
2.549139240506329145e+02 1.701911392405063168e+02 1.951631760644418989e+02
2.549385500575374124e+02 1.692128883774453527e+02 1.951346375143843375e+02
2.549119677790563969e+02 1.693403912543153069e+02 1.942579976985040275e+02
2.548990794016110613e+02 1.691049482163406310e+02 1.945588032220943546e+02
2.549286536248561674e+02 1.701723820483314285e+02 1.954959723820483362e+02
2.549318757192174871e+02 1.707103567318757200e+02 1.943690448791714687e+02
2.549248561565017326e+02 1.704711162255466093e+02 1.952642117376294664e+02
2.549262370540851634e+02 1.683737629459148479e+02 1.931980437284234711e+02
2.549040276179516695e+02 1.645593785960874698e+02 1.914234752589183017e+02
2.549047180667433850e+02 1.620867663981588009e+02 1.896728423475258865e+02
2.549085155350978198e+02 1.606987341772151865e+02 1.898719217491369307e+02
2.548948216340621400e+02 1.599634062140391393e+02 1.891964326812428112e+02
2.549049482163406140e+02 1.599153049482163453e+02 1.896440736478711244e+02
2.548691599539700690e+02 1.602017261219792772e+02 1.883441887226697418e+02
2.548914844649021916e+02 1.610720368239355480e+02 1.892863060989643316e+02
2.549135788262370568e+02 1.615081703107019564e+02 1.897369390103567355e+02
2.549207134637514400e+02 1.622602991944764028e+02 1.901529344073647962e+02
2.549170310701956339e+02 1.629252013808975903e+02 1.912876869965477624e+02
2.549326812428078313e+02 1.638112773302646588e+02 1.921970080552358979e+02
2.549220943613348709e+02 1.649027617951668674e+02 1.912154200230149570e+02
2.549181818181818073e+02 1.652639815880322089e+02 1.919619102416570797e+02
2.549001150747986060e+02 1.658257767548906827e+02 1.927797468354430350e+02
2.549025316455696100e+02 1.670650172612197935e+02 1.942529344073647906e+02
2.549072497123130177e+02 1.676073647871116350e+02 1.947423475258918302e+02
2.549191024165707802e+02 1.684813578826237119e+02 1.958339470655926391e+02
2.549365937859608664e+02 1.692982738780207228e+02 1.958033371691599598e+02
2.549376294591484395e+02 1.699417721518987321e+02 1.963628308400460298e+02
2.549243958573072462e+02 1.706835443037974755e+02 1.973849252013808950e+02
2.549280782508630523e+02 1.720805523590333621e+02 1.973288837744534021e+02
2.549272727272727366e+02 1.727911392405063395e+02 1.985428078250862995e+02
2.549329113924050603e+02 1.734121979286536259e+02 1.975714614499424613e+02
2.549409666283083880e+02 1.741708860759493689e+02 1.985922899884925243e+02
2.549423475258918188e+02 1.742639815880322089e+02 1.990958573072497018e+02
2.549393555811277281e+02 1.746287686996547848e+02 1.986739930955120883e+02
2.549199079401610959e+02 1.746873417721519104e+02 1.994675489067894034e+02
2.549130034522439701e+02 1.731502876869965348e+02 1.970716915995396903e+02
2.549158803222094321e+02 1.702021864211737636e+02 1.950905638665132358e+02
2.549086306098964201e+02 1.693834292289988355e+02 1.954253164556961906e+02
2.549136939010356855e+02 1.692278481012658347e+02 1.960485615650172520e+02
2.549094361334867642e+02 1.696040276179516582e+02 1.956917146144994319e+02
2.549143843498274009e+02 1.696283084004602983e+02 1.956397008055236029e+02
2.549139240506329145e+02 1.690502876869965405e+02 1.952540851553509640e+02
2.549240506329113884e+02 1.680163406214039128e+02 1.941540851553509697e+02
2.549286536248561674e+02 1.681636363636363569e+02 1.947240506329113998e+02
2.549187571921749225e+02 1.680359033371691737e+02 1.940162255466052841e+02
2.549050632911392427e+02 1.686783659378596099e+02 1.941072497123130063e+02
2.549104718066743374e+02 1.697905638665132244e+02 1.958670886075949227e+02
2.549176064441887206e+02 1.733772151898734251e+02 1.978501726121979232e+02
2.549200230149597246e+02 1.760449942462600745e+02 2.000798619102416467e+02
2.549222094361334996e+02 1.776911392405063168e+02 2.014204833141542110e+02
2.549132336018411991e+02 1.761922899884925187e+02 2.005065592635212965e+02
2.549126582278481123e+02 1.756721518987341710e+02 1.985559263521288926e+02
2.549349827387802065e+02 1.769821634062140276e+02 1.997217491369390245e+02
2.549280782508630523e+02 1.785209436133486633e+02 2.005499424626006828e+02
2.549309551208285427e+02 1.791034522439585714e+02 2.006548906789413138e+02
2.549306098964326850e+02 1.791397008055236029e+02 1.997539700805523637e+02
2.549284234752589100e+02 1.788266973532796271e+02 1.994036823935558118e+02
2.549378596087456970e+02 1.792205983889528227e+02 2.008403912543153069e+02
2.549104718066743374e+02 1.803056386651323351e+02 2.005295742232451062e+02
2.549059838895281871e+02 1.798386651323360184e+02 1.990084004602991854e+02
2.549149597238204876e+02 1.800182968929804304e+02 1.994121979286536259e+02
2.549227848101265863e+02 1.797569620253164544e+02 1.993084004602991968e+02
2.549143843498274009e+02 1.794658227848101149e+02 1.999592635212888467e+02
2.549307249712313137e+02 1.761708860759493689e+02 1.985272727272727309e+02
2.549151898734177166e+02 1.728973532796317727e+02 1.962611047180667470e+02
2.549031070195627251e+02 1.705121979286536202e+02 1.946537399309551120e+02
2.549005753739930924e+02 1.689088607594936775e+02 1.947102416570770913e+02
2.549043728423475272e+02 1.688871116225546700e+02 1.943959723820483418e+02
2.549110471806674241e+02 1.685768699654775560e+02 1.953371691599539588e+02
2.549069044879171599e+02 1.687492520138089844e+02 1.953585730724971370e+02
2.549110471806674241e+02 1.690558112773302639e+02 1.962838895281933276e+02
2.549074798619102467e+02 1.694800920598388814e+02 1.967942462600690590e+02
2.548929804372842227e+02 1.699059838895281871e+02 1.970521288837744578e+02
2.548897583429229030e+02 1.706204833141541997e+02 1.974034522439585828e+02
2.549093210586881355e+02 1.715739930955120940e+02 1.982776754890678887e+02
2.548994246260068905e+02 1.725846950517836547e+02 1.988805523590333735e+02
2.549121979286536259e+02 1.742945914844648883e+02 1.995388952819332644e+02
2.549258918296893057e+02 1.748849252013808950e+02 2.006124280782508720e+02
2.549239355581127597e+02 1.757173762945914746e+02 2.000779056386651291e+02
2.549174913693900919e+02 1.768067894131185369e+02 2.004318757192174871e+02
2.549031070195627251e+02 1.761820483314154160e+02 2.014497123130034595e+02
2.549285385500575387e+02 1.758096662830839989e+02 2.007805523590333792e+02
2.549350978135788353e+02 1.764672036823935457e+02 2.006804372842347561e+02
2.549211737629459265e+02 1.758006904487917268e+02 2.003276179516685715e+02
2.549292289988492541e+02 1.761063291139240619e+02 2.025468354430379634e+02
2.549302646720368273e+02 1.770207134637514343e+02 2.024752589182969018e+02
2.549303797468354560e+02 1.777115074798619219e+02 2.031115074798618991e+02
2.549363636363636374e+02 1.773919447640966496e+02 2.025806674338319908e+02
2.549330264672036890e+02 1.751627157652474125e+02 2.003212888377445324e+02
2.549253164556961906e+02 1.727474108170310672e+02 2.000830840046029948e+02
2.548922899884925073e+02 1.709730724971231268e+02 1.977166858457997591e+02
2.549230149597238153e+02 1.695823935558112794e+02 1.988681242807824958e+02
2.549240506329113884e+02 1.694493670886076018e+02 1.988749136939010498e+02
2.549323360184119736e+02 1.685493670886075961e+02 1.995139240506329088e+02
2.549125431530494836e+02 1.700146144994246242e+02 1.987248561565017155e+02
2.549231300345224440e+02 1.718425776754890819e+02 2.007668584579976994e+02
2.549295742232451119e+02 1.726084004602992081e+02 2.007696202531645611e+02
2.549210586881472977e+02 1.739146144994246299e+02 2.019655926352128859e+02
2.549156501726122031e+02 1.746443037974683534e+02 2.016468354430379861e+02
2.549090909090909065e+02 1.754322209436133448e+02 2.021553509781358002e+02
2.549055235903337291e+02 1.754936708860759609e+02 2.027673187571921858e+02
2.549159953970080608e+02 1.761258918296892944e+02 2.017602991944764028e+02
2.549278481012658233e+02 1.767126582278480953e+02 2.033296892980437178e+02
2.549279631760644520e+02 1.775342922899884854e+02 2.028626006904488008e+02
2.549432681242807917e+02 1.774888377445339529e+02 2.034245109321058749e+02
2.549247410817031039e+02 1.772024165707709926e+02 2.036676639815880208e+02
2.549334867663981470e+02 1.769202531645569536e+02 2.025302646720368216e+02
2.549344073647871198e+02 1.775994246260069076e+02 2.030949367088607573e+02
2.549453394706559379e+02 1.781927502876870051e+02 2.039841196777905736e+02
2.549348676639815778e+02 1.789851553509781468e+02 2.042991944764096672e+02
2.549425776754890762e+02 1.794309551208285427e+02 2.046082853855005794e+02
2.549463751438435111e+02 1.793600690448791681e+02 2.050210586881472921e+02
2.549352128883774355e+02 1.786033371691599427e+02 2.035403912543152956e+02
2.549144994246260012e+02 1.745391254315304934e+02 2.014370540851553528e+02
2.549051783659378714e+02 1.711342922899884798e+02 1.999235903337169020e+02
2.549018411967778945e+02 1.697917146144994263e+02 2.000483314154200229e+02
2.548952819332566264e+02 1.686309551208285313e+02 1.985252013808975846e+02
2.549127733026467126e+02 1.683118527042577739e+02 1.979386651323360127e+02
2.549065592635213022e+02 1.681826237054085027e+02 1.977605293440736602e+02
2.549123130034522546e+02 1.682447640966628342e+02 1.975211737629459208e+02
2.549084004602991911e+02 1.692965477560414342e+02 1.990132336018411934e+02
2.549157652474108033e+02 1.699036823935558118e+02 1.989209436133486690e+02
2.549220943613348709e+02 1.701345224395857372e+02 1.998378596087456742e+02
2.549211737629459265e+02 1.712012658227848192e+02 1.990982738780207058e+02
2.549073647871116179e+02 1.713034522439585601e+02 1.994255466052934480e+02
2.549262370540851634e+02 1.720562715765247503e+02 2.001141542002301605e+02
2.549188722669735228e+02 1.730616800920598450e+02 2.006390103567318874e+02
2.549192174913693805e+02 1.729867663981588066e+02 2.003913693901035629e+02
2.549140391254315432e+02 1.734195627157652382e+02 2.008200230149597303e+02
2.549277330264671946e+02 1.738840046029919506e+02 2.004602991944764199e+02
2.549313003452244004e+02 1.744481012658227712e+02 2.010926352128883821e+02
2.549462600690448824e+02 1.749097813578826219e+02 2.006784810126582386e+02
2.549558112773302696e+02 1.752393555811277395e+02 1.996069044879171486e+02
2.549546605293440678e+02 1.759178365937859496e+02 2.000905638665132358e+02
2.549590333716915893e+02 1.770726121979286631e+02 2.012680092059839012e+02
2.549589182968929890e+02 1.773144994246260069e+02 2.011393555811277452e+02
2.549556962025316409e+02 1.777165707710011588e+02 2.012006904487917041e+02
2.549512082853854906e+02 1.775956271576524728e+02 2.016617951668584681e+02
2.549472957422324555e+02 1.754347525891829775e+02 1.997910241657077108e+02
2.549579976985040162e+02 1.719661680092059726e+02 1.977690448791714743e+02
2.549393555811277281e+02 1.701369390103567412e+02 1.966322209436133619e+02
2.549329113924050603e+02 1.688324510932105795e+02 1.964742232451093287e+02
2.549405063291139300e+02 1.683194476409666152e+02 1.954485615650172576e+02
2.549382048331415547e+02 1.679602991944764199e+02 1.953479861910241766e+02
2.549203682393555823e+02 1.680344073647871141e+02 1.959350978135788353e+02
2.549196777905638669e+02 1.680859608745684568e+02 1.951880322209436258e+02
2.549144994246260012e+02 1.679315304948216294e+02 1.958910241657077052e+02
2.549219792865362422e+02 1.683344073647871255e+02 1.954848101265822891e+02
2.549319907940161158e+02 1.695135788262370511e+02 1.960009205983889444e+02
2.549256616800920483e+02 1.706208285385500574e+02 1.965776754890679001e+02
2.549187571921749225e+02 1.723431530494821686e+02 1.960569620253164658e+02
2.549097813578826219e+02 1.731126582278481010e+02 1.966200230149597132e+02
2.549270425776754792e+02 1.737749136939010270e+02 1.972594936708860871e+02
2.549193325661680092e+02 1.739055235903337291e+02 1.989487917146144866e+02
2.549210586881472977e+02 1.747489067894131267e+02 1.992959723820483191e+02
2.549268124280782502e+02 1.759016110471806655e+02 1.985192174913694032e+02
2.549405063291139300e+02 1.756865362485615663e+02 1.991058688147295754e+02
2.549337169159954044e+02 1.761453394706559266e+02 1.999705408515535225e+02
2.549250863060989616e+02 1.769081703107019621e+02 1.998151898734177223e+02
2.549332566168009180e+02 1.773866513233601836e+02 2.004377445339470682e+02
2.549431530494821629e+02 1.787020713463751349e+02 2.003080552359033391e+02
2.549391254315304991e+02 1.792094361334867756e+02 2.008913693901035629e+02
2.549517836593786058e+02 1.796655926352128745e+02 2.008884925201381009e+02
2.549420023014959611e+02 1.796069044879171486e+02 1.997362485615650201e+02
2.549484464902186289e+02 1.780275028768699599e+02 1.990797468354430464e+02
2.549449942462600802e+02 1.750615650172612163e+02 1.972918296892980550e+02
2.549295742232451119e+02 1.727260069044879174e+02 1.969000000000000057e+02
2.549264672036823924e+02 1.714844649021864313e+02 1.968887226697353299e+02
2.549255466052934480e+02 1.705184119677790591e+02 1.950849252013808837e+02
2.549097813578826219e+02 1.695721518987341767e+02 1.945309551208285370e+02
2.548960874568469421e+02 1.692414269275028857e+02 1.946619102416570684e+02
2.549082853855005624e+02 1.696500575373993058e+02 1.952421173762946012e+02
2.549277330264671946e+02 1.709196777905638669e+02 1.950181818181818301e+02
2.549195627157652382e+02 1.710318757192174814e+02 1.953405063291139356e+02
2.549243958573072462e+02 1.715006904487917154e+02 1.960971231300345323e+02
2.549113924050632818e+02 1.724765247410817040e+02 1.958904487917146184e+02
2.549317606444188584e+02 1.728067894131185369e+02 1.970369390103567184e+02
2.549117376294591395e+02 1.735449942462600745e+02 1.973872266973532703e+02
2.549212888377445267e+02 1.745303797468354503e+02 1.967698504027617901e+02
2.549380897583429260e+02 1.749136939010356855e+02 1.969166858457997762e+02
2.549445339470655938e+02 1.742653624856156398e+02 1.972652474108170395e+02
2.549337169159954044e+02 1.742194476409666208e+02 1.965295742232451062e+02
2.549201380897583533e+02 1.749199079401610959e+02 1.960727272727272634e+02
2.549097813578826219e+02 1.752428078250863166e+02 1.963731875719217612e+02
2.549301495972381986e+02 1.759260069044879060e+02 1.966246260069044922e+02
2.549391254315304991e+02 1.767344073647871028e+02 1.975584579976984969e+02
2.549433831990793919e+02 1.770776754890679001e+02 1.974144994246260012e+02
2.549376294591484395e+02 1.773842347525891796e+02 1.971869965477560527e+02
2.549378596087456970e+02 1.764950517836593917e+02 1.972927502876869994e+02
2.549168009205983765e+02 1.726843498273877913e+02 1.954802071346375101e+02
2.549120828538549972e+02 1.712629459148446358e+02 1.943250863060989673e+02
2.549134637514384281e+02 1.699643268124280837e+02 1.940082853855005851e+02
2.549039125431530408e+02 1.680059838895281814e+02 1.934318757192174871e+02
2.549148446490218589e+02 1.669714614499424670e+02 1.920674338319907974e+02
2.549178365937859496e+02 1.672925201380897704e+02 1.920615650172612163e+02
2.549268124280782502e+02 1.672363636363636488e+02 1.927207134637514514e+02
2.549241657077100172e+02 1.679177215189873493e+02 1.929377445339470682e+02
2.549079401611047047e+02 1.687955120828538611e+02 1.926575373993095468e+02
2.549264672036823924e+02 1.699216340621403845e+02 1.937032220943613368e+02
2.549398158803222145e+02 1.702548906789413081e+02 1.950689298043728286e+02
2.549394706559263568e+02 1.711882623705408548e+02 1.960353279631760586e+02
2.549294591484464831e+02 1.724591484464902180e+02 1.961741081703106886e+02
2.549224395857307286e+02 1.729528193325661789e+02 1.951278481012658119e+02
2.549347525891829775e+02 1.727876869965477624e+02 1.957495972382048421e+02
2.549273878020713369e+02 1.727704257767548768e+02 1.955819332566167930e+02
2.549428078250863052e+02 1.726224395857307172e+02 1.958502876869965519e+02
2.549438434982738784e+02 1.731262370540851521e+02 1.951457997698504130e+02
2.549309551208285427e+02 1.733117376294591452e+02 1.952835443037974699e+02
2.549103567318757086e+02 1.739929804372842455e+02 1.961009205983889387e+02
2.549225546605293573e+02 1.746819332566167873e+02 1.973692750287686977e+02
2.549194476409666379e+02 1.762264672036824038e+02 1.981388952819332587e+02
2.549289988492520251e+02 1.767411967779056283e+02 1.979606444188722776e+02
2.549126582278481123e+02 1.778521288837744407e+02 1.994730724971231268e+02
2.549165707710011475e+02 1.793975834292290017e+02 1.996339470655926220e+02
2.549319907940161158e+02 1.777141542002301549e+02 1.994356731875719220e+02
2.549185270425776650e+02 1.743952819332566264e+02 1.976338319907940217e+02
2.549494821634062021e+02 1.732406214039125416e+02 1.955096662830840160e+02
2.549306098964326850e+02 1.714925201380897590e+02 1.942497123130034424e+02
2.549371691599539815e+02 1.702330264672036719e+02 1.943451093210586862e+02
2.549005753739930924e+02 1.701040276179516582e+02 1.936861910241657085e+02
2.549240506329113884e+02 1.696871116225546530e+02 1.950733026467203786e+02
2.549131185270425703e+02 1.698164556962025245e+02 1.949077100115074757e+02
2.549232451093210727e+02 1.707227848101265693e+02 1.953110471806674298e+02
2.549179516685845783e+02 1.710052934407364660e+02 1.945181818181818301e+02
2.549261219792865347e+02 1.710501726121979402e+02 1.963520138089758404e+02
2.549332566168009180e+02 1.719293440736478829e+02 1.965869965477560299e+02
2.549363636363636374e+02 1.729704257767548938e+02 1.961170310701956225e+02
2.549203682393555823e+02 1.739113924050632818e+02 1.971283084004602983e+02
2.549341772151898624e+02 1.743319907940161215e+02 1.977346375143843602e+02
2.549361334867664084e+02 1.751131185270425874e+02 1.983453394706559152e+02
2.549337169159954044e+02 1.754486766398158863e+02 1.982464902186421227e+02
2.549322209436133448e+02 1.754280782508630523e+02 1.983693901035673264e+02
2.549194476409666379e+02 1.757008055235903328e+02 1.966156501726121917e+02
2.549291139240506254e+02 1.761356731875719106e+02 1.972820483314154103e+02
2.549444188722669651e+02 1.763118527042577739e+02 1.984384349827387837e+02
2.549350978135788353e+02 1.768437284234752553e+02 1.992402761795166839e+02
2.549401611047180722e+02 1.775231300345224383e+02 1.982253164556962020e+02
2.549247410817031039e+02 1.783326812428078370e+02 1.992010356731875618e+02
2.549346375143843488e+02 1.791331415420023063e+02 2.004410817031070167e+02
2.549521288837744635e+02 1.796890678941311990e+02 2.008146144994246356e+02
2.549453394706559379e+02 1.801293440736478715e+02 2.001434982738780093e+02
2.549474108170310842e+02 1.794346375143843488e+02 1.999345224395857201e+02
2.549402761795166725e+02 1.775298043728423352e+02 1.975607594936708722e+02
2.549295742232451119e+02 1.734082853855005624e+02 1.956047180667433736e+02
2.549140391254315432e+02 1.718245109321058806e+02 1.958397008055235915e+02
2.549087456846950488e+02 1.704975834292289960e+02 1.951638665132336143e+02
2.549057537399309581e+02 1.700151898734177109e+02 1.949386651323360127e+02
2.549256616800920483e+02 1.697085155350978027e+02 1.946430379746835513e+02
2.549204833141542110e+02 1.696214039125431441e+02 1.943299194476409752e+02
2.549194476409666379e+02 1.703863060989643259e+02 1.938598388952819391e+02
2.549108170310701951e+02 1.703736478711162192e+02 1.953507479861910383e+02
2.549117376294591395e+02 1.707457997698504073e+02 1.953970080552359150e+02
2.549356731875719220e+02 1.710347525891829719e+02 1.955858457997698565e+02
2.549101265822784796e+02 1.722280782508630637e+02 1.965550057537399198e+02
2.549182968929804360e+02 1.737289988492520081e+02 1.982324510932105852e+02
2.549085155350978198e+02 1.748697353279631841e+02 1.977837744533946989e+02
2.549170310701956339e+02 1.756288837744533851e+02 1.978919447640966496e+02
2.549171461449942342e+02 1.762383199079401663e+02 1.987422324510932015e+02
2.549337169159954044e+02 1.767682393555811302e+02 1.990201380897583476e+02
2.549464902186421114e+02 1.772891829689297936e+02 1.988439585730724843e+02
2.549388952819332701e+02 1.776064441887226621e+02 1.996896432681242857e+02
2.549456846950517956e+02 1.782912543153049398e+02 1.998635212888377453e+02
2.549569620253164430e+02 1.781834292289988468e+02 1.996293440736478715e+02
2.549457997698503959e+02 1.786382048331415433e+02 2.005819332566167930e+02
2.549521288837744635e+02 1.797413118527042570e+02 2.006449942462600688e+02
2.549521288837744635e+02 1.795947065592635283e+02 2.018194476409666152e+02
2.549589182968929890e+02 1.804637514384349686e+02 2.024188722669735228e+02
2.549666283084004590e+02 1.808962025316455708e+02 2.014647871116225417e+02
2.549426927502876765e+02 1.815023014959723753e+02 2.013016110471806712e+02
2.549289988492520251e+02 1.812997698504027539e+02 2.018298043728423465e+02
2.549074798619102467e+02 1.774172612197928629e+02 1.997932105868814858e+02
2.549084004602991911e+02 1.745270425776755019e+02 1.983708860759493575e+02
2.549140391254315432e+02 1.725072497123130120e+02 1.972400460299194549e+02
2.549111622554660528e+02 1.708485615650172633e+02 1.952881472957422204e+02
2.549002301495972347e+02 1.703042577675489042e+02 1.959478711162255422e+02
2.549012658227848078e+02 1.706171461449942512e+02 1.956278481012658119e+02
2.549096662830839932e+02 1.708677790563866381e+02 1.958806674338320022e+02
2.549204833141542110e+02 1.709147295742232586e+02 1.960902186421173781e+02
2.549112773302646815e+02 1.714677790563866608e+02 1.956834292289988468e+02
2.549090909090909065e+02 1.725424626006904418e+02 1.965271576524741022e+02
2.549117376294591395e+02 1.730802071346375044e+02 1.975681242807825129e+02
2.548975834292290017e+02 1.730929804372842398e+02 1.972476409666282962e+02
2.549132336018411991e+02 1.732611047180667470e+02 1.982660529344073552e+02
2.549054085155351004e+02 1.741457997698504130e+02 1.977674338319907861e+02
2.548997698504027483e+02 1.739418872266973608e+02 1.981682393555811359e+02
2.549208285385500687e+02 1.746703107019562822e+02 1.975318757192174814e+02
2.549165707710011475e+02 1.753310701956271487e+02 1.977012658227848192e+02
2.549173762945914916e+02 1.750239355581127825e+02 1.979987341772151979e+02
2.549309551208285427e+02 1.742289988492520081e+02 1.974481012658227712e+02
2.549232451093210727e+02 1.737614499424626047e+02 1.962834292289988412e+02
2.549318757192174871e+02 1.744803222094361388e+02 1.959943613348676763e+02
2.549409666283083880e+02 1.750414269275028687e+02 1.956924050632911474e+02
2.549362485615650087e+02 1.758533947065592713e+02 1.980431530494821573e+02
2.549316455696202581e+02 1.766622554660529261e+02 1.972308400460299254e+02
2.549409666283083880e+02 1.761286536248561561e+02 1.969561565017261273e+02
2.549306098964326850e+02 1.759808975834292255e+02 1.970728423475258921e+02
2.549002301495972347e+02 1.724238204833141594e+02 1.934248561565017326e+02
2.548892980437284166e+02 1.692627157652474068e+02 1.925700805523590304e+02
2.549075949367088469e+02 1.668743383199079346e+02 1.912981588032220941e+02
2.549001150747986060e+02 1.658261219792865404e+02 1.916446490218642111e+02
2.548981588032220884e+02 1.641561565017261159e+02 1.901864211737629375e+02
2.549026467203682387e+02 1.619645569620253127e+02 1.880882623705408605e+02
2.548623705408515434e+02 1.614538550057537520e+02 1.879273878020713369e+02
2.548437284234752553e+02 1.617540851553509640e+02 1.881057537399309467e+02
2.548432681242807689e+02 1.624791714614499369e+02 1.893057537399309638e+02
2.548568469505178484e+02 1.640825086306099081e+02 1.901576524741081755e+02
2.548813578826237176e+02 1.653134637514384337e+02 1.911790563866513253e+02
2.548964326812427998e+02 1.662208285385500517e+02 1.914888377445339529e+02
2.549033371691599541e+02 1.670695051783659437e+02 1.927416570771001147e+02
2.549138089758342858e+02 1.667734177215189959e+02 1.930437284234752724e+02
2.549124280782508549e+02 1.680943613348676706e+02 1.925830840046029948e+02
2.549252013808975903e+02 1.678980437284234881e+02 1.924431530494821629e+02
2.549281933256616810e+02 1.679443037974683648e+02 1.922640966628308377e+02
2.549373993095512105e+02 1.686008055235903385e+02 1.910331415420023120e+02
2.549041426927502982e+02 1.685105868814729604e+02 1.925338319907940274e+02
2.549088607594936775e+02 1.693163406214039242e+02 1.915871116225546587e+02
2.549177215189873493e+02 1.701672036823935628e+02 1.926338319907940217e+02
2.549330264672036890e+02 1.707704257767548768e+02 1.933728423475259035e+02
2.549357882623705507e+02 1.716478711162255593e+02 1.931423475258918359e+02
2.549341772151898624e+02 1.723926352128883650e+02 1.942489067894131267e+02
2.549284234752589100e+02 1.731947065592635226e+02 1.945187571921749168e+02
2.549398158803222145e+02 1.738054085155351061e+02 1.948039125431530465e+02
2.549172612197928629e+02 1.738514384349827253e+02 1.949808975834292255e+02
2.549039125431530408e+02 1.730225546605293516e+02 1.946279631760644406e+02
2.549139240506329145e+02 1.689249712313003329e+02 1.905288837744533907e+02
2.549005753739930924e+02 1.658436133486766266e+02 1.887688147295742169e+02
2.549010356731875788e+02 1.631696202531645667e+02 1.886751438434982617e+02
2.549226697353279576e+02 1.625669735327963110e+02 1.871701956271576535e+02
2.548918296892980493e+02 1.623472957422324612e+02 1.867376294591484509e+02
2.549089758342922778e+02 1.621972382048331554e+02 1.864940161104718186e+02
2.549102416570771084e+02 1.617331415420023006e+02 1.877056386651323407e+02
2.549105868814729661e+02 1.619301495972381986e+02 1.882547756041426794e+02
2.549092059838895352e+02 1.622508630609896443e+02 1.867432681242807746e+02
2.549014959723820368e+02 1.623996547756041480e+02 1.887029919447641078e+02
2.549185270425776650e+02 1.630781357882623581e+02 1.896659378596087322e+02
2.549105868814729661e+02 1.637701956271576478e+02 1.898294591484464888e+02
2.549241657077100172e+02 1.647269275028768618e+02 1.891399309551208319e+02
2.549184119677790648e+02 1.656184119677790534e+02 1.886976985040276134e+02
2.549046029919447562e+02 1.669342922899884911e+02 1.899637514384349686e+02
2.549072497123130177e+02 1.677776754890678887e+02 1.926325661680092196e+02
2.548880322209436144e+02 1.680968929804372749e+02 1.922985040276179518e+02
2.548855005753739817e+02 1.687798619102416637e+02 1.927355581127733046e+02
2.548934407364787091e+02 1.696357882623705393e+02 1.930932105868814688e+02
2.548956271576524841e+02 1.700911392405063225e+02 1.929148446490218589e+02
2.549001150747986060e+02 1.699289988492520251e+02 1.927872266973532760e+02
2.549066743383199025e+02 1.707096662830840046e+02 1.916692750287687090e+02
2.549195627157652382e+02 1.711570771001150888e+02 1.937577675489067985e+02
2.549260069044879060e+02 1.720848101265822834e+02 1.934080552359033334e+02
2.549303797468354560e+02 1.736215189873417728e+02 1.947438434982738897e+02
2.549088607594936775e+02 1.748573072497123064e+02 1.942998849252013827e+02
2.549153049482163453e+02 1.747223245109321113e+02 1.946311852704257888e+02
2.549300345224395983e+02 1.740172612197928572e+02 1.948851553509781240e+02
2.548859608745684682e+02 1.712874568469505050e+02 1.926668584579977050e+02
2.548815880322209466e+02 1.677032220943613368e+02 1.901392405063291164e+02
2.548752589182968791e+02 1.659240506329113884e+02 1.905875719217491451e+02
2.548897583429229030e+02 1.641642117376294721e+02 1.888209436133486747e+02
2.548925201380897647e+02 1.633301495972382043e+02 1.881636363636363569e+02
2.548941311852704246e+02 1.639138089758342858e+02 1.886444188722669821e+02
2.548959723820483418e+02 1.644719217491369250e+02 1.875696202531645440e+02
2.549171461449942342e+02 1.649842347525891739e+02 1.887385500575373953e+02
2.549265822784810211e+02 1.663735327963176189e+02 1.900180667433832014e+02
2.549215189873417842e+02 1.676124280782508720e+02 1.899479861910241709e+02
2.549310701956271714e+02 1.689563866513233563e+02 1.916165707710011645e+02
2.549110471806674241e+02 1.696751438434982617e+02 1.926205983889528284e+02
2.549039125431530408e+02 1.697733026467203672e+02 1.926752589182968904e+02
2.549173762945914916e+02 1.698283084004602870e+02 1.926355581127733103e+02
2.549255466052934480e+02 1.709823935558112851e+02 1.928050632911392483e+02
2.549044879171461560e+02 1.716284234752589271e+02 1.937979286536248651e+02
2.549088607594936775e+02 1.720330264672036833e+02 1.939000000000000057e+02
2.549242807825086174e+02 1.728426927502876822e+02 1.941227848101265749e+02
2.549283084004603097e+02 1.734110471806674241e+02 1.940691599539700860e+02
2.549078250863061044e+02 1.739434982738780207e+02 1.944147295742232586e+02
2.549067894131185312e+02 1.743609896432681126e+02 1.950729574223245208e+02
2.549321058688147161e+02 1.751037974683544292e+02 1.955041426927502926e+02
2.549200230149597246e+02 1.754347525891829775e+02 1.957264672036824038e+02
2.549287686996547677e+02 1.759057537399309581e+02 1.953975834292290017e+02
2.549034522439585828e+02 1.761830840046029891e+02 1.965482163406213942e+02
2.549148446490218589e+02 1.760514384349827424e+02 1.962326812428078142e+02
2.549230149597238153e+02 1.727987341772151808e+02 1.944483314154200286e+02
2.549021864211737523e+02 1.684422324510932185e+02 1.920626006904487895e+02
2.548932105868814801e+02 1.666483314154200173e+02 1.906764096662830923e+02
2.548789413118527136e+02 1.653023014959723866e+02 1.887665132336018416e+02
2.548821634062140333e+02 1.645020713463751463e+02 1.896212888377445438e+02
2.548959723820483418e+02 1.646941311852704359e+02 1.893639815880322317e+02
2.548901035673187607e+02 1.646105868814729547e+02 1.888512082853854963e+02
2.548849252013808950e+02 1.655673187571921687e+02 1.901497123130034481e+02
2.548904487917146184e+02 1.664746835443037867e+02 1.905644418872267067e+02
2.548855005753739817e+02 1.668146144994246356e+02 1.926285385500575273e+02
2.549001150747986060e+02 1.682104718066743487e+02 1.936208285385500574e+02
2.548967779056386576e+02 1.698070195627157659e+02 1.932552359033371658e+02
2.549143843498274009e+02 1.699443037974683648e+02 1.934706559263521228e+02
2.549262370540851634e+02 1.705372842347525761e+02 1.934011507479861791e+02
2.549231300345224440e+02 1.708445339470655995e+02 1.938806674338320022e+02
2.549231300345224440e+02 1.709283084004603097e+02 1.938657077100115202e+02
2.549139240506329145e+02 1.714253164556961906e+02 1.930525891829689158e+02
2.549124280782508549e+02 1.721002301495972517e+02 1.934490218642117441e+02
2.549189873417721515e+02 1.728039125431530465e+02 1.938795166858458003e+02
2.549166858457997762e+02 1.732695051783659324e+02 1.938680092059838955e+02
2.549189873417721515e+02 1.737402761795166839e+02 1.943947065592635113e+02
2.549234752589183017e+02 1.749975834292289960e+02 1.951185270425776821e+02
2.549391254315304991e+02 1.744132336018411991e+02 1.935331415420023120e+02
2.549334867663981470e+02 1.743523590333716982e+02 1.934409666283083880e+02
2.549380897583429260e+02 1.718368239355581011e+02 1.924431530494821629e+02
2.549287686996547677e+02 1.690886075949367182e+02 1.906743383199079460e+02
2.549208285385500687e+02 1.672594936708860871e+02 1.899357882623705507e+02
2.549202531645569536e+02 1.663952819332566264e+02 1.902752589182968848e+02
2.549173762945914916e+02 1.653011507479861848e+02 1.891449942462600688e+02
2.548958573072497131e+02 1.649991944764096559e+02 1.894639815880322260e+02
2.549159953970080608e+02 1.644185270425776650e+02 1.890710011507479749e+02
2.549046029919447562e+02 1.651472957422324441e+02 1.900683544303797419e+02
2.549146144994246299e+02 1.655781357882623581e+02 1.911125431530494723e+02
2.549132336018411991e+02 1.664726121979286404e+02 1.910027617951668617e+02
2.549146144994246299e+02 1.675336018411967700e+02 1.921764096662830923e+02
2.549089758342922778e+02 1.688646720368239471e+02 1.928376294591484452e+02
2.549031070195627251e+02 1.703998849252013770e+02 1.929003452243958634e+02
2.548988492520138038e+02 1.713270425776754848e+02 1.949469505178365978e+02
2.549062140391254445e+02 1.722818181818181813e+02 1.937632911392404935e+02
2.549021864211737523e+02 1.727040276179516809e+02 1.946546605293440848e+02
2.549085155350978198e+02 1.727570771001150831e+02 1.945025316455696327e+02
2.549073647871116179e+02 1.720868814729574297e+02 1.949785960874568502e+02
2.549226697353279576e+02 1.721975834292289846e+02 1.952532796317606483e+02
2.549060989643268158e+02 1.720997698504027653e+02 1.950967779056386746e+02
2.549215189873417842e+02 1.726667433831990763e+02 1.946173762945914802e+02
2.549356731875719220e+02 1.732271576524741192e+02 1.954997698504027710e+02
2.549311852704257717e+02 1.745386651323360070e+02 1.954482163406213999e+02
2.549315304948216294e+02 1.749424626006904475e+02 1.950217491369390075e+02
2.549340621403912621e+02 1.748144994246260069e+02 1.951216340621404015e+02
2.549380897583429260e+02 1.724588032220943603e+02 1.933397008055235915e+02
2.549263521288837637e+02 1.693216340621403901e+02 1.909506329113924039e+02
2.549304948216340563e+02 1.664336018411967757e+02 1.902804372842347505e+02
2.549214039125431555e+02 1.652203682393555937e+02 1.891544303797468274e+02
2.549188722669735228e+02 1.646013808975834252e+02 1.880555811277330349e+02
2.549166858457997762e+02 1.638906789413118474e+02 1.880987341772151922e+02
2.549096662830839932e+02 1.639391254315304991e+02 1.885855005753739988e+02
2.548888377445339586e+02 1.638615650172612277e+02 1.893170310701956396e+02
2.549060989643268158e+02 1.636735327963176019e+02 1.885019562715765176e+02
2.548919447640966496e+02 1.638994246260068905e+02 1.884929804372842455e+02
2.549044879171461560e+02 1.646055235903337177e+02 1.883952819332566264e+02
2.548996547756041480e+02 1.653296892980437178e+02 1.901752589182968904e+02
2.548936708860759381e+02 1.664600690448791624e+02 1.897368239355581068e+02
2.548985040276179461e+02 1.672097813578826333e+02 1.909533947065592656e+02
2.548925201380897647e+02 1.681004602991944807e+02 1.914643268124280837e+02
2.549111622554660528e+02 1.686382048331415433e+02 1.918239355581127654e+02
2.549130034522439701e+02 1.690675489067894262e+02 1.916365937859608835e+02
2.548833141542002352e+02 1.692104718066743487e+02 1.916602991944764085e+02
2.548902186421173894e+02 1.686439585730724957e+02 1.910336018411967700e+02
2.549118527042577682e+02 1.693728423475259035e+02 1.913353279631760699e+02
2.549047180667433850e+02 1.704593785960874470e+02 1.915117376294591622e+02
2.549214039125431555e+02 1.717626006904487781e+02 1.936941311852704359e+02
2.549257767548906770e+02 1.729530494821634079e+02 1.943883774453394722e+02
2.549188722669735228e+02 1.738894131185270453e+02 1.928092059838895409e+02
2.549060989643268158e+02 1.730888377445339472e+02 1.926256616800920654e+02
2.549041426927502982e+02 1.691808975834292426e+02 1.898398158803222202e+02
2.548965477560414286e+02 1.619536248561564946e+02 1.846642117376294721e+02
2.548928653624856224e+02 1.570262370540851578e+02 1.821804372842347561e+02
2.548905638665132471e+02 1.526698504027617957e+02 1.791559263521288869e+02
2.548585730724971370e+02 1.513168009205983822e+02 1.793602991944763971e+02
2.548355581127732989e+02 1.515604142692750429e+02 1.798315304948216351e+02
2.548581127733026506e+02 1.529853855005753758e+02 1.796947065592635226e+02
2.548779056386651405e+02 1.549861910241657199e+02 1.830864211737629432e+02
2.548693901035673264e+02 1.557376294591484509e+02 1.832584579976985140e+02
2.548838895281933219e+02 1.551750287686996614e+02 1.828378596087456742e+02
2.548792865362485713e+02 1.551915995397008032e+02 1.833040276179516752e+02
2.548853855005753815e+02 1.556888377445339415e+02 1.839509781357882616e+02
2.548921749136939070e+02 1.562873417721519047e+02 1.840860759493670855e+02
2.548865362485615549e+02 1.575187571921749168e+02 1.858746835443037924e+02
2.548783659378595985e+02 1.592153049482163283e+02 1.858446490218641998e+02
2.549039125431530408e+02 1.609736478711162135e+02 1.878676639815880378e+02
2.548970080552359150e+02 1.629163406214039185e+02 1.894294591484464831e+02
2.548792865362485713e+02 1.641991944764096729e+02 1.916510932105868790e+02
2.548933256616800804e+02 1.664614499424625933e+02 1.918662830840046070e+02
2.549021864211737523e+02 1.679890678941311819e+02 1.935245109321058692e+02
2.549081703107019621e+02 1.685562715765247503e+02 1.937602991944764028e+02
2.548843498273878083e+02 1.692490218642117270e+02 1.951456846950517843e+02
2.548688147295742112e+02 1.698903337169159897e+02 1.952347525891829605e+02
2.548988492520138038e+02 1.695772151898734137e+02 1.952562715765247390e+02
2.548897583429229030e+02 1.704018411967778945e+02 1.953310701956271487e+02
2.548903337169159897e+02 1.701905638665132301e+02 1.956036823935558004e+02
2.548881472957422432e+02 1.682426927502876879e+02 1.946258918296892944e+02
2.548768699654775673e+02 1.649848101265822891e+02 1.921896432681242857e+02
2.548706559263521285e+02 1.626620253164556971e+02 1.911903337169160011e+02
2.548760644418872232e+02 1.614585730724971313e+02 1.913138089758342915e+02
2.548637514384349743e+02 1.607795166858458060e+02 1.919062140391254445e+02
2.548845799769850373e+02 1.607192174913693918e+02 1.912728423475258808e+02
2.548917146144994206e+02 1.608342922899884968e+02 1.916275028768699542e+02
2.548906789413118474e+02 1.617797468354430350e+02 1.914711162255466093e+02
2.548865362485615549e+02 1.617636363636363512e+02 1.896867663981587953e+02
2.548756041426927368e+02 1.629292289988492541e+02 1.910018411967779173e+02
2.548879171461449857e+02 1.647872266973532760e+02 1.909563866513233563e+02
2.548981588032220884e+02 1.660728423475258921e+02 1.924378596087456970e+02
2.548661680092059783e+02 1.662166858457997591e+02 1.925449942462600745e+02
2.549072497123130177e+02 1.676544303797468274e+02 1.944126582278481123e+02
2.549095512082853929e+02 1.697619102416570911e+02 1.956479861910241596e+02
2.548872266973532703e+02 1.719520138089758348e+02 1.959105868814729661e+02
2.548991944764096615e+02 1.720329113924050546e+02 1.955920598388952953e+02
2.548964326812427998e+02 1.715440736478711301e+02 1.940187571921749168e+02
2.548874568469505277e+02 1.706583429228998909e+02 1.926935558112773208e+02
2.548970080552359150e+02 1.698302646720368330e+02 1.934791714614499369e+02
2.548902186421173894e+02 1.692666283084004704e+02 1.927062140391254275e+02
2.549019562715765232e+02 1.689011507479861791e+02 1.928437284234752553e+02
2.549100115074798509e+02 1.688715765247410729e+02 1.938883774453394722e+02
2.549104718066743374e+02 1.681898734177215147e+02 1.922743383199079403e+02
2.549088607594936775e+02 1.657865362485615606e+02 1.911298043728423579e+02
2.549093210586881355e+02 1.640492520138089674e+02 1.905888377445339472e+02
2.548808975834292312e+02 1.629008055235903214e+02 1.903394706559263625e+02
2.548734177215189902e+02 1.624795166858457947e+02 1.898142692750287779e+02
2.548686996547756110e+02 1.617009205983889615e+02 1.902422324510932015e+02
2.548373993095512162e+02 1.613920598388952783e+02 1.902302646720368102e+02
2.548653624856156625e+02 1.612956271576524614e+02 1.892050632911392540e+02
2.548601841196777968e+02 1.613064441887226792e+02 1.887386651323360240e+02
2.548584579976985083e+02 1.615550057537399198e+02 1.888673187571921801e+02
2.548731875719217612e+02 1.619951668584579920e+02 1.902235903337169134e+02
