2.548434929577464914e+02 8.982230985915492738e+01 1.795336338028168939e+02
2.548495774647887231e+02 8.970828169014085063e+01 1.792670422535211401e+02
2.548424788732394290e+02 9.116518309859155522e+01 1.801389295774647792e+02
2.549030985915493090e+02 9.677509859154929472e+01 1.826333521126760502e+02
2.548760563380281781e+02 9.637825352112676569e+01 1.821953802816901486e+02
2.548766197183098541e+02 9.438276056338028752e+01 1.799700281690140855e+02
2.548747042253521045e+02 9.435808450704224981e+01 1.796474366197183201e+02
2.548927323943661918e+02 9.653250704225352763e+01 1.812068732394366180e+02
2.549100845070422565e+02 9.671087323943662284e+01 1.809871549295774571e+02
2.549053521126760700e+02 9.685476056338028172e+01 1.820129577464788611e+02
2.548992676056338098e+02 9.665566197183098041e+01 1.821096338028168873e+02
2.548783098591549390e+02 9.642535211267605177e+01 1.825394929577464893e+02
2.548872112676056361e+02 9.634895774647887379e+01 1.817639436619718367e+02
2.549063661971831038e+02 9.663605633802816897e+01 1.822172394366197068e+02
2.549056901408450813e+02 9.682456338028168830e+01 1.818316619718309823e+02
2.549252957746478785e+02 9.693239436619718674e+01 1.827967323943661881e+02
2.549151549295774544e+02 9.722546478873239550e+01 1.824243380281690179e+02
2.549272112676056281e+02 9.748394366197183558e+01 1.834612957746478799e+02
2.549054647887323881e+02 9.801521126760563618e+01 1.836518309859154954e+02
2.549088450704225295e+02 9.780292957746479487e+01 1.829100845070422565e+02
2.549091830985915408e+02 9.772045070422535673e+01 1.840042816901408571e+02
2.549161690140845167e+02 9.772676056338028161e+01 1.838647887323943735e+02
2.549016338028168889e+02 9.741397183098591483e+01 1.831329577464788656e+02
2.549044507042253542e+02 9.720574647887323749e+01 1.832291830985915624e+02
2.549225915492957881e+02 9.688371830985914812e+01 1.836627605633802887e+02
2.548709859154929518e+02 9.614287323943662500e+01 1.826140845070422642e+02
2.548735774647887240e+02 9.591966197183099041e+01 1.832710985915493040e+02
2.548964507042253445e+02 9.546569014084506932e+01 1.827521126760563277e+02
2.549179718309859197e+02 9.507402816901408471e+01 1.819729577464788690e+02
2.548885633802816812e+02 9.318602816901407948e+01 1.812187042253520985e+02
2.548754929577464736e+02 9.191008450704225652e+01 1.797586478873239457e+02
2.548768450704225472e+02 9.068078873239436177e+01 1.796858591549295738e+02
2.548676056338028104e+02 9.083583098591549287e+01 1.796705352112676053e+02
2.548556619718309832e+02 9.226152112676057016e+01 1.806236619718309839e+02
2.548768450704225472e+02 9.506343661971831693e+01 1.829915492957746608e+02
2.548836056338028300e+02 9.681036619718310021e+01 1.848388732394366230e+02
2.549131267605633866e+02 9.812935211267605951e+01 1.849916619718309789e+02
2.549187605633802889e+02 9.938974647887323499e+01 1.855560563380281565e+02
2.549109859154929438e+02 9.992495774647886719e+01 1.868447323943661900e+02
2.549185352112675957e+02 1.002306478873239399e+02 1.875124507042253583e+02
2.548999436619718324e+02 9.914512676056338591e+01 1.865003943661971846e+02
2.549170704225352040e+02 9.951673239436620122e+01 1.854531830985915519e+02
2.549281126760563438e+02 9.971999999999999886e+01 1.852173521126760534e+02
2.549223661971830950e+02 9.995312676056337864e+01 1.856278309859154945e+02
2.549388169014084440e+02 9.979447887323944144e+01 1.866294084507042328e+02
2.549432112676056477e+02 9.821543661971830375e+01 1.854299718309859202e+02
2.549425352112675967e+02 9.860383098591549356e+01 1.856422535211267473e+02
2.549419718309859206e+02 9.851200000000000045e+01 1.857602253521126840e+02
2.549255211267605716e+02 9.652033802816900732e+01 1.836646760563380383e+02
2.549215774647887258e+02 9.508766197183098257e+01 1.811622535211267575e+02
2.549076056338028309e+02 9.611628169014085188e+01 1.823837746478873214e+02
2.548943098591549301e+02 9.513081690140845126e+01 1.821963943661971825e+02
2.548796619718309842e+02 9.370647887323943337e+01 1.824206197183098652e+02
2.548982535211267475e+02 9.231019718309859456e+01 1.819523380281690095e+02
2.548732394366197127e+02 9.040687323943662079e+01 1.805328450704225247e+02
2.548358309859154929e+02 8.861092957746478760e+01 1.783923380281690072e+02
2.548475492957746553e+02 8.865543661971831568e+01 1.793168450704225449e+02
2.548511549295774614e+02 8.694005633802817101e+01 1.776910422535211183e+02
2.548375211267605494e+02 8.617340845070422972e+01 1.788339154929577433e+02
2.548405633802816794e+02 8.682219718309859502e+01 1.786518309859154954e+02
2.548837183098591481e+02 8.891121126760563698e+01 1.794823661971830973e+02
2.548867605633802782e+02 8.898523943661972169e+01 1.799055774647887347e+02
2.548632112676056352e+02 8.895853521126760199e+01 1.796938591549295836e+02
2.548727887323943548e+02 8.926433802816900709e+01 1.802877746478873178e+02
2.548886760563380278e+02 8.910174647887323829e+01 1.803803943661971800e+02
2.548938591549295722e+02 8.870659154929577994e+01 1.807938028169014046e+02
2.548885633802816812e+02 8.874107042253521627e+01 1.811674366197183019e+02
2.549139154929577558e+02 8.976552112676056083e+01 1.820840563380281765e+02
2.549259718309859295e+02 9.010535211267605860e+01 1.819969577464788699e+02
2.549255211267605716e+02 9.080349295774648510e+01 1.827139154929577387e+02
2.549197746478873228e+02 9.140270422535211026e+01 1.826806760563380294e+02
2.549044507042253542e+02 9.321769014084506466e+01 1.843611267605633941e+02
2.549207887323943567e+02 9.523357746478873764e+01 1.847858028169013949e+02
2.549122253521126709e+02 9.674253521126760802e+01 1.859307042253521161e+02
2.549122253521126709e+02 9.815087323943662057e+01 1.869978591549295857e+02
2.549050140845070302e+02 9.781746478873239425e+01 1.869517746478873335e+02
2.549227042253521063e+02 9.643267605633802475e+01 1.874356056338028225e+02
2.549250704225352138e+02 9.326061971830985442e+01 1.844276056338028127e+02
2.548846197183098639e+02 9.142952112676056231e+01 1.816075492957746462e+02
2.548916056338028113e+02 9.104642253521126349e+01 1.815432112676056420e+02
2.548797746478873307e+02 9.132608450704225334e+01 1.818629859154929704e+02
2.548914929577464648e+02 9.167109859154929552e+01 1.824037183098591584e+02
2.548935211267605609e+02 9.176585915492957213e+01 1.824415774647887361e+02
2.548936338028169075e+02 9.197870422535211787e+01 1.828756056338028202e+02
2.549099718309859099e+02 9.194028169014084995e+01 1.832261408450704323e+02
2.549058028169013994e+02 9.203605633802817465e+01 1.837818591549295775e+02
2.549046760563380190e+02 9.198614084507042321e+01 1.827470422535211299e+02
2.548930704225352031e+02 9.235729577464788065e+01 1.819931267605633707e+02
2.548992676056338098e+02 9.241881690140844796e+01 1.834021408450704200e+02
2.548921690140845158e+02 9.266478873239437064e+01 1.831579718309859288e+02
2.549109859154929438e+02 9.262456338028168545e+01 1.834496901408450640e+02
2.548904788732394309e+02 9.209464788732394425e+01 1.824758309859154792e+02
2.549129014084506935e+02 9.203030985915492579e+01 1.824964507042253388e+02
2.548976901408450715e+02 9.249971830985916199e+01 1.827805070422535323e+02
2.548956619718309753e+02 9.310016901408449996e+01 1.831468169014084424e+02
2.548878873239436587e+02 9.352394366197182762e+01 1.823080563380281660e+02
2.548907042253521240e+02 9.345746478873239482e+01 1.828864225352112669e+02
2.548838309859154947e+02 9.325092957746478817e+01 1.830027042253521188e+02
2.548861971830986022e+02 9.313735211267605507e+01 1.832301971830985963e+02
2.548894647887323970e+02 9.287999999999999545e+01 1.828732394366197127e+02
2.548957746478873219e+02 9.358557746478872730e+01 1.837029859154929454e+02
2.549059154929577460e+02 9.459628169014084165e+01 1.833194366197183172e+02
2.548914929577464648e+02 9.587830985915492477e+01 1.846724507042253549e+02
2.549138028169014092e+02 9.724450704225351672e+01 1.849352112676056379e+02
2.549074929577464843e+02 9.913228169014084301e+01 1.865645070422535241e+02
2.549116619718309948e+02 9.957194366197182944e+01 1.866046197183098627e+02
2.549098591549295634e+02 9.969025352112676330e+01 1.870688450704225261e+02
2.549051267605633768e+02 9.832878873239437212e+01 1.850940845070422540e+02
2.548925070422535271e+02 9.767222535211267598e+01 1.841278873239436678e+02
2.549113239436619835e+02 9.696676056338027649e+01 1.830626478873239478e+02
2.549196619718309762e+02 9.676800000000000068e+01 1.826636619718309760e+02
2.549118873239436596e+02 9.740304225352112155e+01 1.826985915492957702e+02
2.549329577464788770e+02 9.689014084507041957e+01 1.833177464788732323e+02
2.549245070422535093e+02 9.473002816901409062e+01 1.814492394366197061e+02
2.548852957746478864e+02 9.457566197183098211e+01 1.807364507042253479e+02
2.548725633802816901e+02 9.455549295774648044e+01 1.807003943661971732e+02
2.548857464788732443e+02 9.439594366197182751e+01 1.820381971830985890e+02
2.548830422535211255e+02 9.385599999999999454e+01 1.814804507042253476e+02
2.549122253521126709e+02 9.468405633802817079e+01 1.809184225352112776e+02
2.549186478873239423e+02 9.359154929577464088e+01 1.805188732394366298e+02
2.548831549295774721e+02 9.354399999999999693e+01 1.801263098591549294e+02
2.548582535211267555e+02 9.259087323943661829e+01 1.802565633802816762e+02
2.548561126760563411e+02 9.237329577464788599e+01 1.803614647887324054e+02
2.548603943661971698e+02 9.270332394366197093e+01 1.797748732394366300e+02
2.548578028169013976e+02 9.275819718309858786e+01 1.796753802816901384e+02
2.548962253521126797e+02 9.275583098591549458e+01 1.803481690140845046e+02
2.549026478873239512e+02 9.292676056338028445e+01 1.802154366197183037e+02
2.549159436619718235e+02 9.242997183098592018e+01 1.802216338028169105e+02
2.549224788732394416e+02 9.201757746478872946e+01 1.794481126760563257e+02
2.549203380281690272e+02 9.174861971830985397e+01 1.789213521126760611e+02
2.549296901408450822e+02 9.149273239436620031e+01 1.790854084507042217e+02
2.549224788732394416e+02 9.129059154929576891e+01 1.788145352112676107e+02
2.549088450704225295e+02 9.201002816901407755e+01 1.791345352112676039e+02
2.549224788732394416e+02 9.345329577464788429e+01 1.799018591549295820e+02
2.549340845070422574e+02 9.367335211267605644e+01 1.804783098591549333e+02
2.549198873239436693e+02 9.290625352112675728e+01 1.805572957746478835e+02
2.548876619718309939e+02 9.242230985915493591e+01 1.783559436619718213e+02
2.548903661971831127e+02 9.232090140845070891e+01 1.791651830985915410e+02
2.548937464788732257e+02 9.214185915492957690e+01 1.799602253521126727e+02
2.548892394366197323e+02 9.156473239436620304e+01 1.790523943661971771e+02
2.549061408450704107e+02 9.165600000000000591e+01 1.798562253521126877e+02
2.548969014084507023e+02 9.171819718309859581e+01 1.792170140845070421e+02
2.549043380281690077e+02 9.192292957746478521e+01 1.804438309859154970e+02
2.548911549295774535e+02 9.180766197183098143e+01 1.809488450704225215e+02
2.549087323943662113e+02 9.304946478873239357e+01 1.811397183098591483e+02
2.549117746478873130e+02 9.296721126760563436e+01 1.810565633802816876e+02
2.549099718309859099e+02 9.282016901408451304e+01 1.814087887323943562e+02
2.548999436619718324e+02 9.281836619718309578e+01 1.807983098591549265e+02
2.549071549295774730e+02 9.324135211267605428e+01 1.810972394366197307e+02
2.549030985915493090e+02 9.294771830985915528e+01 1.811703661971830854e+02
2.548868732394366248e+02 9.290230985915492568e+01 1.802566760563380228e+02
2.549020845070422467e+02 9.248867605633802214e+01 1.811430985915492897e+02
2.548855211267605512e+02 9.293577464788732811e+01 1.807736338028169030e+02
2.548872112676056361e+02 9.280360563380281747e+01 1.804436056338028038e+02
2.548945352112675948e+02 9.287481690140845103e+01 1.809665352112675976e+02
2.549074929577464843e+02 9.324912676056338512e+01 1.812993802816901336e+02
2.549329577464788770e+02 9.328743661971830647e+01 1.811953802816901486e+02
2.549325070422535191e+02 9.358467605633802577e+01 1.820700845070422531e+02
2.549193239436619649e+02 9.349926760563380412e+01 1.817780281690140782e+02
2.549277746478873325e+02 9.318952112676056743e+01 1.814761690140845189e+02
2.549098591549295634e+02 9.273374647887324329e+01 1.811357746478873310e+02
2.549121126760563243e+02 9.276529577464788190e+01 1.815940281690140807e+02
2.549188732394366070e+02 9.283222535211267257e+01 1.812162253521126729e+02
2.549180845070422663e+02 9.291121126760563698e+01 1.820087887323943789e+02
2.549165070422535280e+02 9.262118309859154408e+01 1.820762816901408314e+02
2.549038873239436498e+02 9.288664788732394584e+01 1.812392112676056399e+02
2.549249577464788672e+02 9.276078873239436007e+01 1.814754929577464679e+02
2.549121126760563243e+02 9.265915492957746835e+01 1.814836056338028243e+02
2.548912676056338000e+02 9.302107042253521740e+01 1.820491267605633823e+02
2.549077183098591490e+02 9.366535211267606087e+01 1.828580281690140907e+02
2.549122253521126709e+02 9.447053521126760245e+01 1.835268732394366111e+02
2.549238309859154867e+02 9.501712676056338580e+01 1.836341408450704193e+02
2.549211267605633680e+02 9.547977464788732505e+01 1.835491830985915556e+02
2.548965633802816910e+02 9.529509859154929075e+01 1.835972957746478755e+02
2.549249577464788672e+02 9.453802816901408335e+01 1.832920563380281749e+02
2.549258591549295829e+02 9.393701408450704093e+01 1.824793239436619672e+02
2.549292394366197243e+02 9.322028169014085108e+01 1.816592676056338007e+02
2.549103098591549212e+02 9.367346478873238880e+01 1.810006760563380226e+02
2.549210140845070498e+02 9.390952112676056629e+01 1.820724507042253606e+02
2.549326197183098657e+02 9.461622535211267859e+01 1.822781971830985981e+02
2.548981408450704294e+02 9.544090140845069925e+01 1.823401690140844948e+02
2.548970140845070489e+02 9.525926760563380924e+01 1.821308169014084513e+02
2.549067042253521151e+02 9.436867605633803180e+01 1.824528450704225406e+02
2.549151549295774544e+02 9.487526760563380890e+01 1.824823661971830973e+02
2.549328450704225304e+02 9.432766197183099166e+01 1.821376901408450806e+02
2.549336338028168996e+02 9.369250704225352422e+01 1.808338028169013967e+02
2.549241690140844980e+02 9.364946478873238789e+01 1.811536901408450717e+02
2.549064788732394504e+02 9.350400000000000489e+01 1.812829295774647846e+02
2.548972394366197136e+02 9.388214084507042401e+01 1.813976338028168982e+02
2.549109859154929438e+02 9.414907042253521752e+01 1.820884507042253517e+02
2.549056901408450813e+02 9.375752112676056527e+01 1.815793802816901348e+02
2.548972394366197136e+02 9.320281690140845399e+01 1.822409014084506964e+02
2.548868732394366248e+02 9.256980281690141510e+01 1.814082253521126802e+02
2.548970140845070489e+02 9.321183098591549765e+01 1.810778591549295697e+02
2.549095211267605521e+02 9.444935211267605268e+01 1.830073239436619588e+02
2.549194366197183115e+02 9.477645070422535412e+01 1.825918873239436664e+02
2.549247323943662025e+02 9.549938028169013648e+01 1.837467042253521186e+02
2.549328450704225304e+02 9.644822535211267223e+01 1.836125070422535259e+02
2.549352112676056379e+02 9.638016901408450110e+01 1.830938591549295893e+02
2.549402816901408357e+02 9.658828169014084608e+01 1.834145352112676051e+02
2.549433239436619658e+02 9.725791549295774985e+01 1.840138591549295768e+02
2.549465915492957606e+02 9.746625352112675955e+01 1.840891267605633743e+02
2.549387042253521258e+02 9.775402816901409153e+01 1.844927323943661861e+02
2.549331830985915417e+02 9.835087323943662341e+01 1.845583098591549174e+02
2.549314929577464852e+02 9.761926760563380867e+01 1.839720563380281817e+02
2.549340845070422574e+02 9.801566197183097984e+01 1.848993802816901280e+02
2.549329577464788770e+02 9.771898591549295077e+01 1.851348732394366152e+02
2.549417464788732275e+02 9.755357746478873082e+01 1.847291267605633891e+02
2.549449014084507041e+02 9.772495774647887856e+01 1.845433239436619601e+02
2.549410704225352049e+02 9.759290140845070027e+01 1.847669859154929668e+02
2.549452394366197154e+02 9.742738028169013376e+01 1.849743098591549426e+02
2.549256338028168898e+02 9.703245070422535434e+01 1.842425915492957813e+02
2.549267605633802702e+02 9.704123943661971907e+01 1.843412957746478753e+02
2.549256338028168898e+02 9.756461971830985647e+01 1.851446760563380280e+02
2.549337464788732461e+02 9.800428169014084290e+01 1.853879436619718319e+02
2.549269859154929634e+02 9.801701408450703923e+01 1.846884507042253460e+02
2.549212394366197145e+02 9.735876056338028661e+01 1.851752112676056470e+02
2.549405070422535289e+02 9.619639436619718253e+01 1.848919436619718226e+02
2.549352112676056379e+02 9.568743661971831216e+01 1.845284507042253495e+02
2.549144788732394318e+02 9.586219718309858706e+01 1.841050140845070473e+02
2.549170704225352040e+02 9.511988732394365798e+01 1.835941408450704273e+02
2.549261971830985942e+02 9.506850704225351478e+01 1.836681690140844978e+02
2.549417464788732275e+02 9.437926760563379958e+01 1.840093521126760550e+02
2.549348732394366266e+02 9.383470422535211242e+01 1.840309859154929484e+02
2.549579718309859118e+02 9.527583098591549060e+01 1.847015211267605537e+02
2.549409577464788867e+02 9.507076056338027570e+01 1.843121126760563300e+02
2.549515492957746403e+02 9.550050704225351694e+01 1.846185915492957861e+02
2.549421971830985854e+02 9.568371830985915949e+01 1.835174084507042380e+02
2.549281126760563438e+02 9.585735211267605393e+01 1.844467605633802805e+02
2.549336338028168996e+02 9.591504225352112201e+01 1.844327887323943571e+02
2.549441126760563350e+02 9.615233802816901232e+01 1.852727887323943605e+02
2.549246197183098559e+02 9.636304225352112951e+01 1.851665352112676146e+02
2.549399436619718244e+02 9.622242253521126543e+01 1.844566760563380399e+02
2.549538028169014012e+02 9.646174647887323772e+01 1.841365633802817001e+02
2.549250704225352138e+02 9.640067605633802827e+01 1.840330140845070446e+02
2.549050140845070302e+02 9.451571830985915312e+01 1.841903098591549224e+02
2.549050140845070302e+02 9.346456338028168886e+01 1.838957746478873219e+02
2.549127887323943753e+02 9.319785915492957429e+01 1.831849014084507132e+02
2.549037746478873316e+02 9.323707042253521138e+01 1.830832676056338073e+02
2.549096338028168987e+02 9.291842253521126338e+01 1.829292394366197243e+02
2.549089577464788761e+02 9.455797183098592029e+01 1.832563380281690115e+02
2.549100845070422565e+02 9.425487323943661977e+01 1.832521690140845010e+02
2.549021971830985933e+02 9.392507042253521377e+01 1.830918309859154931e+02
2.549160563380281701e+02 9.392991549295774689e+01 1.835006197183098493e+02
2.549120000000000061e+02 9.373216901408450497e+01 1.828704225352112758e+02
2.549223661971830950e+02 9.339560563380281621e+01 1.826865352112675964e+02
2.549295774647887356e+02 9.391042253521126781e+01 1.829133521126760513e+02
2.549122253521126709e+02 9.420461971830985703e+01 1.819478309859154876e+02
2.549339718309859109e+02 9.444473239436619849e+01 1.833190985915493059e+02
2.549152676056338009e+02 9.431042253521127350e+01 1.840080000000000098e+02
2.549445633802816928e+02 9.409295774647887356e+01 1.835320563380281556e+02
2.549487323943662034e+02 9.394895774647886810e+01 1.840390985915493047e+02
2.549327323943661838e+02 9.405701408450704548e+01 1.828700845070422645e+02
2.549225915492957881e+02 9.406152112676056731e+01 1.830960000000000036e+02
2.549162816901408348e+02 9.429228169014083960e+01 1.829274366197183213e+02
2.549042253521126895e+02 9.375594366197182694e+01 1.840000000000000000e+02
2.549086197183098648e+02 9.391301408450704002e+01 1.823640563380281776e+02
2.549304788732394229e+02 9.372146478873239062e+01 1.829432112676056477e+02
2.549517746478873335e+02 9.417419718309858467e+01 1.833574084507042130e+02
2.549458028169014199e+02 9.410895774647887890e+01 1.841894084507042351e+02
2.549578591549295652e+02 9.401261971830986397e+01 1.832427042253520995e+02
2.549509859154929643e+02 9.409216901408450440e+01 1.825523380281690038e+02
2.549350985915492913e+02 9.376011267605633748e+01 1.830058591549295670e+02
2.549267605633802702e+02 9.346861971830985283e+01 1.826103661971831116e+02
2.549319436619718431e+02 9.343019718309858490e+01 1.830547605633802846e+02
2.549286760563380199e+02 9.318005633802816590e+01 1.829874929577464684e+02
2.549373521126760522e+02 9.280901408450704082e+01 1.831886197183098659e+02
2.549455774647887267e+02 9.267538028169013842e+01 1.827201126760563454e+02
2.549384788732394327e+02 9.244709859154929177e+01 1.823476056338028286e+02
2.549170704225352040e+02 9.248991549295774917e+01 1.828633239436619817e+02
2.549221408450704303e+02 9.269002816901408437e+01 1.827560563380281735e+02
2.549222535211267484e+02 9.288067605633803225e+01 1.828010140845070453e+02
2.549443380281690281e+02 9.282783098591549731e+01 1.828656901408450608e+02
2.549430985915493011e+02 9.475470422535211412e+01 1.844289577464788863e+02
2.549250704225352138e+02 9.506264788732394777e+01 1.851901971830986042e+02
2.549130140845070400e+02 9.358602816901408517e+01 1.851061408450704278e+02
2.549177464788732266e+02 9.380439436619718663e+01 1.847581971830985879e+02
2.549237183098591686e+02 9.379019718309859854e+01 1.833439999999999941e+02
2.549183098591549310e+02 9.425712676056338069e+01 1.838965633802816910e+02
2.549255211267605716e+02 9.419718309859155170e+01 1.840491267605633823e+02
2.549236056338028220e+02 9.402185915492957236e+01 1.829871549295774571e+02
2.549109859154929438e+02 9.405645070422535525e+01 1.834659154929577483e+02
2.548955492957746571e+02 9.386647887323942996e+01 1.834386478873239525e+02
2.548941971830985835e+02 9.439571830985914858e+01 1.842911549295774591e+02
2.549207887323943567e+02 9.480135211267605655e+01 1.841736338028169087e+02
2.549215774647887258e+02 9.528000000000000114e+01 1.835568450704225256e+02
2.549209014084507032e+02 9.529757746478873059e+01 1.834113802816901284e+02
2.549237183098591686e+02 9.462794366197182683e+01 1.833507605633802768e+02
2.549180845070422663e+02 9.427076056338027854e+01 1.828608450704225277e+02
2.549254084507042251e+02 9.413284507042253324e+01 1.831995492957746592e+02
2.549152676056338009e+02 9.453239436619718106e+01 1.827378028169014215e+02
2.549361126760563252e+02 9.481464788732394311e+01 1.830083380281690211e+02
2.549398309859155063e+02 9.472777464788732971e+01 1.831858028169014005e+02
2.549308169014084626e+02 9.481633802816901380e+01 1.842600563380281642e+02
2.549221408450704303e+02 9.519357746478873139e+01 1.837782535211267714e+02
2.549375774647887454e+02 9.534974647887324295e+01 1.840045070422535218e+02
2.549423098591549319e+02 9.556574647887323692e+01 1.854045070422535275e+02
2.549416338028169093e+02 9.613926760563380469e+01 1.848411267605633839e+02
2.549318309859154965e+02 9.650805633802816885e+01 1.855719436619718294e+02
2.549513239436619756e+02 9.671200000000000330e+01 1.863863661971830936e+02
2.549104225352112678e+02 9.719673239436619383e+01 1.864948732394366289e+02
2.549089577464788761e+02 9.724326760563380390e+01 1.861850140845070314e+02
2.549105352112676144e+02 9.742343661971831636e+01 1.864274929577464661e+02
2.549098591549295634e+02 9.586681690140845546e+01 1.858383098591549185e+02
2.549162816901408348e+02 9.593352112676056720e+01 1.853941408450704103e+02
2.549024225352112580e+02 9.630535211267606144e+01 1.856334647887323968e+02
2.549211267605633680e+02 9.613385915492958134e+01 1.845887323943661897e+02
2.549138028169014092e+02 9.678602816901408801e+01 1.852325633802817038e+02
2.549326197183098657e+02 9.718276056338028468e+01 1.858676056338028104e+02
2.549400563380281710e+02 9.715109859154929950e+01 1.854234366197183022e+02
2.549167323943661927e+02 9.729971830985915915e+01 1.853854647887324063e+02
2.549433239436619658e+02 9.707245070422534639e+01 1.848250140845070462e+02
2.549439999999999884e+02 9.653847887323944121e+01 1.837147042253521079e+02
2.549321690140845078e+02 9.516935211267605155e+01 1.833122253521126765e+02
2.549344225352112687e+02 9.556642253521127373e+01 1.830366197183098507e+02
2.549435492957746590e+02 9.564146478873239232e+01 1.838535211267605689e+02
2.549150422535211362e+02 9.687673239436620065e+01 1.840601690140844937e+02
2.549311549295774739e+02 9.678647887323943166e+01 1.841990985915493013e+02
2.549380281690140748e+02 9.681960563380282281e+01 1.838434929577464914e+02
2.549240563380281799e+02 9.654174647887323601e+01 1.835784788732394475e+02
2.549108732394366257e+02 9.654276056338028411e+01 1.844304225352112780e+02
2.549319436619718431e+02 9.675211267605634191e+01 1.836474366197183201e+02
2.549247323943662025e+02 9.684000000000000341e+01 1.832930704225352088e+02
2.549389295774647906e+02 9.675177464788733062e+01 1.841494084507042146e+02
2.549352112676056379e+02 9.717938028169014331e+01 1.850091267605633902e+02
2.549409577464788867e+02 9.712067605633802714e+01 1.843304788732394286e+02
2.549498591549295838e+02 9.717385915492957338e+01 1.844824788732394438e+02
2.549385915492957793e+02 9.713216901408451065e+01 1.839355492957746492e+02
2.549300281690140935e+02 9.696281690140844489e+01 1.843896338028168884e+02
2.549339718309859109e+02 9.696067605633803055e+01 1.847234929577464868e+02
2.549221408450704303e+02 9.709746478873239539e+01 1.841382535211267566e+02
2.549426478873239432e+02 9.712371830985915722e+01 1.847171830985915619e+02
2.549531267605633786e+02 9.726005633802816419e+01 1.850467605633802748e+02
2.549403943661971823e+02 9.697092957746478703e+01 1.837775774647887204e+02
2.549204507042253454e+02 9.629577464788732755e+01 1.834724507042253663e+02
2.549286760563380199e+02 9.555030985915493602e+01 1.829239436619718333e+02
2.548889014084506925e+02 9.398614084507042321e+01 1.831243943661971798e+02
2.548730140845070480e+02 9.422298591549295566e+01 1.821915492957746494e+02
2.548916056338028113e+02 9.514185915492957690e+01 1.827700281690140969e+02
2.548902535211267661e+02 9.517464788732394254e+01 1.836042816901408514e+02
2.548886760563380278e+02 9.452225352112675694e+01 1.828081126760563393e+02
2.549112112676056370e+02 9.427256338028169580e+01 1.827615774647887292e+02
2.549067042253521151e+02 9.446399999999999864e+01 1.835602253521126670e+02
2.548972394366197136e+02 9.426140845070422358e+01 1.831357746478873310e+02
2.549005070422535084e+02 9.464202816901408255e+01 1.834112676056338103e+02
2.548895774647887436e+02 9.476236619718309839e+01 1.837293521126760538e+02
2.549063661971831038e+02 9.510861971830985340e+01 1.833896338028168884e+02
2.549332957746478883e+02 9.487729577464789088e+01 1.838615211267605503e+02
2.549232676056338107e+02 9.487504225352112996e+01 1.843890704225352124e+02
2.549261971830985942e+02 9.486636619718309760e+01 1.832896901408450674e+02
2.549061408450704107e+02 9.520383098591548787e+01 1.826540845070422563e+02
2.549067042253521151e+02 9.511921126760563538e+01 1.828632112676056352e+02
2.549138028169014092e+02 9.464416901408451110e+01 1.827090704225352056e+02
2.549298028169014003e+02 9.454467605633803373e+01 1.825949295774647965e+02
2.549212394366197145e+02 9.459560563380281906e+01 1.827661971830985976e+02
2.549187605633802889e+02 9.473690140845070573e+01 1.827188732394366184e+02
2.549311549295774739e+02 9.425915492957746267e+01 1.826254647887323870e+02
2.549193239436619649e+02 9.322242253521126543e+01 1.819515492957746403e+02
2.549159436619718235e+02 9.330388732394365547e+01 1.811592112676056274e+02
2.549033239436619738e+02 9.312180281690140760e+01 1.804032676056338005e+02
2.548934084507042144e+02 9.374343661971830954e+01 1.812424788732394347e+02
2.548781971830985924e+02 9.436461971830985362e+01 1.816911549295774648e+02
2.549124507042253640e+02 9.531842253521126906e+01 1.820997183098591563e+02
2.549165070422535280e+02 9.517881690140845308e+01 1.824224225352112683e+02
2.549221408450704303e+02 9.477453521126760450e+01 1.815205633802816862e+02
2.549130140845070400e+02 9.439966197183098018e+01 1.813958309859154951e+02
2.549073802816901377e+02 9.443707042253521422e+01 1.819556056338028043e+02
2.548989295774647985e+02 9.400890140845071130e+01 1.820879999999999939e+02
2.549211267605633680e+02 9.439199999999999591e+01 1.821476056338028116e+02
2.549500845070422486e+02 9.474456338028169000e+01 1.828994929577464745e+02
2.549339718309859109e+02 9.523357746478873764e+01 1.826267042253521140e+02
2.549185352112675957e+02 9.559199999999999875e+01 1.831445633802816815e+02
2.549279999999999973e+02 9.515200000000000102e+01 1.839149295774647896e+02
2.549348732394366266e+02 9.560247887323943417e+01 1.842377464788732482e+02
2.549276619718309860e+02 9.569239436619717765e+01 1.838316619718309823e+02
2.549376901408450635e+02 9.574309859154929825e+01 1.835815211267605775e+02
2.549277746478873325e+02 9.618107042253521399e+01 1.835931267605633934e+02
2.549089577464788761e+02 9.579594366197183319e+01 1.833008450704225254e+02
2.549118873239436596e+02 9.575290140845071107e+01 1.827821971830985888e+02
2.549237183098591686e+02 9.578490140845070755e+01 1.824236619718309953e+02
2.549148169014084431e+02 9.534715492957747074e+01 1.827559436619718269e+02
2.549136901408450626e+02 9.500777464788733084e+01 1.821456901408450619e+02
2.549047887323943655e+02 9.431639436619718708e+01 1.815880563380281671e+02
2.549196619718309762e+02 9.306580281690141021e+01 1.816909295774648001e+02
2.549122253521126709e+02 9.471459154929577551e+01 1.825600000000000023e+02
2.549095211267605521e+02 9.482501408450704616e+01 1.820144225352112812e+02
2.549011830985915594e+02 9.498963380281689695e+01 1.819553802816901396e+02
2.549264225352112589e+02 9.479763380281690388e+01 1.823198873239436750e+02
2.549207887323943567e+02 9.488642253521126690e+01 1.827872676056338150e+02
2.549434366197183124e+02 9.518625352112675841e+01 1.823082816901408592e+02
2.549290140845070312e+02 9.565464788732394652e+01 1.834014647887323974e+02
2.549295774647887356e+02 9.632191549295774280e+01 1.846050704225352206e+02
2.549275492957746394e+02 9.674512676056338023e+01 1.839060281690140926e+02
2.549018591549295820e+02 9.708878873239436302e+01 1.834930704225351974e+02
2.549125633802816822e+02 9.765352112676056606e+01 1.840543098591549267e+02
2.549134647887323979e+02 9.759909859154929279e+01 1.837863661971830993e+02
2.549309295774647808e+02 9.742535211267605177e+01 1.836156619718309742e+02
2.549274366197183213e+02 9.743245070422534582e+01 1.839676619718309780e+02
2.549415211267605628e+02 9.770895774647887322e+01 1.839704788732394434e+02
2.549412957746478980e+02 9.811549295774648272e+01 1.838798873239436489e+02
2.549483943661971921e+02 9.815797183098591461e+01 1.835604507042253601e+02
2.549255211267605716e+02 9.709081690140844501e+01 1.839780281690140953e+02
2.549248450704225490e+02 9.775752112676056527e+01 1.841000563380281676e+02
2.549268732394366168e+02 9.789949295774647453e+01 1.842420281690140769e+02
2.549279999999999973e+02 9.825374647887323931e+01 1.843527887323943730e+02
2.549302535211267582e+02 9.789712676056338125e+01 1.840080000000000098e+02
2.549384788732394327e+02 9.760788732394365752e+01 1.834419154929577473e+02
2.549252957746478785e+02 9.784236619718309669e+01 1.829268732394366168e+02
2.549209014084507032e+02 9.756225352112676319e+01 1.828343661971831011e+02
2.549221408450704303e+02 9.698963380281689695e+01 1.835862535211267641e+02
2.549388169014084440e+02 9.703019718309859343e+01 1.837158309859154883e+02
2.549295774647887356e+02 9.703132394366197389e+01 1.836805633802816828e+02
2.549268732394366168e+02 9.705983098591549663e+01 1.840740281690140705e+02
2.549267605633802702e+02 9.790715492957745880e+01 1.842833802816901425e+02
2.549263098591549408e+02 9.776890140845070221e+01 1.844135211267605712e+02
2.549329577464788770e+02 9.769622535211267689e+01 1.844313239436619654e+02
2.549453521126760620e+02 9.837667605633802737e+01 1.840171267605633716e+02
2.549051267605633768e+02 9.842478873239436155e+01 1.841705915492957786e+02
2.549144788732394318e+02 9.850895774647887038e+01 1.839169577464788858e+02
2.548925070422535271e+02 9.853566197183099007e+01 1.840505915492957740e+02
2.549001690140844971e+02 9.846523943661971146e+01 1.845447887323943803e+02
2.549025352112676046e+02 9.842647887323943223e+01 1.834313239436619654e+02
2.549266478873239521e+02 9.848101408450703786e+01 1.835492957746478737e+02
2.549097464788732452e+02 9.836281690140845058e+01 1.833132394366197104e+02
2.549009577464788663e+02 9.857160563380281815e+01 1.843621408450704280e+02
2.549273239436619747e+02 9.846321126760562947e+01 1.838457464788732523e+02
2.549176338028169084e+02 9.824169014084506557e+01 1.844713239436619858e+02
2.549177464788732266e+02 9.794816901408451315e+01 1.834006760563380283e+02
2.549149295774647896e+02 9.732777464788732402e+01 1.825103098591549156e+02
2.548926197183098452e+02 9.529025352112675762e+01 1.815300281690140878e+02
2.548998309859154858e+02 9.540529577464788247e+01 1.814578028169014203e+02
2.549300281690140935e+02 9.631515492957746005e+01 1.825729577464788633e+02
2.549079436619718422e+02 9.611921126760563538e+01 1.808292957746478749e+02
2.549012957746478776e+02 9.586321126760563516e+01 1.816442816901408435e+02
2.549166197183098461e+02 9.562084507042253279e+01 1.811987605633802900e+02
2.549088450704225295e+02 9.546974647887323329e+01 1.813082816901408592e+02
2.548958873239436684e+02 9.597014084507041787e+01 1.826733521126760422e+02
2.549052394366197234e+02 9.567752112676056697e+01 1.825371267605633818e+02
2.549032112676056272e+02 9.583335211267605303e+01 1.829362253521126718e+02
2.549231549295774641e+02 9.608709859154929234e+01 1.826372957746478960e+02
2.549104225352112678e+02 9.659391549295774837e+01 1.824048450704225388e+02
2.549273239436619747e+02 9.607616901408451326e+01 1.819931267605633707e+02
2.549099718309859099e+02 9.577926760563380526e+01 1.819797183098591518e+02
2.549148169014084431e+02 9.568135211267605200e+01 1.824472112676056383e+02
2.549220281690140837e+02 9.622354929577464588e+01 1.826236619718309839e+02
2.549312676056337921e+02 9.640754929577464338e+01 1.829270985915493100e+02
2.549259718309859295e+02 9.596045070422535161e+01 1.819385915492957793e+02
2.549056901408450813e+02 9.550005633802817329e+01 1.816376338028169073e+02
2.549117746478873130e+02 9.546569014084506932e+01 1.812707605633802928e+02
2.549094084507042339e+02 9.499154929577464657e+01 1.804709859154929461e+02
2.549240563380281799e+02 9.471729577464789429e+01 1.801719436619718238e+02
2.549237183098591686e+02 9.469960563380281826e+01 1.808424788732394290e+02
2.549198873239436693e+02 9.423876056338028206e+01 1.810126197183098498e+02
2.549125633802816822e+02 9.363369014084507569e+01 1.813472676056337889e+02
2.548988169014084519e+02 9.364619718309859309e+01 1.811323943661971896e+02
2.549130140845070400e+02 9.359650704225352058e+01 1.806499154929577458e+02
2.549156056338028122e+02 9.427076056338027854e+01 1.808196056338028086e+02
2.549138028169014092e+02 9.407008450704225311e+01 1.816405633802816908e+02
2.549318309859154965e+02 9.384890140845070050e+01 1.822873239436619599e+02
2.549125633802816822e+02 9.485926760563380356e+01 1.823387042253521031e+02
2.549243943661971912e+02 9.555357746478873082e+01 1.829603380281690193e+02
2.549135774647887445e+02 9.524777464788732573e+01 1.826610704225352038e+02
2.549147042253521249e+02 9.463481690140845615e+01 1.812333521126760445e+02
2.549072676056337912e+02 9.396011267605634032e+01 1.821460281690140732e+02
2.549080563380281603e+02 9.398208450704225925e+01 1.820077746478873166e+02
2.549082816901408535e+02 9.494636619718309589e+01 1.814561126760563354e+02
2.549241690140844980e+02 9.570749295774648147e+01 1.830009014084507157e+02
2.549028732394366159e+02 9.729183098591549594e+01 1.834578028169014203e+02
2.549465915492957606e+02 9.788552112676056538e+01 1.846118309859155033e+02
2.549543661971831057e+02 9.799154929577464657e+01 1.836310985915492893e+02
2.549384788732394327e+02 9.722242253521126543e+01 1.834448450704225309e+02
2.549362253521126718e+02 9.625600000000000023e+01 1.819100845070422565e+02
2.549470422535211185e+02 9.673239436619718390e+01 1.821548169014084522e+02
2.549394929577464666e+02 9.565487323943662545e+01 1.818236619718309726e+02
2.549353239436619845e+02 9.542580281690140964e+01 1.828720000000000141e+02
2.549112112676056370e+02 9.507909859154929677e+01 1.823531267605633843e+02
2.549029859154929625e+02 9.440563380281690797e+01 1.817370140845070523e+02
2.548989295774647985e+02 9.339752112676056583e+01 1.808902535211267661e+02
2.549090704225352226e+02 9.299030985915493375e+01 1.808421408450704178e+02
2.549314929577464852e+02 9.333171830985915562e+01 1.808363943661971689e+02
2.549020845070422467e+02 9.402659154929577312e+01 1.809132394366197047e+02
2.549029859154929625e+02 9.447898591549295588e+01 1.813216901408450781e+02
2.549138028169014092e+02 9.498974647887324352e+01 1.813585352112675935e+02
2.549230422535211176e+02 9.548664788732394015e+01 1.817451267605633802e+02
2.549140281690140739e+02 9.581340845070423029e+01 1.826099154929577537e+02
2.549233802816901289e+02 9.582940845070422142e+01 1.819362253521126718e+02
2.549161690140845167e+02 9.568856338028169262e+01 1.822696338028169123e+02
2.549257464788732364e+02 9.578692957746478953e+01 1.830930704225352201e+02
2.549304788732394229e+02 9.602388732394366855e+01 1.830812394366197111e+02
2.549283380281690086e+02 9.615008450704225140e+01 1.825600000000000023e+02
2.549308169014084626e+02 9.657205633802817601e+01 1.817411830985915628e+02
2.549141408450704205e+02 9.709521126760563448e+01 1.829034366197183203e+02
2.549247323943662025e+02 9.695312676056337864e+01 1.824240000000000066e+02
2.549330704225352235e+02 9.729194366197182831e+01 1.824215211267605525e+02
2.549349859154929447e+02 9.729859154929577869e+01 1.828910422535211353e+02
2.549274366197183213e+02 9.759064788732393936e+01 1.836260281690140914e+02
2.549320563380281612e+02 9.783785915492957486e+01 1.834267042253521254e+02
2.549255211267605716e+02 9.818805633802817567e+01 1.834561126760563354e+02
2.549143661971830852e+02 9.720845070422535628e+01 1.826441690140844969e+02
2.549045633802817008e+02 9.706749295774648090e+01 1.823942535211267568e+02
2.549130140845070400e+02 9.680585915492957838e+01 1.821896338028168998e+02
2.549036619718309851e+02 9.640202816901408767e+01 1.812723380281690027e+02
2.548676056338028104e+02 9.564011267605633293e+01 1.807327323943661952e+02
2.549044507042253542e+02 9.526084507042253335e+01 1.801050140845070473e+02
2.548946478873239414e+02 9.532304225352112326e+01 1.807150422535211192e+02
2.548971267605633670e+02 9.555256338028169694e+01 1.807176338028168914e+02
2.549073802816901377e+02 9.550670422535210946e+01 1.805113239436619779e+02
2.549180845070422663e+02 9.536845070422535287e+01 1.806229859154929613e+02
2.548961126760563332e+02 9.512180281690140760e+01 1.799168450704225393e+02
2.549133521126760513e+02 9.502771830985915358e+01 1.810804507042253420e+02
2.548931830985915497e+02 9.495346478873238993e+01 1.799941408450704330e+02
2.549054647887323881e+02 9.504123943661971907e+01 1.813360000000000127e+02
2.549279999999999973e+02 9.554501408450704503e+01 1.819712676056338125e+02
2.549347605633802800e+02 9.596383098591549299e+01 1.817542535211267705e+02
2.549117746478873130e+02 9.579695774647886708e+01 1.816066478873239305e+02
2.549408450704225402e+02 9.582952112676056800e+01 1.815478309859154820e+02
2.549316056338028034e+02 9.600473239436620077e+01 1.815387042253521201e+02
2.549348732394366266e+02 9.585149295774647271e+01 1.821825352112676057e+02
2.549330704225352235e+02 9.587549295774647362e+01 1.814555492957746594e+02
2.549470422535211185e+02 9.568563380281689490e+01 1.806971267605633784e+02
2.549364507042253649e+02 9.562163380281690195e+01 1.814738028169014115e+02
2.549399436619718244e+02 9.590501408450704446e+01 1.811556056338028213e+02
2.549154929577464657e+02 9.629104225352112678e+01 1.826427042253521051e+02
2.549083943661971716e+02 9.639684507042252903e+01 1.823592112676056445e+02
2.549327323943661838e+02 9.645487323943662261e+01 1.818129577464788724e+02
2.549301408450704116e+02 9.573588732394365763e+01 1.816370704225352029e+02
2.549214647887324077e+02 9.515504225352113110e+01 1.809063661971831038e+02
2.549153802816901475e+02 9.441183098591548628e+01 1.796437183098591674e+02
2.549065915492957686e+02 9.425453521126760847e+01 1.796099154929577537e+02
2.549073802816901377e+02 9.409814084507041798e+01 1.800669295774647765e+02
2.548993802816901280e+02 9.412833802816901141e+01 1.796438309859154856e+02
2.549195492957746580e+02 9.377780281690141351e+01 1.804180281690140930e+02
2.549183098591549310e+02 9.419966197183099155e+01 1.810994929577464916e+02
2.549193239436619649e+02 9.342016901408450735e+01 1.800779718309859163e+02
2.549034366197183203e+02 9.321983098591549322e+01 1.796733521126760422e+02
2.548908169014084422e+02 9.339583098591549515e+01 1.799657464788732284e+02
2.549005070422535084e+02 9.387030985915492920e+01 1.800322253521126754e+02
2.549025352112676046e+02 9.571177464788732436e+01 1.814104788732394411e+02
2.549192112676056468e+02 9.652642253521126747e+01 1.826256901408450801e+02
2.549011830985915594e+02 9.711357746478873310e+01 1.828521690140844953e+02
2.549006197183098550e+02 9.768428169014084972e+01 1.823823098591549297e+02
2.548841690140845060e+02 9.759684507042253188e+01 1.833967323943662109e+02
2.549012957746478776e+02 9.585960563380281485e+01 1.823600000000000136e+02
2.548913802816901466e+02 9.553284507042253892e+01 1.817611267605633714e+02
2.549061408450704107e+02 9.433239436619717821e+01 1.814005633802816817e+02
2.549033239436619738e+02 9.204394366197183786e+01 1.806512676056337909e+02
2.549016338028168889e+02 8.953532394366197877e+01 1.785062535211267516e+02
2.549058028169013994e+02 8.976811267605633304e+01 1.784774084507042176e+02
2.548987042253521054e+02 9.003290140845069800e+01 1.790974647887323954e+02
2.549005070422535084e+02 9.018535211267605689e+01 1.791645070422535184e+02
2.548965633802816910e+02 9.035064788732394447e+01 1.791481690140845160e+02
2.549139154929577558e+02 9.006230985915493648e+01 1.791779154929577373e+02
2.548948732394366061e+02 8.971278873239437246e+01 1.786419154929577360e+02
2.548944225352112767e+02 8.847132394366197161e+01 1.783423098591549376e+02
2.548860845070422556e+02 8.752766197183098029e+01 1.774793239436619672e+02
2.549136901408450626e+02 8.889250704225352706e+01 1.780825915492957847e+02
2.548932957746478962e+02 8.901611267605633770e+01 1.786956619718309867e+02
2.548946478873239414e+02 8.909059154929578028e+01 1.789019718309859286e+02
2.548820281690140916e+02 8.901712676056338580e+01 1.790672676056338162e+02
2.548905915492957774e+02 8.868946478873239414e+01 1.781517746478873221e+02
2.549116619718309948e+02 9.022805633802816772e+01 1.784768450704225415e+02
2.549255211267605716e+02 8.977757746478873457e+01 1.790805633802816885e+02
2.549141408450704205e+02 8.974557746478873810e+01 1.790574647887324033e+02
2.549250704225352138e+02 8.973284507042254177e+01 1.793583098591549287e+02
2.549218028169014190e+02 9.004630985915493113e+01 1.790072112676056406e+02
2.549150422535211362e+02 9.031729577464788861e+01 1.791860281690140937e+02
2.549027605633802693e+02 9.042456338028169682e+01 1.800523943661971771e+02
2.549273239436619747e+02 9.072360563380281917e+01 1.797124507042253470e+02
2.549090704225352226e+02 9.075549295774648328e+01 1.795143661971831079e+02
2.549195492957746580e+02 9.032123943661972021e+01 1.798021408450704257e+02
2.549001690140844971e+02 9.052371830985914869e+01 1.786339154929577546e+02
2.549043380281690077e+02 9.058095774647887310e+01 1.798010140845070453e+02
2.549028732394366159e+02 9.077588732394366389e+01 1.792208450704225413e+02
2.549103098591549212e+02 9.036101408450704753e+01 1.788445070422535252e+02
2.549373521126760522e+02 9.085859154929578096e+01 1.795082816901408478e+02
2.549068169014084617e+02 9.119616901408450360e+01 1.796118309859155033e+02
2.549206760563380385e+02 9.180078873239436632e+01 1.795880563380281671e+02
2.549307042253521161e+02 9.232067605633802998e+01 1.801424225352112671e+02
2.549134647887323979e+02 9.193757746478873116e+01 1.804649014084507144e+02
2.549168450704225393e+02 9.120045070422534650e+01 1.796859718309859204e+02
2.548958873239436684e+02 8.943887323943661727e+01 1.797438873239436532e+02
2.548954366197183106e+02 8.930816901408451258e+01 1.794452957746478887e+02
2.548934084507042144e+02 8.961960563380281997e+01 1.788697464788732532e+02
2.549056901408450813e+02 9.095571830985915085e+01 1.794937464788732484e+02
2.549007323943662016e+02 9.025149295774647840e+01 1.797544788732394352e+02
2.548958873239436684e+02 9.010298591549295111e+01 1.788281690140844944e+02
2.549149295774647896e+02 9.023030985915492863e+01 1.791894084507042351e+02
2.549002816901408437e+02 9.073757746478872832e+01 1.793179718309859254e+02
2.549029859154929625e+02 9.078005633802817442e+01 1.797584225352112810e+02
2.548823661971831029e+02 9.121442253521126986e+01 1.802621971830985785e+02
2.548983661971830941e+02 9.158107042253520547e+01 1.811301408450704287e+02
2.548907042253521240e+02 9.143830985915492704e+01 1.808669295774647878e+02
2.548805633802816999e+02 9.135605633802816783e+01 1.807230422535211289e+02
2.548754929577464736e+02 9.124214084507042344e+01 1.806899154929577378e+02
2.548880000000000052e+02 9.166636619718309476e+01 1.815086197183098591e+02
2.548937464788732257e+02 9.156338028169014365e+01 1.813800563380281687e+02
2.548943098591549301e+02 9.156157746478872639e+01 1.810131830985915542e+02
2.548742535211267466e+02 9.180946478873239869e+01 1.805711549295774603e+02
2.548984788732394406e+02 9.192383098591548674e+01 1.804277183098591593e+02
2.549096338028168987e+02 9.241791549295774644e+01 1.813070422535211321e+02
2.548967887323943557e+02 9.280687323943662648e+01 1.816704225352112587e+02
2.549123380281690174e+02 9.297599999999999909e+01 1.817332957746478996e+02
2.549045633802817008e+02 9.315301408450704912e+01 1.814532957746478985e+02
2.548975774647887249e+02 9.313183098591549935e+01 1.820612957746478742e+02
2.548840563380281594e+02 9.127605633802816953e+01 1.810002253521126647e+02
2.548824788732394495e+02 9.111864788732394516e+01 1.807678873239436541e+02
2.548984788732394406e+02 9.076281690140845626e+01 1.796033802816901357e+02
2.548994929577464745e+02 9.061690140845070118e+01 1.802041690140844992e+02
2.548856338028168977e+02 9.035988732394366707e+01 1.796993802816901393e+02
2.549212394366197145e+02 8.981656338028169273e+01 1.797421971830985967e+02
2.549103098591549212e+02 8.943504225352113224e+01 1.792743661971830988e+02
2.549285633802817017e+02 9.112428169014084745e+01 1.807116619718309778e+02
2.549198873239436693e+02 9.123076056338028650e+01 1.801659718309859102e+02
2.549074929577464843e+02 9.122456338028169398e+01 1.811571830985915597e+02
2.549175211267605619e+02 9.142073239436619758e+01 1.807501971830985781e+02
2.549383661971830861e+02 9.128552112676055685e+01 1.809630422535211380e+02
2.549467042253521072e+02 9.165002816901407812e+01 1.802528450704225236e+02
2.549195492957746580e+02 9.164856338028168636e+01 1.809354366197183026e+02
2.549176338028169084e+02 9.130400000000000205e+01 1.819512112676056290e+02
2.549338591549295643e+02 9.183121126760563868e+01 1.817233802816901402e+02
2.549321690140845078e+02 9.172360563380281917e+01 1.813701408450704093e+02
2.549284507042253551e+02 9.183718309859155227e+01 1.814480000000000075e+02
2.549318309859154965e+02 9.200901408450704366e+01 1.817479436619718172e+02
2.549409577464788867e+02 9.161577464788732073e+01 1.803141408450704262e+02
2.549478309859154876e+02 9.176405633802816908e+01 1.807008450704225311e+02
2.549196619718309762e+02 9.162659154929578165e+01 1.807979718309859152e+02
2.549006197183098550e+02 9.179819718309859411e+01 1.817896338028168941e+02
2.549046760563380190e+02 9.175436619718310283e+01 1.820821408450704268e+02
2.549134647887323979e+02 9.173814084507041855e+01 1.812228732394366091e+02
2.549074929577464843e+02 9.075538028169013671e+01 1.805645070422535241e+02
2.549207887323943567e+02 9.011842253521126622e+01 1.797503098591549247e+02
2.548962253521126797e+02 8.962490140845071096e+01 1.801782535211267486e+02
2.549032112676056272e+02 9.019290140845070880e+01 1.804829295774648017e+02
2.548958873239436684e+02 9.023842253521127077e+01 1.804778591549295754e+02
2.549052394366197234e+02 9.006681690140844410e+01 1.811181971830986015e+02
2.549161690140845167e+02 9.013554929577465202e+01 1.805543661971831000e+02
2.548946478873239414e+02 8.999166197183097893e+01 1.810018028169014030e+02
2.548901408450704196e+02 8.948326760563379878e+01 1.809095211267605521e+02
2.549017464788732354e+02 8.896540845070423131e+01 1.802145352112676164e+02
2.549083943661971716e+02 8.888383098591549469e+01 1.803238309859154924e+02
2.549067042253521151e+02 8.828732394366197411e+01 1.797544788732394352e+02
2.549106478873239325e+02 8.805498591549296350e+01 1.799779154929577487e+02
2.549069295774647799e+02 8.923414084507042787e+01 1.803154929577464713e+02
2.549052394366197234e+02 8.957464788732394823e+01 1.807948169014084385e+02
2.549224788732394416e+02 9.005138028169014319e+01 1.816597183098591586e+02
2.549011830985915594e+02 9.038895774647888004e+01 1.815682253521126768e+02
2.548950985915492993e+02 9.077915492957745869e+01 1.812225352112675978e+02
2.549051267605633768e+02 9.101453521126759938e+01 1.811709295774647899e+02
2.549317183098591499e+02 9.047177464788732948e+01 1.815931267605633934e+02
2.549335211267605530e+02 9.027684507042253870e+01 1.817347605633802914e+02
2.549354366197183026e+02 9.037340845070421835e+01 1.810836056338028186e+02
2.549238309859154867e+02 9.025757746478873855e+01 1.812652394366197086e+02
2.549138028169014092e+02 9.015436619718309430e+01 1.809837746478873157e+02
2.549072676056337912e+02 9.030692957746478555e+01 1.805254084507042194e+02
2.549059154929577460e+02 9.004507042253521831e+01 1.803778028169014078e+02
2.549046760563380190e+02 8.945802816901408505e+01 1.796983661971831054e+02
2.549083943661971716e+02 8.884146478873239516e+01 1.799670985915493020e+02
2.549160563380281701e+02 8.894771830985915528e+01 1.794114929577464750e+02
2.549026478873239512e+02 8.928788732394366434e+01 1.793232676056338164e+02
2.549051267605633768e+02 8.900856338028168580e+01 1.799753239436619765e+02
2.549131267605633866e+02 8.909712676056338410e+01 1.803808450704225379e+02
2.549199999999999875e+02 8.870783098591549276e+01 1.797965070422535234e+02
2.549263098591549408e+02 8.863594366197183660e+01 1.794889014084507153e+02
2.549231549295774641e+02 8.836214084507042799e+01 1.798661408450704187e+02
2.549124507042253640e+02 8.850456338028169512e+01 1.796214084507042230e+02
2.549232676056338107e+02 8.894895774647886810e+01 1.793283380281690143e+02
2.549314929577464852e+02 8.879515492957746403e+01 1.795273239436619690e+02
2.549304788732394229e+02 8.914208450704225584e+01 1.795887323943661897e+02
2.549264225352112589e+02 8.927819718309859809e+01 1.805238309859154811e+02
2.549302535211267582e+02 8.933904225352112860e+01 1.805258591549295772e+02
2.549353239436619845e+02 8.929971830985915915e+01 1.801211267605633850e+02
2.549337464788732461e+02 8.925228169014084756e+01 1.802500281690140866e+02
2.549363380281690183e+02 8.940890140845070277e+01 1.800999436619718210e+02
2.549335211267605530e+02 8.951616901408451099e+01 1.793888450704225477e+02
2.549186478873239423e+02 8.959222535211267768e+01 1.800574647887324033e+02
2.549385915492957793e+02 8.962411267605634180e+01 1.809382535211267680e+02
2.549285633802817017e+02 8.961825352112676057e+01 1.811017464788732525e+02
2.549319436619718431e+02 9.012000000000000455e+01 1.804269295774647901e+02
2.549272112676056281e+02 9.003323943661972351e+01 1.805067042253521095e+02
2.549240563380281799e+02 9.038039436619718003e+01 1.810356056338028168e+02
2.549272112676056281e+02 9.024202816901409108e+01 1.812544225352112619e+02
2.549279999999999973e+02 9.002715492957746335e+01 1.806718873239436505e+02
2.549144788732394318e+02 8.939695774647887561e+01 1.804443943661971730e+02
2.549046760563380190e+02 8.762985915492957645e+01 1.789566197183098666e+02
2.548973521126760602e+02 8.746264788732393924e+01 1.790440563380281560e+02
2.549076056338028309e+02 8.775538028169013671e+01 1.801277746478873212e+02
2.549267605633802702e+02 8.971459154929577551e+01 1.809923380281690015e+02
2.549243943661971912e+02 8.972495774647887856e+01 1.811078309859154842e+02
2.549349859154929447e+02 8.950974647887323954e+01 1.815460281690140789e+02
2.549256338028168898e+02 8.952698591549295770e+01 1.822048450704225218e+02
2.549383661971830861e+02 8.968991549295775201e+01 1.807757746478873173e+02
2.549158309859155054e+02 9.021002816901408039e+01 1.807858028169013949e+02
2.549259718309859295e+02 9.057746478873239937e+01 1.814598309859154881e+02
2.549287887323943664e+02 9.079571830985915426e+01 1.809743098591549426e+02
2.549331830985915417e+02 9.085081690140845012e+01 1.817245070422535207e+02
2.549127887323943753e+02 9.071188732394365672e+01 1.817125633802816935e+02
2.549228169014084528e+02 8.939785915492957713e+01 1.808821408450704098e+02
2.549152676056338009e+02 8.770839436619718299e+01 1.788103661971831002e+02
2.549077183098591490e+02 8.600845070422535343e+01 1.784499154929577571e+02
2.549341971830986040e+02 8.532461971830986158e+01 1.769633802816901493e+02
2.549263098591549408e+02 8.527008450704225595e+01 1.771898591549295645e+02
2.549159436619718235e+02 8.533791549295774814e+01 1.784766197183098484e+02
2.549204507042253454e+02 8.625746478873239198e+01 1.793978591549295913e+02
2.549196619718309762e+02 8.690152112676055651e+01 1.797257464788732477e+02
2.549290140845070312e+02 8.778512676056338648e+01 1.799506478873239530e+02
2.549079436619718422e+02 8.771019718309858604e+01 1.804494647887323993e+02
2.549166197183098461e+02 8.721498591549296009e+01 1.802136338028169007e+02
2.549162816901408348e+02 8.592326760563379651e+01 1.791932394366197059e+02
2.548976901408450715e+02 8.515695774647886651e+01 1.776875492957746587e+02
2.549017464788732354e+02 8.464281690140845171e+01 1.779506478873239530e+02
2.549008450704225481e+02 8.479966197183098586e+01 1.768581408450704089e+02
2.548918309859155045e+02 8.503887323943662579e+01 1.774518309859155067e+02
2.549085070422535182e+02 8.507943661971830807e+01 1.780112676056338046e+02
2.549180845070422663e+02 8.542411267605633896e+01 1.790375211267605664e+02
2.549201126760563341e+02 8.716563380281689888e+01 1.797532394366197082e+02
2.549268732394366168e+02 8.742343661971831636e+01 1.787678873239436541e+02
2.549168450704225393e+02 8.732630985915493227e+01 1.792963380281690036e+02
2.549320563380281612e+02 8.676011267605633748e+01 1.792153239436619856e+02
2.549355492957746492e+02 8.693352112676056720e+01 1.802470985915493031e+02
2.549134647887323979e+02 8.693757746478873116e+01 1.803047887323943712e+02
2.549024225352112580e+02 8.735909859154929791e+01 1.798681690140845149e+02
2.549064788732394504e+02 8.649183098591549879e+01 1.788943098591549301e+02
2.549076056338028309e+02 8.735898591549295134e+01 1.809233802816901289e+02
2.549176338028169084e+02 8.781532394366196570e+01 1.810510422535211319e+02
2.549192112676056468e+02 8.796033802816901925e+01 1.811200000000000045e+02
2.549248450704225490e+02 8.880090140845069868e+01 1.813026478873239569e+02
2.549304788732394229e+02 8.916642253521126804e+01 1.815717183098591647e+02
2.549345352112676153e+02 9.037059154929578142e+01 1.826717746478873323e+02
2.549339718309859109e+02 9.105521126760562822e+01 1.836637746478873225e+02
2.549392676056338018e+02 9.175898591549295702e+01 1.835818591549295888e+02
2.549278873239436507e+02 9.206208450704225754e+01 1.838475492957746553e+02
2.549317183098591499e+02 9.072292957746478237e+01 1.822495774647887288e+02
2.549402816901408357e+02 8.988281690140844660e+01 1.817514366197183051e+02
2.549256338028168898e+02 8.896507042253520581e+01 1.805318309859154908e+02
2.549245070422535093e+02 8.921126760563380742e+01 1.805869295774647867e+02
2.549318309859154965e+02 9.017983098591548696e+01 1.820238873239436543e+02
2.549412957746478980e+02 9.110298591549295111e+01 1.819106478873239325e+02
2.549245070422535093e+02 9.174985915492958100e+01 1.827874929577464798e+02
2.548985915492957872e+02 9.251290140845070198e+01 1.826879999999999882e+02
2.549161690140845167e+02 9.329476056338027945e+01 1.834078873239436689e+02
2.549201126760563341e+02 9.366400000000000148e+01 1.838499154929577344e+02
2.549163943661971814e+02 9.309769014084507432e+01 1.819170704225352040e+02
2.549207887323943567e+02 9.285126760563380799e+01 1.827309295774647921e+02
2.549184225352112776e+02 9.313836619718310317e+01 1.829193239436619649e+02
2.549286760563380199e+02 9.328067605633802373e+01 1.826152112676056447e+02
2.549396056338028131e+02 9.403707042253520854e+01 1.829850140845070428e+02
2.549117746478873130e+02 9.466952112676055719e+01 1.826565633802816819e+02
2.549072676056337912e+02 9.502332394366197832e+01 1.838219718309859161e+02
2.549120000000000061e+02 9.523470422535211810e+01 1.834718873239436618e+02
2.549296901408450822e+02 9.511008450704225936e+01 1.825220281690140780e+02
2.549388169014084440e+02 9.553554929577464350e+01 1.828005633802816874e+02
2.549301408450704116e+02 9.414715492957746790e+01 1.825263098591549351e+02
2.549169577464788858e+02 9.440946478873239300e+01 1.826997183098591506e+02
2.549163943661971814e+02 9.512461971830985874e+01 1.831363380281690070e+02
2.549465915492957606e+02 9.510185915492957065e+01 1.831908732394366268e+02
2.549364507042253649e+02 9.529194366197182831e+01 1.832214084507042173e+02
2.549319436619718431e+02 9.561397183098591768e+01 1.824396619718309864e+02
2.549305915492957695e+02 9.533847887323943837e+01 1.835532394366197195e+02
2.549298028169014003e+02 9.453228169014084870e+01 1.821312676056338091e+02
2.549087323943662113e+02 9.368112676056338728e+01 1.814361690140844985e+02
2.549125633802816822e+02 9.375988732394365854e+01 1.819796056338028052e+02
2.549225915492957881e+02 9.384946478873239073e+01 1.806191549295774621e+02
2.549406197183098470e+02 9.374084507042253733e+01 1.813068169014084390e+02
2.549410704225352049e+02 9.330839436619717731e+01 1.812012394366197157e+02
2.549295774647887356e+02 9.341588732394366446e+01 1.803459154929577437e+02
2.549028732394366159e+02 9.313859154929576789e+01 1.817391549295774666e+02
2.549088450704225295e+02 9.326287323943661534e+01 1.812771830985915358e+02
2.549274366197183213e+02 9.307842253521127418e+01 1.811134647887323865e+02
2.549195492957746580e+02 9.315830985915492590e+01 1.807934647887323933e+02
2.549225915492957881e+02 9.339605633802817408e+01 1.818464225352112749e+02
2.549170704225352040e+02 9.506174647887324625e+01 1.822667042253521004e+02
2.549272112676056281e+02 9.486264788732394493e+01 1.832432676056338039e+02
2.549380281690140748e+02 9.564033802816901186e+01 1.834057464788732261e+02
2.549336338028168996e+02 9.556473239436620304e+01 1.832590422535211303e+02
2.549274366197183213e+02 9.580259154929576937e+01 1.827956056338028077e+02
2.549139154929577558e+02 9.422230985915493306e+01 1.824960000000000093e+02
2.549147042253521249e+02 9.435414084507041821e+01 1.818409014084506907e+02
2.549323943661971725e+02 9.471526760563379810e+01 1.829141408450704205e+02
2.549316056338028034e+02 9.435673239436619042e+01 1.823577464788732527e+02
2.549224788732394416e+02 9.400000000000000000e+01 1.813958309859154951e+02
2.549034366197183203e+02 9.415267605633802361e+01 1.812717746478873266e+02
2.549248450704225490e+02 9.368180281690140987e+01 1.817524507042253390e+02
2.549067042253521151e+02 9.389183098591549026e+01 1.821088450704225465e+02
2.549167323943661927e+02 9.386614084507041866e+01 1.811195492957746467e+02
2.549314929577464852e+02 9.341723943661972385e+01 1.809039999999999964e+02
2.549323943661971725e+02 9.313521126760564073e+01 1.806211830985915583e+02
2.549258591549295829e+02 9.259583098591549799e+01 1.805821971830986001e+02
2.549124507042253640e+02 9.324529577464788588e+01 1.805851267605633836e+02
2.549248450704225490e+02 9.323357746478873764e+01 1.810436056338028266e+02
2.549361126760563252e+02 9.291301408450704002e+01 1.808116056338028272e+02
2.549388169014084440e+02 9.241960563380281712e+01 1.804991549295774576e+02
2.549154929577464657e+02 9.231414084507042617e+01 1.806714366197183210e+02
2.549168450704225393e+02 9.231740845070422097e+01 1.805846760563380258e+02
2.549236056338028220e+02 9.388484507042252858e+01 1.807005070422535198e+02
2.549379154929577567e+02 9.382861971830985226e+01 1.813371267605633932e+02
2.549218028169014190e+02 9.441554929577465316e+01 1.817092957746478987e+02
2.549321690140845078e+02 9.509588732394365707e+01 1.822285070422535114e+02
2.549290140845070312e+02 9.545566197183099177e+01 1.831701408450704207e+02
2.549338591549295643e+02 9.589464788732394140e+01 1.838160000000000025e+02
2.549294647887323890e+02 9.634276056338028127e+01 1.838022535211267723e+02
2.549391549295774553e+02 9.633205633802816692e+01 1.841696901408450628e+02
2.549366760563380296e+02 9.635076056338027684e+01 1.832164507042253661e+02
2.549355492957746492e+02 9.527301408450703946e+01 1.828556619718309832e+02
2.549361126760563252e+02 9.599492957746478794e+01 1.832516056338028250e+02
2.549496338028168907e+02 9.710118309859154806e+01 1.844792112676056206e+02
2.549419718309859206e+02 9.757036619718310533e+01 1.848149859154929686e+02
2.549358873239436605e+02 9.772529577464788986e+01 1.855255211267605659e+02
2.549361126760563252e+02 9.731177464788731868e+01 1.845922253521126777e+02
2.549462535211267493e+02 9.604214084507042060e+01 1.833869295774647981e+02
2.549251830985915603e+02 9.580484507042253028e+01 1.830313239436619597e+02
2.549559436619718440e+02 9.454039436619717662e+01 1.825317183098591443e+02
2.549514366197183222e+02 9.501847887323943098e+01 1.825432112676056420e+02
2.549425352112675967e+02 9.599729577464788122e+01 1.843285633802816790e+02
2.549172957746478971e+02 9.701554929577464748e+01 1.845740845070422438e+02
2.549113239436619835e+02 9.678467605633802862e+01 1.842939718309859245e+02
2.549237183098591686e+02 9.569577464788731902e+01 1.827486197183098682e+02
2.549110985915492904e+02 9.416067605633803339e+01 1.825044507042253485e+02
2.549055774647887347e+02 9.283312676056337409e+01 1.810990422535211337e+02
2.548967887323943557e+02 9.137329577464788599e+01 1.800646760563380155e+02
2.549213521126760611e+02 9.174794366197183138e+01 1.812724507042253492e+02
2.549154929577464657e+02 9.470760563380281383e+01 1.820179154929577408e+02
2.549169577464788858e+02 9.628439436619717640e+01 1.841290140845070482e+02
2.549314929577464852e+02 9.707436619718309601e+01 1.839255211267605716e+02
2.549521126760563448e+02 9.733340845070422631e+01 1.834018028169014087e+02
2.549557183098591508e+02 9.654399999999999693e+01 1.839559436619718440e+02
2.549279999999999973e+02 9.599042253521126611e+01 1.836095774647887424e+02
2.549449014084507041e+02 9.594647887323944246e+01 1.840436056338028266e+02
2.549360000000000070e+02 9.627515492957746801e+01 1.843189859154929593e+02
2.549497464788732373e+02 9.714895774647887094e+01 1.839194366197183115e+02
2.549381408450704214e+02 9.832788732394365638e+01 1.846491267605633766e+02
2.549295774647887356e+02 9.806028169014084028e+01 1.852561126760563468e+02
2.549114366197183017e+02 9.624349295774648283e+01 1.833086197183098704e+02
2.549221408450704303e+02 9.507707042253521479e+01 1.829027605633802693e+02
2.549286760563380199e+02 9.416157746478873491e+01 1.825794929577464814e+02
2.549175211267605619e+02 9.416856338028169660e+01 1.820217464788732400e+02
2.549281126760563438e+02 9.466208450704225186e+01 1.826180281690140816e+02
2.549141408450704205e+02 9.541757746478873514e+01 1.834120563380281794e+02
2.549106478873239325e+02 9.599290140845070596e+01 1.839304788732394229e+02
2.549035492957746385e+02 9.542985915492957361e+01 1.826038309859154936e+02
2.549312676056337921e+02 9.442163380281689911e+01 1.822491267605633709e+02
2.548920563380281692e+02 9.412991549295774973e+01 1.812263661971830970e+02
2.549071549295774730e+02 9.328123943661971396e+01 1.809508732394366177e+02
2.549131267605633866e+02 9.242783098591549162e+01 1.804354929577464759e+02
2.549205633802816919e+02 9.226704225352112587e+01 1.817966197183098700e+02
2.549189859154929536e+02 9.423132394366197673e+01 1.826160000000000139e+02
2.549289014084507130e+02 9.511988732394365798e+01 1.836255774647887336e+02
2.549227042253521063e+02 9.607177464788732379e+01 1.834032676056338005e+02
2.549325070422535191e+02 9.550861971830985908e+01 1.833916619718309846e+02
2.549343098591549222e+02 9.478647887323943166e+01 1.835949295774647965e+02
2.549251830985915603e+02 9.416304225352112667e+01 1.830390985915493047e+02
2.549326197183098657e+02 9.379256338028169182e+01 1.821954929577464668e+02
2.549314929577464852e+02 9.435661971830985806e+01 1.823754366197183003e+02
2.549381408450704214e+02 9.503391549295774610e+01 1.836820281690140746e+02
2.549397183098591597e+02 9.597340845070422688e+01 1.839735211267605735e+02
2.549332957746478883e+02 9.664270422535211935e+01 1.837266478873239350e+02
2.549408450704225402e+02 9.676067605633802771e+01 1.841129014084507105e+02
2.549255211267605716e+02 9.620777464788731947e+01 1.845846760563380258e+02
2.549399436619718244e+02 9.517194366197183797e+01 1.828105915492957649e+02
2.549432112676056477e+02 9.491729577464788292e+01 1.831017464788732525e+02
2.549339718309859109e+02 9.471819718309859581e+01 1.828111549295774694e+02
2.549536901408450831e+02 9.502467605633802350e+01 1.832958873239436741e+02
2.549430985915493011e+02 9.627459154929577778e+01 1.842899154929577605e+02
2.549607887323943771e+02 9.755087323943662625e+01 1.854555492957746594e+02
2.549426478873239432e+02 9.752788732394365923e+01 1.851630422535211267e+02
2.549514366197183222e+02 9.634659154929578051e+01 1.848806760563380180e+02
2.549408450704225402e+02 9.473453521126761245e+01 1.835310422535211217e+02
2.549195492957746580e+02 9.165149295774648408e+01 1.815823098591549183e+02
2.549308169014084626e+02 9.114794366197183706e+01 1.812174647887323999e+02
2.549099718309859099e+02 9.143233802816901346e+01 1.810838309859154833e+02
2.549142535211267671e+02 9.384304225352113349e+01 1.824411267605633782e+02
2.549165070422535280e+02 9.521340845070422176e+01 1.843228169014084585e+02
2.549101971830986031e+02 9.572180281690140191e+01 1.843888450704225477e+02
2.549124507042253640e+02 9.486343661971831409e+01 1.838411267605633839e+02
2.549230422535211176e+02 9.380428169014084006e+01 1.826742535211267580e+02
2.549197746478873228e+02 9.244969014084506398e+01 1.821538028169014183e+02
2.549330704225352235e+02 9.136799999999999500e+01 1.808176901408450590e+02
2.549390422535211371e+02 9.169633802816900925e+01 1.813165070422535337e+02
2.549246197183098559e+02 9.309543661971831341e+01 1.826667042253521061e+02
2.549161690140845167e+02 9.535695774647886935e+01 1.847642816901408480e+02
2.549165070422535280e+02 9.797847887323943894e+01 1.854536338028169098e+02
2.549029859154929625e+02 9.814828169014084835e+01 1.863625915492957859e+02
2.549373521126760522e+02 9.705081690140845296e+01 1.850027042253521188e+02
2.549224788732394416e+02 9.407301408450703661e+01 1.829561690140845087e+02
2.549378028169014101e+02 9.308529577464788929e+01 1.826198309859154847e+02
2.549355492957746492e+02 9.298738028169013603e+01 1.826556619718309946e+02
2.549238309859154867e+02 9.327977464788732220e+01 1.826369577464788847e+02
2.549218028169014190e+02 9.413881690140844682e+01 1.824243380281690179e+02
2.549232676056338107e+02 9.531763380281689990e+01 1.831556056338028213e+02
2.549058028169013994e+02 9.629994366197183808e+01 1.836446197183098548e+02
2.549107605633802791e+02 9.693554929577464918e+01 1.840573521126760568e+02
2.549206760563380385e+02 9.630602816901408403e+01 1.836114929577464920e+02
2.549261971830985942e+02 9.480259154929576937e+01 1.815068169014084560e+02
2.549372394366197057e+02 9.328969014084506739e+01 1.809488450704225215e+02
