2.549141782407407391e+02 3.280098379629629335e+01 5.232928240740740478e+00
2.509542824074074190e+02 1.341903935185185226e+01 3.736174768518518619e+01
2.512177083333333201e+02 2.592222222222222072e+01 4.696932870370370239e+01
2.506821180555555486e+02 2.354704861111111214e+01 4.391666666666666430e+01
2.505593171296296191e+02 2.354774305555555713e+01 4.434172453703703809e+01
2.534527777777777828e+02 3.821157407407407192e+01 6.250480324074074190e+01
2.540502314814814895e+02 4.558541666666666714e+01 7.249218750000000000e+01
2.540134837962962990e+02 4.430787037037037379e+01 6.922667824074073906e+01
2.540289930555555600e+02 4.430642361111111427e+01 7.112962962962963331e+01
2.541762152777777715e+02 4.683842592592592524e+01 7.495665509259259807e+01
2.544042245370370381e+02 5.059398148148147811e+01 7.902170138888888573e+01
2.543336226851851904e+02 5.161822916666666572e+01 7.955549768518518761e+01
2.543772569444444400e+02 5.259010416666666998e+01 8.123819444444444571e+01
2.544233217592592666e+02 5.301834490740741046e+01 8.183651620370370949e+01
2.544427083333333428e+02 5.397575231481481239e+01 8.252939814814814667e+01
2.544671874999999943e+02 5.527499999999999858e+01 8.552054398148148096e+01
2.544853587962963104e+02 5.581591435185185190e+01 8.633744212962963616e+01
2.545123263888888800e+02 5.581012731481481381e+01 8.712048611111110574e+01
2.545446180555555600e+02 5.791956018518518334e+01 8.930277777777777715e+01
2.545779513888888914e+02 5.882349537037037379e+01 9.003628472222222001e+01
2.545458333333333201e+02 5.828524305555555429e+01 9.007604166666666856e+01
2.545638310185185276e+02 5.844785879629629477e+01 9.034467592592592666e+01
2.545471064814814781e+02 5.824421296296296191e+01 8.982916666666666572e+01
2.545489583333333314e+02 5.990798611111111427e+01 9.126082175925925810e+01
2.545766203703703638e+02 6.059658564814814952e+01 9.239849537037036953e+01
2.545549189814814781e+02 6.038541666666666430e+01 9.333958333333333712e+01
2.545710648148148039e+02 6.021215277777777430e+01 9.250613425925925526e+01
2.546004050925925810e+02 6.030949074074074190e+01 9.367991898148147811e+01
2.545873263888888971e+02 6.020364583333333286e+01 9.379241898148147527e+01
2.546349537037037010e+02 6.034172453703703809e+01 9.381736111111111143e+01
2.546378472222222342e+02 6.000896990740740478e+01 9.301267361111111143e+01
2.546276620370370267e+02 5.943055555555555713e+01 9.420341435185184764e+01
2.545980902777777715e+02 5.931828703703703809e+01 9.222158564814814952e+01
2.546090856481481524e+02 5.936371527777777857e+01 9.291012731481481524e+01
2.545918402777777771e+02 5.938460648148148380e+01 9.401556712962963047e+01
2.546156249999999943e+02 5.975057870370370239e+01 9.352204861111111711e+01
2.546364004629629676e+02 6.006979166666666714e+01 9.291354166666666003e+01
2.546233796296296248e+02 6.013628472222222143e+01 9.426001157407407050e+01
2.546355902777777658e+02 6.003234953703703525e+01 9.419484953703704377e+01
2.546200810185185048e+02 6.017291666666666572e+01 9.388906249999999432e+01
2.546285879629629676e+02 6.003981481481481808e+01 9.405283564814814667e+01
2.546286458333333371e+02 5.982384259259259096e+01 9.413744212962963331e+01
2.546565972222222172e+02 6.022702546296296333e+01 9.507743055555555145e+01
2.546498842592592666e+02 5.994774305555555571e+01 9.427384259259258670e+01
2.546458912037037123e+02 5.912077546296296049e+01 9.365619212962963047e+01
2.546405671296296305e+02 5.831603009259259096e+01 9.216660879629630188e+01
2.546157986111111029e+02 5.828240740740740478e+01 9.230549768518518761e+01
2.546090856481481524e+02 5.854172453703703383e+01 9.450619212962962479e+01
2.545760995370370381e+02 5.867621527777777857e+01 9.355190972222222001e+01
2.545914351851851904e+02 5.853859953703703667e+01 9.345329861111110858e+01
2.546106481481481580e+02 5.818495370370370523e+01 9.299982638888889142e+01
2.546041666666666572e+02 5.798084490740740904e+01 9.219328703703703809e+01
2.546078124999999943e+02 5.788391203703703525e+01 9.235202546296295623e+01
2.545696180555555657e+02 5.785949074074073906e+01 9.371921296296295623e+01
2.545882523148148096e+02 5.814589120370370523e+01 9.386678240740741330e+01
2.546123263888889028e+02 5.785138888888889142e+01 9.347505787037036384e+01
2.546218749999999886e+02 5.782534722222222001e+01 9.362523148148147811e+01
2.546006365740740875e+02 5.762482638888889142e+01 9.385665509259258954e+01
2.546016203703703695e+02 5.805127314814814810e+01 9.445295138888889142e+01
2.545895254629629676e+02 5.818512731481481381e+01 9.460781249999999432e+01
2.546298032407407277e+02 5.870792824074074190e+01 9.338802083333332860e+01
2.546337384259259125e+02 5.884988425925926236e+01 9.365983796296296759e+01
2.546545138888888857e+02 5.902870370370370523e+01 9.385127314814815236e+01
2.546619212962962990e+02 5.897054398148148380e+01 9.522633101851852189e+01
2.546846064814814952e+02 5.956273148148147811e+01 9.486446759259258954e+01
2.546636574074074133e+02 5.957170138888888999e+01 9.459114583333332860e+01
2.546715856481481524e+02 6.019716435185185333e+01 9.543964120370370097e+01
2.546785300925925810e+02 6.098628472222222285e+01 9.627500000000000568e+01
2.546787037037036896e+02 6.042673611111111143e+01 9.686487268518519045e+01
2.546747685185185048e+02 6.062702546296296191e+01 9.526475694444444287e+01
2.546629629629629505e+02 6.027876157407407476e+01 9.611377314814815520e+01
2.546277777777777658e+02 6.017690972222222001e+01 9.480092592592592382e+01
2.546389467592592553e+02 6.000636574074074048e+01 9.602037037037037237e+01
2.546079861111111029e+02 6.000104166666666572e+01 9.559467592592592666e+01
2.546504629629629619e+02 6.013148148148147953e+01 9.643900462962963616e+01
2.546510416666666572e+02 6.095127314814814667e+01 9.588194444444444287e+01
2.546519097222222285e+02 6.161649305555555856e+01 9.757557870370369812e+01
2.546712384259259352e+02 6.239403935185185190e+01 9.763194444444444287e+01
2.546652199074074190e+02 6.238657407407407618e+01 9.661718750000000000e+01
2.546677662037037067e+02 6.279103009259259238e+01 9.786898148148148380e+01
2.546951388888888914e+02 6.300862268518518761e+01 9.841967592592592950e+01
2.546930555555555600e+02 6.339473379629629335e+01 9.823431712962963047e+01
2.546985532407407504e+02 6.347592592592592808e+01 9.876469907407407334e+01
2.546854745370370381e+02 6.322071759259259238e+01 9.912372685185185617e+01
2.546893518518518533e+02 6.294635416666666572e+01 9.866174768518519045e+01
2.547016203703703638e+02 6.304479166666666856e+01 9.798859953703703241e+01
2.546958333333333258e+02 6.293935185185185333e+01 9.764363425925925810e+01
2.546990740740740762e+02 6.259450231481481808e+01 9.738362268518518761e+01
2.546869791666666742e+02 6.271562500000000284e+01 9.746886574074073906e+01
2.546890046296296362e+02 6.297511574074074048e+01 9.714490740740740193e+01
2.546804976851851734e+02 6.309334490740740620e+01 9.841122685185185048e+01
2.546822916666666572e+02 6.358605324074073906e+01 9.780613425925925242e+01
2.546721064814814781e+02 6.333813657407407760e+01 9.774797453703703809e+01
2.546850115740740819e+02 6.442054398148148664e+01 9.917488425925925810e+01
2.547126736111111143e+02 6.465173611111110574e+01 9.902378472222221717e+01
2.547113425925925867e+02 6.529421296296295907e+01 9.904994212962962763e+01
2.547293402777777658e+02 6.687378472222222570e+01 1.014593749999999943e+02
2.547078124999999886e+02 6.716886574074074190e+01 1.013881944444444514e+02
2.547123263888888971e+02 6.924519675925925810e+01 1.036314236111111171e+02
2.547148726851851848e+02 6.919982638888889426e+01 1.036228587962962990e+02
2.547303819444444457e+02 6.902575231481480955e+01 1.028872685185185247e+02
2.547288773148148096e+02 6.914288194444444002e+01 1.030169560185185134e+02
2.547064236111111200e+02 6.901579861111110858e+01 1.032557291666666686e+02
2.547204282407407447e+02 6.960462962962962763e+01 1.038367476851851876e+02
2.547359375000000057e+02 6.950538194444445139e+01 1.043996527777777743e+02
2.547359375000000057e+02 6.941718749999999716e+01 1.040431134259259238e+02
2.547349537037036953e+02 6.966701388888888857e+01 1.039528356481481524e+02
2.547387152777777715e+02 6.908454861111111711e+01 1.041479745370370438e+02
2.547432870370370495e+02 6.915966435185184480e+01 1.036144097222222200e+02
2.547407407407407334e+02 6.915353009259258954e+01 1.038355324074074133e+02
2.547458333333333371e+02 6.926087962962962763e+01 1.032159143518518505e+02
2.547469907407407277e+02 6.924456018518517908e+01 1.036043402777777800e+02
2.547254050925925810e+02 6.831591435185184480e+01 1.022567708333333343e+02
2.547266782407407391e+02 6.862789351851851904e+01 1.027335069444444429e+02
2.547267939814814781e+02 6.819618055555555713e+01 1.020122106481481552e+02
2.547408564814814724e+02 6.806064814814814667e+01 1.025064814814814866e+02
2.547485532407407334e+02 6.799704861111111143e+01 1.036454282407407419e+02
2.546826388888889028e+02 6.671319444444444002e+01 1.015196180555555543e+02
2.546710648148148266e+02 6.478611111111111143e+01 1.000202546296296333e+02
2.546473379629629505e+02 6.373547453703703525e+01 9.827424768518518761e+01
2.546497685185185276e+02 6.240040509259259238e+01 9.595353009259258670e+01
2.546201967592592723e+02 6.211880787037036811e+01 9.504594907407407334e+01
2.546391782407407334e+02 6.196105324074073906e+01 9.531614583333333712e+01
2.545796296296296362e+02 6.075289351851851904e+01 9.438078703703703809e+01
2.546231481481481467e+02 6.189924768518518761e+01 9.565931712962962763e+01
2.546137152777777715e+02 6.207488425925925668e+01 9.586383101851852473e+01
2.546291666666666629e+02 6.286510416666666856e+01 9.761643518518518192e+01
2.546182291666666799e+02 6.304947916666666430e+01 9.616249999999999432e+01
2.546166087962963047e+02 6.253182870370370239e+01 9.695219907407407334e+01
2.546207175925925981e+02 6.226070601851851904e+01 9.683443287037036384e+01
2.546179398148148039e+02 6.245960648148147953e+01 9.707581018518519045e+01
2.546149305555555600e+02 6.213859953703703809e+01 9.610353009259259238e+01
2.546095486111111086e+02 6.247256944444444571e+01 9.715815972222222285e+01
2.545824074074074019e+02 6.180815972222222143e+01 9.690167824074073621e+01
2.545806712962962877e+02 6.196406249999999716e+01 9.594259259259258954e+01
2.545807291666666572e+02 6.266261574074074048e+01 9.708437499999999432e+01
2.546118634259259181e+02 6.177314814814814525e+01 9.502887731481482092e+01
2.546348379629629619e+02 6.245439814814815094e+01 9.655434027777778283e+01
2.546320601851851961e+02 6.220127314814814667e+01 9.614866898148147811e+01
2.546307870370370381e+02 6.263761574074074190e+01 9.606192129629629051e+01
2.546324074074074133e+02 6.290057870370370097e+01 9.738188657407407334e+01
2.546351273148148096e+02 6.328350694444444713e+01 9.673975694444445139e+01
2.546656828703703752e+02 6.389074074074073906e+01 9.783940972222222854e+01
2.546877893518518476e+02 6.388998842592592808e+01 9.794490740740741330e+01
2.546788194444444571e+02 6.422459490740740762e+01 9.826730324074074474e+01
2.546529513888888800e+02 6.376140046296296049e+01 9.747025462962963616e+01
2.546155092592592553e+02 6.352673611111111285e+01 9.823101851851852473e+01
2.546179398148148039e+02 6.357187499999999858e+01 9.745925925925925526e+01
2.546074074074074076e+02 6.334450231481481808e+01 9.708940972222222854e+01
2.546103009259259125e+02 6.406608796296296759e+01 9.738888888888888573e+01
2.546606481481481410e+02 6.393495370370370523e+01 9.755532407407407902e+01
2.546828125000000114e+02 6.476122685185184480e+01 9.804820601851851336e+01
2.546623842592592553e+02 6.440468749999999432e+01 9.800480324074074190e+01
2.546718171296296305e+02 6.243622685185184906e+01 9.589050925925926094e+01
2.546497685185185276e+02 6.244803240740741046e+01 9.557829861111110858e+01
2.546348958333333314e+02 6.188854166666666856e+01 9.581788194444445139e+01
2.546366319444444457e+02 6.289265046296296191e+01 9.640978009259259807e+01
2.546526620370370324e+02 6.343964120370370097e+01 9.687731481481480955e+01
2.546502314814814838e+02 6.298906250000000284e+01 9.697887731481480955e+01
2.546704282407407334e+02 6.430283564814814667e+01 9.742552083333333712e+01
2.546697916666666686e+02 6.397048611111111427e+01 9.794589120370370949e+01
2.546672453703703809e+02 6.419189814814815520e+01 9.768194444444444002e+01
2.546747685185185048e+02 6.462401620370370381e+01 9.731464120370370097e+01
2.546589699074073962e+02 6.391070601851851762e+01 9.595613425925925810e+01
2.546617476851851904e+02 6.464357638888888857e+01 9.781510416666667140e+01
2.546920717592592496e+02 6.417864583333333428e+01 9.666591435185185333e+01
2.547031828703703695e+02 6.397378472222222001e+01 9.560364583333333144e+01
2.546889467592592666e+02 6.362320601851851620e+01 9.607158564814814383e+01
2.546788773148148266e+02 6.257679398148147953e+01 9.442696759259258954e+01
2.546677083333333371e+02 6.350694444444444287e+01 9.671643518518519045e+01
2.546829282407407504e+02 6.398668981481481666e+01 9.637644675925925242e+01
2.546762731481481410e+02 6.428732638888888573e+01 9.672256944444444571e+01
2.546674189814814895e+02 6.377922453703703809e+01 9.646822916666666003e+01
2.546121527777777658e+02 6.402002314814815520e+01 9.604751157407407902e+01
2.546171875000000000e+02 6.353865740740740620e+01 9.437083333333333712e+01
2.546188078703703752e+02 6.322662037037036953e+01 9.372239583333333712e+01
2.546229166666666686e+02 6.262569444444444144e+01 9.511035879629629619e+01
2.546354745370370267e+02 6.290092592592592524e+01 9.319496527777778283e+01
2.546315972222222115e+02 6.312326388888888573e+01 9.502361111111110858e+01
2.546956018518518476e+02 6.512893518518518476e+01 9.713755787037037237e+01
2.546893518518518533e+02 6.638379629629629619e+01 9.679027777777777430e+01
2.546782986111111029e+02 6.604583333333333428e+01 9.760237268518518761e+01
2.547010995370370381e+02 6.639785879629629051e+01 9.798888888888889426e+01
2.546715856481481524e+02 6.720225694444444287e+01 9.792262731481481808e+01
2.546885995370370495e+02 6.783240740740740193e+01 9.887118055555555429e+01
2.547240162037037123e+02 6.826273148148148096e+01 9.866099537037037237e+01
2.547542245370370324e+02 6.850914351851851336e+01 9.913159722222222570e+01
2.547398148148148209e+02 6.890393518518519045e+01 9.936041666666666572e+01
2.547501736111111086e+02 6.940318287037037237e+01 1.001347800925925924e+02
2.547611111111111200e+02 6.974120370370370381e+01 1.005840856481481467e+02
2.547590277777777885e+02 6.980416666666666003e+01 1.004394675925925924e+02
2.547575231481481524e+02 7.066793981481481524e+01 1.001362268518518448e+02
2.547549189814814952e+02 7.079305555555555429e+01 1.005575231481481495e+02
2.547769097222222285e+02 7.180532407407407902e+01 1.023451967592592524e+02
2.547778935185185105e+02 7.157858796296295623e+01 1.020604745370370381e+02
2.547982638888888971e+02 7.250028935185184764e+01 1.028314236111111057e+02
2.547855324074074019e+02 7.318663194444444287e+01 1.035274884259259238e+02
2.547883680555555657e+02 7.250167824074074474e+01 1.024568865740740762e+02
2.547699652777777715e+02 7.295567129629630188e+01 1.027810763888888914e+02
2.547605324074073962e+02 7.182690972222222570e+01 1.028707754629629676e+02
2.547331597222222115e+02 7.164606481481482092e+01 1.010854745370370438e+02
2.547412615740740875e+02 7.138535879629630188e+01 1.011387731481481467e+02
2.547388888888888800e+02 7.152962962962962479e+01 1.028436342592592609e+02
2.547360532407407447e+02 7.202378472222221717e+01 1.020695023148148124e+02
2.547266203703703695e+02 7.190653935185184764e+01 1.031659143518518533e+02
2.547557870370370381e+02 7.220636574074073621e+01 1.028770833333333314e+02
2.547442708333333314e+02 7.193582175925925526e+01 1.029651620370370324e+02
2.547476851851851904e+02 7.162349537037036384e+01 1.023541087962963019e+02
2.547481481481481467e+02 7.161290509259259807e+01 1.023917824074074048e+02
2.547434606481481580e+02 7.124826388888888573e+01 1.019685763888888914e+02
2.547568865740740875e+02 7.113900462962962479e+01 1.028880787037036981e+02
2.547493634259259352e+02 7.200920138888888289e+01 1.029613425925925867e+02
2.547556712962962990e+02 7.208339120370369812e+01 1.026823495370370409e+02
2.547734953703703695e+02 7.314137731481481808e+01 1.037641782407407476e+02
2.547675925925925924e+02 7.363148148148148664e+01 1.041221643518518505e+02
2.547872685185185162e+02 7.348726851851851904e+01 1.038946180555555543e+02
2.547899305555555429e+02 7.452789351851852473e+01 1.042122106481481438e+02
2.548320023148148152e+02 7.506898148148148664e+01 1.043493634259259295e+02
2.548031249999999943e+02 7.529565972222222570e+01 1.056535879629629591e+02
2.548331597222222342e+02 7.472517361111111711e+01 1.054670717592592553e+02
2.548222222222222229e+02 7.476331018518519045e+01 1.054675347222222257e+02
2.548126736111111086e+02 7.484074074074074190e+01 1.040179976851851791e+02
2.548153935185185048e+02 7.460410879629630188e+01 1.042769675925925981e+02
2.548154513888889028e+02 7.485046296296296475e+01 1.045479745370370352e+02
2.548013888888888800e+02 7.513888888888888573e+01 1.046503472222222229e+02
2.547840277777777658e+02 7.512910879629629335e+01 1.042016203703703638e+02
2.547865740740740819e+02 7.484456018518518761e+01 1.041198495370370409e+02
2.547844907407407504e+02 7.404924768518517908e+01 1.031705439814814866e+02
2.547677662037037010e+02 7.301950231481481524e+01 1.021789930555555515e+02
2.547386574074074019e+02 7.328049768518518192e+01 1.027931712962962933e+02
2.547646412037036896e+02 7.356423611111111427e+01 1.035888888888888886e+02
2.547635416666666686e+02 7.403854166666666003e+01 1.035556712962962962e+02
2.547615740740740762e+02 7.471782407407407334e+01 1.046837962962962933e+02
2.547814236111111086e+02 7.496105324074073906e+01 1.049374421296296305e+02
2.548035879629629505e+02 7.481678240740740193e+01 1.047129629629629619e+02
2.547928240740740762e+02 7.483848379629630188e+01 1.058628472222222285e+02
2.547808449074074133e+02 7.369571759259258670e+01 1.052439814814814838e+02
2.547718171296296248e+02 7.360694444444445139e+01 1.041644675925925867e+02
2.547854745370370324e+02 7.359357638888889142e+01 1.035477430555555571e+02
2.547827546296296362e+02 7.336244212962962763e+01 1.041903356481481495e+02
2.547938657407407277e+02 7.401001157407407050e+01 1.045014467592592524e+02
2.547689236111111200e+02 7.378078703703704377e+01 1.039618634259259267e+02
2.547695601851851848e+02 7.422656250000000000e+01 1.047233796296296333e+02
2.547609375000000114e+02 7.417285879629629619e+01 1.047924189814814753e+02
2.547658564814814781e+02 7.432679398148148664e+01 1.057229166666666629e+02
2.547835069444444400e+02 7.451614583333333997e+01 1.052868634259259295e+02
2.547950231481481467e+02 7.442771990740740762e+01 1.046005208333333343e+02
2.548008680555555543e+02 7.476886574074073621e+01 1.050101851851851791e+02
2.547964699074074133e+02 7.422332175925926379e+01 1.054410879629629676e+02
2.548077546296296418e+02 7.476047453703704093e+01 1.064557870370370409e+02
2.547865740740740819e+02 7.462685185185185333e+01 1.062732060185185219e+02
2.547944444444444514e+02 7.485746527777777715e+01 1.064162037037037010e+02
2.547864583333333428e+02 7.521429398148147527e+01 1.065078703703703695e+02
2.547909722222222229e+02 7.505821759259259807e+01 1.054859375000000057e+02
2.547758680555555486e+02 7.421417824074073621e+01 1.045317129629629562e+02
2.547656250000000000e+02 7.336776620370370949e+01 1.052123842592592524e+02
2.547523148148148096e+02 7.303038194444444287e+01 1.050142939814814866e+02
2.547538773148148152e+02 7.271817129629629051e+01 1.055706018518518476e+02
2.547289351851851791e+02 7.237725694444444002e+01 1.047509837962962962e+02
2.547338541666666742e+02 7.259901620370369812e+01 1.049768518518518476e+02
2.547195023148148039e+02 7.190219907407407618e+01 1.055416666666666714e+02
2.547645254629629505e+02 7.212199074074074190e+01 1.054067129629629562e+02
2.547685185185185048e+02 7.172910879629630188e+01 1.053532986111111143e+02
2.547578703703703695e+02 7.133842592592593235e+01 1.055025462962963019e+02
2.547650462962963047e+02 7.156452546296296191e+01 1.056869791666666600e+02
2.547453703703703809e+02 7.073483796296295623e+01 1.058644675925925895e+02
2.547436921296296362e+02 7.124207175925926094e+01 1.062243634259259295e+02
2.547599537037037010e+02 7.176157407407407618e+01 1.065146412037037038e+02
2.547786458333333428e+02 7.306388888888888289e+01 1.078161458333333371e+02
2.547932291666666629e+02 7.396302083333333144e+01 1.094035879629629591e+02
2.547832175925925924e+02 7.407054398148147811e+01 1.088642939814814810e+02
2.547810763888888914e+02 7.432690972222222570e+01 1.101506944444444400e+02
2.547888310185185219e+02 7.392928240740741330e+01 1.109964120370370324e+02
2.547891782407407391e+02 7.375607638888888573e+01 1.108553819444444457e+02
2.548085069444444457e+02 7.362233796296295907e+01 1.104237268518518533e+02
2.547846064814814895e+02 7.364600694444445139e+01 1.098590277777777828e+02
2.547858217592592496e+02 7.349774305555555998e+01 1.113466435185185190e+02
2.547953703703703638e+02 7.379832175925925242e+01 1.109544560185185134e+02
2.547867476851851904e+02 7.415642361111110858e+01 1.108688657407407447e+02
2.547842592592592723e+02 7.366984953703703809e+01 1.106035300925925924e+02
2.547710648148148209e+02 7.336302083333333712e+01 1.111043981481481495e+02
2.548140046296296362e+02 7.328634259259258954e+01 1.112042824074074048e+02
2.547641782407407334e+02 7.309803240740740193e+01 1.108074074074074105e+02
2.547767361111111200e+02 7.313263888888889142e+01 1.116149884259259295e+02
2.547664351851851734e+02 7.324403935185185333e+01 1.119893518518518505e+02
2.547616898148148152e+02 7.322922453703704093e+01 1.120945023148148181e+02
2.547665509259259125e+02 7.312910879629629335e+01 1.112919560185185190e+02
2.547711805555555600e+02 7.319432870370370381e+01 1.118384259259259323e+02
2.547694444444444457e+02 7.305046296296296759e+01 1.111489583333333400e+02
2.547580439814814781e+02 7.293663194444444287e+01 1.106123263888888886e+02
2.547630208333333428e+02 7.286394675925926379e+01 1.128733796296296248e+02
2.547686921296296418e+02 7.324924768518518192e+01 1.121417824074074048e+02
2.547558449074074076e+02 7.358055555555554861e+01 1.119432870370370381e+02
2.547690393518518590e+02 7.448211805555555998e+01 1.129323495370370409e+02
2.547671296296296362e+02 7.500150462962963616e+01 1.124957754629629676e+02
2.548106481481481467e+02 7.589722222222222570e+01 1.134581597222222200e+02
2.548010416666666629e+02 7.568923611111111427e+01 1.138986689814814781e+02
2.548145254629629619e+02 7.544646990740740478e+01 1.138958912037036981e+02
2.548133101851851734e+02 7.523379629629629051e+01 1.140836226851851904e+02
2.547940972222222342e+02 7.448541666666666572e+01 1.128508680555555515e+02
2.547795138888888857e+02 7.449554398148147527e+01 1.131267361111111143e+02
2.547936921296296191e+02 7.453848379629629051e+01 1.133359375000000000e+02
2.547953703703703638e+02 7.461707175925926094e+01 1.125696180555555515e+02
2.547977430555555429e+02 7.490306712962963331e+01 1.149931712962962962e+02
2.547912037037037010e+02 7.500682870370370381e+01 1.130171296296296362e+02
2.547836226851851791e+02 7.489351851851851904e+01 1.122317129629629591e+02
2.547582175925925867e+02 7.365763888888888289e+01 1.124994212962962905e+02
2.547639467592592553e+02 7.306302083333333997e+01 1.113053240740740790e+02
2.547594328703703752e+02 7.299953703703704377e+01 1.109116319444444514e+02
2.547632523148148209e+02 7.315005787037037521e+01 1.117231481481481552e+02
2.547589699074074190e+02 7.354403935185185048e+01 1.121119791666666714e+02
2.547541087962962933e+02 7.301359953703703809e+01 1.115704861111111086e+02
2.547619212962962933e+02 7.302488425925925242e+01 1.114358217592592553e+02
2.547626157407407277e+02 7.323119212962963331e+01 1.130714120370370352e+02
2.547584490740740648e+02 7.373206018518519045e+01 1.129809027777777715e+02
2.547787615740740819e+02 7.431591435185184480e+01 1.125445023148148209e+02
2.547612847222222285e+02 7.381157407407407334e+01 1.133261574074074076e+02
2.547334490740740875e+02 7.344687500000000568e+01 1.126726851851851876e+02
2.547644097222222115e+02 7.280578703703703525e+01 1.115861689814814781e+02
2.547543402777777715e+02 7.193802083333333997e+01 1.106828703703703667e+02
2.547659722222222172e+02 7.212280092592592950e+01 1.108138888888888829e+02
2.547707754629629733e+02 7.225815972222221717e+01 1.106557291666666600e+02
2.547657986111111086e+02 7.285399305555554861e+01 1.114948495370370409e+02
2.547728009259259352e+02 7.306655092592592382e+01 1.111980324074074105e+02
2.547836805555555486e+02 7.314236111111111427e+01 1.114542824074074048e+02
2.547877893518518420e+02 7.359103009259258954e+01 1.120897569444444457e+02
2.547871527777777771e+02 7.384334490740741330e+01 1.125952546296296362e+02
2.547787037037037123e+02 7.360665509259258954e+01 1.124969328703703724e+02
2.547804976851851961e+02 7.394751157407407050e+01 1.124923611111111086e+02
2.547829282407407447e+02 7.383958333333333712e+01 1.131509837962963019e+02
2.547979166666666799e+02 7.424716435185185048e+01 1.125692129629629648e+02
2.547943865740740819e+02 7.394872685185184480e+01 1.126204861111111057e+02
2.547604745370370267e+02 7.374733796296295907e+01 1.116980902777777800e+02
2.547290509259259181e+02 7.266695601851851904e+01 1.107264467592592609e+02
2.547477430555555600e+02 7.228472222222222854e+01 1.104478587962963019e+02
2.547418402777777828e+02 7.177332175925926094e+01 1.114184027777777715e+02
2.547532986111111200e+02 7.249913194444444287e+01 1.110667245370370324e+02
2.547567708333333201e+02 7.296354166666667140e+01 1.112096064814814866e+02
2.547719328703703638e+02 7.301093749999999716e+01 1.119260995370370324e+02
2.547503472222222172e+02 7.319577546296295623e+01 1.119161458333333314e+02
2.547577546296296305e+02 7.338373842592592666e+01 1.121393518518518562e+02
2.547567129629629505e+02 7.294641203703703525e+01 1.111711226851851819e+02
2.547689236111111200e+02 7.514490740740740193e+01 1.123343749999999943e+02
2.547741898148148039e+02 7.536111111111111427e+01 1.120282407407407419e+02
2.547673611111111143e+02 7.495381944444444855e+01 1.124713541666666714e+02
2.547628472222222342e+02 7.314884259259258670e+01 1.121539930555555600e+02
2.547655671296296305e+02 7.557777777777778283e+01 1.129627893518518533e+02
2.547726273148148266e+02 7.593211805555554861e+01 1.140851273148148124e+02
2.547630787037037123e+02 7.621944444444444855e+01 1.145789351851851876e+02
2.547841435185185048e+02 7.657482638888889426e+01 1.137534722222222285e+02
2.547861111111110972e+02 7.660584490740740193e+01 1.146728009259259267e+02
2.547909143518518533e+02 7.639091435185184764e+01 1.150469907407407391e+02
2.548253472222222342e+02 7.636006944444444855e+01 1.138491898148148209e+02
2.548149305555555486e+02 7.680017361111110574e+01 1.146975115740740705e+02
2.548094907407407277e+02 7.706053240740740762e+01 1.151136574074074019e+02
2.548013888888888800e+02 7.701874999999999716e+01 1.149458912037037095e+02
2.548030671296296248e+02 7.738159722222222570e+01 1.155641203703703752e+02
2.547924768518518590e+02 7.745862268518519045e+01 1.156885995370370352e+02
2.547915509259259181e+02 7.792748842592592950e+01 1.160151620370370438e+02
2.548202546296296305e+02 7.774212962962963047e+01 1.149874999999999972e+02
2.547994791666666572e+02 7.732858796296295623e+01 1.153461226851851791e+02
2.547703703703703582e+02 7.622089120370370097e+01 1.126145254629629591e+02
2.547712962962962990e+02 7.564230324074074474e+01 1.129861111111111143e+02
2.547631944444444514e+02 7.481996527777778283e+01 1.127885995370370438e+02
2.547597222222222229e+02 7.456782407407406765e+01 1.123675925925925867e+02
2.547622685185185105e+02 7.403177083333333997e+01 1.129383101851851876e+02
2.547586226851851734e+02 7.334033564814815520e+01 1.119208912037037038e+02
2.547635416666666686e+02 7.305769675925925810e+01 1.108671296296296305e+02
2.547490740740740875e+02 7.323923611111111143e+01 1.110337384259259323e+02
2.547706018518518647e+02 7.280787037037036669e+01 1.122401620370370381e+02
2.547653935185185219e+02 7.310127314814815236e+01 1.131774884259259295e+02
2.547414930555555657e+02 7.295815972222222001e+01 1.126115162037037010e+02
2.547474537037037123e+02 7.285711805555555998e+01 1.133458333333333314e+02
2.547798032407407334e+02 7.307442129629629335e+01 1.127607638888888886e+02
2.547729166666666742e+02 7.310381944444444002e+01 1.125755208333333286e+02
2.547760995370370267e+02 7.402771990740740193e+01 1.130978587962962933e+02
2.547797453703703638e+02 7.436348379629629335e+01 1.134732638888888943e+02
2.548005208333333371e+02 7.458460648148148664e+01 1.151243055555555515e+02
2.547765625000000114e+02 7.459097222222222001e+01 1.143134259259259267e+02
2.547709490740740819e+02 7.535329861111111427e+01 1.154987847222222257e+02
2.547939236111110972e+02 7.528356481481480955e+01 1.155456597222222257e+02
2.548057870370370495e+02 7.557893518518518761e+01 1.166292824074074019e+02
2.548039351851851961e+02 7.604976851851851904e+01 1.177910879629629619e+02
2.548102430555555600e+02 7.613524305555554861e+01 1.186483217592592609e+02
2.547975115740740648e+02 7.697071759259259238e+01 1.188784722222222285e+02
2.547924189814814895e+02 7.702905092592592950e+01 1.185537037037037038e+02
2.547899305555555429e+02 7.683703703703703525e+01 1.177535300925925981e+02
2.547872106481481467e+02 7.602181712962962479e+01 1.174129050925925952e+02
2.547854745370370324e+02 7.556776620370369812e+01 1.172934606481481552e+02
2.547894675925925867e+02 7.540162037037036669e+01 1.168477430555555543e+02
2.547811921296296305e+02 7.497158564814814952e+01 1.160596643518518505e+02
2.547811921296296305e+02 7.483738425925925242e+01 1.159937500000000057e+02
2.547738425925925867e+02 7.454166666666667140e+01 1.143913773148148181e+02
2.547708912037037123e+02 7.406568287037036669e+01 1.139287037037037038e+02
2.547722800925925810e+02 7.425648148148148664e+01 1.144162615740740705e+02
2.547842013888889028e+02 7.364959490740740478e+01 1.160053240740740677e+02
2.547382523148148152e+02 7.372245370370370665e+01 1.152350694444444485e+02
2.547675925925925924e+02 7.366157407407406765e+01 1.149000000000000057e+02
2.547454861111111200e+02 7.360063657407407334e+01 1.148876736111111114e+02
2.548024884259259295e+02 7.419942129629629335e+01 1.162291087962963019e+02
2.547756365740740705e+02 7.385335648148148380e+01 1.153429398148148124e+02
2.547762152777777658e+02 7.377303240740741330e+01 1.154807870370370324e+02
2.547632523148148209e+02 7.376163194444444571e+01 1.157020833333333343e+02
2.547719328703703638e+02 7.393182870370370097e+01 1.146824652777777800e+02
2.547806712962963047e+02 7.411898148148148380e+01 1.158155671296296276e+02
2.547706597222222342e+02 7.391429398148147811e+01 1.155489583333333314e+02
2.547832754629629619e+02 7.409241898148148664e+01 1.157267939814814781e+02
2.547693287037037067e+02 7.408362268518519045e+01 1.153333912037036981e+02
2.547603009259259181e+02 7.410023148148148664e+01 1.154227430555555571e+02
2.547937499999999886e+02 7.498200231481482092e+01 1.153316550925925981e+02
2.548023148148148209e+02 7.517968750000000000e+01 1.163158564814814753e+02
2.548137731481481580e+02 7.591383101851852189e+01 1.153504629629629648e+02
2.547934027777777715e+02 7.632714120370370381e+01 1.154105902777777715e+02
2.547736689814814781e+02 7.552731481481481524e+01 1.153109953703703638e+02
2.547727430555555657e+02 7.455202546296295907e+01 1.131968750000000057e+02
2.547491898148148266e+02 7.360248842592592666e+01 1.138662615740740733e+02
2.547599537037037010e+02 7.312702546296296191e+01 1.118472222222222285e+02
2.547545717592592496e+02 7.325109953703703525e+01 1.121285300925925981e+02
2.547266203703703695e+02 7.310283564814814383e+01 1.116617476851851904e+02
2.547602430555555486e+02 7.264976851851851336e+01 1.119843750000000000e+02
2.547438657407407447e+02 7.310775462962962479e+01 1.118479166666666629e+02
2.547515625000000057e+02 7.297071759259259238e+01 1.109302662037037095e+02
2.548076388888889028e+02 7.317210648148147811e+01 1.111295717592592638e+02
2.547350694444444343e+02 7.323136574074074190e+01 1.115482638888888829e+02
2.547454861111111200e+02 7.293512731481482092e+01 1.114177662037037067e+02
2.547766203703703809e+02 7.314988425925925242e+01 1.121380787037036981e+02
2.547696180555555543e+02 7.335451388888888857e+01 1.125262731481481495e+02
2.547556712962962990e+02 7.323611111111111427e+01 1.109850115740740790e+02
2.547844328703703809e+02 7.337094907407407618e+01 1.122572337962962905e+02
2.547862847222222342e+02 7.324074074074074758e+01 1.107946759259259295e+02
2.547473958333333428e+02 7.278020833333333428e+01 1.113890046296296248e+02
2.547811342592592609e+02 7.268761574074073906e+01 1.119412615740740762e+02
2.547809606481481524e+02 7.239172453703703525e+01 1.117018518518518562e+02
2.547854166666666629e+02 7.334589120370370097e+01 1.118962384259259295e+02
2.547983796296296362e+02 7.328119212962963047e+01 1.121929398148148209e+02
2.547627314814814952e+02 7.340376157407406765e+01 1.124890625000000028e+02
2.547614583333333371e+02 7.348611111111111427e+01 1.122679976851851791e+02
2.547924768518518590e+02 7.394340277777777715e+01 1.125557291666666657e+02
2.547952546296296248e+02 7.425509259259258954e+01 1.135384837962962905e+02
2.547575810185185219e+02 7.467690972222222001e+01 1.133464699074074105e+02
2.547491898148148266e+02 7.449045138888888573e+01 1.119956597222222285e+02
2.547396990740740819e+02 7.353269675925925242e+01 1.121398726851851819e+02
2.547487268518518420e+02 7.273755787037036669e+01 1.113194444444444429e+02
2.547360532407407447e+02 7.190127314814814952e+01 1.113715277777777715e+02
2.547240740740740819e+02 7.136192129629630188e+01 1.112917245370370409e+02
2.547218171296296418e+02 7.150578703703703809e+01 1.100370370370370381e+02
2.547489004629629505e+02 7.171834490740741330e+01 1.104666087962962990e+02
2.547450810185185048e+02 7.149594907407407618e+01 1.101958912037037095e+02
2.547384259259259238e+02 7.116591435185185333e+01 1.105518518518518505e+02
2.547334490740740875e+02 7.104293981481481524e+01 1.093978587962962905e+02
2.547136574074073962e+02 7.048547453703703525e+01 1.077006944444444514e+02
2.547262731481481524e+02 6.890758101851851336e+01 1.062347800925925867e+02
2.547089699074074076e+02 6.702297453703704377e+01 1.050918981481481467e+02
2.547288194444444400e+02 6.636163194444444002e+01 1.055037615740740762e+02
2.547109953703703695e+02 6.730023148148147527e+01 1.065999421296296248e+02
2.547059606481481353e+02 6.784259259259259522e+01 1.061853587962962990e+02
2.547163773148148209e+02 6.890254629629629335e+01 1.080798032407407447e+02
2.547030671296296305e+02 6.889832175925926094e+01 1.081986111111111057e+02
2.547168981481481467e+02 6.964456018518518476e+01 1.081325810185185219e+02
2.547460069444444457e+02 7.050931712962963616e+01 1.079909143518518562e+02
2.547384837962962933e+02 7.030908564814815520e+01 1.093174189814814810e+02
2.547508101851851734e+02 7.084513888888888289e+01 1.096092592592592609e+02
2.547604166666666572e+02 7.129137731481480955e+01 1.101960069444444485e+02
2.547804398148148266e+02 7.102442129629629619e+01 1.092120949074074048e+02
2.547860532407407277e+02 7.086001157407407902e+01 1.100796875000000057e+02
2.547869791666666686e+02 7.080451388888889142e+01 1.094381944444444485e+02
2.547961805555555657e+02 7.117552083333333712e+01 1.099432870370370381e+02
2.547927662037037067e+02 7.194548611111110858e+01 1.109459490740740790e+02
2.547946759259259295e+02 7.293420138888889426e+01 1.121564236111111086e+02
2.547865740740740819e+02 7.363373842592592666e+01 1.124086805555555486e+02
2.547739004629629562e+02 7.324646990740740193e+01 1.121987268518518448e+02
2.547790509259259295e+02 7.250445601851852473e+01 1.112492476851851819e+02
2.547593171296296362e+02 7.121701388888888573e+01 1.097301504629629676e+02
2.547531250000000114e+02 6.978275462962963616e+01 1.093471064814814753e+02
2.547196180555555429e+02 6.727476851851851336e+01 1.067951388888888857e+02
2.546552662037036896e+02 6.393628472222222570e+01 1.039529513888888914e+02
2.546681134259259238e+02 6.310653935185185048e+01 1.049283564814814866e+02
2.546459490740740819e+02 6.295856481481481381e+01 1.046591435185185190e+02
2.546431134259259181e+02 6.337361111111111001e+01 1.037795717592592553e+02
2.546641203703703695e+02 6.408663194444444855e+01 1.053709490740740762e+02
2.546889467592592666e+02 6.461469907407406765e+01 1.047059027777777800e+02
2.546796296296296305e+02 6.525833333333333997e+01 1.057497685185185219e+02
2.546935185185185162e+02 6.557783564814815236e+01 1.060126157407407419e+02
2.547085069444444514e+02 6.627968749999999432e+01 1.080722222222222229e+02
2.547103587962963047e+02 6.677401620370370949e+01 1.083604166666666657e+02
2.547340277777777828e+02 6.720040509259258954e+01 1.074418402777777715e+02
2.546993055555555543e+02 6.763616898148147527e+01 1.078237847222222285e+02
2.547098958333333201e+02 6.716932870370369812e+01 1.088674768518518476e+02
2.547072337962962933e+02 6.625810185185184764e+01 1.082399305555555600e+02
2.546907986111111200e+02 6.617089120370370381e+01 1.082356481481481438e+02
2.546993055555555543e+02 6.621799768518518192e+01 1.094275462962962990e+02
2.547036458333333258e+02 6.690717592592592666e+01 1.083685763888888829e+02
2.547260416666666742e+02 6.828952546296295623e+01 1.108433449074074133e+02
2.547442708333333314e+02 6.931626157407407618e+01 1.115624421296296305e+02
2.547475694444444514e+02 7.022528935185185617e+01 1.109697337962962962e+02
2.547194444444444343e+02 7.029820601851851336e+01 1.111168402777777828e+02
2.547293981481481353e+02 6.963489583333333144e+01 1.103894675925925952e+02
2.547214699074073962e+02 6.853721064814814667e+01 1.099144675925925867e+02
2.547340277777777828e+02 6.800069444444444855e+01 1.096547453703703638e+02
2.546804976851851734e+02 6.705011574074073621e+01 1.088804976851851904e+02
2.547088541666666686e+02 6.688177083333333428e+01 1.087528356481481495e+02
2.546780671296296248e+02 6.653472222222222854e+01 1.071564236111111086e+02
2.546886574074074190e+02 6.663582175925925810e+01 1.075749421296296333e+02
2.546949074074074133e+02 6.731626157407407618e+01 1.086544560185185162e+02
2.546892939814814838e+02 6.723200231481482092e+01 1.094953703703703667e+02
2.547054398148148096e+02 6.792314814814814383e+01 1.093859374999999972e+02
2.546978009259259181e+02 6.833831018518517908e+01 1.109877314814814753e+02
2.547168402777777771e+02 6.875520833333332860e+01 1.111553819444444429e+02
2.547183449074074133e+02 6.938449074074074474e+01 1.109119791666666686e+02
2.547097222222222115e+02 6.993559027777777715e+01 1.115377893518518562e+02
2.547420138888888914e+02 7.015335648148148096e+01 1.110413773148148096e+02
2.547435185185185276e+02 7.040190972222222854e+01 1.106550347222222257e+02
2.547447916666666572e+02 7.015862268518517908e+01 1.103699652777777800e+02
2.547431134259259125e+02 7.035115740740741330e+01 1.114857060185185134e+02
2.547835069444444400e+02 7.019849537037036669e+01 1.118720486111111114e+02
2.547735532407407391e+02 7.043819444444444855e+01 1.120947916666666657e+02
2.547548032407407277e+02 7.074201388888889142e+01 1.124927083333333400e+02
2.548015624999999886e+02 7.078564814814815520e+01 1.132649884259259210e+02
2.547590277777777885e+02 7.125833333333333997e+01 1.125695601851851819e+02
2.547846643518518590e+02 7.200937500000000568e+01 1.136247685185185219e+02
2.547924189814814895e+02 7.239224537037037521e+01 1.132348379629629562e+02
2.547971064814814781e+02 7.218454861111111143e+01 1.133762152777777743e+02
2.547945601851851904e+02 7.129565972222222570e+01 1.130310763888888914e+02
2.547741319444444343e+02 6.943975694444444002e+01 1.113918402777777743e+02
2.547595486111111143e+02 6.901140046296296759e+01 1.094591435185185162e+02
2.547385995370370324e+02 6.851973379629629335e+01 1.094160879629629619e+02
2.547356481481481580e+02 6.871215277777777430e+01 1.109032407407407419e+02
2.547606481481481353e+02 6.930381944444444287e+01 1.113307870370370409e+02
2.547522569444444400e+02 6.970410879629629619e+01 1.110285879629629591e+02
2.547447337962962877e+02 6.952164351851851620e+01 1.112149305555555543e+02
2.547444444444444400e+02 6.977528935185185333e+01 1.101986111111111057e+02
2.547482060185185162e+02 6.957129629629629619e+01 1.103243055555555543e+02
2.547402777777777771e+02 7.015329861111111143e+01 1.116686342592592638e+02
2.547516782407407447e+02 7.061770833333333997e+01 1.119245370370370409e+02
2.547571180555555657e+02 7.069855324074073621e+01 1.114611689814814781e+02
2.547535879629629676e+02 7.126244212962963331e+01 1.110947337962962962e+02
2.547599537037037010e+02 7.080231481481482092e+01 1.120942708333333400e+02
2.547572337962963047e+02 7.162858796296296759e+01 1.122574074074074133e+02
2.547436921296296362e+02 7.167251157407407902e+01 1.121201967592592581e+02
2.547578703703703695e+02 7.199265046296295623e+01 1.121451967592592638e+02
2.547809027777777828e+02 7.239918981481481808e+01 1.137568865740740733e+02
2.547555555555555600e+02 7.205989583333332860e+01 1.115370370370370381e+02
2.547846643518518590e+02 7.189236111111111427e+01 1.120051504629629591e+02
2.547643518518518420e+02 7.173159722222222001e+01 1.115066550925925952e+02
2.547829861111111143e+02 7.158223379629629335e+01 1.127945023148148209e+02
2.547906828703703752e+02 7.196232638888888289e+01 1.134501736111111114e+02
2.547879629629629505e+02 7.189270833333333144e+01 1.128461805555555486e+02
2.547857638888888800e+02 7.236990740740741046e+01 1.134967013888888943e+02
2.548054976851851734e+02 7.282534722222222001e+01 1.127483217592592553e+02
2.547943865740740819e+02 7.250057870370370949e+01 1.136176504629629562e+02
2.547975694444444343e+02 7.172019675925925242e+01 1.125234953703703695e+02
2.547371527777777658e+02 7.040630787037036953e+01 1.121045717592592581e+02
2.547059606481481353e+02 6.979103009259259238e+01 1.111026620370370352e+02
2.547088541666666686e+02 6.942939814814815236e+01 1.111829282407407362e+02
2.547218750000000114e+02 6.929525462962962479e+01 1.109820023148148209e+02
2.547115162037036953e+02 6.892557870370370665e+01 1.110392361111111086e+02
2.547199074074074190e+02 6.836383101851852473e+01 1.100761574074074076e+02
2.547300347222222285e+02 6.849918981481481239e+01 1.100848958333333343e+02
2.547323495370370381e+02 6.885763888888888573e+01 1.114809027777777715e+02
2.547383101851851848e+02 6.903344907407407050e+01 1.121205439814814753e+02
2.547607638888889028e+02 6.932650462962962479e+01 1.125131365740740677e+02
2.547419560185185219e+02 6.919473379629629051e+01 1.119353009259259295e+02
2.547328124999999943e+02 6.936244212962962763e+01 1.121407986111111086e+02
2.547126736111111143e+02 6.947494212962962479e+01 1.121105324074074048e+02
2.547428240740740648e+02 6.948258101851851620e+01 1.122880787037037038e+02
2.547440972222222229e+02 6.948715277777777999e+01 1.117506944444444485e+02
2.547385995370370324e+02 6.967511574074073621e+01 1.118754629629629562e+02
2.547387152777777715e+02 6.980491898148147811e+01 1.115980902777777715e+02
2.547460648148148152e+02 6.966973379629629903e+01 1.116059027777777715e+02
2.547465856481481410e+02 7.042557870370370665e+01 1.118652199074074076e+02
2.547377893518518590e+02 6.993680555555555145e+01 1.121339699074074048e+02
2.547395833333333428e+02 7.011822916666666572e+01 1.128212384259259267e+02
2.547594907407407447e+02 7.055978009259258954e+01 1.121245370370370438e+02
2.547524305555555486e+02 7.095549768518517908e+01 1.124702546296296362e+02
2.547583912037036953e+02 7.128825231481481239e+01 1.138012152777777715e+02
2.547521412037037010e+02 7.118605324074074758e+01 1.118566550925925895e+02
2.547588541666666799e+02 7.112430555555555145e+01 1.124453125000000000e+02
2.547498263888888914e+02 7.092725694444445139e+01 1.121572916666666657e+02
2.547515625000000057e+02 7.088692129629629335e+01 1.109219907407407391e+02
2.547368055555555486e+02 6.988489583333333144e+01 1.115864004629629562e+02
2.547379050925925981e+02 6.893940972222222285e+01 1.100998263888888857e+02
2.547201967592592666e+02 6.821261574074074474e+01 1.092969328703703695e+02
2.547295717592592723e+02 6.746371527777777999e+01 1.099504629629629591e+02
2.547172453703703638e+02 6.758923611111110574e+01 1.102974537037037095e+02
2.547148726851851848e+02 6.725445601851852473e+01 1.088643518518518505e+02
2.547140046296296418e+02 6.733651620370370949e+01 1.090585648148148152e+02
2.547271412037036953e+02 6.798807870370370665e+01 1.104589699074074076e+02
2.547321180555555600e+02 6.838564814814814952e+01 1.109891203703703724e+02
2.547462384259259238e+02 6.831984953703704377e+01 1.117429976851851876e+02
2.547467013888888800e+02 6.884600694444444002e+01 1.114631944444444400e+02
2.547279513888888971e+02 6.838906249999999432e+01 1.116206597222222285e+02
2.547425925925925867e+02 6.938078703703703809e+01 1.122932870370370324e+02
2.547424189814814781e+02 6.960127314814815236e+01 1.128482638888888943e+02
2.547548032407407277e+02 7.032581018518519045e+01 1.116057870370370324e+02
2.547610532407407504e+02 7.124224537037036953e+01 1.125773726851851819e+02
2.547458333333333371e+02 7.078726851851851620e+01 1.127639467592592553e+02
2.547943287037037123e+02 7.164571759259258954e+01 1.137879050925925952e+02
2.547906250000000057e+02 7.136863425925925242e+01 1.141583912037037010e+02
2.547905671296296362e+02 7.134646990740741046e+01 1.136320023148148124e+02
2.547925925925925981e+02 7.138987268518518192e+01 1.138643518518518505e+02
2.547865740740740819e+02 7.178935185185184764e+01 1.137063078703703667e+02
2.547764467592592723e+02 7.188269675925926094e+01 1.137099537037037038e+02
2.547846064814814895e+02 7.238078703703703809e+01 1.139159143518518533e+02
2.547967013888888914e+02 7.210972222222221717e+01 1.143245370370370324e+02
2.548001157407407504e+02 7.194612268518518761e+01 1.136975115740740705e+02
2.547791666666666686e+02 7.126012731481480955e+01 1.125950231481481438e+02
2.547475694444444514e+02 7.055734953703704093e+01 1.121641782407407391e+02
2.547011574074074076e+02 7.034895833333332860e+01 1.119366898148148124e+02
2.547217013888889028e+02 7.038373842592592666e+01 1.118552083333333371e+02
2.547377314814814895e+02 7.035758101851851620e+01 1.122902777777777743e+02
2.547618055555555543e+02 7.056631944444444571e+01 1.122130208333333314e+02
2.547490740740740875e+02 7.057089120370370949e+01 1.147828125000000057e+02
2.547285300925925924e+02 7.058055555555554861e+01 1.143814814814814866e+02
2.547116319444444343e+02 7.011168981481480955e+01 1.134984374999999943e+02
2.547560185185185162e+02 6.991689814814814952e+01 1.126510416666666714e+02
2.547556134259259295e+02 6.997876157407407050e+01 1.115824652777777715e+02
2.547842592592592723e+02 7.102581018518517908e+01 1.137376736111111057e+02
2.547844328703703809e+02 7.171597222222222001e+01 1.136968750000000057e+02
2.547755787037037010e+02 7.197447916666666856e+01 1.128293402777777743e+02
2.547771990740740762e+02 7.207361111111110574e+01 1.139484953703703667e+02
2.547759259259259181e+02 7.241203703703703809e+01 1.139835648148148124e+02
2.547733796296296305e+02 7.260335648148148380e+01 1.143164351851851848e+02
2.547880787037036896e+02 7.247337962962963331e+01 1.135118055555555543e+02
2.547818865740740648e+02 7.279137731481480955e+01 1.143593171296296305e+02
2.547852430555555543e+02 7.234994212962962479e+01 1.137423611111111086e+02
2.547817708333333258e+02 7.307563657407406765e+01 1.145437500000000028e+02
2.547844907407407504e+02 7.438489583333333144e+01 1.171177083333333400e+02
2.547899884259259125e+02 7.607638888888888573e+01 1.177599537037037010e+02
2.548135416666666799e+02 7.735312500000000568e+01 1.174324652777777800e+02
2.548270833333333201e+02 7.742100694444444287e+01 1.172044560185185134e+02
2.548173611111110972e+02 7.690925925925925810e+01 1.163494212962962990e+02
2.548169560185185105e+02 7.585237268518518761e+01 1.158806712962962990e+02
2.547755208333333314e+02 7.499965277777778283e+01 1.160266203703703667e+02
2.547478587962962990e+02 7.415515046296296475e+01 1.154679398148148124e+02
2.547784143518518647e+02 7.410694444444445139e+01 1.142420717592592609e+02
2.547776620370370324e+02 7.388831018518519045e+01 1.137488425925925952e+02
2.547665509259259125e+02 7.354988425925925810e+01 1.141147569444444514e+02
2.547554976851851904e+02 7.285700231481482092e+01 1.129683449074074133e+02
2.547616898148148152e+02 7.275509259259258954e+01 1.128622106481481495e+02
2.547557870370370381e+02 7.288321759259258670e+01 1.121199652777777800e+02
2.547679976851851791e+02 7.268836805555555713e+01 1.126348958333333314e+02
2.547435185185185276e+02 7.264085648148147811e+01 1.128853009259259323e+02
2.547304976851851848e+02 7.265000000000000568e+01 1.128057870370370352e+02
2.547492476851851961e+02 7.338796296296295907e+01 1.126585069444444400e+02
2.547562499999999943e+02 7.361724537037036953e+01 1.125417824074074105e+02
2.547565393518518420e+02 7.384820601851852473e+01 1.135351273148148152e+02
2.547510416666666799e+02 7.402893518518519045e+01 1.146623842592592553e+02
2.547652777777777828e+02 7.438726851851852473e+01 1.139907407407407476e+02
2.547902777777777885e+02 7.414710648148148664e+01 1.131656828703703752e+02
2.547734953703703695e+02 7.356869212962962479e+01 1.131570601851851876e+02
2.547664930555555429e+02 7.349467592592593235e+01 1.127952546296296248e+02
2.547623842592592496e+02 7.327239583333333428e+01 1.138082754629629676e+02
2.547836226851851791e+02 7.368327546296296759e+01 1.132455439814814753e+02
2.548008680555555543e+02 7.395202546296296475e+01 1.126165509259259210e+02
2.547817129629629562e+02 7.389392361111110574e+01 1.129842013888888914e+02
2.548197916666666742e+02 7.422314814814815520e+01 1.128898726851851819e+02
2.548042245370370438e+02 7.282262731481480955e+01 1.115999999999999943e+02
2.547601273148148096e+02 7.184409722222221717e+01 1.120925347222222257e+02
2.547695601851851848e+02 7.138489583333333144e+01 1.107923032407407362e+02
2.547585069444444343e+02 7.135081018518518192e+01 1.099549768518518533e+02
2.547377893518518590e+02 7.130792824074073621e+01 1.089520833333333343e+02
2.547221064814814895e+02 7.035381944444444002e+01 1.097967592592592609e+02
2.547092013888888857e+02 6.946811342592592098e+01 1.091010416666666600e+02
2.547120370370370495e+02 6.921608796296295907e+01 1.094733217592592638e+02
2.547128472222222229e+02 6.906863425925925526e+01 1.079519097222222257e+02
2.547180555555555657e+02 6.887569444444444855e+01 1.091355902777777800e+02
2.547373263888889028e+02 6.884652777777777999e+01 1.081225694444444514e+02
2.547292824074073962e+02 6.833738425925925242e+01 1.080084490740740790e+02
2.547129629629629619e+02 6.794826388888888857e+01 1.073138310185185134e+02
2.547548611111110972e+02 6.872893518518517908e+01 1.093471643518518448e+02
2.547478009259259295e+02 6.865439814814814667e+01 1.084140625000000000e+02
2.547473958333333428e+02 6.875532407407406765e+01 1.077585648148148181e+02
2.547468749999999886e+02 6.860567129629629335e+01 1.080913773148148209e+02
2.547363425925925924e+02 6.771782407407407334e+01 1.077754629629629619e+02
2.547235532407407277e+02 6.790017361111111427e+01 1.075222222222222257e+02
2.547209490740740705e+02 6.709189814814814667e+01 1.067648148148148124e+02
2.547381365740740762e+02 6.632280092592593235e+01 1.067033564814814781e+02
2.547143518518518590e+02 6.541024305555555429e+01 1.045298032407407476e+02
2.547035879629629562e+02 6.508813657407407050e+01 1.051500578703703752e+02
2.547041087962963104e+02 6.526203703703703241e+01 1.052685763888888886e+02
2.546923611111110972e+02 6.557482638888889426e+01 1.052315393518518505e+02
2.547104166666666742e+02 6.583188657407407618e+01 1.055299189814814866e+02
2.547110532407407391e+02 6.572343750000000284e+01 1.060504050925925981e+02
2.547296296296296418e+02 6.567575231481481524e+01 1.059667824074074076e+02
2.546818287037037010e+02 6.509513888888888289e+01 1.056261574074074048e+02
2.546706597222222115e+02 6.499820601851851620e+01 1.040909143518518505e+02
2.546833912037037067e+02 6.427505787037037521e+01 1.052847222222222285e+02
2.546872685185185219e+02 6.370474537037036811e+01 1.053078703703703667e+02
2.547073495370370324e+02 6.349658564814814810e+01 1.041389467592592553e+02
2.546983796296296418e+02 6.305237268518518334e+01 1.039626157407407447e+02
2.546741319444444400e+02 6.319056712962962763e+01 1.039708333333333314e+02
2.546773726851851904e+02 6.292945601851852189e+01 1.043648148148148209e+02
2.546459490740740819e+02 6.238356481481481808e+01 1.013678819444444485e+02
2.546844328703703582e+02 6.266568287037036811e+01 1.032984375000000057e+02
2.547035300925925867e+02 6.278379629629629477e+01 1.038025462962962990e+02
2.546887731481481580e+02 6.295624999999999716e+01 1.019217013888888914e+02
2.546943287037036896e+02 6.335156250000000000e+01 1.030512152777777715e+02
2.546822337962962877e+02 6.308993055555555429e+01 1.031859953703703638e+02
2.546861111111111029e+02 6.363952546296296475e+01 1.032567129629629648e+02
2.546724537037036953e+02 6.345555555555555571e+01 1.033740740740740733e+02
2.546874421296296305e+02 6.301556712962963047e+01 1.031913194444444457e+02
2.546990740740740762e+02 6.352540509259259238e+01 1.039023726851851848e+02
2.546972800925925924e+02 6.321284722222222285e+01 1.030525462962962990e+02
2.547045717592592666e+02 6.392743055555555287e+01 1.045094907407407447e+02
2.547306134259259238e+02 6.449097222222222570e+01 1.044745949074074076e+02
2.547203703703703752e+02 6.471938657407407902e+01 1.044823495370370381e+02
2.547289351851851791e+02 6.480190972222222001e+01 1.042748842592592524e+02
2.547206597222222229e+02 6.459814814814815520e+01 1.040503472222222285e+02
2.547057870370370267e+02 6.472887731481480955e+01 1.046180555555555571e+02
2.546989583333333371e+02 6.402251157407407334e+01 1.037184027777777828e+02
2.546961226851851734e+02 6.441093750000000284e+01 1.037649884259259210e+02
2.546935763888888857e+02 6.466637731481480955e+01 1.044368634259259210e+02
2.547026620370370438e+02 6.467789351851851620e+01 1.038030671296296248e+02
2.547305555555555543e+02 6.459241898148148664e+01 1.043917824074074048e+02
2.547119212962963104e+02 6.390555555555555856e+01 1.036957754629629562e+02
2.547158564814814952e+02 6.429965277777777999e+01 1.035519097222222200e+02
2.547217592592592723e+02 6.476556712962963047e+01 1.034274884259259295e+02
2.546958912037036953e+02 6.503472222222222854e+01 1.038106481481481467e+02
2.547389467592592496e+02 6.651631944444444855e+01 1.052087384259259295e+02
2.547212384259259181e+02 6.656128472222222570e+01 1.050284722222222200e+02
2.547244212962962990e+02 6.700225694444444002e+01 1.057425925925925867e+02
2.547248842592592553e+02 6.753252314814814383e+01 1.059996527777777828e+02
2.547213541666666572e+02 6.765821759259259238e+01 1.045937500000000000e+02
2.547188657407407391e+02 6.792251157407407902e+01 1.057381944444444457e+02
2.547366898148148096e+02 6.812320601851851620e+01 1.058156828703703667e+02
2.547384837962962933e+02 6.823101851851852473e+01 1.060958333333333314e+02
2.547395833333333428e+02 6.847204861111110574e+01 1.061638888888888914e+02
2.547403935185185162e+02 6.817025462962962479e+01 1.058068287037037010e+02
2.547394097222222342e+02 6.844652777777777430e+01 1.061861111111111171e+02
2.547696759259259238e+02 6.843651620370370381e+01 1.055884837962963019e+02
2.547747106481481580e+02 6.929791666666666572e+01 1.054523148148148124e+02
2.547827546296296362e+02 6.935532407407407618e+01 1.070916666666666686e+02
2.547967592592592609e+02 6.991099537037037237e+01 1.086763888888888943e+02
2.547950231481481467e+02 6.968998842592593235e+01 1.078325231481481552e+02
2.547738425925925867e+02 6.950034722222221717e+01 1.062528356481481495e+02
2.547571180555555657e+02 6.900497685185185048e+01 1.068711226851851848e+02
2.547431712962963104e+02 6.836394675925926379e+01 1.062880208333333343e+02
2.547379629629629676e+02 6.864565972222222001e+01 1.069093749999999972e+02
2.547246527777777771e+02 6.891574074074074474e+01 1.054687500000000000e+02
2.547469907407407277e+02 6.842048611111111711e+01 1.069265625000000028e+02
2.547409143518518420e+02 6.830538194444444855e+01 1.062694444444444457e+02
2.547302083333333371e+02 6.796342592592593235e+01 1.061693865740740677e+02
2.547240162037037123e+02 6.813738425925926379e+01 1.065505208333333371e+02
2.547131365740740705e+02 6.779293981481481524e+01 1.054995949074074133e+02
2.547407407407407334e+02 6.804513888888888573e+01 1.052939236111111114e+02
2.547344328703703695e+02 6.774710648148148096e+01 1.057836226851851791e+02
2.547336226851851961e+02 6.789612268518519045e+01 1.073004050925925981e+02
2.547560763888888857e+02 6.821967592592592666e+01 1.066135416666666629e+02
2.547677083333333314e+02 6.854363425925926379e+01 1.069673032407407476e+02
2.547620370370370324e+02 6.899375000000000568e+01 1.066645833333333400e+02
2.547775462962962933e+02 6.880063657407407618e+01 1.059369212962962905e+02
2.547861689814814952e+02 6.848437500000000000e+01 1.062157407407407419e+02
2.547629050925926038e+02 6.811140046296296191e+01 1.055860532407407391e+02
2.547790509259259295e+02 6.793854166666666572e+01 1.055528356481481467e+02
2.547719907407407334e+02 6.810063657407407334e+01 1.055317129629629562e+02
2.547726273148148266e+02 6.825503472222222001e+01 1.064332754629629676e+02
2.547837962962962877e+02 6.836354166666666288e+01 1.078452546296296362e+02
2.547651620370370438e+02 6.873912037037037237e+01 1.064691550925925867e+02
2.547847800925925981e+02 6.937627314814814383e+01 1.074281249999999943e+02
2.547829861111111143e+02 7.000729166666666003e+01 1.076626157407407476e+02
2.547631365740740819e+02 7.071701388888888573e+01 1.077019675925925952e+02
2.547818287037036953e+02 7.140121527777777999e+01 1.090156828703703695e+02
2.547713541666666686e+02 7.131464120370370097e+01 1.083050925925925867e+02
2.547841435185185048e+02 7.074473379629630188e+01 1.082379629629629676e+02
2.547817708333333258e+02 6.984114583333332860e+01 1.080938657407407391e+02
2.547588541666666799e+02 6.985706018518519045e+01 1.072339699074074133e+02
2.547375000000000114e+02 6.952332175925926094e+01 1.083159722222222285e+02
2.547591435185185276e+02 6.933396990740740762e+01 1.068142939814814838e+02
2.547599537037037010e+02 6.878211805555555713e+01 1.069736689814814810e+02
2.547637152777777771e+02 6.869641203703703525e+01 1.073659143518518562e+02
2.547644675925925810e+02 6.900000000000000000e+01 1.075037037037037067e+02
2.547712962962962990e+02 6.967905092592592098e+01 1.087798611111111171e+02
2.547584490740740648e+02 6.942876157407407334e+01 1.083277777777777828e+02
2.547690393518518590e+02 6.988460648148148380e+01 1.084204282407407476e+02
2.547463541666666629e+02 7.002181712962962479e+01 1.078514467592592609e+02
2.547576967592592609e+02 7.045515046296296191e+01 1.079682291666666600e+02
2.547638888888888857e+02 7.086221064814814952e+01 1.089028356481481552e+02
2.547543402777777715e+02 7.101446759259259522e+01 1.094478587962963019e+02
2.547522569444444400e+02 7.175115740740740478e+01 1.089319444444444400e+02
2.547503472222222172e+02 7.147575231481481239e+01 1.099189236111111114e+02
2.547991898148148096e+02 7.234375000000000000e+01 1.099506944444444514e+02
2.548008680555555543e+02 7.228368055555554861e+01 1.112136574074074105e+02
2.547943287037037123e+02 7.174502314814814952e+01 1.109471064814814838e+02
2.548022569444444514e+02 7.217754629629629903e+01 1.100402199074074048e+02
2.547761574074073962e+02 7.136053240740740478e+01 1.080713541666666657e+02
2.547957175925925810e+02 7.135653935185185048e+01 1.088928819444444400e+02
2.547833912037037010e+02 7.092094907407407334e+01 1.081574652777777743e+02
2.547889467592592609e+02 7.104091435185185333e+01 1.089847800925925867e+02
2.548119212962963047e+02 7.205619212962963616e+01 1.091994212962962933e+02
2.547961226851851961e+02 7.170792824074074190e+01 1.083711226851851848e+02
2.547968171296296305e+02 7.207829861111110858e+01 1.080329861111111143e+02
2.547763310185185048e+02 7.132552083333332860e+01 1.080068865740740733e+02
2.547859374999999886e+02 7.127309027777778283e+01 1.083350694444444429e+02
2.547748263888888971e+02 7.052332175925926094e+01 1.084694444444444485e+02
2.547730902777777828e+02 7.007447916666666288e+01 1.074595486111111171e+02
2.547861111111110972e+02 6.947638888888889142e+01 1.067124421296296362e+02
2.547529513888889028e+02 6.918831018518518761e+01 1.068677083333333400e+02
2.547542245370370324e+02 6.842170138888889142e+01 1.054559606481481495e+02
2.547455439814814895e+02 6.822615740740741330e+01 1.047823495370370352e+02
2.547617476851851848e+02 6.753142361111110858e+01 1.069631944444444400e+02
2.547614583333333371e+02 6.740081018518517908e+01 1.046949074074074133e+02
2.547585648148148039e+02 6.687899305555555429e+01 1.051048032407407362e+02
2.547381365740740762e+02 6.613263888888889142e+01 1.046524884259259238e+02
2.547692708333333371e+02 6.687175925925926379e+01 1.047787615740740677e+02
2.547761574074073962e+02 6.646643518518519045e+01 1.047408564814814866e+02
2.547616319444444457e+02 6.692100694444444287e+01 1.065453703703703638e+02
2.547806712962963047e+02 6.763836805555555998e+01 1.071986111111111057e+02
2.547724537037036896e+02 6.804531249999999432e+01 1.061724537037037095e+02
2.547760995370370267e+02 6.879866898148148380e+01 1.073572337962962990e+02
2.547708912037037123e+02 6.894994212962963331e+01 1.073659143518518562e+02
2.547913194444444400e+02 6.941041666666666288e+01 1.084745370370370381e+02
2.547957754629629505e+02 6.969756944444444002e+01 1.073224537037037010e+02
2.547987268518518533e+02 6.939947916666666572e+01 1.077679398148148096e+02
2.547970486111111086e+02 7.003993055555555713e+01 1.071762731481481552e+02
2.547935763888888800e+02 7.037945601851852473e+01 1.081924189814814810e+02
2.548067708333333314e+02 7.045856481481482092e+01 1.087216435185185190e+02
2.547576967592592609e+02 7.058871527777777999e+01 1.089318865740740705e+02
2.547663194444444343e+02 6.998981481481482092e+01 1.089159722222222229e+02
2.547590277777777885e+02 6.987465277777778283e+01 1.091446180555555543e+02
2.547651620370370438e+02 6.883368055555555998e+01 1.081090277777777828e+02
2.547410300925925810e+02 6.835995370370370949e+01 1.063861689814814753e+02
2.547225694444444457e+02 6.803917824074073906e+01 1.063985532407407391e+02
2.547447916666666572e+02 6.803275462962963616e+01 1.066880787037037095e+02
2.547457175925925981e+02 6.721550925925926379e+01 1.065685763888888857e+02
2.547463541666666629e+02 6.691087962962963331e+01 1.062466435185185247e+02
2.547141782407407504e+02 6.736765046296295623e+01 1.067276620370370352e+02
2.547492476851851961e+02 6.759230324074074758e+01 1.074493634259259238e+02
2.547527777777777658e+02 6.791105324074074190e+01 1.074968171296296333e+02
2.547395833333333428e+02 6.782401620370370665e+01 1.068008101851851848e+02
2.547443287037037010e+02 6.773281249999999432e+01 1.080337384259259323e+02
2.547851273148148152e+02 6.760966435185184764e+01 1.069972222222222200e+02
2.547380787037037067e+02 6.704201388888888857e+01 1.056177083333333400e+02
2.547887152777777828e+02 6.678171296296295623e+01 1.059901620370370381e+02
2.547777199074074019e+02 6.709612268518517908e+01 1.067804976851851819e+02
2.547803819444444571e+02 6.712974537037037237e+01 1.054319444444444400e+02
2.547869212962962990e+02 6.746481481481481524e+01 1.048913194444444485e+02
2.547947916666666686e+02 6.798802083333333712e+01 1.067207175925925924e+02
2.547638310185185162e+02 6.818530092592592950e+01 1.068833333333333400e+02
2.547984375000000057e+02 6.898501157407407902e+01 1.071257523148148181e+02
2.548024884259259295e+02 6.885925925925926094e+01 1.067942129629629591e+02
2.547883101851851961e+02 6.968663194444444287e+01 1.085510995370370324e+02
2.547961226851851961e+02 6.965543981481481239e+01 1.087659722222222172e+02
2.547802662037036896e+02 7.017158564814815236e+01 1.085575231481481495e+02
2.547743634259259125e+02 7.058321759259258954e+01 1.084067129629629562e+02
2.547808449074074133e+02 7.019629629629629619e+01 1.086180555555555571e+02
2.548003472222222285e+02 7.027118055555555998e+01 1.079279513888888857e+02
2.547906828703703752e+02 6.890185185185184480e+01 1.071726851851851876e+02
2.547889467592592609e+02 6.839525462962963331e+01 1.066398148148148124e+02
2.547650462962963047e+02 6.802667824074073621e+01 1.057148148148148152e+02
2.547638310185185162e+02 6.762540509259258670e+01 1.060869212962962962e+02
2.547221643518518590e+02 6.753530092592592382e+01 1.058361111111111086e+02
2.547576967592592609e+02 6.669143518518518476e+01 1.060296296296296248e+02
2.547648148148148266e+02 6.689947916666666572e+01 1.038813657407407476e+02
2.547650462962963047e+02 6.697881944444444002e+01 1.048784722222222285e+02
2.547971064814814781e+02 6.719982638888889426e+01 1.069867476851851791e+02
2.547863425925926038e+02 6.733078703703704093e+01 1.073954282407407419e+02
2.547439236111111143e+02 6.723721064814814952e+01 1.066703703703703638e+02
2.547601273148148096e+02 6.740677083333333997e+01 1.073508101851851819e+02
2.547273726851851734e+02 6.699739583333332860e+01 1.066258101851851876e+02
2.547604745370370267e+02 6.667540509259259807e+01 1.068584490740740733e+02
2.547423032407407391e+02 6.682355324074073621e+01 1.053228587962963019e+02
2.547677662037037010e+02 6.707453703703703241e+01 1.061363425925925981e+02
2.547535879629629676e+02 6.719704861111111427e+01 1.069768518518518476e+02
2.547600115740740705e+02 6.757285879629630188e+01 1.071387731481481467e+02
2.547482060185185162e+02 6.745700231481481524e+01 1.072557291666666686e+02
2.547443287037037010e+02 6.786116898148148380e+01 1.063348379629629648e+02
2.547553240740740819e+02 6.759600694444444002e+01 1.066219328703703724e+02
2.547502314814814781e+02 6.734375000000000000e+01 1.066986689814814753e+02
2.547629629629629733e+02 6.775613425925925526e+01 1.069337962962962933e+02
2.547599537037037010e+02 6.840671296296295623e+01 1.077206597222222229e+02
2.547667245370370495e+02 6.864508101851852473e+01 1.070180555555555486e+02
2.548133101851851734e+02 6.892291666666666572e+01 1.076650462962962962e+02
2.547987268518518533e+02 6.838773148148148096e+01 1.078479745370370324e+02
2.547590277777777885e+02 6.754670138888889142e+01 1.053567708333333286e+02
2.547866319444444514e+02 6.761111111111111427e+01 1.066186342592592524e+02
2.547529513888889028e+02 6.744207175925926379e+01 1.049049768518518562e+02
2.547435185185185276e+02 6.762094907407407618e+01 1.064256365740740762e+02
2.547462384259259238e+02 6.760850694444444287e+01 1.074289930555555515e+02
2.547520254629629619e+02 6.744137731481481524e+01 1.066030671296296362e+02
2.547485532407407334e+02 6.750468750000000284e+01 1.078283564814814781e+02
2.547510995370370495e+02 6.768981481481480955e+01 1.071760995370370324e+02
2.547543981481481410e+02 6.819623842592592666e+01 1.067988425925925924e+02
2.547576388888888914e+02 6.861203703703704093e+01 1.067749421296296362e+02
2.547846643518518590e+02 6.865978009259259807e+01 1.074252893518518448e+02
2.547910879629629619e+02 6.861163194444444002e+01 1.075380208333333343e+02
2.547632523148148209e+02 6.916197916666666856e+01 1.091120370370370409e+02
2.547811342592592609e+02 6.900769675925926094e+01 1.091119212962963019e+02
2.547732638888888914e+02 6.935949074074073906e+01 1.092883680555555515e+02
2.547729166666666742e+02 6.956689814814815520e+01 1.089773726851851876e+02
2.547368634259259181e+02 6.937743055555554861e+01 1.095903356481481552e+02
2.547613425925925981e+02 6.999346064814814383e+01 1.094399884259259323e+02
2.547854745370370324e+02 6.935341435185185333e+01 1.081564814814814781e+02
2.547598958333333314e+02 6.938223379629629051e+01 1.091060763888888943e+02
2.547791087962962990e+02 6.919062499999999716e+01 1.087447916666666714e+02
