2.544074626865671576e+02 8.748470149253731165e+01 1.913227611940298516e+02
2.544537313432835788e+02 8.715671641791044522e+01 1.910283582089552112e+02
2.544817164179104338e+02 8.768395522388060215e+01 1.918735074626865753e+02
2.544731343283582135e+02 8.845522388059701768e+01 1.919574626865671689e+02
2.544059701492537329e+02 8.859701492537313072e+01 1.911111940298507363e+02
2.544014925373134304e+02 8.817052238805969466e+01 1.924682835820895548e+02
2.544447761194029738e+02 8.778283582089552795e+01 1.921805970149253824e+02
2.544082089552238699e+02 8.875970149253731734e+01 1.934149253731343379e+02
2.545055970149253710e+02 8.933022388059701768e+01 1.927249999999999943e+02
2.545018656716417809e+02 8.912910447761194632e+01 1.930764925373134417e+02
2.545003731343283562e+02 8.968507462686567067e+01 1.937305970149253653e+02
2.544966417910447660e+02 8.949888059701493148e+01 1.939302238805970262e+02
2.544313432835820947e+02 8.937164179104478023e+01 1.954660447761193893e+02
2.544873134328358333e+02 8.892276119402984591e+01 1.930623134328358219e+02
2.543914179104477569e+02 8.999738805970149258e+01 1.920861940298507591e+02
2.544205223880597089e+02 9.027873134328358162e+01 1.914529850746268664e+02
2.544332089552238756e+02 8.992910447761194348e+01 1.938895522388059760e+02
2.544791044776119406e+02 8.999067164179103884e+01 1.928552238805970092e+02
2.544917910447761074e+02 8.975037313432835617e+01 1.933611940298507363e+02
2.544764925373134190e+02 8.870447761194030534e+01 1.926261194029850685e+02
2.543910447761194007e+02 8.875410447761194632e+01 1.918787313432835901e+02
2.544320895522388071e+02 8.816641791044776255e+01 1.925955223880596918e+02
2.543843283582089612e+02 8.888171641791045374e+01 1.923496268656716381e+02
2.543955223880597032e+02 8.874216417910447774e+01 1.938246268656716325e+02
2.544283582089552169e+02 8.821194029850745721e+01 1.932190298507462671e+02
2.544007462686567180e+02 8.803694029850746006e+01 1.927809701492537329e+02
2.544175373134328311e+02 8.813619402985074203e+01 1.909134328358208847e+02
2.544347014925373003e+02 8.798619402985075055e+01 1.931705223880597089e+02
2.543537313432835845e+02 8.783134328358208620e+01 1.922115671641791153e+02
2.543664179104477512e+02 8.806082089552238301e+01 1.933578358208955308e+02
2.544496268656716325e+02 8.850447761194030249e+01 1.934944029850746290e+02
2.544477611940298516e+02 8.935223880597014556e+01 1.949343283582089441e+02
2.544828358208955308e+02 8.975074626865671235e+01 1.949899253731343265e+02
2.544638059701492523e+02 9.030895522388060215e+01 1.948962686567164155e+02
2.544533582089552226e+02 9.073917910447761415e+01 1.948231343283582078e+02
2.544246268656716552e+02 9.043656716417910957e+01 1.942902985074626940e+02
2.543828358208955365e+02 9.141044776119403537e+01 1.939130597014925286e+02
2.543600746268656678e+02 9.148880597014925797e+01 1.951462686567164155e+02
2.544858208955223802e+02 9.217089552238806505e+01 1.946794776119402854e+02
2.545078358208955365e+02 9.177126865671641553e+01 1.961503731343283619e+02
2.545686567164179053e+02 9.237462686567164383e+01 1.947298507462686530e+02
2.545742537313432763e+02 9.148619402985075055e+01 1.948376865671641838e+02
2.545518656716417922e+02 9.233246268656716893e+01 1.956850746268656849e+02
2.545712686567164269e+02 9.091343283582089896e+01 1.946999999999999886e+02
2.545365671641791039e+02 9.034029850746269119e+01 1.940451492537313527e+02
2.544328358208955194e+02 8.931604477611939785e+01 1.930951492537313356e+02
2.544611940298507591e+02 8.924776119402984875e+01 1.928492537313432820e+02
2.543817164179104395e+02 8.893805970149253426e+01 1.928559701492537215e+02
2.544697761194029795e+02 8.811380597014925797e+01 1.935500000000000114e+02
2.544466417910447831e+02 8.777462686567163530e+01 1.917899253731343379e+02
2.544287313432835731e+02 8.685485074626865298e+01 1.917611940298507420e+02
2.543391791044776085e+02 8.570447761194030534e+01 1.893402985074626770e+02
2.542190298507462671e+02 8.615559701492537670e+01 1.885477611940298459e+02
2.541970149253731392e+02 8.683246268656716893e+01 1.892093283582089498e+02
2.542514925373134247e+02 8.697910447761194064e+01 1.900914179104477739e+02
2.542384328358209018e+02 8.654104477611940638e+01 1.907171641791044863e+02
2.542843283582089668e+02 8.611380597014925797e+01 1.918768656716417809e+02
2.542533582089552340e+02 8.571604477611940354e+01 1.902432835820895605e+02
2.542388059701492580e+02 8.550820895522387843e+01 1.885746268656716325e+02
2.542604477611940297e+02 8.612574626865671235e+01 1.904850746268656678e+02
2.542712686567164155e+02 8.737798507462686359e+01 1.901716417910447774e+02
2.543343283582089498e+02 8.725000000000000000e+01 1.901805970149253824e+02
2.543447761194029795e+02 8.738917910447760562e+01 1.915048507462686587e+02
2.543839552238806050e+02 8.831865671641790527e+01 1.916597014925373230e+02
2.543966417910447717e+02 8.856455223880597316e+01 1.907962686567164212e+02
2.544294776119402854e+02 8.821641791044775971e+01 1.913291044776119350e+02
2.544417910447761244e+02 8.855373134328358731e+01 1.921250000000000000e+02
2.544664179104477739e+02 8.909664179104477455e+01 1.925902985074626770e+02
2.544544776119402911e+02 8.936343283582090180e+01 1.928246268656716325e+02
2.544033582089552112e+02 8.926791044776119577e+01 1.917884328358208847e+02
2.543951492537313470e+02 8.926007462686567351e+01 1.928041044776119293e+02
2.543936567164179223e+02 8.912798507462686359e+01 1.925421641791044749e+02
2.543548507462686530e+02 8.886902985074627281e+01 1.915608208955223972e+02
2.543507462686567067e+02 8.935074626865672087e+01 1.913712686567164099e+02
2.543414179104477739e+02 8.876082089552238585e+01 1.909910447761193950e+02
2.543436567164179110e+02 8.890335820895522545e+01 1.923361940298507591e+02
2.543697761194029852e+02 8.827835820895522545e+01 1.918085820895522318e+02
2.543432835820895548e+02 8.790820895522388412e+01 1.920167910447761130e+02
2.543783582089552340e+02 8.848470149253731165e+01 1.909958955223880537e+02
2.543820895522387957e+02 8.817611940298507989e+01 1.910679104477611929e+02
2.543783582089552340e+02 8.726679104477611304e+01 1.901880597014925343e+02
2.543996268656716495e+02 8.745485074626866151e+01 1.912347014925373117e+02
2.543761194029850685e+02 8.680261194029850458e+01 1.901682835820895434e+02
2.543410447761193893e+02 8.809067164179104736e+01 1.905119402985074544e+02
2.543619402985074487e+02 8.814365671641790811e+01 1.914753731343283505e+02
2.543421641791044863e+02 8.871828358208955478e+01 1.923604477611940240e+02
2.543216417910447831e+02 8.857947761194030534e+01 1.911373134328358105e+02
2.543876865671641667e+02 8.877388059701492296e+01 1.926238805970149315e+02
2.544869402985074487e+02 8.933320895522388128e+01 1.919007462686567180e+02
2.544820895522388184e+02 9.008917910447760846e+01 1.929951492537313413e+02
2.544496268656716325e+02 9.042723880597014841e+01 1.931078358208955308e+02
2.545179104477611816e+02 9.123843283582090180e+01 1.944018656716417865e+02
2.545458955223880650e+02 9.183358208955223745e+01 1.948037313432835731e+02
2.545444029850746404e+02 9.148171641791044806e+01 1.941167910447761074e+02
2.544802238805970092e+02 9.170186567164179792e+01 1.933873134328358105e+02
2.544328358208955194e+02 9.060746268656716040e+01 1.936309701492537272e+02
2.543656716417910388e+02 8.833395522388059362e+01 1.925541044776119293e+02
2.544287313432835731e+02 8.888097014925372719e+01 1.934100746268656792e+02
2.544097014925373230e+02 8.880037313432835333e+01 1.942615671641790982e+02
2.544082089552238699e+02 8.885111940298507704e+01 1.923768656716417809e+02
2.543261194029850856e+02 8.836082089552239438e+01 1.916257462686567123e+02
2.543014925373134361e+02 8.894813432835820777e+01 1.918716417910447660e+02
2.543291044776119350e+02 8.917089552238806505e+01 1.911839552238805879e+02
2.542962686567164212e+02 8.986791044776119008e+01 1.926018656716418036e+02
2.542675373134328254e+02 8.979104477611940638e+01 1.926589552238806107e+02
2.542891791044776255e+02 9.088022388059701484e+01 1.933671641791044635e+02
2.541895522388059590e+02 9.050858208955223461e+01 1.917936567164178996e+02
2.542772388059701427e+02 9.053432835820895264e+01 1.918593283582089555e+02
2.543014925373134361e+02 9.130858208955223176e+01 1.933361940298507591e+02
2.543253731343283448e+02 9.143805970149253426e+01 1.950749999999999886e+02
2.543410447761193893e+02 9.106007462686567067e+01 1.934615671641791153e+02
2.543962686567164155e+02 9.218283582089551942e+01 1.951925373134328368e+02
2.544537313432835788e+02 9.219440298507463183e+01 1.941985074626865639e+02
2.545171641791044692e+02 9.265597014925373287e+01 1.952996268656716552e+02
2.545298507462686644e+02 9.282425373134329050e+01 1.948541044776119406e+02
2.546235074626865753e+02 9.242164179104477739e+01 1.952869402985074601e+02
2.545970149253731449e+02 9.246753731343284244e+01 1.949208955223880650e+02
2.544723880597015011e+02 9.289850746268656678e+01 1.943962686567164155e+02
2.545078358208955365e+02 9.302574626865671803e+01 1.948828358208955365e+02
2.544985074626865753e+02 9.197574626865672087e+01 1.928764925373134247e+02
2.544347014925373003e+02 9.239925373134327913e+01 1.961619402985074601e+02
2.543395522388059646e+02 9.138171641791045374e+01 1.950100746268656735e+02
2.544026119402984989e+02 9.026156716417909820e+01 1.954615671641791153e+02
2.544835820895522431e+02 9.062388059701493148e+01 1.961761194029850799e+02
2.545063432835820834e+02 9.038694029850746858e+01 1.947652985074626883e+02
2.544988805970149315e+02 9.029850746268657247e+01 1.946059701492537215e+02
2.544440298507462614e+02 9.025111940298506852e+01 1.943690298507462728e+02
2.544544776119402911e+02 9.048022388059700916e+01 1.935679104477611929e+02
2.544212686567164212e+02 9.020708955223881276e+01 1.935865671641791153e+02
2.543951492537313470e+02 8.988805970149253710e+01 1.945175373134328254e+02
2.544320895522388071e+02 9.003171641791044522e+01 1.955261194029850742e+02
2.544332089552238756e+02 9.089253731343283960e+01 1.947145522388059646e+02
2.543820895522387957e+02 9.079141791044776255e+01 1.948764925373134247e+02
2.543824626865671519e+02 9.086417910447761415e+01 1.945858208955223745e+02
2.544033582089552112e+02 9.106604477611939785e+01 1.939152985074626940e+02
2.543824626865671519e+02 9.099514925373134133e+01 1.951451492537313470e+02
2.544216417910447774e+02 9.113134328358208336e+01 1.946679104477611872e+02
2.544216417910447774e+02 9.075485074626865867e+01 1.952156716417910332e+02
2.544313432835820947e+02 9.136865671641791664e+01 1.956276119402985216e+02
2.545048507462686587e+02 9.104738805970148974e+01 1.957164179104477739e+02
2.545488805970149144e+02 9.129850746268657247e+01 1.961850746268656849e+02
2.545563432835820947e+02 9.211231343283581907e+01 1.972029850746268664e+02
2.545294776119403082e+02 9.253805970149254279e+01 1.966145522388059703e+02
2.545615671641791096e+02 9.299888059701493148e+01 1.968369402985074714e+02
2.546634328358208847e+02 9.326940298507462046e+01 1.965899253731343208e+02
2.546358208955223859e+02 9.296902985074626713e+01 1.969682835820895548e+02
2.546567164179104452e+02 9.262947761194030249e+01 1.961235074626865753e+02
2.546272388059701370e+02 9.222089552238806220e+01 1.953503731343283505e+02
2.545473880597014897e+02 9.264776119402985444e+01 1.973485074626865696e+02
2.545936567164179110e+02 9.196567164179104736e+01 1.966313432835820834e+02
2.545932835820895548e+02 9.139328358208955194e+01 1.955365671641791039e+02
2.545563432835820947e+02 9.162052238805969751e+01 1.951750000000000114e+02
2.545876865671641838e+02 9.131268656716417809e+01 1.956925373134328368e+02
2.546235074626865753e+02 9.176231343283582476e+01 1.961835820895522318e+02
2.546205223880596975e+02 9.235298507462687212e+01 1.972544776119403025e+02
2.546354477611940297e+02 9.134738805970148690e+01 1.966910447761194121e+02
2.545802238805970035e+02 9.117126865671642122e+01 1.964104477611940354e+02
2.545205223880597032e+02 9.151044776119402968e+01 1.966167910447761074e+02
2.544917910447761074e+02 9.038097014925372719e+01 1.947574626865671519e+02
2.543541044776119406e+02 9.069850746268656394e+01 1.932794776119403082e+02
2.544499999999999886e+02 9.118992537313432933e+01 1.947742537313432933e+02
2.543731343283582191e+02 9.099552238805969751e+01 1.957615671641790982e+02
2.544145522388059817e+02 9.109626865671641838e+01 1.962328358208955308e+02
2.544406716417910559e+02 9.093843283582089043e+01 1.967481343283582191e+02
2.543585820895522431e+02 9.147388059701492580e+01 1.962152985074626770e+02
2.543563432835820777e+02 9.209552238805970603e+01 1.953298507462686473e+02
2.543477611940298573e+02 9.195895522388059362e+01 1.967067164179104566e+02
2.545227611940298402e+02 9.166007462686566498e+01 1.973832089552238926e+02
2.545130597014925513e+02 9.085111940298507704e+01 1.954791044776119406e+02
2.545186567164179223e+02 9.174067164179103884e+01 1.964776119402985159e+02
2.544996268656716438e+02 9.209067164179104736e+01 1.957097014925373060e+02
2.544962686567164099e+02 9.145634328358208620e+01 1.981194029850746290e+02
2.544813432835820777e+02 9.164738805970149826e+01 1.961832089552238756e+02
2.543440298507462671e+02 9.118992537313432933e+01 1.948582089552238870e+02
2.543686567164179166e+02 9.043097014925372434e+01 1.959671641791044863e+02
2.544085820895522261e+02 9.022201492537313072e+01 1.950350746268656792e+02
2.543597014925373117e+02 8.999552238805969751e+01 1.931500000000000057e+02
2.543660447761193950e+02 8.998731343283581907e+01 1.928880597014925513e+02
2.544037313432835958e+02 9.017350746268657247e+01 1.930145522388059760e+02
2.543167910447761244e+02 8.992425373134328481e+01 1.919097014925373230e+02
2.543873134328358105e+02 9.043059701492536817e+01 1.935179104477611816e+02
2.544388059701492466e+02 9.009328358208955478e+01 1.943276119402985103e+02
2.544182835820895434e+02 8.919216417910448058e+01 1.937518656716417809e+02
2.544593283582089498e+02 8.976455223880597600e+01 1.941231343283582191e+02
2.543011194029850799e+02 8.895410447761193495e+01 1.925055970149253710e+02
2.543216417910447831e+02 8.923582089552239438e+01 1.929977611940298630e+02
2.543507462686567067e+02 9.045783582089552510e+01 1.948768656716417809e+02
2.544022388059701427e+02 9.038694029850746858e+01 1.950283582089552112e+02
2.545626865671641781e+02 9.079962686567164099e+01 1.936574626865671576e+02
2.545630597014925343e+02 9.010597014925373571e+01 1.931664179104477626e+02
2.545824626865671689e+02 9.063507462686567351e+01 1.954011194029850742e+02
2.546130597014925456e+02 9.040410447761193780e+01 1.944537313432835788e+02
2.545395522388059817e+02 9.118059701492536817e+01 1.952597014925373173e+02
2.544865671641790925e+02 9.084664179104477455e+01 1.943317164179104566e+02
2.544757462686567067e+02 9.041529850746267982e+01 1.937914179104477626e+02
2.544376865671641781e+02 9.026716417910448342e+01 1.949444029850746176e+02
2.544839552238805993e+02 9.078805970149254279e+01 1.952899253731343379e+02
2.544641791044776085e+02 9.079365671641791380e+01 1.940182835820895662e+02
2.544731343283582135e+02 9.131380597014926082e+01 1.958115671641791096e+02
2.544761194029850628e+02 9.045149253731342753e+01 1.948559701492537215e+02
2.543417910447761301e+02 8.969440298507463183e+01 1.934417910447761244e+02
2.544033582089552112e+02 8.959813432835821345e+01 1.941820895522388071e+02
2.544332089552238756e+02 8.979925373134328481e+01 1.938861940298507420e+02
2.544003731343283619e+02 8.815559701492537670e+01 1.933272388059701541e+02
2.544212686567164212e+02 8.784589552238806220e+01 1.934100746268656792e+02
2.543847014925373173e+02 8.720858208955223745e+01 1.942847014925373230e+02
2.544175373134328311e+02 8.860634328358209189e+01 1.962567164179104395e+02
2.544216417910447774e+02 8.828097014925373287e+01 1.935899253731343208e+02
2.544141791044776255e+02 8.927388059701492296e+01 1.938111940298507534e+02
2.544205223880597089e+02 8.906007462686567067e+01 1.928832089552238926e+02
2.544384328358208904e+02 8.853544776119403537e+01 1.940261194029850742e+02
2.544145522388059817e+02 8.908171641791044237e+01 1.948201492537313300e+02
2.544723880597015011e+02 8.966007462686566498e+01 1.937970149253731336e+02
2.545082089552238926e+02 8.991044776119403537e+01 1.949645522388059646e+02
2.544597014925373060e+02 8.984925373134328197e+01 1.936757462686567237e+02
2.545078358208955365e+02 9.063134328358208336e+01 1.959149253731343379e+02
2.545145522388059760e+02 9.141156716417910388e+01 1.942902985074626940e+02
2.544630597014925399e+02 9.147873134328358447e+01 1.955723880597014954e+02
2.544567164179104566e+02 9.187014925373134133e+01 1.972152985074626770e+02
2.545041044776119463e+02 9.180373134328358731e+01 1.964839552238805993e+02
2.545384328358208847e+02 9.239440298507462046e+01 1.959794776119402968e+02
2.545347014925373230e+02 9.222052238805970603e+01 1.962447761194029852e+02
2.544455223880597146e+02 9.199589552238805368e+01 1.960369402985074601e+02
2.544582089552238813e+02 9.133843283582089612e+01 1.959626865671641838e+02
2.544854477611940240e+02 9.036977611940298516e+01 1.947593283582089612e+02
2.544966417910447660e+02 9.066380597014925513e+01 1.959026119402984989e+02
2.544000000000000057e+02 9.076194029850746858e+01 1.945951492537313356e+02
2.544261194029850799e+02 8.981007462686567067e+01 1.939847014925373117e+02
2.543783582089552340e+02 9.019925373134329050e+01 1.947425373134328481e+02
2.544182835820895434e+02 9.012052238805969751e+01 1.951052238805970092e+02
2.544656716417910332e+02 9.040858208955224029e+01 1.950873134328358276e+02
2.543235074626865639e+02 9.043022388059701200e+01 1.952466417910447660e+02
2.542380597014925456e+02 8.975820895522387843e+01 1.943115671641791096e+02
2.542876865671641724e+02 9.006940298507463183e+01 1.951347014925373173e+02
2.544246268656716552e+02 9.016940298507462614e+01 1.945231343283581964e+02
2.544630597014925399e+02 9.032089552238805652e+01 1.959649253731343208e+02
2.544824626865671746e+02 8.990634328358208904e+01 1.954160447761194064e+02
2.545063432835820834e+02 9.049440298507462899e+01 1.958917910447761130e+02
2.544962686567164099e+02 8.968582089552238301e+01 1.954003731343283619e+02
2.544097014925373230e+02 8.896231343283582760e+01 1.950152985074626883e+02
2.543018656716417922e+02 9.018395522388060215e+01 1.937365671641790925e+02
2.543063432835820947e+02 9.023097014925373571e+01 1.946361940298507420e+02
2.543029850746268608e+02 9.002089552238805936e+01 1.947817164179104452e+02
2.543421641791044863e+02 9.030559701492536817e+01 1.956436567164179223e+02
2.543753731343283562e+02 9.025447761194030249e+01 1.956417910447761130e+02
2.544029850746268551e+02 9.036865671641791664e+01 1.948391791044776085e+02
2.544664179104477739e+02 9.003619402985074771e+01 1.958522388059701598e+02
2.543787313432835901e+02 9.025410447761194632e+01 1.938100746268656849e+02
2.543839552238806050e+02 8.911044776119402400e+01 1.944794776119402968e+02
2.544473880597014954e+02 8.907649253731342753e+01 1.953041044776119293e+02
2.543873134328358105e+02 8.868992537313432933e+01 1.937421641791044635e+02
2.544011194029850742e+02 8.925074626865671235e+01 1.942772388059701427e+02
2.544003731343283619e+02 8.947537313432836470e+01 1.958559701492537215e+02
2.543567164179104338e+02 8.994141791044776824e+01 1.965503731343283675e+02
2.543951492537313470e+02 8.977388059701492296e+01 1.959820895522388184e+02
2.544186567164178996e+02 9.027574626865671803e+01 1.947246268656716381e+02
2.544776119402985159e+02 9.037276119402984875e+01 1.943048507462686700e+02
2.545011194029850685e+02 9.043208955223880707e+01 1.951421641791044692e+02
2.543820895522387957e+02 8.974552238805969751e+01 1.943358208955223745e+02
2.544272388059701484e+02 9.001044776119402968e+01 1.933750000000000000e+02
2.544731343283582135e+02 9.013992537313433218e+01 1.944873134328358333e+02
2.544738805970149258e+02 8.972835820895522829e+01 1.949231343283582021e+02
2.544783582089552283e+02 9.081007462686567067e+01 1.946839552238805879e+02
2.544813432835820777e+02 9.075223880597015125e+01 1.955955223880596918e+02
2.545388059701492409e+02 9.101828358208955194e+01 1.967932835820895434e+02
2.545410447761194064e+02 9.136231343283581907e+01 1.966944029850746176e+02
2.545384328358208847e+02 9.181492537313432933e+01 1.955317164179104452e+02
2.544444029850746176e+02 9.156865671641790527e+01 1.954451492537313300e+02
2.544794776119402968e+02 9.194328358208954910e+01 1.962436567164179166e+02
2.544929104477612043e+02 9.194962686567164667e+01 1.960869402985074714e+02
2.544962686567164099e+02 9.217611940298507989e+01 1.963399253731343208e+02
2.545328358208955137e+02 9.209253731343284244e+01 1.967664179104477569e+02
2.544809701492537215e+02 9.160074626865672087e+01 1.961694029850746404e+02
2.544402985074626997e+02 9.168470149253731449e+01 1.955376865671641724e+02
2.544522388059701541e+02 9.065373134328358162e+01 1.955242537313432933e+02
2.543582089552238870e+02 9.106007462686567067e+01 1.962996268656716552e+02
2.544291044776119293e+02 9.140746268656715756e+01 1.969305970149253824e+02
2.543731343283582191e+02 9.121753731343284244e+01 1.968432835820895548e+02
2.543529850746268721e+02 9.063097014925372719e+01 1.961839552238805879e+02
2.543597014925373117e+02 9.144253731343283675e+01 1.959276119402985046e+02
2.543328358208955251e+02 9.079626865671642122e+01 1.957720149253731279e+02
2.543742537313432877e+02 9.150858208955223461e+01 1.973779850746268778e+02
2.544160447761194064e+02 9.147985074626865298e+01 1.972268656716418036e+02
2.543876865671641667e+02 9.105932835820895832e+01 1.973205223880597146e+02
2.544548507462686473e+02 9.143955223880597316e+01 1.957481343283582191e+02
2.544369402985074657e+02 9.092164179104477739e+01 1.959414179104477682e+02
2.544876865671641895e+02 9.164552238805970319e+01 1.966429104477611816e+02
2.545055970149253710e+02 9.100000000000000000e+01 1.969944029850746290e+02
2.545190298507462785e+02 9.109999999999999432e+01 1.961600746268656792e+02
2.544936567164179166e+02 9.124365671641791664e+01 1.965906716417910332e+02
2.544985074626865753e+02 9.110410447761194064e+01 1.973119402985074657e+02
2.543514925373134190e+02 9.134999999999999432e+01 1.963746268656716438e+02
2.543694029850746290e+02 9.208694029850745721e+01 1.984119402985074601e+02
2.543858208955223859e+02 9.201604477611940069e+01 1.979492537313432763e+02
2.545212686567164155e+02 9.240895522388059646e+01 1.984679104477611986e+02
2.544563432835821004e+02 9.282313432835820777e+01 1.977481343283582191e+02
2.544832089552238870e+02 9.276865671641790811e+01 1.980701492537313300e+02
2.544376865671641781e+02 9.280858208955223176e+01 1.969735074626865696e+02
2.544499999999999886e+02 9.225037313432835617e+01 1.973738805970149315e+02
2.543675373134328481e+02 9.090522388059702052e+01 1.967421641791044635e+02
2.544018656716417865e+02 9.181753731343283675e+01 1.960470149253731336e+02
2.543451492537313356e+02 9.033992537313433502e+01 1.966492537313432933e+02
2.543600746268656678e+02 9.043544776119402684e+01 1.953750000000000000e+02
2.544406716417910559e+02 9.130820895522387559e+01 1.958347014925373060e+02
2.544253731343283675e+02 9.059552238805970603e+01 1.948242537313432763e+02
2.543350746268656621e+02 9.056044776119402684e+01 1.949149253731343379e+02
2.542548507462686587e+02 9.075708955223880992e+01 1.973111940298507534e+02
2.543936567164179223e+02 9.067350746268657247e+01 1.949753731343283505e+02
2.543858208955223859e+02 9.103955223880596748e+01 1.939776119402985159e+02
2.543917910447761130e+02 9.041940298507462614e+01 1.951802238805970262e+02
2.543910447761194007e+02 9.141977611940298232e+01 1.961738805970149144e+02
2.544533582089552226e+02 9.164738805970149826e+01 1.975257462686567180e+02
2.544705223880596918e+02 9.180559701492536817e+01 1.957011194029850856e+02
2.545238805970149372e+02 9.203731343283581623e+01 1.963324626865671689e+02
2.544667910447761301e+02 9.124141791044776539e+01 1.954223880597014897e+02
2.544402985074626997e+02 9.175597014925372719e+01 1.966582089552238699e+02
2.544070895522388014e+02 9.170074626865671519e+01 1.960063432835820834e+02
2.544052238805970205e+02 9.186268656716417524e+01 1.971705223880597089e+02
2.544444029850746176e+02 9.214888059701492296e+01 1.975768656716417979e+02
2.544212686567164212e+02 9.228731343283581623e+01 1.961033582089552283e+02
2.544111940298507477e+02 9.174067164179103884e+01 1.958175373134328368e+02
2.543813432835820834e+02 9.105522388059701200e+01 1.962302238805970092e+02
2.545305970149253767e+02 9.079216417910447490e+01 1.972399253731343265e+02
2.545279850746268551e+02 9.133544776119403252e+01 1.973694029850746290e+02
2.544768656716418036e+02 9.053208955223880139e+01 1.962227611940298573e+02
2.544738805970149258e+02 9.017947761194029965e+01 1.963111940298507534e+02
2.544757462686567067e+02 9.100298507462686359e+01 1.961402985074626883e+02
2.544458955223880707e+02 8.953955223880596748e+01 1.949891791044776141e+02
2.543809701492537272e+02 9.055708955223880707e+01 1.937447761194029852e+02
2.543667910447761074e+02 9.016119402985074771e+01 1.944055970149253767e+02
2.541208955223880537e+02 8.998656716417910673e+01 1.930970149253731449e+02
2.543339552238805936e+02 8.934552238805970603e+01 1.942608208955223859e+02
2.543578358208955308e+02 8.951567164179104452e+01 1.947679104477611816e+02
2.543832089552238926e+02 8.948619402985075055e+01 1.950126865671641667e+02
2.543847014925373173e+02 9.081305970149253426e+01 1.967638059701492637e+02
2.543727611940298630e+02 9.037462686567164383e+01 1.949664179104477739e+02
2.543597014925373117e+02 9.136567164179103884e+01 1.959041044776119520e+02
2.544089552238806107e+02 9.160522388059700916e+01 1.962261194029850628e+02
2.543738805970149315e+02 9.090634328358208904e+01 1.962470149253731222e+02
2.542634328358209075e+02 9.084999999999999432e+01 1.946384328358209075e+02
2.542776119402984989e+02 9.139514925373134702e+01 1.955231343283581964e+02
2.542985074626865583e+02 9.158283582089552510e+01 1.959667910447761301e+02
2.542626865671641667e+02 9.198768656716417524e+01 1.969850746268656678e+02
2.543589552238805993e+02 9.215858208955224029e+01 1.963451492537313356e+02
2.543018656716417922e+02 9.152089552238805936e+01 1.960044776119403025e+02
2.543410447761193893e+02 9.132761194029851026e+01 1.951197761194029852e+02
2.542839552238806107e+02 9.125708955223880992e+01 1.946085820895522431e+02
2.541981343283582078e+02 9.099738805970149258e+01 1.940436567164178996e+02
2.543287313432835788e+02 9.153843283582089896e+01 1.949070895522388014e+02
2.543712686567164099e+02 9.062052238805969751e+01 1.946500000000000057e+02
2.544369402985074657e+02 9.069328358208954910e+01 1.946518656716417865e+02
2.544134328358208847e+02 9.095559701492537386e+01 1.959003731343283619e+02
2.544305970149253824e+02 9.169179104477612441e+01 1.961764925373134361e+02
2.543936567164179223e+02 9.179776119402984591e+01 1.970574626865671632e+02
2.543623134328358333e+02 9.190895522388059646e+01 1.952988805970149144e+02
2.544138059701492409e+02 9.118843283582089043e+01 1.955970149253731449e+02
2.544832089552238870e+02 9.064850746268656678e+01 1.962563432835820834e+02
2.543876865671641667e+02 9.155522388059701200e+01 1.969197761194029965e+02
2.544041044776119520e+02 9.152238805970149826e+01 1.957988805970149144e+02
2.544078358208955137e+02 9.125783582089552226e+01 1.966500000000000057e+02
2.544820895522388184e+02 9.202425373134327913e+01 1.974597014925373060e+02
2.545119402985074544e+02 9.244141791044776824e+01 1.983925373134328254e+02
2.545421641791044749e+02 9.277052238805970319e+01 1.966470149253731279e+02
2.545761194029850856e+02 9.401977611940299084e+01 1.974966417910447660e+02
2.546294776119403025e+02 9.358694029850745721e+01 1.972141791044776085e+02
2.545884328358208961e+02 9.336604477611940922e+01 1.983850746268656735e+02
2.546171641791044635e+02 9.271044776119403252e+01 1.974313432835820947e+02
2.545537313432835731e+02 9.236305970149253142e+01 1.968958955223880594e+02
2.544966417910447660e+02 9.306119402985073918e+01 1.971944029850746176e+02
2.544149253731343379e+02 9.317350746268657247e+01 1.947966417910447774e+02
2.544104477611940354e+02 9.259216417910447205e+01 1.956936567164179053e+02
2.544220149253731336e+02 9.283171641791044237e+01 1.968555970149253653e+02
2.544574626865671689e+02 9.254776119402984591e+01 1.968690298507462728e+02
2.544604477611940183e+02 9.280970149253731449e+01 1.967712686567164155e+02
2.543328358208955251e+02 9.303283582089552795e+01 1.970802238805970035e+02
2.543205223880597146e+02 9.295298507462686644e+01 1.967201492537313356e+02
2.543847014925373173e+02 9.398246268656716040e+01 1.971951492537313300e+02
2.542884328358208847e+02 9.314029850746268835e+01 1.975007462686567123e+02
2.542761194029850742e+02 9.224440298507462899e+01 1.955679104477611929e+02
2.543682835820895605e+02 9.240074626865671803e+01 1.951320895522387957e+02
2.544522388059701541e+02 9.231492537313432933e+01 1.947925373134328311e+02
2.544436567164179053e+02 9.286343283582090180e+01 1.960570895522388071e+02
2.545100746268656735e+02 9.306455223880597316e+01 1.964813432835820777e+02
2.545406716417910502e+02 9.299738805970149258e+01 1.974007462686567180e+02
2.545899253731343208e+02 9.276156716417909820e+01 1.956884328358208904e+02
2.545238805970149372e+02 9.370298507462686644e+01 1.967492537313432877e+02
2.544447761194029738e+02 9.310522388059700916e+01 1.968134328358208904e+02
2.543402985074626770e+02 9.274402985074627281e+01 1.958921641791044692e+02
2.543940298507462785e+02 9.253656716417910388e+01 1.965731343283582078e+02
2.544335820895522318e+02 9.246641791044775971e+01 1.960014925373134247e+02
2.544339552238805879e+02 9.209738805970148690e+01 1.965563432835820947e+02
2.544246268656716552e+02 9.203171641791044522e+01 1.971473880597014841e+02
2.544597014925373060e+02 9.283470149253732018e+01 1.975332089552238699e+02
2.543574626865671746e+02 9.396791044776119861e+01 1.986414179104477569e+02
2.544033582089552112e+02 9.437537313432835617e+01 1.976522388059701427e+02
2.543660447761193950e+02 9.455559701492536817e+01 1.964522388059701541e+02
2.543488805970149258e+02 9.417164179104477739e+01 1.964373134328358219e+02
2.543291044776119350e+02 9.554552238805969466e+01 1.966645522388059817e+02
2.543138059701492466e+02 9.545111940298507136e+01 1.975936567164179110e+02
2.542921641791044749e+02 9.608395522388059362e+01 1.970227611940298402e+02
2.543305970149253596e+02 9.600298507462686359e+01 1.971593283582089668e+02
2.544261194029850799e+02 9.620932835820894979e+01 1.977108208955223745e+02
2.544492537313432763e+02 9.644029850746268551e+01 1.975914179104477739e+02
2.544787313432835845e+02 9.698507462686566782e+01 1.976619402985074601e+02
2.545320895522388014e+02 9.693246268656716325e+01 1.973873134328358105e+02
2.545257462686567180e+02 9.684850746268656962e+01 1.984947761194029852e+02
2.545253731343283619e+02 9.680820895522387559e+01 1.979682835820895548e+02
2.545720149253731392e+02 9.669291044776119293e+01 1.972731343283581964e+02
2.545272388059701427e+02 9.534738805970148690e+01 1.969082089552238699e+02
2.545145522388059760e+02 9.423283582089551658e+01 1.960869402985074714e+02
2.545126865671641667e+02 9.359925373134328197e+01 1.961690298507462558e+02
2.545302238805970205e+02 9.283470149253732018e+01 1.953824626865671519e+02
2.544458955223880707e+02 9.283731343283582760e+01 1.958078358208955194e+02
2.543925373134328254e+02 9.293208955223880707e+01 1.949369402985074657e+02
2.544402985074626997e+02 9.318246268656716325e+01 1.950708955223880707e+02
2.544548507462686473e+02 9.406343283582089043e+01 1.954761194029850628e+02
2.544675373134328424e+02 9.377723880597014272e+01 1.958365671641791153e+02
2.544470149253731392e+02 9.371194029850745721e+01 1.962201492537313356e+02
2.544570895522388128e+02 9.335186567164178939e+01 1.962533582089552340e+02
2.544208955223880650e+02 9.347499999999999432e+01 1.964884328358209018e+02
2.544029850746268551e+02 9.491343283582089896e+01 1.978167910447761244e+02
2.544652985074626770e+02 9.534216417910447205e+01 1.970705223880597146e+02
2.544697761194029795e+02 9.547649253731343322e+01 1.973682835820895605e+02
2.544776119402985159e+02 9.621231343283582760e+01 1.974824626865671746e+02
2.545037313432835901e+02 9.641940298507462614e+01 1.982682835820895662e+02
2.544365671641791096e+02 9.674067164179103884e+01 1.978723880597014784e+02
2.544888059701492580e+02 9.705485074626865583e+01 1.987835820895522261e+02
2.544000000000000057e+02 9.636641791044776539e+01 1.989197761194029965e+02
2.543847014925373173e+02 9.745708955223881276e+01 1.997078358208955251e+02
2.544708955223880480e+02 9.760373134328358447e+01 1.996660447761194064e+02
2.544167910447761187e+02 9.763171641791045374e+01 1.996395522388059760e+02
2.544388059701492466e+02 9.689776119402985444e+01 1.996861940298507534e+02
2.544238805970149144e+02 9.759813432835821345e+01 1.996279850746268778e+02
2.544220149253731336e+02 9.704850746268657247e+01 1.985522388059701484e+02
2.544388059701492466e+02 9.704104477611940638e+01 1.985951492537313356e+02
2.544865671641790925e+02 9.714179104477611304e+01 1.986201492537313413e+02
2.544869402985074487e+02 9.615820895522388412e+01 1.982619402985074544e+02
2.544992537313432877e+02 9.616679104477611872e+01 1.977697761194029908e+02
2.545126865671641667e+02 9.564962686567163530e+01 1.988735074626865753e+02
2.545160447761194007e+02 9.491455223880596748e+01 1.967212686567164042e+02
2.544925373134328481e+02 9.434552238805970603e+01 1.982958955223880650e+02
2.544347014925373003e+02 9.476268656716418093e+01 1.971686567164178996e+02
2.545074626865671519e+02 9.491007462686566498e+01 1.974302238805970262e+02
2.544477611940298516e+02 9.529440298507462614e+01 1.976123134328358333e+02
2.544511194029850856e+02 9.556119402985073918e+01 1.992003731343283448e+02
2.544604477611940183e+02 9.485708955223880423e+01 1.981720149253731336e+02
2.544690298507462671e+02 9.536194029850746290e+01 1.991944029850746176e+02
2.544962686567164099e+02 9.487388059701493148e+01 1.995731343283582078e+02
2.544634328358208961e+02 9.413731343283582476e+01 1.987425373134328481e+02
2.543921641791044692e+02 9.331044776119402684e+01 1.972854477611940354e+02
2.543705223880596975e+02 9.343134328358209473e+01 1.961395522388059760e+02
2.543888059701492637e+02 9.413731343283582476e+01 1.983123134328358219e+02
2.543574626865671746e+02 9.392649253731343606e+01 1.977473880597014784e+02
2.543921641791044692e+02 9.396679104477611588e+01 1.972787313432835958e+02
2.544406716417910559e+02 9.376380597014924945e+01 1.963985074626865810e+02
2.544660447761193893e+02 9.434440298507462330e+01 1.968320895522388128e+02
2.544272388059701484e+02 9.335522388059700916e+01 1.971078358208955308e+02
2.543858208955223859e+02 9.355111940298507989e+01 1.965119402985074544e+02
2.543850746268656735e+02 9.291417910447761130e+01 1.967141791044776085e+02
2.543223880597014954e+02 9.306828358208954910e+01 1.967276119402985159e+02
2.543496268656716381e+02 9.288171641791045374e+01 1.972082089552238813e+02
2.543667910447761074e+02 9.271194029850745721e+01 1.976537313432835958e+02
2.542574626865671519e+02 9.310485074626865298e+01 1.977455223880596975e+02
2.542320895522388184e+02 9.358955223880596463e+01 1.971947761194029738e+02
2.543022388059701484e+02 9.327798507462686928e+01 1.979432835820895491e+02
2.543313432835821004e+02 9.343656716417910957e+01 1.960921641791044863e+02
2.543526119402985159e+02 9.324179104477612157e+01 1.963156716417910559e+02
2.544757462686567067e+02 9.346417910447760846e+01 1.959541044776119350e+02
2.544138059701492409e+02 9.425820895522387843e+01 1.970776119402985103e+02
2.544563432835821004e+02 9.407052238805970035e+01 1.969675373134328424e+02
2.544462686567164269e+02 9.374850746268656110e+01 1.967686567164179223e+02
2.545011194029850685e+02 9.480223880597014841e+01 1.965291044776119520e+02
2.544738805970149258e+02 9.416492537313432365e+01 1.964149253731343379e+02
2.545652985074626997e+02 9.402425373134327913e+01 1.971615671641791039e+02
2.545537313432835731e+02 9.445111940298507136e+01 1.989041044776119520e+02
2.545667910447761244e+02 9.494514925373134417e+01 1.979231343283582021e+02
2.545152985074626883e+02 9.388731343283582476e+01 1.968287313432835788e+02
2.544753731343283505e+02 9.382910447761193495e+01 1.968705223880596975e+02
2.544108208955223915e+02 9.308507462686567635e+01 1.961429104477611816e+02
2.544376865671641781e+02 9.273395522388059931e+01 1.966126865671641895e+02
2.543820895522387957e+02 9.315783582089552795e+01 1.960705223880597146e+02
2.543522388059701598e+02 9.178022388059702052e+01 1.958507462686567067e+02
2.543537313432835845e+02 9.113246268656716609e+01 1.958548507462686530e+02
2.544093283582089668e+02 9.199104477611940922e+01 1.955563432835820947e+02
2.544205223880597089e+02 9.134850746268656962e+01 1.970481343283582021e+02
2.544011194029850742e+02 9.212686567164179507e+01 1.974093283582089668e+02
2.543604477611940240e+02 9.244552238805970035e+01 1.976332089552238926e+02
2.543977611940298402e+02 9.249738805970149258e+01 1.983488805970149258e+02
2.542772388059701427e+02 9.259477611940297948e+01 1.966376865671641667e+02
2.543395522388059646e+02 9.280932835820895832e+01 1.974764925373134190e+02
2.542753731343283619e+02 9.278022388059702052e+01 1.977985074626865583e+02
2.543507462686567067e+02 9.270298507462686644e+01 1.976526119402984989e+02
2.542488805970149315e+02 9.279999999999999716e+01 1.966570895522388014e+02
2.543246268656716325e+02 9.216268656716417240e+01 1.969305970149253824e+02
2.543082089552238756e+02 9.278470149253730881e+01 1.973462686567164042e+02
2.543361940298507591e+02 9.303208955223880139e+01 1.981750000000000114e+02
2.543694029850746290e+02 9.255298507462686075e+01 1.985955223880596918e+02
2.544164179104477626e+02 9.263843283582089327e+01 1.968302238805970035e+02
2.543589552238805993e+02 9.241865671641791380e+01 1.964130597014925286e+02
2.543522388059701598e+02 9.208097014925373003e+01 1.982339552238805993e+02
2.544048507462686644e+02 9.224738805970149258e+01 1.978503731343283505e+02
2.543608208955223802e+02 9.273582089552239438e+01 1.973194029850746176e+02
2.543708955223880537e+02 9.254029850746267982e+01 1.966604477611940354e+02
2.544026119402984989e+02 9.192499999999999716e+01 1.974791044776119406e+02
2.543932835820895662e+02 9.191828358208955763e+01 1.977981343283582021e+02
2.542977611940298459e+02 9.171305970149253994e+01 1.970149253731343322e+02
2.542802238805970205e+02 9.118917910447761699e+01 1.969861940298507363e+02
2.543305970149253596e+02 9.134962686567163814e+01 1.957817164179104452e+02
2.543910447761194007e+02 9.170335820895522261e+01 1.959164179104477626e+02
2.543888059701492637e+02 9.109141791044775971e+01 1.961134328358209018e+02
2.544473880597014954e+02 9.138059701492537101e+01 1.960977611940298573e+02
2.545145522388059760e+02 9.147014925373134986e+01 1.966559701492537329e+02
2.545212686567164155e+02 9.230037313432835333e+01 1.977462686567164099e+02
2.545059701492537272e+02 9.092201492537313356e+01 1.986690298507462558e+02
2.544391791044776028e+02 9.162388059701493148e+01 1.986597014925373230e+02
2.544231343283582021e+02 9.184216417910447205e+01 1.976679104477611872e+02
2.543843283582089612e+02 9.271007462686567635e+01 1.985593283582089441e+02
2.543313432835821004e+02 9.207910447761193495e+01 1.977048507462686473e+02
2.544555970149253596e+02 9.220447761194030534e+01 1.980902985074626770e+02
2.544227611940298459e+02 9.172873134328358447e+01 1.965078358208955365e+02
2.543526119402985159e+02 9.204962686567164099e+01 1.968003731343283675e+02
2.543589552238805993e+02 9.228171641791044522e+01 1.971578358208955137e+02
2.544000000000000057e+02 9.263395522388059078e+01 1.970794776119402911e+02
2.544604477611940183e+02 9.258843283582089612e+01 1.976559701492537329e+02
2.544962686567164099e+02 9.283022388059701768e+01 1.992242537313432820e+02
2.544347014925373003e+02 9.273582089552239438e+01 1.991619402985074601e+02
2.542869402985074601e+02 9.255410447761194348e+01 1.977313432835820777e+02
2.542809701492537329e+02 9.306604477611939785e+01 1.988970149253731279e+02
2.542492537313432877e+02 9.272126865671641838e+01 1.988992537313432933e+02
2.542813432835820890e+02 9.200485074626865867e+01 1.994611940298507591e+02
2.543022388059701484e+02 9.291268656716417240e+01 1.991593283582089668e+02
2.543059701492537386e+02 9.319477611940298800e+01 1.988085820895522318e+02
2.543272388059701541e+02 9.473805970149253142e+01 1.985111940298507420e+02
2.543361940298507591e+02 9.367873134328358731e+01 1.990626865671641781e+02
2.544190298507462558e+02 9.334962686567163814e+01 2.008817164179104395e+02
2.544350746268656849e+02 9.316641791044776255e+01 1.998940298507462785e+02
2.544343283582089441e+02 9.271791044776119861e+01 1.998690298507462728e+02
2.544018656716417865e+02 9.348656716417910673e+01 2.002026119402985103e+02
2.543488805970149258e+02 9.339029850746268835e+01 1.998093283582089441e+02
2.544119402985074601e+02 9.319664179104478308e+01 1.993522388059701598e+02
2.544708955223880480e+02 9.472126865671641838e+01 1.992283582089552283e+02
2.544537313432835788e+02 9.405261194029850458e+01 1.990652985074626997e+02
2.544197761194029965e+02 9.326902985074626429e+01 1.999402985074626997e+02
2.544097014925373230e+02 9.327873134328358162e+01 2.005429104477611872e+02
2.543567164179104338e+02 9.324253731343283391e+01 1.992597014925373173e+02
2.543794776119403025e+02 9.290298507462686928e+01 1.998533582089552283e+02
2.544925373134328481e+02 9.350335820895521977e+01 2.003925373134328254e+02
2.545119402985074544e+02 9.364141791044775687e+01 2.012414179104477512e+02
2.543985074626865810e+02 9.321492537313433502e+01 2.006880597014925343e+02
2.544063432835820890e+02 9.388843283582089327e+01 2.014231343283582021e+02
2.544548507462686473e+02 9.409104477611940354e+01 1.996832089552238756e+02
2.544813432835820777e+02 9.375746268656716609e+01 1.995361940298507477e+02
2.544686567164179110e+02 9.359291044776119861e+01 2.005272388059701427e+02
2.544880597014925456e+02 9.456156716417910957e+01 2.009832089552238870e+02
2.544746268656716381e+02 9.421529850746269119e+01 2.008499999999999943e+02
2.545436567164178996e+02 9.429365671641791380e+01 2.009018656716417865e+02
2.545417910447761187e+02 9.455932835820895832e+01 2.011619402985074601e+02
2.543350746268656621e+02 9.462350746268656110e+01 1.995996268656716381e+02
2.543029850746268608e+02 9.425895522388059078e+01 1.992242537313432820e+02
2.543750000000000000e+02 9.440634328358208904e+01 2.000738805970149201e+02
2.544458955223880707e+02 9.421567164179104736e+01 1.999216417910447774e+02
2.544716417910447888e+02 9.492611940298507989e+01 2.002317164179104338e+02
2.544291044776119293e+02 9.419253731343283675e+01 2.004947761194029852e+02
2.543805970149253710e+02 9.442723880597014841e+01 2.009794776119402968e+02
2.543753731343283562e+02 9.437201492537313641e+01 2.003701492537313413e+02
2.542611940298507420e+02 9.380335820895521692e+01 1.996641791044776255e+02
2.542970149253731336e+02 9.377873134328358162e+01 1.999712686567164042e+02
2.542940298507462558e+02 9.311007462686566782e+01 2.003533582089552283e+02
2.541966417910447831e+02 9.248358208955224313e+01 1.990070895522387957e+02
2.543089552238805879e+02 9.237910447761194632e+01 1.996141791044776141e+02
2.542802238805970205e+02 9.291567164179105021e+01 1.994858208955223802e+02
2.542847014925373230e+02 9.282910447761193495e+01 2.000197761194029908e+02
2.543164179104477682e+02 9.306716417910448058e+01 2.005589552238805879e+02
2.542921641791044749e+02 9.281977611940298800e+01 2.003063432835820947e+02
2.543791044776119463e+02 9.295447761194030534e+01 1.999022388059701427e+02
2.544082089552238699e+02 9.359253731343284244e+01 1.992791044776119520e+02
2.543947761194029908e+02 9.367201492537313356e+01 2.005041044776119463e+02
2.542970149253731336e+02 9.424029850746268266e+01 1.987216417910447888e+02
2.543149253731343151e+02 9.440335820895522545e+01 1.997873134328358162e+02
2.543697761194029852e+02 9.444365671641790527e+01 1.998391791044776085e+02
2.543791044776119463e+02 9.339104477611940069e+01 2.000496268656716552e+02
2.544029850746268551e+02 9.347425373134328197e+01 2.000332089552238699e+02
2.544078358208955137e+02 9.305858208955223176e+01 2.011861940298507534e+02
2.544541044776119350e+02 9.345708955223881276e+01 1.999347014925373003e+02
2.544623134328358276e+02 9.407910447761193495e+01 1.997190298507462671e+02
2.543947761194029908e+02 9.382723880597015409e+01 1.998645522388059703e+02
2.544694029850746233e+02 9.437350746268656110e+01 2.011208955223880537e+02
2.544313432835820947e+02 9.455820895522387559e+01 2.010567164179104509e+02
2.544201492537313527e+02 9.513843283582089327e+01 2.022977611940298459e+02
2.543850746268656735e+02 9.488134328358208336e+01 2.015835820895522374e+02
2.544671641791044863e+02 9.424029850746268266e+01 2.008712686567164099e+02
2.544936567164179166e+02 9.322126865671641838e+01 1.999358208955223972e+02
2.544358208955223972e+02 9.352425373134327913e+01 2.002111940298507591e+02
2.544011194029850742e+02 9.189626865671641553e+01 1.988055970149253824e+02
2.544115671641791039e+02 9.239888059701492296e+01 1.990787313432835788e+02
2.544466417910447831e+02 9.213283582089552226e+01 1.986436567164179223e+02
2.544246268656716552e+02 9.314253731343283960e+01 1.981332089552238926e+02
2.544276119402985046e+02 9.328059701492537670e+01 2.002335820895522431e+02
2.543638059701492580e+02 9.386194029850746290e+01 1.998249999999999886e+02
2.544108208955223915e+02 9.417313432835820208e+01 2.003764925373134247e+02
2.542723880597014841e+02 9.498917910447761415e+01 2.016208955223880537e+02
2.542417910447761074e+02 9.518022388059701200e+01 2.010712686567164269e+02
2.542570895522387957e+02 9.521119402985074487e+01 2.007055970149253596e+02
2.542813432835820890e+02 9.462873134328357594e+01 2.007388059701492580e+02
2.541764925373134361e+02 9.379365671641791380e+01 1.995160447761194007e+02
2.542100746268656621e+02 9.403843283582089896e+01 1.999507462686567294e+02
2.543899253731343322e+02 9.407686567164179792e+01 2.009694029850746233e+02
2.544481343283582078e+02 9.324067164179103884e+01 2.006305970149253710e+02
2.544787313432835845e+02 9.259925373134328197e+01 2.003369402985074714e+02
2.544291044776119293e+02 9.232500000000000284e+01 2.000630597014925343e+02
2.543917910447761130e+02 9.190298507462686928e+01 1.990944029850746233e+02
2.543858208955223859e+02 9.017276119402984591e+01 1.988966417910447717e+02
2.544108208955223915e+02 8.975671641791045374e+01 1.992638059701492637e+02
2.543257462686567294e+02 8.904179104477611872e+01 1.985813432835821004e+02
2.543384328358208961e+02 8.963544776119402968e+01 1.991063432835820777e+02
2.543208955223880707e+02 8.997052238805970603e+01 1.991488805970149372e+02
2.543955223880597032e+02 9.029477611940298232e+01 1.998440298507462671e+02
2.544104477611940354e+02 9.039701492537312788e+01 1.983317164179104566e+02
2.542309701492537215e+02 9.025559701492537101e+01 1.984757462686567067e+02
2.542171641791044863e+02 8.910671641791044806e+01 1.974078358208955137e+02
2.542317164179104338e+02 8.946119402985074487e+01 1.970854477611940183e+02
2.542249999999999943e+02 8.886007462686566782e+01 1.977208955223880480e+02
2.543220149253731392e+02 8.885895522388059931e+01 1.974529850746268664e+02
2.544208955223880650e+02 8.826082089552238585e+01 1.986305970149253710e+02
2.543499999999999943e+02 8.823694029850746290e+01 1.985966417910447888e+02
2.543022388059701484e+02 8.866753731343283107e+01 1.982847014925373230e+02
2.543608208955223802e+02 8.966679104477611872e+01 1.982716417910447717e+02
2.543716417910447660e+02 8.909664179104477455e+01 1.981694029850746404e+02
2.543641791044776141e+02 8.861156716417910673e+01 1.978772388059701370e+02
2.544037313432835958e+02 8.884067164179104736e+01 1.983727611940298630e+02
2.543611940298507363e+02 8.906417910447761699e+01 1.985074626865671519e+02
2.544108208955223915e+02 8.853246268656715756e+01 1.967022388059701541e+02
2.543854477611940297e+02 8.838134328358208336e+01 1.977861940298507477e+02
2.543522388059701598e+02 8.841641791044776255e+01 1.971750000000000114e+02
2.543820895522387957e+02 8.937723880597015125e+01 1.945432835820895434e+02
2.543425373134328424e+02 8.863880597014924945e+01 1.960981343283582135e+02
2.543761194029850685e+02 8.924888059701493148e+01 1.980876865671641838e+02
2.543354477611940183e+02 8.911231343283581907e+01 1.981817164179104509e+02
2.542473880597014784e+02 8.943507462686567067e+01 1.965055970149253710e+02
2.542384328358209018e+02 8.953059701492537670e+01 1.975820895522388128e+02
2.542660447761194007e+02 9.014365671641790811e+01 1.977917910447761187e+02
2.542623134328358105e+02 8.978283582089552795e+01 1.983522388059701598e+02
2.543179104477611929e+02 9.036455223880597032e+01 1.986514925373134304e+02
2.543283582089552226e+02 9.045634328358208620e+01 1.980623134328358219e+02
2.544593283582089498e+02 9.096679104477611588e+01 1.969190298507462558e+02
2.544697761194029795e+02 9.025149253731343890e+01 1.982880597014925286e+02
2.544779850746268721e+02 8.906082089552238301e+01 1.984339552238805879e+02
2.544011194029850742e+02 8.793582089552238301e+01 1.967664179104477569e+02
2.543716417910447660e+02 8.871641791044775971e+01 1.972507462686567123e+02
2.544063432835820890e+02 8.907798507462686644e+01 1.982832089552238699e+02
2.544671641791044863e+02 8.935559701492537954e+01 1.978059701492537386e+02
2.544425373134328368e+02 9.019589552238805652e+01 1.984444029850746176e+02
2.544559701492537442e+02 9.025522388059701484e+01 1.976570895522388014e+02
2.545078358208955365e+02 9.074813432835820493e+01 1.985029850746268778e+02
2.544944029850746290e+02 9.159365671641791096e+01 1.984727611940298573e+02
2.544279850746268608e+02 9.124552238805969751e+01 1.976757462686567237e+02
2.544365671641791096e+02 8.907574626865671519e+01 1.972373134328358333e+02
2.544466417910447831e+02 8.885223880597014556e+01 1.975014925373134247e+02
2.542880597014925286e+02 8.823694029850746290e+01 1.972205223880596918e+02
2.541727611940298459e+02 8.866082089552239154e+01 1.967399253731343265e+02
2.544175373134328311e+02 9.089888059701492296e+01 1.961544776119403082e+02
2.543361940298507591e+02 9.018880597014926082e+01 1.977682835820895662e+02
2.543511194029850628e+02 9.091977611940298232e+01 1.980175373134328254e+02
2.543354477611940183e+02 9.143507462686567067e+01 1.979145522388059817e+02
2.543507462686567067e+02 9.189328358208955194e+01 1.979589552238805936e+02
2.543776119402985216e+02 9.076492537313433218e+01 1.971850746268656849e+02
2.543320895522388128e+02 9.082014925373134417e+01 1.972320895522388184e+02
2.543320895522388128e+02 9.019626865671641269e+01 1.988160447761194121e+02
2.543600746268656678e+02 9.066119402985074771e+01 1.982783582089552112e+02
2.542977611940298459e+02 9.075037313432835617e+01 1.974753731343283505e+02
2.542727611940298402e+02 9.123283582089551658e+01 1.982664179104477569e+02
2.542634328358209075e+02 9.157425373134329050e+01 1.995354477611940354e+02
2.542313432835820777e+02 9.080895522388060215e+01 1.989302238805970262e+02
2.543011194029850799e+02 9.074141791044776539e+01 1.992626865671641667e+02
2.543156716417910559e+02 8.986791044776119008e+01 1.983996268656716495e+02
2.543563432835820777e+02 8.975746268656716609e+01 1.974992537313432877e+02
2.541667910447761187e+02 8.972649253731343322e+01 1.969264925373134361e+02
2.541783582089552169e+02 8.866604477611940638e+01 1.957347014925373117e+02
2.541981343283582078e+02 8.924328358208954626e+01 1.966279850746268778e+02
2.541708955223880650e+02 8.885186567164178939e+01 1.965264925373134304e+02
2.541880597014925343e+02 8.903731343283581623e+01 1.967996268656716552e+02
2.541873134328358219e+02 8.883246268656716893e+01 1.976063432835820777e+02
2.541250000000000000e+02 8.892350746268657247e+01 1.968813432835820834e+02
2.540686567164179053e+02 8.849514925373134133e+01 1.957205223880596918e+02
2.540914179104477739e+02 8.873507462686566782e+01 1.947458955223880537e+02
2.541660447761194064e+02 8.869216417910448058e+01 1.948985074626865810e+02
2.540585820895522318e+02 8.830559701492536817e+01 1.958791044776119463e+02
2.542097014925373060e+02 8.805223880597014841e+01 1.961574626865671576e+02
2.542223880597015011e+02 8.825783582089552226e+01 1.956660447761194064e+02
2.543503731343283505e+02 8.851529850746268835e+01 1.974809701492537215e+02
2.543033582089552169e+02 8.920634328358208620e+01 1.972067164179104566e+02
2.543783582089552340e+02 8.897164179104477455e+01 1.973201492537313300e+02
2.543097014925373003e+02 8.950335820895521977e+01 1.957320895522388184e+02
2.543111940298507534e+02 8.880410447761194348e+01 1.951895522388059590e+02
2.543623134328358333e+02 8.956119402985073918e+01 1.954041044776119520e+02
2.543798507462686587e+02 8.957052238805970035e+01 1.967246268656716381e+02
2.543365671641791153e+02 8.928134328358208904e+01 1.965537313432835731e+02
2.543746268656716438e+02 8.881044776119402684e+01 1.956104477611940240e+02
2.542850746268656792e+02 8.903544776119403537e+01 1.945358208955223915e+02
2.542167910447761301e+02 8.928731343283581623e+01 1.957604477611940297e+02
2.542649253731343322e+02 8.886604477611940922e+01 1.958511194029850628e+02
2.541223880597014784e+02 8.869141791044776824e+01 1.938555970149253653e+02
2.540914179104477739e+02 8.804253731343283107e+01 1.939350746268656849e+02
2.540220149253731279e+02 8.675895522388059078e+01 1.942350746268656678e+02
2.539675373134328424e+02 8.761940298507462899e+01 1.943906716417910445e+02
2.540029850746268778e+02 8.725708955223880992e+01 1.929854477611940240e+02
2.539738805970149258e+02 8.729141791044776255e+01 1.934399253731343151e+02
2.540529850746268608e+02 8.733992537313433502e+01 1.924843283582089555e+02
2.540500000000000114e+02 8.763470149253731734e+01 1.925757462686567294e+02
2.540085820895522488e+02 8.783880597014925229e+01 1.934171641791044749e+02
2.540492537313432706e+02 8.765000000000000568e+01 1.938414179104477739e+02
2.540652985074626997e+02 8.746604477611940354e+01 1.949395522388059590e+02
2.540809701492537442e+02 8.713768656716418093e+01 1.938026119402985046e+02
2.541175373134328481e+02 8.761455223880597032e+01 1.932227611940298573e+02
2.541455223880597032e+02 8.719850746268656394e+01 1.931287313432835901e+02
2.541074626865671746e+02 8.674514925373134133e+01 1.917320895522388184e+02
2.540201492537313470e+02 8.704999999999999716e+01 1.926955223880597146e+02
2.540570895522388071e+02 8.676753731343283960e+01 1.939884328358209018e+02
2.539735074626865696e+02 8.706828358208954910e+01 1.939041044776119520e+02
2.540578358208955194e+02 8.776828358208955194e+01 1.932514925373134247e+02
2.542339552238805993e+02 8.717350746268657247e+01 1.929850746268656678e+02
2.542354477611940240e+02 8.668768656716417809e+01 1.918055970149253824e+02
2.542246268656716381e+02 8.659738805970148690e+01 1.907082089552238813e+02
2.542350746268656678e+02 8.576902985074626429e+01 1.906955223880597146e+02
2.543216417910447831e+02 8.549664179104478023e+01 1.915167910447761130e+02
2.541962686567164269e+02 8.543507462686567067e+01 1.916014925373134190e+02
2.542208955223880480e+02 8.451716417910448342e+01 1.916097014925373117e+02
2.541708955223880650e+02 8.464029850746268835e+01 1.920175373134328254e+02
2.541750000000000114e+02 8.448470149253731165e+01 1.920944029850746233e+02
2.541742537313432706e+02 8.489402985074626429e+01 1.926104477611940240e+02
2.541705223880597089e+02 8.531529850746268551e+01 1.922835820895522261e+02
2.539623134328358276e+02 8.481194029850746574e+01 1.936100746268656678e+02
2.539847014925373117e+02 8.533731343283582760e+01 1.918570895522388184e+02
2.540320895522388014e+02 8.536231343283581907e+01 1.926205223880596975e+02
2.540164179104477569e+02 8.575485074626865867e+01 1.926246268656716438e+02
2.539824626865671746e+02 8.573470149253731165e+01 1.926652985074626940e+02
2.539485074626865639e+02 8.565111940298507420e+01 1.929499999999999886e+02
2.539727611940298573e+02 8.596305970149253994e+01 1.930869402985074714e+02
2.540238805970149372e+02 8.567276119402984591e+01 1.927981343283582021e+02
2.540220149253731279e+02 8.545597014925373003e+01 1.929977611940298630e+02
2.541638059701492409e+02 8.530932835820895832e+01 1.914208955223880650e+02
2.541145522388059703e+02 8.563171641791045374e+01 1.910705223880597146e+02
2.541145522388059703e+02 8.555970149253731449e+01 1.912481343283582191e+02
2.541182835820895605e+02 8.484179104477611588e+01 1.918835820895522488e+02
2.541835820895522318e+02 8.472089552238806220e+01 1.925343283582089668e+02
2.540279850746268551e+02 8.518358208955223176e+01 1.922365671641790925e+02
2.540500000000000114e+02 8.424514925373134133e+01 1.922014925373134417e+02
2.538981343283581964e+02 8.420895522388059362e+01 1.918343283582089498e+02
2.540929104477611986e+02 8.367798507462686075e+01 1.922384328358209018e+02
2.541582089552238699e+02 8.348582089552239438e+01 1.930783582089552226e+02
2.542033582089552226e+02 8.381194029850746574e+01 1.941320895522387957e+02
2.541835820895522318e+02 8.384328358208955478e+01 1.933078358208955194e+02
2.539861940298507363e+02 8.361119402985075055e+01 1.912440298507462728e+02
2.539876865671641895e+02 8.339328358208955194e+01 1.917190298507462671e+02
2.540895522388059646e+02 8.344589552238805652e+01 1.933466417910447888e+02
2.539682835820895548e+02 8.400820895522387843e+01 1.909175373134328311e+02
2.540888059701492523e+02 8.369776119402985159e+01 1.903858208955223859e+02
2.541324626865671519e+02 8.406343283582089043e+01 1.905138059701492637e+02
2.541511194029850742e+02 8.435111940298507704e+01 1.911936567164179053e+02
2.541682835820895434e+02 8.321791044776119861e+01 1.900854477611940183e+02
2.542033582089552226e+02 8.376791044776119577e+01 1.904429104477611929e+02
2.542115671641791153e+02 8.370298507462686644e+01 1.923966417910447717e+02
2.542720149253731279e+02 8.468059701492536817e+01 1.926350746268656735e+02
2.542593283582089612e+02 8.448507462686566782e+01 1.928089552238805879e+02
2.542738805970149372e+02 8.438283582089552226e+01 1.921839552238805879e+02
2.540876865671641838e+02 8.429701492537313356e+01 1.909817164179104338e+02
2.541410447761194007e+02 8.409776119402985728e+01 1.915817164179104566e+02
2.541847014925373003e+02 8.414328358208955194e+01 1.895291044776119520e+02
2.540720149253731392e+02 8.373955223880597032e+01 1.893425373134328424e+02
2.540712686567164269e+02 8.395559701492537386e+01 1.908731343283582191e+02
2.541660447761194064e+02 8.478022388059702052e+01 1.922701492537313470e+02
2.541197761194029852e+02 8.460298507462687212e+01 1.922977611940298459e+02
2.541429104477611816e+02 8.420746268656716893e+01 1.918152985074626997e+02
2.541395522388059760e+02 8.344776119402985159e+01 1.909914179104477512e+02
2.540522388059701484e+02 8.385261194029850174e+01 1.906578358208955137e+02
2.540253731343283619e+02 8.364738805970149826e+01 1.896115671641790925e+02
2.539992537313432877e+02 8.351305970149253710e+01 1.894996268656716438e+02
2.540182835820895662e+02 8.404552238805969466e+01 1.906664179104477626e+02
2.540694029850746176e+02 8.326902985074626429e+01 1.905317164179104452e+02
2.541645522388059817e+02 8.322388059701492580e+01 1.919738805970149258e+02
2.540365671641791039e+02 8.445932835820894979e+01 1.902268656716418036e+02
2.540119402985074544e+02 8.423694029850746290e+01 1.904123134328358162e+02
2.540820895522388128e+02 8.358097014925373003e+01 1.905410447761194064e+02
2.541223880597014784e+02 8.400746268656716609e+01 1.902373134328358333e+02
2.541317164179104395e+02 8.398544776119402400e+01 1.902667910447761130e+02
2.541238805970149315e+02 8.432500000000000284e+01 1.901813432835820947e+02
2.540802238805970035e+02 8.390485074626865014e+01 1.912182835820895548e+02
2.540447761194029965e+02 8.401417910447760562e+01 1.904910447761193950e+02
2.541055970149253653e+02 8.403992537313432365e+01 1.917242537313432820e+02
2.540417910447761187e+02 8.503917910447761130e+01 1.901608208955223915e+02
2.540638059701492466e+02 8.452425373134327913e+01 1.903847014925373173e+02
2.539205223880597089e+02 8.500858208955223461e+01 1.904388059701492466e+02
2.539026119402984989e+02 8.524029850746268266e+01 1.907634328358209075e+02
2.538914179104477569e+02 8.543656716417910957e+01 1.913925373134328254e+02
2.539097014925373230e+02 8.501417910447760562e+01 1.911544776119403082e+02
2.538645522388059703e+02 8.480223880597014841e+01 1.921018656716418036e+02
2.538447761194029795e+02 8.466865671641791380e+01 1.914776119402985159e+02
2.538664179104477512e+02 8.315410447761193780e+01 1.907111940298507591e+02
2.538787313432835901e+02 8.311268656716417524e+01 1.893854477611940297e+02
2.539067164179104452e+02 8.256082089552238301e+01 1.899873134328358333e+02
2.539817164179104338e+02 8.132947761194030534e+01 1.901097014925373117e+02
2.537335820895522431e+02 8.050634328358208336e+01 1.874089552238806107e+02
2.538268656716417979e+02 7.920373134328357878e+01 1.881414179104477569e+02
2.537432835820895605e+02 7.927164179104477171e+01 1.877440298507462728e+02
2.537518656716417809e+02 7.935708955223880423e+01 1.887261194029850628e+02
2.539694029850746233e+02 7.905037313432835333e+01 1.885018656716417809e+02
2.539365671641791096e+02 7.874626865671642406e+01 1.884884328358209018e+02
2.539518656716417979e+02 7.921231343283582760e+01 1.899798507462686530e+02
2.538652985074626827e+02 7.851156716417909820e+01 1.889608208955223745e+02
2.538507462686567067e+02 7.787873134328357594e+01 1.882694029850746347e+02
2.538742537313432877e+02 7.737276119402984875e+01 1.881361940298507420e+02
2.539604477611940183e+02 7.788544776119402968e+01 1.889604477611940183e+02
2.539429104477611929e+02 7.834067164179104736e+01 1.887514925373134247e+02
2.540179104477611816e+02 7.875037313432835617e+01 1.895917910447761301e+02
2.538779850746268778e+02 7.861343283582090180e+01 1.871287313432835901e+02
2.538589552238805993e+02 7.876044776119402968e+01 1.890309701492537329e+02
2.538417910447761301e+02 7.930447761194029965e+01 1.875141791044776198e+02
2.537742537313432933e+02 7.842611940298507989e+01 1.891451492537313470e+02
2.538231343283582078e+02 7.879291044776118724e+01 1.891190298507462728e+02
2.538152985074626997e+02 7.880373134328358731e+01 1.882399253731343265e+02
2.537820895522388014e+02 7.928134328358208904e+01 1.892865671641791039e+02
2.538231343283582078e+02 7.896455223880596463e+01 1.882473880597014784e+02
2.536496268656716495e+02 7.823358208955224313e+01 1.875425373134328311e+02
2.536835820895522318e+02 7.812462686567164383e+01 1.888335820895522374e+02
2.536686567164178996e+02 7.844738805970149542e+01 1.891246268656716438e+02
2.536861940298507534e+02 7.807164179104478308e+01 1.888466417910447888e+02
2.537347014925373117e+02 7.833059701492537386e+01 1.883805970149253710e+02
2.537436567164179166e+02 7.815335820895522545e+01 1.863488805970149258e+02
2.537369402985074487e+02 7.844552238805970035e+01 1.884141791044776255e+02
2.537529850746268778e+02 7.840149253731343038e+01 1.889414179104477682e+02
2.536936567164179053e+02 7.841492537313432365e+01 1.884059701492537329e+02
2.536858208955223972e+02 7.884552238805970603e+01 1.886936567164179053e+02
2.536481343283581964e+02 7.864104477611940069e+01 1.874074626865671576e+02
2.537328358208955308e+02 7.840298507462686928e+01 1.873186567164179053e+02
2.537738805970149372e+02 7.859291044776119861e+01 1.894526119402985103e+02
2.537444029850746290e+02 7.915746268656715756e+01 1.883802238805970148e+02
2.537485074626865753e+02 7.902164179104477171e+01 1.887723880597014841e+02
2.537623134328358105e+02 7.891679104477611872e+01 1.884619402985074714e+02
2.537820895522388014e+02 7.853432835820895264e+01 1.893458955223880480e+02
2.537652985074626883e+02 7.920858208955223745e+01 1.889421641791044806e+02
2.540190298507462785e+02 8.028134328358208904e+01 1.871238805970149315e+02
2.538067164179104509e+02 7.897985074626865298e+01 1.871018656716418036e+02
2.537026119402985103e+02 7.943656716417910957e+01 1.884373134328358219e+02
2.537832089552238699e+02 7.946641791044775971e+01 1.876208955223880537e+02
2.537526119402985216e+02 7.872201492537313072e+01 1.888033582089552169e+02
2.538123134328358219e+02 7.909216417910447205e+01 1.888776119402985216e+02
2.541167910447761074e+02 7.918283582089551942e+01 1.886358208955223859e+02
2.541074626865671746e+02 7.974402985074627281e+01 1.876970149253731392e+02
2.541391791044776198e+02 8.021119402985074487e+01 1.889317164179104509e+02
2.541444029850746347e+02 7.986679104477612157e+01 1.900679104477611929e+02
2.541223880597014784e+02 7.954813432835820208e+01 1.889634328358208961e+02
2.541570895522388014e+02 7.902723880597014272e+01 1.890884328358208961e+02
2.541675373134328311e+02 7.972014925373134986e+01 1.888772388059701370e+02
2.542022388059701541e+02 7.946007462686567635e+01 1.888253731343283448e+02
2.542134328358208961e+02 7.910485074626865298e+01 1.900768656716417979e+02
2.541634328358208847e+02 7.894850746268656394e+01 1.885925373134328424e+02
2.541764925373134361e+02 7.863283582089552226e+01 1.887208955223880480e+02
2.541776119402985046e+02 7.946231343283582760e+01 1.903291044776119350e+02
2.541507462686567180e+02 7.935783582089551658e+01 1.904208955223880650e+02
2.542097014925373060e+02 8.002835820895522545e+01 1.900652985074626997e+02
2.541208955223880537e+02 8.000074626865671235e+01 1.890593283582089441e+02
2.541727611940298459e+02 8.026455223880597600e+01 1.894638059701492523e+02
2.540160447761194007e+02 8.033134328358208620e+01 1.894772388059701598e+02
2.540216417910447717e+02 8.107089552238805652e+01 1.902451492537313413e+02
2.540156716417910445e+02 8.127649253731343038e+01 1.905977611940298573e+02
2.539861940298507363e+02 8.243619402985073918e+01 1.908369402985074714e+02
2.540149253731343322e+02 8.132052238805970035e+01 1.905317164179104452e+02
2.539716417910447888e+02 8.139813432835821061e+01 1.893541044776119406e+02
2.541305970149253710e+02 8.213171641791045374e+01 1.919481343283582078e+02
2.540779850746268664e+02 8.258544776119403252e+01 1.907138059701492523e+02
2.540649253731343151e+02 8.233432835820894979e+01 1.921940298507462614e+02
2.541395522388059760e+02 8.265485074626865014e+01 1.925171641791044692e+02
2.540574626865671632e+02 8.228059701492537670e+01 1.901496268656716495e+02
2.541149253731343265e+02 8.300559701492537101e+01 1.904813432835820777e+02
2.541608208955223915e+02 8.296380597014925229e+01 1.910805970149253596e+02
2.540738805970149201e+02 8.287686567164179507e+01 1.898261194029850856e+02
2.540988805970149258e+02 8.258544776119403252e+01 1.905835820895522374e+02
2.540802238805970035e+02 8.225298507462686359e+01 1.915029850746268778e+02
2.540261194029850742e+02 8.210671641791044806e+01 1.901518656716417865e+02
2.540358208955223915e+02 8.180559701492536817e+01 1.905899253731343208e+02
2.540652985074626997e+02 8.132873134328357878e+01 1.916167910447761074e+02
2.540783582089552226e+02 8.077350746268656678e+01 1.891951492537313300e+02
2.539029850746268551e+02 8.052350746268656678e+01 1.899402985074626997e+02
2.539597014925373060e+02 8.060261194029850174e+01 1.887567164179104395e+02
2.539470149253731392e+02 8.046865671641791096e+01 1.889130597014925286e+02
2.540559701492537386e+02 8.037873134328357594e+01 1.899250000000000114e+02
2.539097014925373230e+02 8.151082089552238585e+01 1.896298507462686587e+02
2.539567164179104566e+02 8.082910447761193495e+01 1.890917910447761301e+02
2.539817164179104338e+02 8.098395522388059931e+01 1.908805970149253710e+02
2.540276119402984989e+02 8.071082089552238870e+01 1.910630597014925343e+02
2.540511194029850799e+02 8.150037313432835617e+01 1.901708955223880650e+02
2.540768656716417979e+02 8.179888059701492864e+01 1.896955223880597146e+02
2.541529850746268551e+02 8.091044776119403537e+01 1.893597014925373117e+02
