2.507319977584757567e+02 1.042720650042028581e+02 1.925452507705239498e+02
2.511543849817876151e+02 1.044780050434295333e+02 1.936063323059680670e+02
2.511828243205379749e+02 1.048879237881759536e+02 1.936598486971140289e+02
2.512681423367890261e+02 1.056311291678341320e+02 1.936772205099467499e+02
2.513289436817035494e+02 1.057751471000280219e+02 1.935169515270383727e+02
2.512771084337349521e+02 1.059330344634351349e+02 1.944543289436817020e+02
2.512263939478845600e+02 1.055421686746988001e+02 1.941427570748108735e+02
2.512567946203418217e+02 1.064001120762118262e+02 1.944648360885402099e+02
2.513663491173998352e+02 1.064607733258615809e+02 1.949997198094704345e+02
2.513227794900532501e+02 1.067871952927990975e+02 1.944934155225553241e+02
2.515785934435416209e+02 1.071825441300084094e+02 1.948068086298682999e+02
2.515348837209302246e+02 1.069093583636873035e+02 1.951032502101429031e+02
2.514407397029980302e+02 1.066791818436536801e+02 1.957493695713084776e+02
2.514771644718408652e+02 1.064707200896609720e+02 1.946647520313813402e+02
2.512328383300644532e+02 1.071395348837209269e+02 1.940963855421686617e+02
2.513276828243205330e+02 1.074316335107873357e+02 1.936818436536844956e+02
2.514603530400672469e+02 1.074978985710283013e+02 1.944819277108433653e+02
2.516539646959932668e+02 1.074211263659288278e+02 1.951801625105071309e+02
2.515274586718968806e+02 1.070687867750069984e+02 1.944635752311571935e+02
2.510661249649761828e+02 1.065355841972541384e+02 1.936504623143737831e+02
2.510466517231717489e+02 1.062266741384141255e+02 1.935444101989352816e+02
2.510836368730736865e+02 1.058432333987111207e+02 1.936431773606052218e+02
2.510879798262818667e+02 1.062109834687587551e+02 1.939209862706640592e+02
2.510963855421686617e+02 1.062008966096945954e+02 1.944787055197534187e+02
2.512074810871392572e+02 1.059736620902213531e+02 1.942479686186606784e+02
2.512046791818436589e+02 1.058641075931633537e+02 1.938121322499299595e+02
2.512644998599047312e+02 1.056396749789857097e+02 1.927808910058840013e+02
2.513741944522275276e+02 1.052619781451386984e+02 1.936087139254693170e+02
2.513440739702998030e+02 1.052943401513028903e+02 1.932723451947324236e+02
2.512622583356682640e+02 1.057383020453908671e+02 1.940799943961894201e+02
2.513516391145979298e+02 1.064246287475483399e+02 1.946165592602970094e+02
2.515166713365088356e+02 1.067073409918744744e+02 1.951588680302605781e+02
2.514111796021294367e+02 1.069742224712804699e+02 1.949237881759596576e+02
2.511592883160549263e+02 1.073412720650042047e+02 1.950760717287755597e+02
2.512532922387223380e+02 1.074291117960212887e+02 1.950601008685906379e+02
2.512859344354160953e+02 1.072247128047071953e+02 1.941664331745587049e+02
2.511028299243485549e+02 1.081137573550013968e+02 1.943450546371532539e+02
2.511817035584197129e+02 1.084738021854861358e+02 1.954513869431213209e+02
2.514425609414401777e+02 1.089379377977024319e+02 1.952020173718128433e+02
2.516015690669655385e+02 1.089214065564583933e+02 1.962881759596525626e+02
2.516005884001120876e+02 1.090304006724572758e+02 1.950257775287195159e+02
2.516066124964976325e+02 1.088231997758475700e+02 1.957891566265060135e+02
2.516137573550014110e+02 1.089914541888484223e+02 1.968774166433174457e+02
2.513915662650602485e+02 1.082590361445783174e+02 1.945731297282151786e+02
2.514586718968898822e+02 1.076033903054076717e+02 1.949971980947044017e+02
2.513040067245727016e+02 1.067474082376015758e+02 1.945229756234239176e+02
2.513083496777808818e+02 1.064992995236761004e+02 1.940781731577472726e+02
2.512545530961053544e+02 1.065871392546931844e+02 1.935729896329503958e+02
2.510044830484729630e+02 1.057688428131129115e+02 1.938033062482488162e+02
2.510512748669094947e+02 1.054705799943961892e+02 1.932699635752311451e+02
2.509292518912860714e+02 1.046276267862146199e+02 1.928526197814513807e+02
2.509108994115998996e+02 1.034022135051835249e+02 1.919362566545250672e+02
2.509590921826842305e+02 1.032949005323620071e+02 1.910053236200616311e+02
2.509687587559540418e+02 1.040565984869711400e+02 1.912657607172877476e+02
2.510256374334547615e+02 1.041178201176800258e+02 1.918932474082376132e+02
2.510637433454749328e+02 1.041158587839730956e+02 1.920105071448585079e+02
2.510739702998038752e+02 1.037172877556738513e+02 1.928328663491174098e+02
2.509969179041748362e+02 1.033362286354721249e+02 1.920759316335107769e+02
2.508080694872513448e+02 1.029642757074810930e+02 1.908196973942280863e+02
2.509907537125245085e+02 1.030983468758755919e+02 1.925112076211823933e+02
2.508797982628187242e+02 1.040518352479686257e+02 1.911159988792378783e+02
2.510661249649761828e+02 1.041997758475763476e+02 1.915205940039226675e+02
2.511570467918184306e+02 1.044527878957691200e+02 1.922545530961053544e+02
2.512101428971700727e+02 1.052029980386662942e+02 1.925341832446063393e+02
2.511532642196693814e+02 1.055675259176239820e+02 1.921441580274586727e+02
2.512918184365368575e+02 1.052609974782852333e+02 1.932731857663210917e+02
2.510923227794900470e+02 1.054274306528439382e+02 1.923610254973382041e+02
2.511202017371812758e+02 1.058748949285514129e+02 1.926835247968618603e+02
2.512876155785934316e+02 1.059536284673578024e+02 1.933065284393387628e+02
2.513156346315494432e+02 1.061434575511347731e+02 1.935152703838610364e+02
2.513202577752871889e+02 1.062531521434575552e+02 1.939726814233679022e+02
2.513521994956570609e+02 1.057538526197814548e+02 1.938122723451947422e+02
2.512343793779770351e+02 1.061330905015410480e+02 1.931599887923788117e+02
2.512179882319977651e+02 1.061133370692070628e+02 1.929901933314654059e+02
2.511637713645278893e+02 1.055843373493975861e+02 1.931896889885121880e+02
2.512771084337349521e+02 1.058408517792098564e+02 1.932007565144297985e+02
2.513521994956570609e+02 1.053234799663771355e+02 1.932630989072569321e+02
2.512579153824600837e+02 1.051227234519473228e+02 1.930522555337629456e+02
2.513070888203978654e+02 1.053196973942280721e+02 1.924480246567665915e+02
2.512709442420846244e+02 1.052810311011487840e+02 1.926824040347436267e+02
2.512377416643317360e+02 1.039879518072289102e+02 1.922913981507425092e+02
2.511675539366769385e+02 1.042454469038946456e+02 1.923966096945923141e+02
2.510781731577472726e+02 1.039743625665452527e+02 1.919747828523395867e+02
2.510564583917063715e+02 1.048128327262538591e+02 1.918579434015130403e+02
2.510884001120762150e+02 1.050430092462874825e+02 1.918272625385261847e+02
2.510893807789296659e+02 1.056164191650322266e+02 1.931388344073970416e+02
2.512010367049593640e+02 1.055420285794340174e+02 1.922765480526758211e+02
2.512220509946763798e+02 1.058851218828803553e+02 1.930854581115158339e+02
2.513164752031381397e+02 1.061441580274586727e+02 1.937116839450826546e+02
2.513433734939759177e+02 1.067214906136172630e+02 1.940498739142616955e+02
2.513055477724852835e+02 1.069532081815634683e+02 1.944501260857383045e+02
2.512303166152983920e+02 1.073286634911739981e+02 1.943463154945362987e+02
2.513061081535444146e+02 1.081887083216587229e+02 1.944698795180722755e+02
2.514906136172597257e+02 1.079813673297842485e+02 1.939883720930232585e+02
2.514436817035584113e+02 1.081298683104511014e+02 1.941096945923227679e+02
2.514550294200056157e+02 1.074204258896049282e+02 1.944519473241804519e+02
2.513954889324740805e+02 1.058178761557859389e+02 1.935015410479125819e+02
2.513261417764079511e+02 1.055226954328943663e+02 1.936143177360605137e+02
2.512474082376015758e+02 1.056276267862146199e+02 1.940371252451667203e+02
2.510699075371252320e+02 1.053216587279350023e+02 1.926005884001120876e+02
2.513052675819557180e+02 1.054027738862426418e+02 1.935169515270383727e+02
2.512881759596525626e+02 1.055662650602409656e+02 1.933006444382180007e+02
2.512901372933594928e+02 1.057538526197814548e+02 1.931405155505743778e+02
2.512911179602129437e+02 1.061286074530680850e+02 1.940081255253572294e+02
2.511235640235360052e+02 1.064665172317175745e+02 1.935526758195572938e+02
2.511239843093303534e+02 1.073596245446903907e+02 1.936768002241524300e+02
2.510902213505183624e+02 1.070669655365648651e+02 1.934121602689829160e+02
2.511952927991033846e+02 1.070584197254132874e+02 1.935137293359484545e+02
2.511485009806668529e+02 1.073645278789576878e+02 1.937506304286915224e+02
2.512413841412160309e+02 1.078884841692350847e+02 1.944794059960773325e+02
2.512827122443261487e+02 1.076081535444102002e+02 1.937768282432053866e+02
2.513677500700476344e+02 1.082270944242084596e+02 1.947692630989072597e+02
2.514221070327822929e+02 1.082405435696273486e+02 1.944899131409358404e+02
2.515084057158867950e+02 1.087121042308770029e+02 1.948418324460633357e+02
2.513559820678061101e+02 1.086545250770523978e+02 1.949788456150182014e+02
2.514176239843093299e+02 1.084667974222471258e+02 1.951064724012328497e+02
2.513755954048753267e+02 1.087454469038946456e+02 1.952158868030260521e+02
2.513680302605771999e+02 1.086951527038386160e+02 1.950676660128887647e+02
2.513376295881199098e+02 1.088506584477444648e+02 1.952101428971700727e+02
2.513339871112356434e+02 1.083652283552815874e+02 1.947165872793499659e+02
2.513828803586438880e+02 1.082898571028299273e+02 1.948910058840011175e+02
2.513597646399551593e+02 1.075830764920145697e+02 1.942967217708041403e+02
2.512680022415242433e+02 1.067457270944242111e+02 1.940658447744466173e+02
2.513451947324180367e+02 1.070173718128327209e+02 1.943719529279910319e+02
2.512566545250770389e+02 1.066752591762398481e+02 1.937200896609694496e+02
2.513143737741664268e+02 1.067059400392266753e+02 1.940399271504623187e+02
2.513534603530400773e+02 1.064959372373213853e+02 1.944655365648640952e+02
2.514732418044270048e+02 1.065905015410479137e+02 1.943727934995797284e+02
2.513491173998318970e+02 1.058858223592042549e+02 1.940581395348837077e+02
2.513468758755954013e+02 1.061364527878957631e+02 1.944603530400672469e+02
2.513129728215186276e+02 1.064780050434295333e+02 1.948692911179602163e+02
2.513363687307368934e+02 1.068627066405155546e+02 1.948454749229476022e+02
2.512150462314373840e+02 1.067698234799663766e+02 1.951155785934435301e+02
2.512545530961053544e+02 1.069627346595685111e+02 1.950350238161950074e+02
2.513439338750350203e+02 1.071817035584197271e+02 1.950636032502101500e+02
2.513028859624544680e+02 1.071347716447184126e+02 1.960591202017371870e+02
2.513597646399551593e+02 1.070615018212384371e+02 1.955924628747548297e+02
2.511646119361165574e+02 1.068348276828243257e+02 1.954222471280470756e+02
2.513507985430092333e+02 1.071486410759316357e+02 1.961688147940599549e+02
2.513631269263098886e+02 1.072986831045110705e+02 1.957209302325581461e+02
2.513495376856262169e+02 1.073038666293079331e+02 1.959422807509106121e+02
2.514520874194452347e+02 1.080304006724572758e+02 1.962765480526758211e+02
2.514404595124684647e+02 1.081298683104511014e+02 1.960617820117680026e+02
2.515508545811151464e+02 1.086420565984869739e+02 1.964497057999439562e+02
2.516611095544970453e+02 1.088945082656206154e+02 1.969976183804987500e+02
2.514649761838049926e+02 1.087090221350518391e+02 1.961279069767441854e+02
2.514963575231157051e+02 1.083669094984589520e+02 1.964434015130288458e+02
2.514840291398150782e+02 1.080193331465396511e+02 1.959121602689829160e+02
2.514285514149621861e+02 1.081912300364247699e+02 1.966627906976744100e+02
2.513884841692350847e+02 1.075791538246007235e+02 1.963917063603250313e+02
2.513013449145418861e+02 1.072821518632670177e+02 1.955378257214906057e+02
2.513224992995236846e+02 1.074565704679181835e+02 1.951455589801064718e+02
2.514165032221910963e+02 1.073989913140935784e+02 1.960414681983749006e+02
2.513124124404595250e+02 1.075180722891566205e+02 1.960693471560661294e+02
2.512259736620902117e+02 1.076591482207901436e+02 1.964809470439899144e+02
2.514683384701597220e+02 1.074205659848697110e+02 1.963845615018212243e+02
2.514610535163911322e+02 1.068982908377696788e+02 1.959658167553936607e+02
2.514581115158307512e+02 1.067740263379097740e+02 1.957553936676940225e+02
2.513982908377696788e+02 1.061053516391146019e+02 1.959492855141496079e+02
2.513132530120481931e+02 1.063964695993275456e+02 1.946465396469599227e+02
2.513154945362846604e+02 1.068236200616419183e+02 1.950239562902773969e+02
2.513303446343513485e+02 1.065699075371252462e+02 1.955829363967498011e+02
2.513671896889885033e+02 1.068428131129167866e+02 1.961752591762398481e+02
2.512657607172877476e+02 1.066103950686466817e+02 1.958610254973382041e+02
2.512399831885682318e+02 1.068807789296721751e+02 1.958769963575231259e+02
2.512598767161669855e+02 1.075000000000000000e+02 1.958180162510507216e+02
2.512076211824040399e+02 1.074031941720369900e+02 1.962486690949845922e+02
2.513234799663771355e+02 1.071716166993555674e+02 1.962231717567946134e+02
2.513821798823199742e+02 1.066155785934435443e+02 1.960435696273465851e+02
2.514677780891005909e+02 1.069590921826842305e+02 1.962409638554216826e+02
2.515106472401232907e+02 1.071518632670215680e+02 1.959268702717848214e+02
2.513932474082376132e+02 1.069237881759596576e+02 1.964432614177640914e+02
2.514624544690389598e+02 1.070591202017371870e+02 1.958070888203978654e+02
2.513991314093583753e+02 1.066150182123844274e+02 1.957448865228355146e+02
2.513557018772765446e+02 1.060605211543849862e+02 1.952394228075091007e+02
2.513656486410759214e+02 1.056636312692630923e+02 1.949509666573269726e+02
2.513486971140375488e+02 1.056915102269543354e+02 1.942652003362286450e+02
2.512436256654524982e+02 1.054033342673017586e+02 1.943310451106752623e+02
2.512995236760997386e+02 1.057095825161109559e+02 1.940937237321378461e+02
2.510494536284673472e+02 1.056969739422807493e+02 1.938561221630708928e+02
2.512178481367329823e+02 1.057604370972261165e+02 1.946927710843373518e+02
2.512944802465676730e+02 1.054483048472961570e+02 1.943241804427010493e+02
2.511641916503222092e+02 1.048869431213225027e+02 1.938650882600168188e+02
2.512245727094424126e+02 1.049310731297282189e+02 1.941503222191090003e+02
2.511999159428411303e+02 1.047025777528719459e+02 1.938318856822639304e+02
2.511011487811711902e+02 1.047608573830204506e+02 1.938722331185205974e+02
2.514071168394508220e+02 1.056428971700756563e+02 1.955472121042308800e+02
2.514483048472961570e+02 1.058415522555337560e+02 1.955657046791818345e+02
2.514223872233118584e+02 1.057296161389745066e+02 1.949956570467918198e+02
2.513468758755954013e+02 1.055615018212384371e+02 1.945467918184365317e+02
2.513768562622583431e+02 1.058599047352199563e+02 1.956018492574951040e+02
2.514306528439338706e+02 1.054659568506584435e+02 1.947974222471280541e+02
2.513415522555337702e+02 1.059962174278509366e+02 1.957604370972261165e+02
2.513918464555898140e+02 1.058019052956010029e+02 1.952070608013449089e+02
2.513261417764079511e+02 1.055563182964415745e+02 1.943795180722891587e+02
2.513026057719249025e+02 1.056772205099467641e+02 1.951997758475763476e+02
2.513963295040627486e+02 1.059873914261697934e+02 1.954379377977024319e+02
2.513558419725413273e+02 1.060427290557579170e+02 1.948440739702998030e+02
2.513706920706080155e+02 1.061619501260857419e+02 1.953704118800784499e+02
2.513458952087419505e+02 1.057977024376576054e+02 1.951141776407957309e+02
2.512399831885682318e+02 1.050065844774446617e+02 1.942577752871953010e+02
2.512727654805267719e+02 1.052036985149901938e+02 1.944051555057438918e+02
2.513171756794620251e+02 1.051665732698234734e+02 1.949163631269263135e+02
2.511961333706920811e+02 1.040710282992434799e+02 1.943316054917343934e+02
2.511664331745587049e+02 1.037317175679462053e+02 1.947657607172877476e+02
2.511124964976183946e+02 1.030608013449145375e+02 1.941748388904454998e+02
2.511587279349957953e+02 1.040148500980666881e+02 1.947268142336789083e+02
2.511810030820958275e+02 1.041770804146819813e+02 1.945822359204258873e+02
2.510710282992434941e+02 1.045194732418044339e+02 1.944384981787615629e+02
2.511106752591762472e+02 1.045764920145699080e+02 1.940259176239842986e+02
2.512038386102549623e+02 1.041052115438498191e+02 1.947618380498739157e+02
2.512000560381059131e+02 1.042681423367890119e+02 1.952017371812832778e+02
2.513629868310451059e+02 1.047958811992154722e+02 1.944424208461753949e+02
2.513639674978985852e+02 1.048676099747828516e+02 1.941922107032782208e+02
2.514340151302885999e+02 1.053765760717287776e+02 1.939499859904735217e+02
2.514425609414401777e+02 1.059976183804987357e+02 1.953887643597646502e+02
2.515360044830484867e+02 1.065522555337629598e+02 1.953156346315494432e+02
2.515633230596805845e+02 1.067559540487531535e+02 1.960288596245446797e+02
2.515434295320818023e+02 1.069253292238722395e+02 1.963762958811992121e+02
2.515724292518912932e+02 1.070693471560661294e+02 1.959607733258615951e+02
2.514578313253012141e+02 1.072974222471280541e+02 1.958954889324740805e+02
2.515252171476604133e+02 1.073592042588960425e+02 1.955114878117119588e+02
2.514851499019333119e+02 1.069803866629307976e+02 1.957000560381059131e+02
2.515560381059120232e+02 1.064146819837489488e+02 1.957077612776688227e+02
2.514138414121602807e+02 1.058463154945362845e+02 1.956822639394788439e+02
2.513620061641916550e+02 1.060009806668534651e+02 1.965603810591202034e+02
2.512949005323619929e+02 1.059925749509666559e+02 1.956494816475203038e+02
2.513227794900532501e+02 1.054829083776968304e+02 1.952764079574110383e+02
2.512867750070047634e+02 1.058297842532922317e+02 1.947349397590361377e+02
2.513309050154104796e+02 1.052876155785934458e+02 1.956987951807228967e+02
2.513362286354721107e+02 1.053834407397030049e+02 1.949971980947044017e+02
2.513325861585878442e+02 1.052657607172877618e+02 1.958379097786494754e+02
2.512448865228355146e+02 1.047902773886242613e+02 1.949355561782011819e+02
2.512349397590361377e+02 1.048645278789576878e+02 1.955742504903334407e+02
2.513224992995236846e+02 1.050285794340151284e+02 1.957426449985990473e+02
2.512888764359764764e+02 1.053826001681143225e+02 1.962793499579714194e+02
2.512644998599047312e+02 1.050812552535724222e+02 1.956108153544410300e+02
2.512629588119921493e+02 1.053898851218828838e+02 1.957929391986550911e+02
2.512768282432053866e+02 1.047347996637713692e+02 1.966005884001120876e+02
2.510797142056598545e+02 1.038809190249369578e+02 1.945834967778089037e+02
2.510704679181843630e+02 1.045120481927710898e+02 1.941347716447183984e+02
2.511349117399831812e+02 1.052635191930512804e+02 1.948255813953488484e+02
2.513101709162230293e+02 1.052848136732978475e+02 1.955070047632389958e+02
2.513105912020173776e+02 1.051224432614177573e+02 1.955298402913981590e+02
2.513307649201456968e+02 1.052691230036424770e+02 1.958704118800784499e+02
2.513938077892967158e+02 1.050581395348837219e+02 1.955070047632389958e+02
2.513949285514149494e+02 1.047048192771084274e+02 1.958395909218268400e+02
2.513393107312972745e+02 1.048418324460633215e+02 1.956381339310731278e+02
2.512992434855702015e+02 1.041026898290837721e+02 1.948566825441299954e+02
2.512038386102549623e+02 1.035720089660969450e+02 1.947116839450826546e+02
2.510987671616699402e+02 1.038253012048192829e+02 1.947967217708041403e+02
2.511235640235360052e+02 1.041730176520033666e+02 1.949464836088540096e+02
2.511218828803586405e+02 1.041272065004202858e+02 1.958007845334827550e+02
2.511542448865228323e+02 1.044548893247408188e+02 1.960797142056598545e+02
2.511448585037825580e+02 1.042706640515550589e+02 1.962971420565984886e+02
2.511591482207901436e+02 1.046891286074530711e+02 1.946825441300084094e+02
2.510982067806108091e+02 1.045697674418604635e+02 1.945790137293359408e+02
2.511242644998599189e+02 1.046501821238442176e+02 1.955643037265340354e+02
2.511888484169235198e+02 1.043498178761557824e+02 1.955033622863547293e+02
2.512998038666293041e+02 1.045551975343233408e+02 1.947535724292519035e+02
2.513444942560941513e+02 1.049233678901653093e+02 1.958033062482488162e+02
2.513020453908657998e+02 1.043613056878677554e+02 1.955750910619221088e+02
2.513499579714205652e+02 1.054826281871672791e+02 1.961909498458952044e+02
2.513558419725413273e+02 1.056825441300084094e+02 1.961440179321938899e+02
2.513458952087419505e+02 1.057820117680022349e+02 1.963587839731017084e+02
2.516039506864667885e+02 1.061456990753712546e+02 1.964429812272345259e+02
2.515987671616699402e+02 1.062820117680022349e+02 1.964897730456710576e+02
2.513380498739142581e+02 1.057128047072009025e+02 1.956577472681423444e+02
2.514320537965816698e+02 1.064618940879798288e+02 1.967039787055197451e+02
2.513942280750910641e+02 1.063726534043149314e+02 1.964001120762118262e+02
2.514061361725973711e+02 1.067709442420846244e+02 1.966412160268982916e+02
2.514345755113477026e+02 1.067710843373493930e+02 1.964263098907256904e+02
2.513789576912300276e+02 1.064980386662930840e+02 1.966731577472681352e+02
2.513145138694312095e+02 1.061630708882039755e+02 1.964131409358363669e+02
2.513182964415802871e+02 1.053820397870551915e+02 1.960379658167553885e+02
2.513089100588400129e+02 1.055005603810591168e+02 1.962932193891846566e+02
2.511650322219109057e+02 1.055886803026057663e+02 1.965603810591202034e+02
2.511895488932474052e+02 1.056622303166152932e+02 1.971137573550014110e+02
2.512800504342953332e+02 1.051999159428411303e+02 1.972104230876996382e+02
2.512254132810311091e+02 1.056915102269543354e+02 1.965661249649761828e+02
2.512703838610254934e+02 1.053674698795180689e+02 1.969886522835528240e+02
2.512663210983468787e+02 1.055769123003642420e+02 1.972331185205939903e+02
2.513705519753432327e+02 1.056286074530680850e+02 1.969911739983188568e+02
2.513601849257495076e+02 1.054414401793219440e+02 1.966894087979826224e+02
2.513604651162790731e+02 1.056703558419725368e+02 1.963540207340991799e+02
2.513379097786494754e+02 1.056536845054637155e+02 1.961588680302605781e+02
2.512123844214065684e+02 1.056647520313813402e+02 1.965364247688428065e+02
2.512779490053236202e+02 1.053961894087979800e+02 1.964878117119641274e+02
2.513761557859344293e+02 1.055019613337069160e+02 1.972153264219669495e+02
2.514144017932193833e+02 1.056263659288316035e+02 1.974111796021294367e+02
2.512647800504342968e+02 1.058467357803306186e+02 1.971164191650322266e+02
2.512913981507425092e+02 1.059375175119080978e+02 1.969494256094143907e+02
2.512974222471280541e+02 1.063296441580274632e+02 1.974934155225553241e+02
2.513182964415802871e+02 1.066335107873353820e+02 1.982381619501260843e+02
2.515292799103390280e+02 1.069073970299803875e+02 1.978338470159708606e+02
2.514232277949005265e+02 1.072319977584757567e+02 1.976601288876435945e+02
2.515250770523956305e+02 1.070177920986270692e+02 1.977332586158587731e+02
2.514417203698515095e+02 1.068980106472401275e+02 1.971803026057719137e+02
2.514700196133370582e+02 1.062548332866349057e+02 1.975397870551975359e+02
2.514212664611936248e+02 1.055679462034183302e+02 1.971692350798543032e+02
2.512223311852059453e+02 1.056304286915102324e+02 1.961431773606052218e+02
2.515278789576912288e+02 1.048783973101709108e+02 1.974188848416923463e+02
2.513873634071168510e+02 1.047373213785374020e+02 1.966731577472681352e+02
2.514215466517231619e+02 1.049191650322219118e+02 1.966720369851499015e+02
2.514030540767722073e+02 1.045973662090221410e+02 1.959756234239282833e+02
2.514166433174558790e+02 1.049766040907817342e+02 1.959704398991314065e+02
2.513500980666853479e+02 1.049215466517231761e+02 1.965724292518912932e+02
2.512730456710563089e+02 1.049756234239282691e+02 1.957761277668814728e+02
2.512775287195292719e+02 1.051849257495096737e+02 1.959286915102269404e+02
2.512507705239562767e+02 1.047708041468198417e+02 1.959948164752031516e+02
2.512817315774726694e+02 1.054679181843653737e+02 1.966417764079574226e+02
2.512716447184085098e+02 1.055984869711403746e+02 1.970672457270944165e+02
2.512551134771644854e+02 1.057500700476323914e+02 1.965570187727654741e+02
2.511741384141216145e+02 1.057048192771084274e+02 1.967521714766041043e+02
2.513352479686186598e+02 1.057353600448304860e+02 1.965175119080975037e+02
2.513286634911740123e+02 1.058592042588960425e+02 1.972066405155505606e+02
2.513215186326702053e+02 1.060867189688988503e+02 1.965602409638554207e+02
2.513820397870551915e+02 1.058848416923508040e+02 1.973290837769683321e+02
2.513593443541608394e+02 1.060239562902773827e+02 1.968278229195853157e+02
2.514621742785093943e+02 1.063128327262538591e+02 1.967909778649481609e+02
2.514677780891005909e+02 1.061232838330064396e+02 1.963541608293639626e+02
2.513555617820117618e+02 1.057213505183524802e+02 1.969446623704118906e+02
2.513775567385822285e+02 1.053502381619501307e+02 1.971312692630989147e+02
2.513404314934155366e+02 1.053692911179602163e+02 1.971940319417203682e+02
2.512364808069487196e+02 1.048135332025777586e+02 1.965567385822359086e+02
2.512070608013449089e+02 1.046647520313813402e+02 1.966211824040347551e+02
2.511637713645278893e+02 1.049980386662930840e+02 1.954134211263659324e+02
2.511985149901933312e+02 1.043267021574670821e+02 1.959939759036144551e+02
2.511632109834687583e+02 1.046363126926309945e+02 1.951591482207901436e+02
2.510275987671616633e+02 1.045896609694592314e+02 1.947311571868870885e+02
2.509735219949565703e+02 1.040903614457831310e+02 1.946231437377416569e+02
2.511157186887083128e+02 1.034792659008125497e+02 1.950253572429251960e+02
2.510741103950686579e+02 1.034114597926590022e+02 1.951980947043989829e+02
2.510885402073409978e+02 1.037065004202857921e+02 1.959240683664892231e+02
2.512307369010927403e+02 1.049456430372653415e+02 1.965284393387503599e+02
2.511983748949285484e+02 1.049516671336508864e+02 1.960472121042308800e+02
2.511954328943681674e+02 1.057521714766040901e+02 1.967462874754833422e+02
2.512828523395909315e+02 1.054261697954609076e+02 1.963339871112356434e+02
2.512626786214625838e+02 1.052967217708041403e+02 1.967149061361726012e+02
2.511877276548052578e+02 1.049047352199495720e+02 1.957615578593443502e+02
2.512562342392827190e+02 1.053551414962174277e+02 1.964293919865508542e+02
2.512525917623984242e+02 1.055096665732698256e+02 1.965969459232277927e+02
2.512758475763519073e+02 1.060736901092743096e+02 1.968163351078733569e+02
2.512251330905015436e+02 1.060648641075931664e+02 1.964582516110955339e+02
2.512107032782292038e+02 1.054560100868590666e+02 1.968229195853180045e+02
2.511725973662090325e+02 1.056543849817876151e+02 1.960699075371252320e+02
2.510905015410478995e+02 1.056452787895769063e+02 1.954892126646119266e+02
2.511279069767441854e+02 1.052453068086298629e+02 1.947289156626505928e+02
2.511870271784813724e+02 1.055790137293359550e+02 1.956031101148781204e+02
2.509908938077892913e+02 1.048289436817035636e+02 1.954766040907817342e+02
2.510861585878397193e+02 1.048632670215746714e+02 1.951835247968618603e+02
2.511738582235920489e+02 1.050459512468478636e+02 1.959401793219389276e+02
2.512347996637713550e+02 1.053351078733538770e+02 1.966337909778649475e+02
2.512500700476323914e+02 1.055624824880919022e+02 1.968666293079294007e+02
2.511514429812272340e+02 1.057880358643877798e+02 1.966948725133090363e+02
2.510236760997478314e+02 1.055676660128887647e+02 1.959123003642476988e+02
2.510808349677780882e+02 1.048620061641916550e+02 1.964031941720369900e+02
2.510608013449145517e+02 1.054826281871672791e+02 1.964908938077892913e+02
2.510763519193051252e+02 1.054012328383300598e+02 1.964592322779490132e+02
2.510912020173718133e+02 1.051877276548052720e+02 1.969233678901653093e+02
2.513209582516111027e+02 1.060605211543849862e+02 1.973111515830764802e+02
2.514258896049313421e+02 1.064876716166993589e+02 1.978401513028859711e+02
2.514427010367049604e+02 1.065463715326421976e+02 1.967612776688147846e+02
2.514529279910339028e+02 1.072768282432053866e+02 1.972586158587839691e+02
2.515617820117680026e+02 1.075141496217427886e+02 1.975853180162510512e+02
2.514045951246847892e+02 1.074974782852339530e+02 1.978868030260577200e+02
2.514198655085457972e+02 1.066351919305127467e+02 1.971535444101989469e+02
2.514125805547772359e+02 1.063964695993275456e+02 1.970678061081535475e+02
2.515676660128887647e+02 1.071150182123844274e+02 1.965053236200616311e+02
2.515717287755673794e+02 1.067537125245166720e+02 1.965980666853460264e+02
2.514708601849257548e+02 1.063356682544129939e+02 1.968311852059400451e+02
2.515166713365088356e+02 1.066148781171196447e+02 1.971525637433454676e+02
2.513143737741664268e+02 1.064010927430652913e+02 1.961633510787335410e+02
2.513286634911740123e+02 1.066416363126926257e+02 1.963530400672457290e+02
2.512912580554777264e+02 1.066622303166152932e+02 1.968031661529840335e+02
2.512974222471280541e+02 1.067708041468198417e+02 1.969946763799383689e+02
2.513537405435696144e+02 1.074698795180722897e+02 1.972279349957971419e+02
2.512370411880078507e+02 1.069651162790697612e+02 1.966933314653964828e+02
2.512437657607172810e+02 1.064746427570748040e+02 1.969205659848697110e+02
2.512831325301204686e+02 1.064323339871112353e+02 1.962139254693191504e+02
2.513142336789016440e+02 1.062139254693191361e+02 1.962233118520593962e+02
2.512991033903054188e+02 1.067406836648921313e+02 1.965348837209302246e+02
2.513187167273746070e+02 1.067981227234519537e+02 1.966399551695152752e+02
2.513384701597086064e+02 1.067942000560381075e+02 1.969258896049313421e+02
2.513968898851218796e+02 1.069829083776968304e+02 1.965365648641075893e+02
2.513691510226954335e+02 1.074969179041748362e+02 1.962408237601568999e+02
2.514093583636873177e+02 1.074693191370131728e+02 1.965598206780610724e+02
2.512857943401513126e+02 1.068086298683104474e+02 1.959243485570187602e+02
2.513030260577192507e+02 1.065586999159428387e+02 1.962923788175959601e+02
2.511940319417203682e+02 1.064613337069207120e+02 1.959705799943961892e+02
2.512842532922387306e+02 1.062381619501260843e+02 1.961197814513869560e+02
2.512800504342953332e+02 1.063589240683664912e+02 1.960903614457831452e+02
2.512744466237041081e+02 1.070414681983749006e+02 1.969048753152143547e+02
2.514602129448024641e+02 1.077234519473241789e+02 1.981700756514429713e+02
2.514471840851779234e+02 1.082908377696833782e+02 1.974211263659288420e+02
2.515119080975063071e+02 1.085207340991874503e+02 1.969431213224993087e+02
2.514983188568226353e+02 1.081728775567385838e+02 1.969404595124684647e+02
2.515145699075371226e+02 1.091529840291398159e+02 1.969497057999439562e+02
2.515937237321378461e+02 1.094946763799383547e+02 1.975574390585598223e+02
2.516459792659008201e+02 1.097098627066405214e+02 1.976821238442140611e+02
2.516000280190529566e+02 1.098122723451947280e+02 1.970638834407397155e+02
2.516435976463995416e+02 1.100156906696553705e+02 1.972319977584757567e+02
2.516255253572429353e+02 1.103437937797702375e+02 1.972329784253292360e+02
2.517070608013449089e+02 1.105602409638554207e+02 1.980163911459792700e+02
2.517123844214065684e+02 1.104242084617539916e+02 1.976608293639675082e+02
2.517314373774166540e+02 1.105696273465956807e+02 1.985626225833566707e+02
2.517175679462034168e+02 1.107415242364808137e+02 1.976861866068926759e+02
2.517942000560381075e+02 1.104551695152703843e+02 1.971347716447183984e+02
2.516913701316895526e+02 1.096524236480806991e+02 1.970564583917063715e+02
2.516660128887643566e+02 1.085682263939478815e+02 1.961973942280750975e+02
2.515933034463435263e+02 1.081290277388624332e+02 1.963743345474922819e+02
2.515869991594284159e+02 1.071578873634071130e+02 1.963260016811431683e+02
2.513632670215746714e+02 1.071735780330624834e+02 1.959282712244326206e+02
2.514195853180162601e+02 1.073416923507985388e+02 1.960128887643597579e+02
2.513950686466797322e+02 1.077894368170355790e+02 1.968453348276828194e+02
2.515001400952647828e+02 1.081931913701316859e+02 1.965976463995517065e+02
2.514994396189408690e+02 1.081060521154385015e+02 1.965456710563182980e+02
2.514291117960212887e+02 1.080806948725133054e+02 1.961508826001681030e+02
2.514023536004482935e+02 1.077506304286915082e+02 1.962460072849537767e+02
2.514420005603810466e+02 1.078077892967217650e+02 1.964375175119080836e+02
2.514370972261137638e+02 1.086253852619781384e+02 1.966657326982347911e+02
2.515203138133931020e+02 1.091203418324460586e+02 1.968863827402633717e+02
2.515212944802465813e+02 1.091294480246567673e+02 1.968206780610815372e+02
2.515427290557579170e+02 1.099342953208181513e+02 1.970149901933314709e+02
2.517586158587839691e+02 1.101936116559260341e+02 1.987495096665732603e+02
2.518664892126646180e+02 1.105591202017371870e+02 1.987901372933594928e+02
2.517871952927991117e+02 1.103367890165312417e+02 1.983561221630708928e+02
2.516969739422807493e+02 1.100892406836648973e+02 1.984998599047352172e+02
2.517939198655085420e+02 1.112174278509386340e+02 1.993861025497338062e+02
2.517943401513028903e+02 1.112810311011487840e+02 1.990476323900252282e+02
2.517972821518632713e+02 1.109966377136452849e+02 1.992186887083216504e+02
2.517836929111795996e+02 1.110651442981227177e+02 1.990998879237881738e+02
2.517873353880638945e+02 1.111501821238442176e+02 1.988421126365928728e+02
2.517974222471280541e+02 1.110182123844214033e+02 1.989048753152143547e+02
2.518545811151583109e+02 1.111129167834127145e+02 1.992720650042028581e+02
2.517867750070047634e+02 1.107163070888204004e+02 1.988824600728495398e+02
2.517773886242644892e+02 1.101036704959372372e+02 1.991706360325021024e+02
2.518255813953488484e+02 1.099691790417483901e+02 1.989338750350238172e+02
2.518379097786494754e+02 1.096559260297001970e+02 1.992722050994676408e+02
2.517915382460072919e+02 1.088479966377136492e+02 1.980420285794340032e+02
2.516941720369851510e+02 1.085453908657887325e+02 1.982136452787895848e+02
2.518093303446343612e+02 1.089708601849257548e+02 1.983318856822639304e+02
2.517552535724292397e+02 1.087119641356122202e+02 1.984848697114037464e+02
2.516842252731857741e+02 1.093734939759036138e+02 1.985142897170075571e+02
2.517694031941720425e+02 1.096307088820397837e+02 1.995491734379378101e+02
2.516272065004202716e+02 1.089519473241804377e+02 1.986566265060240823e+02
2.515963855421686617e+02 1.090900812552535655e+02 1.995001400952647828e+02
2.515264780050434297e+02 1.086634911739983238e+02 1.990886803026057805e+02
2.515163911459792700e+02 1.081017091622303212e+02 1.991372933594844596e+02
2.515156906696553563e+02 1.073928271224432649e+02 1.986611095544970453e+02
2.514660969459232263e+02 1.074990193331465349e+02 1.977168674698795314e+02
2.514955169515270370e+02 1.080586999159428387e+02 1.976972541328103148e+02
2.516182404034743740e+02 1.080009806668534651e+02 1.978450546371532539e+02
2.514359764639955301e+02 1.082158868030260521e+02 1.982378817595965188e+02
2.514658167553936607e+02 1.080451106752591812e+02 1.972845334827682962e+02
2.514712804707201030e+02 1.082775287195292861e+02 1.973156346315494432e+02
2.515026618100308156e+02 1.075812552535724222e+02 1.981499019333146521e+02
2.515134491454188890e+02 1.073307649201456968e+02 1.979523676099747718e+02
2.513859624544690519e+02 1.070608013449145375e+02 1.971612496497618281e+02
2.513306248248809140e+02 1.068942280750910641e+02 1.972297562342392894e+02
2.513943681703558468e+02 1.070243765760717309e+02 1.979732418044270048e+02
2.513891846455589700e+02 1.070481927710843308e+02 1.977904174838890583e+02
2.514694592322779556e+02 1.070769123003642420e+02 1.976973942280750975e+02
2.512720650042028581e+02 1.073010647240123348e+02 1.971294480246567673e+02
2.513079293919865620e+02 1.070109274306528420e+02 1.978498178761557824e+02
2.513634071168394541e+02 1.071606892687027113e+02 1.973332866349117296e+02
2.513740543569627448e+02 1.073761557859344293e+02 1.972027178481367287e+02
2.514948164752031516e+02 1.074285514149621719e+02 1.970884001120762150e+02
2.514639955169515133e+02 1.076852059400392250e+02 1.979347156066124853e+02
2.514628747548332797e+02 1.075126085738302066e+02 1.973739142616979620e+02
2.515068646679742130e+02 1.077310170916223058e+02 1.972878957691229971e+02
2.516211824040347551e+02 1.082240123283832958e+02 1.979509666573269726e+02
2.516049313533202678e+02 1.078953488372092977e+02 1.978341272065004262e+02
2.517129448024656710e+02 1.079518072289156692e+02 1.983244606332305864e+02
2.516332305968058165e+02 1.083670495937237348e+02 1.985526758195572938e+02
2.517416643317455964e+02 1.084536284673578024e+02 1.986884281311291716e+02
2.515909218268422478e+02 1.077761277668814728e+02 1.980589801064724043e+02
2.515991874474642884e+02 1.074534883720930196e+02 1.983576632109834748e+02
2.514876716166993447e+02 1.067762678621462555e+02 1.980218548613056839e+02
2.513666293079294007e+02 1.064277108433734895e+02 1.977691230036424770e+02
2.512125245166713228e+02 1.064985990473522008e+02 1.967356402353600515e+02
2.513283833006444468e+02 1.059681983748949250e+02 1.968580834967778230e+02
2.513861025497338062e+02 1.053040067245727158e+02 1.970585598206780560e+02
2.513013449145418861e+02 1.061225833566825401e+02 1.969551695152703701e+02
2.514031941720369900e+02 1.054058559820678056e+02 1.978126926309890621e+02
2.514432614177640914e+02 1.061012888764359730e+02 1.980804146819837399e+02
2.513767161669935604e+02 1.059316335107873357e+02 1.975053236200616311e+02
2.513708321658727982e+02 1.062392827122443322e+02 1.979403194172037104e+02
2.513674698795180689e+02 1.061873073690109237e+02 1.975439899131409334e+02
2.514128607453068014e+02 1.065078453348276781e+02 1.983170355841972423e+02
2.513790977864948104e+02 1.060651442981227177e+02 1.983841412160269044e+02
2.513380498739142581e+02 1.063551414962174277e+02 1.980367049593723721e+02
2.513167553936677052e+02 1.064957971420566025e+02 1.972004763239002614e+02
2.514184645558979980e+02 1.062971420565984886e+02 1.974733818996917876e+02
2.514722611375735539e+02 1.064061361725973711e+02 1.981176800224152430e+02
2.514478845615018088e+02 1.064711403754553061e+02 1.981902493695713190e+02
2.514274306528439240e+02 1.060458111515830808e+02 1.984600728495376813e+02
2.514576912300364313e+02 1.065243765760717309e+02 1.981891286074530569e+02
2.515221350518352494e+02 1.061082936396749830e+02 1.978089100588400129e+02
2.514244886522835429e+02 1.059075371252451703e+02 1.985687867750069984e+02
2.514802465676660006e+02 1.058655085458111529e+02 1.986109554497058127e+02
2.514852899971980946e+02 1.063898851218828838e+02 1.990608013449145517e+02
2.515673858223591992e+02 1.063003642476884352e+02 1.980130288596245407e+02
2.513230596805827872e+02 1.059247688428131084e+02 1.982905575791538126e+02
2.513318856822639304e+02 1.056999159428411303e+02 1.982768282432053866e+02
2.512984029139815050e+02 1.058121322499299595e+02 1.977720650042028581e+02
2.513023255813953369e+02 1.051332305968058307e+02 1.980797142056598545e+02
2.510165312412440528e+02 1.048468758755954013e+02 1.973196973942280863e+02
2.512062202297562408e+02 1.051096945923227821e+02 1.975588400112076215e+02
2.512266741384141255e+02 1.048139534883720927e+02 1.975739702998038752e+02
2.512305968058279575e+02 1.051195012608573762e+02 1.975864387783692848e+02
2.512822919585318004e+02 1.052793499579714194e+02 1.981347716447183984e+02
2.513891846455589700e+02 1.054473241804427062e+02 1.982206500420285806e+02
2.513966096945923141e+02 1.050056038105911966e+02 1.990504342953208265e+02
2.513063883440739801e+02 1.054228075091061925e+02 1.982988231997758533e+02
2.511973942280750975e+02 1.053233398711123527e+02 1.979858503782572257e+02
2.512803306248248703e+02 1.058416923507985388e+02 1.989788456150182014e+02
2.512720650042028581e+02 1.057890165312412449e+02 1.984873914261698076e+02
2.514059960773325884e+02 1.057709442420846244e+02 1.978528999719809462e+02
2.514474642757074889e+02 1.054907537125245227e+02 1.969813673297842627e+02
2.513827402633791053e+02 1.056251050714485871e+02 1.970846175399271374e+02
2.513332866349117296e+02 1.057689829083776942e+02 1.973711123564023637e+02
2.513694312132249991e+02 1.062010367049593782e+02 1.980739702998038752e+02
2.514230876996357438e+02 1.061466797422247197e+02 1.985176520033622865e+02
2.515246567666012822e+02 1.064281311291678378e+02 1.995395068646679704e+02
2.515173718128327209e+02 1.065739702998038609e+02 1.992326982347996704e+02
2.514917343793779878e+02 1.062922387223311915e+02 1.990613617259736543e+02
2.515608013449145517e+02 1.061636312692630923e+02 1.994871112356402421e+02
2.515508545811151464e+02 1.059702998038666237e+02 1.995201737181283193e+02
2.515077052395629096e+02 1.057460072849537625e+02 1.996490613617259839e+02
2.514775847576351850e+02 1.064985990473522008e+02 1.996927710843373518e+02
2.515340431493415565e+02 1.068289436817035636e+02 2.000095264780050570e+02
2.515116279069767415e+02 1.078512188288035816e+02 2.001752591762398481e+02
2.514981787615578526e+02 1.072465676660128935e+02 2.008003642476884352e+02
2.514438217988231941e+02 1.069173437937797644e+02 2.009596525637433331e+02
2.514057158868030228e+02 1.069527878957691200e+02 1.997963014850098205e+02
2.513167553936677052e+02 1.065096665732698256e+02 1.994764639955169514e+02
2.513600448304847248e+02 1.068150742504903263e+02 1.994508265620621899e+02
2.513617259736620895e+02 1.068107312972821461e+02 2.000537965816755275e+02
2.512639394788456286e+02 1.067574950966657354e+02 1.994239282712244403e+02
2.514232277949005265e+02 1.074660969459232263e+02 1.996447184085178037e+02
2.515012608573830164e+02 1.076000280190529566e+02 1.995952647800504280e+02
2.514690389464836073e+02 1.070854581115158339e+02 1.997799103390305504e+02
2.514024936957130762e+02 1.064474642757074747e+02 1.997041188007845278e+02
2.514529279910339028e+02 1.065820958251611046e+02 1.999724012328383367e+02
2.514604931353320296e+02 1.064746427570748040e+02 2.006049313533202678e+02
2.515049033342673113e+02 1.065630428691510190e+02 2.008386102549733891e+02
2.516720369851499015e+02 1.069249089380778912e+02 2.012737461473802227e+02
2.515474922947604455e+02 1.068681703558419684e+02 2.013876435976463881e+02
2.514553096105351528e+02 1.070549173437937753e+02 2.009494256094143907e+02
2.516052115438498049e+02 1.071710563182964364e+02 2.008310451106752623e+02
2.516127766881479317e+02 1.068824600728495398e+02 2.006824040347436267e+02
2.515357242925189212e+02 1.068998318856822607e+02 2.012783692911179685e+02
2.515497338189969128e+02 1.070977864948164751e+02 2.011940319417203682e+02
2.516329504062762794e+02 1.073379097786494754e+02 2.012859344354160953e+02
2.516689548893247377e+02 1.072241524236480785e+02 2.017270944242084738e+02
2.516308489773045665e+02 1.077663210983468787e+02 2.016836648921266431e+02
2.515867189688988503e+02 1.077841131969739479e+02 2.010568786775006913e+02
2.515323620061641918e+02 1.072789296721770853e+02 2.011014289717007557e+02
2.515438498178761506e+02 1.070120481927710898e+02 2.003503782572149134e+02
2.514345755113477026e+02 1.074418604651162781e+02 2.012825721490613660e+02
2.514980386662930698e+02 1.077573550014009527e+02 2.016084337349397515e+02
2.515183524796862002e+02 1.072430652843933814e+02 2.015100868590641596e+02
2.512041188007845278e+02 1.077380218548613016e+02 2.007787895769122883e+02
2.513709722611375810e+02 1.073840011207621217e+02 2.009920145699075249e+02
2.513439338750350203e+02 1.069740823760156871e+02 2.007350798543009205e+02
2.513307649201456968e+02 1.070669655365648651e+02 2.006064724012328497e+02
2.511741384141216145e+02 1.064204258896049282e+02 2.007355001400952688e+02
2.511321098346875829e+02 1.058290837769683321e+02 2.003565424488652411e+02
2.512020173718128433e+02 1.059320537965816698e+02 2.000816755393667563e+02
2.512133650882600193e+02 1.058974502661809964e+02 2.005170916223031554e+02
2.513087699635752301e+02 1.057270944242084596e+02 2.000927430652843952e+02
2.515029420005603811e+02 1.061343513589240644e+02 2.007531521434575552e+02
2.515046231437377457e+02 1.059911739983188568e+02 2.004404595124684647e+02
2.514971980947044017e+02 1.061574670776127789e+02 2.005176520033622865e+02
2.514949565704679060e+02 1.065606612496497689e+02 2.001428971700756563e+02
2.514735219949565703e+02 1.066859064163631245e+02 2.016399551695152752e+02
2.513841412160269044e+02 1.069216867469879588e+02 2.003753152143457612e+02
2.514198655085457972e+02 1.069201456990753769e+02 2.004250490333426740e+02
2.513681703558419827e+02 1.066958531801625156e+02 2.005127486690949752e+02
2.513524796861865980e+02 1.066433174558699903e+02 2.006625105071448445e+02
2.513886242644998674e+02 1.065389464836088536e+02 2.011052115438498049e+02
2.513945082656206296e+02 1.065816755393667705e+02 2.013793779770243759e+02
2.514188848416923463e+02 1.065361445783132552e+02 2.003353880638834426e+02
2.514541888484169192e+02 1.067475483328663444e+02 2.007521714766041043e+02
2.515658447744466173e+02 1.069595124684785645e+02 2.014715606612496401e+02
2.516178201176800258e+02 1.074228075091061925e+02 2.022311571868870885e+02
2.516410759316335088e+02 1.076507425049033344e+02 2.017209302325581461e+02
2.516113757355001326e+02 1.079950966657327029e+02 2.028195572989633035e+02
2.515526758195572938e+02 1.078855421686747036e+02 2.017831325301204686e+02
2.515931633510787435e+02 1.070959652563743276e+02 2.019442420846175423e+02
2.515411880078453351e+02 1.066046511627907023e+02 2.008831605491734251e+02
2.514710002801905375e+02 1.064265900812552559e+02 2.009094984589521005e+02
2.512776688147940547e+02 1.055259176239843129e+02 2.004404595124684647e+02
2.514803866629307834e+02 1.052112636592883206e+02 2.000927430652843952e+02
2.514929952367610042e+02 1.053722331185205974e+02 2.004677780891005909e+02
2.514725413281031194e+02 1.059302325581395365e+02 2.007294760437097239e+02
2.513852619781451381e+02 1.066024096385542208e+02 2.012892967217707962e+02
2.515222751471000322e+02 1.066286074530680850e+02 2.014436817035584113e+02
2.515991874474642884e+02 1.068638274026337882e+02 2.013191370131689553e+02
2.513412720650042047e+02 1.076398150742504924e+02 2.010581395348837077e+02
2.514613337069206978e+02 1.077143457551134702e+02 2.013159148220790087e+02
2.514775847576351850e+02 1.074425609414401777e+02 2.012228915662650479e+02
2.514080975063042729e+02 1.070853180162510512e+02 2.015980666853460264e+02
2.512943401513028903e+02 1.066987951807228967e+02 2.009408797982628130e+02
2.514872513309050248e+02 1.066931913701316859e+02 2.011653124124404712e+02
2.515264780050434297e+02 1.068458952087419505e+02 2.019284113196974033e+02
2.515163911459792700e+02 1.060898010647240142e+02 2.008925469319136994e+02
2.516080134491454317e+02 1.052984029139815050e+02 2.008792378817595932e+02
2.514578313253012141e+02 1.054450826562062247e+02 2.005294200056038108e+02
2.513991314093583753e+02 1.049733818996917876e+02 2.002712244326141899e+02
2.513708321658727982e+02 1.037104230876996382e+02 2.000243765760717167e+02
2.512845334827682962e+02 1.028453348276828194e+02 1.999743625665452385e+02
2.512116839450826546e+02 1.026255253572429211e+02 1.995207340991874503e+02
2.511287475483328535e+02 1.026433174558699903e+02 1.992740263379097883e+02
2.513010647240123205e+02 1.032607172877556678e+02 2.003379097786494754e+02
2.513506584477444790e+02 1.033926870271784821e+02 2.008803586438778268e+02
2.513823199775847570e+02 1.035983468758755919e+02 1.998648080694872533e+02
2.511894087979826224e+02 1.035170916223031696e+02 1.995494536284673472e+02
2.512852339590921815e+02 1.029264499859904731e+02 1.999551695152703701e+02
2.512829924348557142e+02 1.028809190249369578e+02 1.994256094144018050e+02
2.511936116559260199e+02 1.023330064443821783e+02 1.985658447744466173e+02
2.512325581395348877e+02 1.022691230036424770e+02 1.990112076211823933e+02
2.512437657607172810e+02 1.020602409638554207e+02 1.993111515830764802e+02
2.511386943121322588e+02 1.019845895208741950e+02 1.994361165592602845e+02
2.510547772485290068e+02 1.021203418324460586e+02 1.990119080975063071e+02
2.510431493415522652e+02 1.024562902773886179e+02 1.991216026898290750e+02
2.510907817315774651e+02 1.024324740823760180e+02 1.994617539927150460e+02
2.510934435416082806e+02 1.022020173718128291e+02 1.998391706360324918e+02
2.510393667694031876e+02 1.022793499579714194e+02 1.993065284393387628e+02
2.511263659288316035e+02 1.021127766881479459e+02 1.991753992715046309e+02
2.510175119080975037e+02 1.017975623423928226e+02 1.981903894648361018e+02
2.510722891566265105e+02 1.017713645278789585e+02 1.994960773325861680e+02
2.510123283833006553e+02 1.020077052395629096e+02 1.990818156346315391e+02
2.510368450546371548e+02 1.021842252731857599e+02 1.980589801064724043e+02
2.509523676099747718e+02 1.021019893527598725e+02 1.981772205099467499e+02
2.510486130568786791e+02 1.023883440739703019e+02 1.993744746427570647e+02
2.510610815354440888e+02 1.021753992715046166e+02 1.996164191650322266e+02
2.510357242925189212e+02 1.025365648641075893e+02 1.985798543009246373e+02
2.510914822079013788e+02 1.029658167553936607e+02 1.992782291958531857e+02
2.511322499299523656e+02 1.030222751471000322e+02 1.997455869991594284e+02
2.512010367049593640e+02 1.029778649481647506e+02 1.996315494536284803e+02
2.513297842532922459e+02 1.031906696553656531e+02 1.999334547492294689e+02
2.512426449985990473e+02 1.034411599887923785e+02 2.002098627066405072e+02
2.512722050994676408e+02 1.034548893247408188e+02 1.996521434575511478e+02
2.512953208181563411e+02 1.035944242084617599e+02 2.001552255533762832e+02
2.512038386102549623e+02 1.023814794059960747e+02 1.997609974782852476e+02
2.511159988792378783e+02 1.009915942841131908e+02 1.987942000560381075e+02
2.511485009806668529e+02 1.016944522275147165e+02 1.986272065004202716e+02
2.510626225833566707e+02 1.019058559820678056e+02 1.992125245166713228e+02
2.511421966937517425e+02 1.024092182684225207e+02 1.999013729335948426e+02
2.511414962174278571e+02 1.032930792939198597e+02 1.998461753992715160e+02
2.512979826281871567e+02 1.034613337069207120e+02 1.995749509666573260e+02
2.512848136732978332e+02 1.034864107593163283e+02 2.000724292518912932e+02
2.511323900252171484e+02 1.039595124684785645e+02 1.994571308489773003e+02
2.512087419445222736e+02 1.032516110955449733e+02 1.994459232277949070e+02
2.511014289717007557e+02 1.021040907817315713e+02 1.987093023255814046e+02
2.510798543009246373e+02 1.015467918184365317e+02 1.987406836648921171e+02
2.510692070608013466e+02 1.013348276828243257e+02 1.993056878677500663e+02
2.510200336228635365e+02 1.015261978145138642e+02 1.989864107593163283e+02
2.510920425889604815e+02 1.029658167553936607e+02 1.981850658447744422e+02
2.512475483328663586e+02 1.031182404034743598e+02 1.994012328383300598e+02
2.513056878677500663e+02 1.033013449145418861e+02 1.992660409078173132e+02
2.513281031101148812e+02 1.041947324180442678e+02 1.996598486971140289e+02
2.513736340711683965e+02 1.040225553376295835e+02 1.994808069487251316e+02
2.512538526197814406e+02 1.034023536004483077e+02 1.992530120481927725e+02
2.512345194732418179e+02 1.033712524516671323e+02 1.991616699355561764e+02
2.512771084337349521e+02 1.032321378537405394e+02 2.000075651442981268e+02
2.513411319697394219e+02 1.032248528999719781e+02 1.995152703838610364e+02
2.512838330064443824e+02 1.033760156906696608e+02 1.992506304286915224e+02
2.513119921546651767e+02 1.036040907817315713e+02 1.994764639955169514e+02
2.513363687307368934e+02 1.038342673017651947e+02 2.004100588400112031e+02
2.512654805267581821e+02 1.035376856262258372e+02 1.994201456990753627e+02
2.511923507985430035e+02 1.032548332866349057e+02 1.996803026057719137e+02
2.511895488932474052e+02 1.024872513309050106e+02 1.995857383020453995e+02
2.512839731017091651e+02 1.023946483608853981e+02 1.994551695152703701e+02
2.511449985990473408e+02 1.022552535724292539e+02 1.990802745867189572e+02
2.509305127486690878e+02 1.015021014289716987e+02 1.977560941440179363e+02
2.509193051274866946e+02 1.014952367609974715e+02 1.979065564583917194e+02
2.510895208741944487e+02 1.013260016811431825e+02 1.979604931353320296e+02
2.510474922947604455e+02 1.016770804146819813e+02 1.986922107032782208e+02
2.510591202017371870e+02 1.015592602970019556e+02 1.989469038946483579e+02
2.511120762118240464e+02 1.012965816755393718e+02 1.987177080414681996e+02
2.510756514429812398e+02 1.011556458391706315e+02 1.983810591202017406e+02
2.510655645839170518e+02 1.011274866909498513e+02 1.974048753152143547e+02
2.509621742785093943e+02 1.009281311291678378e+02 1.981550854581115289e+02
2.508360885402073279e+02 1.006172597366209089e+02 1.979971980947044017e+02
2.509061361725973711e+02 1.006724572709442356e+02 1.982413841412160309e+02
2.509221070327822929e+02 1.010224152423648150e+02 1.977325581395348877e+02
2.509918744746427706e+02 1.011096945923227821e+02 1.986131969739422800e+02
2.509497057999439562e+02 1.013337069207060779e+02 1.982807509106192185e+02
2.509687587559540418e+02 1.011249649761838043e+02 1.976291678341272018e+02
2.510694872513309122e+02 1.015453908657887325e+02 1.977013168954889295e+02
2.507922387223311773e+02 1.014698795180722897e+02 1.968236200616419183e+02
2.510557579153824577e+02 1.017052395629027757e+02 1.968725133090501629e+02
2.511819837489492784e+02 1.020832165872793524e+02 1.981871672737461552e+02
2.511898290837769707e+02 1.018887643597646360e+02 1.979907537125245085e+02
2.511699355561781886e+02 1.016335107873353820e+02 1.977217708041468143e+02
2.510989072569347229e+02 1.015727094424208445e+02 1.971438778369291072e+02
2.510808349677780882e+02 1.018561221630708928e+02 1.977535724292519035e+02
2.510801344914542028e+02 1.015565984869711400e+02 1.975806948725133054e+02
2.510445502942000644e+02 1.009401793219389134e+02 1.966776407957410981e+02
2.508552815914821963e+02 1.004621742785093801e+02 1.962516110955449733e+02
2.508271224432614304e+02 9.963547212104231221e+01 1.961760997478285162e+02
2.507793499579714194e+02 9.968912860745307114e+01 1.961010086859064074e+02
2.508690109274306508e+02 1.001318296441580316e+02 1.953461753992715160e+02
2.508673297842532861e+02 1.000560381059120232e+02 1.954957971420566025e+02
2.509041748388904409e+02 9.964275707481087352e+01 1.951857663210983560e+02
2.510144298122723399e+02 1.000061641916503277e+02 1.957074810871392572e+02
2.508817595965256260e+02 1.000693471560661294e+02 1.957259736620902117e+02
2.508156346315494432e+02 1.002418044270103650e+02 1.964745026618100212e+02
2.508510787335387988e+02 9.966979546091342002e+01 1.957310170916223058e+02
2.508863827402633717e+02 9.954006724572710141e+01 1.952890165312412307e+02
2.508719529279910319e+02 9.992266741384140971e+01 1.953841412160269044e+02
2.508161950126085742e+02 9.966363126926309235e+01 1.956817035584197129e+02
2.507850938638273988e+02 9.905912020173718702e+01 1.949085177920986212e+02
2.507644998599047312e+02 9.954020734099186996e+01 1.952539927150462233e+02
2.507531521434575552e+02 9.933524796861865980e+01 1.958416923507985530e+02
2.507423648080694818e+02 9.981339310731297587e+01 1.958320257775287132e+02
2.507818716727374522e+02 1.003816195012608574e+02 1.951203418324460586e+02
2.509186046511627808e+02 9.966068926870271127e+01 1.955214345755113357e+02
2.509404595124684647e+02 9.934141216026898746e+01 1.954610535163911322e+02
2.508743345474922819e+02 9.899495657046792019e+01 1.943841412160269044e+02
2.507867750070047634e+02 9.839296721770804766e+01 1.948019052956010171e+02
2.508811992154665234e+02 9.855631829644157449e+01 1.951489212664612012e+02
2.506971140375455320e+02 9.794200056038106084e+01 1.946786214625945775e+02
2.506231437377416569e+02 9.789745026618099644e+01 1.945224152423648150e+02
2.506616699355561764e+02 9.753600448304847248e+01 1.945316615298402780e+02
2.506952927991033846e+02 9.768310451106752623e+01 1.942912580554777264e+02
2.508222191089941191e+02 9.799593723732138528e+01 1.949533482768282511e+02
2.507447464275707603e+02 9.819333146539646862e+01 1.951448585037825580e+02
2.506455589801064718e+02 9.755813953488372192e+01 1.952936396749789765e+02
2.506120762118240464e+02 9.792981227234518826e+01 1.945661249649761828e+02
2.506263659288316035e+02 9.798837209302325846e+01 1.953670495937237206e+02
2.506017091622303212e+02 9.817245727094423557e+01 1.953855421686747036e+02
2.505898010647240142e+02 9.831773606052115611e+01 1.954606332305968124e+02
2.505924628747548297e+02 9.802199495657046668e+01 1.951102549733818989e+02
2.506339310731297303e+02 9.821910899411599871e+01 1.950676660128887647e+02
2.507184085177920849e+02 9.847786494816475056e+01 1.952755673858223702e+02
2.507219108994115970e+02 9.817792098627066366e+01 1.949312132249930016e+02
2.505396469599327531e+02 9.799145418884842229e+01 1.942780891005884030e+02
2.505270383861025607e+02 9.803796581675538846e+01 1.943503782572149134e+02
2.505795741103950718e+02 9.805659848697114001e+01 1.944108994115998996e+02
2.505874194452227641e+02 9.790879798262818667e+01 1.944314934155225671e+02
2.507097226113757245e+02 9.749537685626225425e+01 1.948868030260577200e+02
2.506206220229756241e+02 9.778103110114878405e+01 1.947552535724292397e+02
2.505805547772485227e+02 9.722541328103109493e+01 1.945906416363126823e+02
2.505414681983749006e+02 9.709064163631269651e+01 1.947995236760997386e+02
2.505210142897170158e+02 9.679994396189408690e+01 1.938150742504903405e+02
2.505396469599327531e+02 9.666629307929392212e+01 1.948203978705519717e+02
2.506141776407957309e+02 9.673760156906696750e+01 1.955602409638554207e+02
2.506115158307649153e+02 9.656514429812271771e+01 1.959149621742785143e+02
2.503571028299243437e+02 9.663126926309890052e+01 1.943154945362846604e+02
2.503114317736060457e+02 9.643891846455589700e+01 1.944495657046791735e+02
2.503547212104230937e+02 9.620425889604931058e+01 1.952908377696833782e+02
2.504321938918464525e+02 9.679097786494816091e+01 1.943636873073690197e+02
2.505515550574390602e+02 9.674852899971980946e+01 1.944763239002521686e+02
2.505266181003082124e+02 9.679293919865509110e+01 1.942542729055757889e+02
2.504027738862426418e+02 9.657397029980386094e+01 1.944436817035584113e+02
2.506877276548052578e+02 9.623788175959651880e+01 1.938510787335387988e+02
2.507901372933594928e+02 9.689660969459232831e+01 1.946382740263379105e+02
2.506126365928831490e+02 9.675511347716447119e+01 1.947863547212104152e+02
2.507003362286354786e+02 9.723059680582795750e+01 1.949554497057999356e+02
2.506438778369291072e+02 9.720916223031662184e+01 1.947474082376015758e+02
2.506447184085178037e+02 9.705884001120762150e+01 1.946318296441580173e+02
2.505965256374334444e+02 9.660955449705799936e+01 1.941588680302605781e+02
2.506591482207901436e+02 9.669501260857383329e+01 1.943711123564023637e+02
2.506972541328103148e+02 9.678509386382739876e+01 1.935661249649761828e+02
2.505963855421686617e+02 9.675721490613616993e+01 1.931305687867750009e+02
2.507048192771084416e+02 9.674880919024937498e+01 1.943087699635752301e+02
2.507720650042028581e+02 9.754006724572710141e+01 1.950091061922107087e+02
2.507684225273185632e+02 9.721518632670215254e+01 1.949261697954609076e+02
2.508226393947884674e+02 9.683286634911739554e+01 1.946669935556178075e+02
2.506636312692631066e+02 9.641944522275147733e+01 1.939243485570187602e+02
2.506115158307649153e+02 9.655113477164471192e+01 1.938426730176520039e+02
2.506036704959372514e+02 9.652984029139814481e+01 1.937094424208461874e+02
2.505333426730176427e+02 9.629069767441860961e+01 1.931300084057158983e+02
2.505808349677780882e+02 9.694774446623704023e+01 1.937869151022695462e+02
2.505388063883440850e+02 9.660114878117119019e+01 1.936517231717567995e+02
2.505105071448585079e+02 9.631969739422807208e+01 1.943000840571588697e+02
2.505225553376295977e+02 9.702535724292519603e+01 1.936989352759876795e+02
2.506773606052115326e+02 9.680708882039786545e+01 1.929613337069206978e+02
2.506880078453348233e+02 9.626842252731857741e+01 1.930962454469039074e+02
2.507013168954889295e+02 9.670411880078452782e+01 1.933851218828803553e+02
2.507168674698795314e+02 9.675665452507705311e+01 1.928991314093583753e+02
2.506696553656486515e+02 9.695544970579994981e+01 1.931346315494536157e+02
2.507042588960493106e+02 9.686592883160548695e+01 1.943184365368450415e+02
2.507077612776688227e+02 9.688470159708602125e+01 1.943559820678061101e+02
2.506933314653964828e+02 9.701400952647800580e+01 1.945757915382459942e+02
2.506982347996637657e+02 9.717287755673858385e+01 1.943056878677500663e+02
2.505246567666012822e+02 9.707411039506864370e+01 1.935362846735780238e+02
2.506405155505743778e+02 9.755421686746987575e+01 1.938935275987671503e+02
2.506791818436536801e+02 9.762454469038947025e+01 1.940278789576912288e+02
2.506273465956850544e+02 9.789380778929671578e+01 1.948641075931633395e+02
2.506297282151863328e+02 9.765858783973101254e+01 1.947831325301204686e+02
2.506120762118240464e+02 9.748472961613897780e+01 1.947052395629027615e+02
2.506706360325021024e+02 9.743765760717288060e+01 1.948003642476884352e+02
2.506451386943121236e+02 9.674236480806948180e+01 1.944593723732137960e+02
2.505572989632950396e+02 9.617315774726814936e+01 1.933670495937237206e+02
2.504802465676660006e+02 9.544115998879237850e+01 1.936102549733818989e+02
2.503303446343513485e+02 9.444578313253012425e+01 1.931476604090781848e+02
2.502598767161669855e+02 9.340823760156906985e+01 1.920054637153264139e+02
2.502303166152983920e+02 9.261375735500139683e+01 1.919646959932754271e+02
2.501723171756794670e+02 9.202115438498178435e+01 1.922272345194732281e+02
2.499745026618100212e+02 9.216839450826562086e+01 1.917734659568506572e+02
2.502017371812832778e+02 9.224782852339590988e+01 1.917347996637713550e+02
2.502049593723732244e+02 9.154160829363966911e+01 1.912499299523676086e+02
2.502685626225833460e+02 9.209050154104791375e+01 1.925168114317736183e+02
2.501343513589240786e+02 9.151414962174278855e+01 1.918583636873073601e+02
2.501179602129448085e+02 9.122905575791537558e+01 1.909323339871112353e+02
2.499526478005043373e+02 9.068422527318575987e+01 1.913685906416363025e+02
2.500984869711403746e+02 9.104146819837490057e+01 1.914251891286074567e+02
2.500864387783692848e+02 9.134351358924068620e+01 1.917147660409078185e+02
2.500766321098346907e+02 9.173606052115438558e+01 1.914997198094704345e+02
2.501141776407957309e+02 9.175259176239842418e+01 1.910294200056038108e+02
2.500956850658447763e+02 9.195082656206220406e+01 1.919774446623704023e+02
2.500575791538246051e+02 9.158573830204538524e+01 1.914463435135892269e+02
2.501756794620341964e+02 9.168492574950967366e+01 1.921471000280190538e+02
2.502050994676380071e+02 9.181829644158027293e+01 1.925879798262818667e+02
2.501161389745026611e+02 9.190585598206780560e+01 1.919331745586999034e+02
2.501272065004202716e+02 9.232362006164191826e+01 1.922011768002241467e+02
2.501587279349957953e+02 9.214471840851778950e+01 1.916894087979826224e+02
2.500928831605491780e+02 9.150070047632389958e+01 1.916364527878957631e+02
2.500864387783692848e+02 9.173157747268142259e+01 1.925149901933314709e+02
2.500644438217988181e+02 9.160030820958252207e+01 1.927437657607172810e+02
2.500755113477164571e+02 9.135135892406836433e+01 1.928451947324180367e+02
2.500137293359484545e+02 9.132824320537966400e+01 1.914749229476043695e+02
2.501172597366208947e+02 9.114639955169515417e+01 1.913835808349677734e+02
2.500947043989913254e+02 9.139114597926590022e+01 1.923723732137853801e+02
2.502775287195292719e+02 9.136340711683945415e+01 1.928596245446903765e+02
2.500397870551975359e+02 9.148178761557859673e+01 1.917908377696833782e+02
2.500292799103390280e+02 9.170509946763799292e+01 1.924560100868590666e+02
2.500697674418604777e+02 9.186466797422247055e+01 1.923520594003922781e+02
2.502170075651442858e+02 9.170439899131409334e+01 1.920818156346315391e+02
2.500984869711403746e+02 9.160703278229195234e+01 1.928879237881759536e+02
2.500878397310170840e+02 9.202059400392266753e+01 1.923395909218268400e+02
2.501064724012328497e+02 9.198865228355280976e+01 1.931966937517511838e+02
2.500554777248528922e+02 9.220033622863547862e+01 1.934873914261698076e+02
2.501284673578033164e+02 9.204707200896609720e+01 1.930962454469039074e+02
2.502049593723732244e+02 9.215550574390586291e+01 1.929502661810030872e+02
2.501751190809750653e+02 9.250252171476604701e+01 1.920575791538246051e+02
2.500298402913981590e+02 9.185261978145138073e+01 1.918454749229476022e+02
2.500949845895208625e+02 9.219907537125244801e+01 1.927792098627066366e+02
2.503547212104230937e+02 9.179504062762678984e+01 1.933900252171476666e+02
2.503443541608293685e+02 9.176435976463994848e+01 1.934113196973942195e+02
2.502929391986550911e+02 9.159694592322779272e+01 1.930879798262818667e+02
2.503478565424488522e+02 9.163967497898570969e+01 1.924775847576351850e+02
2.504041748388904409e+02 9.239576912300364597e+01 1.925755113477164571e+02
2.504256094144018050e+02 9.269767441860464885e+01 1.926175399271504602e+02
2.504257495096665593e+02 9.270734099187447441e+01 1.938345474922947744e+02
2.503973101709162279e+02 9.243429532081815125e+01 1.927619781451386984e+02
2.504698795180722755e+02 9.204665172317176314e+01 1.933031661529840335e+02
2.505386662930793022e+02 9.233931073129728873e+01 1.935274586718968806e+02
2.504998599047352172e+02 9.230162510507145157e+01 1.929254693191370222e+02
2.504928551414962214e+02 9.197688428131128546e+01 1.934780050434295333e+02
2.504663771364527918e+02 9.191804427010366396e+01 1.927751471000280219e+02
2.504865508545811110e+02 9.205884001120762150e+01 1.934599327542728986e+02
2.506433174558700046e+02 9.244087979826281298e+01 1.942859344354160953e+02
2.505764920145699080e+02 9.260226954328943805e+01 1.933926870271784821e+02
2.505585598206780560e+02 9.284323339871112069e+01 1.932657607172877476e+02
2.504882319977584757e+02 9.286999159428411588e+01 1.935186326702157373e+02
2.506672737461473730e+02 9.332151863267021952e+01 1.939415802745867268e+02
2.502616979546091329e+02 9.363897450266181011e+01 1.938268422527318648e+02
2.503409918744746392e+02 9.410395068646680272e+01 1.944222471280470756e+02
2.505250770523956305e+02 9.435275987671616349e+01 1.942090221350518391e+02
2.503811992154665234e+02 9.462468478565423879e+01 1.936801625105071309e+02
2.503500980666853479e+02 9.413631269263099455e+01 1.942806108153544358e+02
2.503699915942841017e+02 9.424600728495376245e+01 1.941768002241524300e+02
2.505721490613617277e+02 9.510367049593723721e+01 1.956863267021574586e+02
2.505077052395629096e+02 9.526786214625946059e+01 1.949404595124684647e+02
2.504995797142056517e+02 9.510423087699635403e+01 1.956884281311291716e+02
2.504033342673017728e+02 9.523942280750910072e+01 1.950601008685906379e+02
2.506567666012888651e+02 9.536368730736900545e+01 1.949932754272905697e+02
2.506322499299523656e+02 9.570047632390024717e+01 1.941706360325021024e+02
2.505819557298963218e+02 9.582880358643878083e+01 1.943348276828243115e+02
2.505222751471000322e+02 9.555996077332585514e+01 1.942287755673858101e+02
2.502632390025217148e+02 9.557144858503782814e+01 1.943419725413280901e+02
2.503859624544690519e+02 9.539618940879798004e+01 1.949006724572709572e+02
2.503044270103670499e+02 9.497674418604651692e+01 1.941043709722611368e+02
2.504068366489212565e+02 9.461627906976744384e+01 1.945542168674698758e+02
2.504313533202577844e+02 9.446483608854020986e+01 1.945065844774446759e+02
2.503488372093023315e+02 9.403908657887363631e+01 1.933477164471840979e+02
2.502927991033903083e+02 9.349285514149622145e+01 1.939365368450546327e+02
2.503363687307368934e+02 9.367063603250210235e+01 1.937205099467637979e+02
2.503712524516671465e+02 9.366923507985430319e+01 1.932623984309330467e+02
2.501353320257775295e+02 9.368758755954048922e+01 1.937282151863267075e+02
2.501102549733818989e+02 9.397156066124965434e+01 1.941543849817876151e+02
2.503345474922947744e+02 9.350266181003081556e+01 1.939228075091061783e+02
2.502876155785934316e+02 9.363323059680583071e+01 1.950402073409918842e+02
2.503697114037545646e+02 9.365256374334548184e+01 1.946745586999159343e+02
2.502458671896889939e+02 9.392560941440179079e+01 1.939574110395068658e+02
2.502399831885682318e+02 9.386887083216586802e+01 1.938578033062482575e+02
2.504233678901653093e+02 9.373521994956570325e+01 1.937000560381059131e+02
