2.530395339954163489e+02 6.841377005347592899e+01 1.703034759358288852e+02
2.526124904507257440e+02 6.782935446906034826e+01 1.687658517952635577e+02
2.525088808250573038e+02 6.662118029029794286e+01 1.672092245989304899e+02
2.525947288006111648e+02 6.925878533231474421e+01 1.677076012223071189e+02
2.524462375859434644e+02 6.844537815126049907e+01 1.674933155080213965e+02
2.525418258212375804e+02 6.827778838808249873e+01 1.674829067990832812e+02
2.527252673796791385e+02 6.813254392666156889e+01 1.672296600458365106e+02
2.527861917494270472e+02 6.778972498090145393e+01 1.677363445378151141e+02
2.526524064171123030e+02 6.732582123758594150e+01 1.670354278074866272e+02
2.527813216195569055e+02 6.810876623376623229e+01 1.682099885408708815e+02
2.527494270435446992e+02 6.783947669977081318e+01 1.682835179526356058e+02
2.527808441558441643e+02 6.835695187165775621e+01 1.681666348357524896e+02
2.527895339954163489e+02 6.812003437738731293e+01 1.689678189457601150e+02
2.527186783804430945e+02 6.782782658517952257e+01 1.685982620320855574e+02
2.526977654698243043e+02 6.810265469824292950e+01 1.688282085561497468e+02
2.527238349885408581e+02 6.811115355233002333e+01 1.689276165011459057e+02
2.527897249809014397e+02 6.812519098548510499e+01 1.688737585943468389e+02
2.527765469824293234e+02 6.792045454545454675e+01 1.685248281130634211e+02
2.529406990068754908e+02 6.815307486631016332e+01 1.695221543162719513e+02
2.528406226126814431e+02 6.798347975553858191e+01 1.688584797555385819e+02
2.527788388082505833e+02 6.803428189457601150e+01 1.687036860198624879e+02
2.528255347593582769e+02 6.797851413292589484e+01 1.686716959511077221e+02
2.527904889228418597e+02 6.791758976317800034e+01 1.686051375095492801e+02
2.527460847975553975e+02 6.787032085561497752e+01 1.684370702826585102e+02
2.527079831932773004e+02 6.782400687547746543e+01 1.676354087089381153e+02
2.527291825821237694e+02 6.784253246753246458e+01 1.684292398777692767e+02
2.526981474407944859e+02 6.800095492742551073e+01 1.686204163483575371e+02
2.526050420168067205e+02 6.743229564553094235e+01 1.681695951107715814e+02
2.524170168067226996e+02 6.649961802902979002e+01 1.672014896867838161e+02
2.523540870893812098e+02 6.580720015278838275e+01 1.666887891520244409e+02
2.522404507257448358e+02 6.572717723453017413e+01 1.659446142093200933e+02
2.522674751718869288e+02 6.564056531703590736e+01 1.652530557677616514e+02
2.523559969442322313e+02 6.541243315508020828e+01 1.649818563789152108e+02
2.523023300229182553e+02 6.557925897631780288e+01 1.653758594346829511e+02
2.523468296409472771e+02 6.546419022154316281e+01 1.658353705118410915e+02
2.523668831168831161e+02 6.550296027501909180e+01 1.664432773109243726e+02
2.524773682200152791e+02 6.588015660809777785e+01 1.664079449961802766e+02
2.525957792207792068e+02 6.691071428571429180e+01 1.673022345301756957e+02
2.525807868601986286e+02 6.674914056531703466e+01 1.670789724980901383e+02
2.525692322383498833e+02 6.689467150496562908e+01 1.673709893048128379e+02
2.526779984721161156e+02 6.716997708174179138e+01 1.678036669213139760e+02
2.526619556913674671e+02 6.684940794499618733e+01 1.680461229946523929e+02
2.526878342245989302e+02 6.720330404889227793e+01 1.682382543926661640e+02
2.526949961802903033e+02 6.719738349885408013e+01 1.681776165011459057e+02
2.526898395721925112e+02 6.740765851795264041e+01 1.680333269671504866e+02
2.527263177998472088e+02 6.719757448433918512e+01 1.674000190985485119e+02
2.527358670741023730e+02 6.721103896103896602e+01 1.673103514132925795e+02
2.527676661573720480e+02 6.739954163483575655e+01 1.677490450725744893e+02
2.527767379679144426e+02 6.717637509549274455e+01 1.676803857906799067e+02
2.527198242933536960e+02 6.734224598930481420e+01 1.671943277310924429e+02
2.526569900687547658e+02 6.641768525592054573e+01 1.668411955691367439e+02
2.526568945760122347e+02 6.611325439266616399e+01 1.669258976317799750e+02
2.526255729564553008e+02 6.640985485103132646e+01 1.671643430099312582e+02
2.526398968678380470e+02 6.614782276546982587e+01 1.667296600458365106e+02
2.525780175706646276e+02 6.563559969442322028e+01 1.663547555385790702e+02
2.523877960275019063e+02 6.548930481283422012e+01 1.664385981665393501e+02
2.524524446142093268e+02 6.519203590527119729e+01 1.655118411000763956e+02
2.525423987776928811e+02 6.558155080213903432e+01 1.667437929717341376e+02
2.523996371275783019e+02 6.509224598930481420e+01 1.665553857906799067e+02
2.524772727272727195e+02 6.563932391138273204e+01 1.662220206264323963e+02
2.525012414056531611e+02 6.564658135981665055e+01 1.660826967150496500e+02
2.524407944996180220e+02 6.531932773109244295e+01 1.662844728800611165e+02
2.523855042016806749e+02 6.530500381970969670e+01 1.660098357524828145e+02
2.523848357524828145e+02 6.564715431627196551e+01 1.665741023682200250e+02
2.524888273491214647e+02 6.541252864782276788e+01 1.677880061115355375e+02
2.524753628724216981e+02 6.562289915966385934e+01 1.673309778456837194e+02
2.524691558441558357e+02 6.557076012223070904e+01 1.668914247517188585e+02
2.524192131398013714e+02 6.560972116119174302e+01 1.670818372803666989e+02
2.525907181054239743e+02 6.550372421695951175e+01 1.683162719633307916e+02
2.526022727272727195e+02 6.590011459129105731e+01 1.684702062643239060e+02
2.525889037433155124e+02 6.582056913674560406e+01 1.682974598930481420e+02
2.525669404125286519e+02 6.571485867074102316e+01 1.675413483575248392e+02
2.524927425515660673e+02 6.555758212375859273e+01 1.669243697478991635e+02
2.525477463712757924e+02 6.580366692131397599e+01 1.674385026737967905e+02
2.525656035141329312e+02 6.583661191749426678e+01 1.675186210847975588e+02
2.525118411000763956e+02 6.584711611917494167e+01 1.669346829640947192e+02
2.525767761650114664e+02 6.594127196333079155e+01 1.672340527119938827e+02
2.525365737203972571e+02 6.588139801375095317e+01 1.672568754774637227e+02
2.526053284950343709e+02 6.589533995416348944e+01 1.676280557677616514e+02
2.526331168831168839e+02 6.593678380443085985e+01 1.678307868601986286e+02
2.526073338426279520e+02 6.589448051948052409e+01 1.682458938120702783e+02
2.525322765469824162e+02 6.567637509549274455e+01 1.669346829640947192e+02
2.525372421695951175e+02 6.533011841100076822e+01 1.672657563025209981e+02
2.524858670741023730e+02 6.434100458365163888e+01 1.664422268907563023e+02
2.523148395721925112e+02 6.398701298701298867e+01 1.652784568372803733e+02
2.523749045072574404e+02 6.403686019862490753e+01 1.654909281894576054e+02
2.523319327731092301e+02 6.395874713521772037e+01 1.657288961038960906e+02
2.523610580595874637e+02 6.346648204736440135e+01 1.663491214667685369e+02
2.523225744843391851e+02 6.363483575248281454e+01 1.660220588235294201e+02
2.522989877769289535e+02 6.370779220779220964e+01 1.664992360580595800e+02
2.522936401833460707e+02 6.349255156608097650e+01 1.666716959511077221e+02
2.522461802902979287e+02 6.352301375095493086e+01 1.658395721925133728e+02
2.522510504201680703e+02 6.325611153552330279e+01 1.658683155080213965e+02
2.522282276546982303e+02 6.279765087853323280e+01 1.655767761650114664e+02
2.521825821237586069e+02 6.267589763177998208e+01 1.652503819709702100e+02
2.522435064935064872e+02 6.308422459893048284e+01 1.657372994652406533e+02
2.522500000000000000e+02 6.405700916730329197e+01 1.669006875477463723e+02
2.524116692131397883e+02 6.413999236058059239e+01 1.666104851031321630e+02
2.525113636363636260e+02 6.482056913674560406e+01 1.676929908326967222e+02
2.525761077158136061e+02 6.484511077158136061e+01 1.671287242169595118e+02
2.525834606569900700e+02 6.443802521008403517e+01 1.670445951107715814e+02
2.525680863254392534e+02 6.397975553857907016e+01 1.666409472880061173e+02
2.524239877769289535e+02 6.276661573720397058e+01 1.659437547746371138e+02
2.521419022154316281e+02 6.044957983193277329e+01 1.633820664629488135e+02
2.520842245989304899e+02 5.989027883880824987e+01 1.627541061879297217e+02
2.520230137509549309e+02 5.994938884644766830e+01 1.633855996944232345e+02
2.521282467532467422e+02 6.094260886172651226e+01 1.640591100076394184e+02
2.521540297937356740e+02 6.119432773109243584e+01 1.637872421695951175e+02
2.523747135217723496e+02 6.147192513368983668e+01 1.636310160427807432e+02
2.525123185637891652e+02 6.165899541634835401e+01 1.644980901451489785e+02
2.525617838044308598e+02 6.212318563789151682e+01 1.653206646294881637e+02
2.525823147440794401e+02 6.246590909090909349e+01 1.656038006111535594e+02
2.524248472116119046e+02 6.261974789915966255e+01 1.655114591291061856e+02
2.524264705882353041e+02 6.264180672268907557e+01 1.654986631016042793e+02
2.523810160427807432e+02 6.254239877769289535e+01 1.650836516424751608e+02
2.524164438502673704e+02 6.224169213139801116e+01 1.650375286478227679e+02
2.524224598930481420e+02 6.209902597402597735e+01 1.648001336898395834e+02
2.522625095492742560e+02 6.165727654698243043e+01 1.642297555385790702e+02
2.523187547746371138e+02 6.188130252100840067e+01 1.646706455309396517e+02
2.523433919022154441e+02 6.236726508785332612e+01 1.645879488158900017e+02
2.525201489686783702e+02 6.292580213903743669e+01 1.660399159663865589e+02
2.524850076394193934e+02 6.395387700534759290e+01 1.659550229182582086e+02
2.525528074866310249e+02 6.391663483575248250e+01 1.662641329258976270e+02
2.525109816653934161e+02 6.379593200916730211e+01 1.663528456837280487e+02
2.525088808250573038e+02 6.297297555385790702e+01 1.653686974789916064e+02
2.525282658517952541e+02 6.280280748663101775e+01 1.654216959511077221e+02
2.525197669977081603e+02 6.267140947288006458e+01 1.655794499618029079e+02
2.525145148968678370e+02 6.289018334606569738e+01 1.660785905271199283e+02
2.524911191749426962e+02 6.281006493506493626e+01 1.657971734148204632e+02
2.524564553093964889e+02 6.251613827349121522e+01 1.660690412528647926e+02
2.524885408708938144e+02 6.234367838044308741e+01 1.656195569136745576e+02
2.525433537051184203e+02 6.275162337662337819e+01 1.666968105423987652e+02
2.524945569136745576e+02 6.285475553857907016e+01 1.660364782276546975e+02
2.525395339954163489e+02 6.298624904507257583e+01 1.656225171886936494e+02
2.525274064171123030e+02 6.296543162719633102e+01 1.661637700534759290e+02
2.524570282658517897e+02 6.280643621084797701e+01 1.657894385026737893e+02
2.524069900687547658e+02 6.234778456837280203e+01 1.655450725744843510e+02
2.522327158135981620e+02 6.218363254392666306e+01 1.651201298701298583e+02
2.521708365164247425e+02 6.178418640183345900e+01 1.651513559969442326e+02
2.522380634071810448e+02 6.167627960275019205e+01 1.649819518716577420e+02
2.521013177998472088e+02 6.126069518716577278e+01 1.644272345301756957e+02
2.520831741787624196e+02 6.081455309396486086e+01 1.638172268907563023e+02
2.519564553093964889e+02 6.021419022154316281e+01 1.635146103896103966e+02
2.521210847975553975e+02 6.068936210847975588e+01 1.644577922077922096e+02
2.522146676852559324e+02 6.145588235294117396e+01 1.659993315508021396e+02
2.521049465240641609e+02 6.073901833460656974e+01 1.650890947288006032e+02
2.520247326203208615e+02 6.003771963330786576e+01 1.632252673796791385e+02
2.520020053475935811e+02 6.002711993888464548e+01 1.629731665393429978e+02
2.520415393430099300e+02 6.001928953399541911e+01 1.634804239877769305e+02
2.521667303284950208e+02 6.042484721161191885e+01 1.641380825057295567e+02
2.523225744843391851e+02 6.099952253628724463e+01 1.645743888464476754e+02
2.524070855614973254e+02 6.215784950343773829e+01 1.657060733384262790e+02
2.523643048128342343e+02 6.240899541634835401e+01 1.658953399541634894e+02
2.523485485103132078e+02 6.214562643239113982e+01 1.652583078686019746e+02
2.523696524064171172e+02 6.141157372039725004e+01 1.656186974789916064e+02
2.521830595874713481e+02 5.993907563025209839e+01 1.633758594346829511e+02
2.521301566080977921e+02 5.983737585943467963e+01 1.638785332314744210e+02
2.519728800611153474e+02 6.015699006875477295e+01 1.632175324675324646e+02
2.521099121466768622e+02 6.026680672268907557e+01 1.631061879297173505e+02
2.521648204736439993e+02 6.031025592055004125e+01 1.642713903743315598e+02
2.522730137509549309e+02 6.040173796791443550e+01 1.647604087089381153e+02
2.523316462948815797e+02 6.035924369747899476e+01 1.643886554621848859e+02
2.522046409472879986e+02 5.996017952635599357e+01 1.636891711229946509e+02
2.521440030557677687e+02 5.977158135981665055e+01 1.628389992360580720e+02
2.520241596638655324e+02 5.978542780748663432e+01 1.630090718105423946e+02
2.519551184110007682e+02 5.923042398777693052e+01 1.625815508021390485e+02
2.518681245225362773e+02 5.855519480519480169e+01 1.628476890756302566e+02
2.517812261268143743e+02 5.816147822765469755e+01 1.625677043544690719e+02
2.520049656226126729e+02 5.942284186401833779e+01 1.635741023682200250e+02
2.521587089381206965e+02 5.996695951107715672e+01 1.643144576012223013e+02
2.522497135217723496e+02 6.052415966386554658e+01 1.645911000763941843e+02
2.521751336898395834e+02 6.054058441558441217e+01 1.651032276546982303e+02
2.521077158135981620e+02 6.026384644766997667e+01 1.643159854851031412e+02
2.522104660045836511e+02 6.035322765469824446e+01 1.648328877005347692e+02
2.521746562261268139e+02 6.014772727272727337e+01 1.651418067226890685e+02
2.521522154316271838e+02 6.014810924369747624e+01 1.649371657754010698e+02
2.522248854087089285e+02 5.980920550038197092e+01 1.656284377387318614e+02
2.522990832696715131e+02 6.016816271963330820e+01 1.656041825821237694e+02
2.522667112299465373e+02 6.029153934300993001e+01 1.656951871657753941e+02
2.520445951107715814e+02 5.937996562261267997e+01 1.647230710466004666e+02
2.522372994652406533e+02 5.966587089381206965e+01 1.649854851031321630e+02
2.522685255920549992e+02 5.953103514132926222e+01 1.650636936592818813e+02
2.522691940412528595e+02 5.996982429335370313e+01 1.653464476699770955e+02
2.522648968678380470e+02 6.004192131398013998e+01 1.652926852559205599e+02
2.521951871657753941e+02 6.020721925133690178e+01 1.653237203972498151e+02
2.522230710466004666e+02 6.020168067226890685e+01 1.649939839572192568e+02
2.522022536287242076e+02 5.995024828113063364e+01 1.644875859434683036e+02
2.521336898395721846e+02 5.961783804430863398e+01 1.642182964094728845e+02
2.521201298701298583e+02 5.987375859434683179e+01 1.641103896103896034e+02
2.519812834224598816e+02 5.967914438502673846e+01 1.641921313980137427e+02
2.520444041252864906e+02 5.962681436210848318e+01 1.639576012223071189e+02
2.520742933537051158e+02 5.960370511841099983e+01 1.641133498854086952e+02
2.520354278074866272e+02 5.945884262796027286e+01 1.640359052711993968e+02
2.519070855614973254e+02 5.818391902215431344e+01 1.630891902215431628e+02
2.519757448433919080e+02 5.886535523300229045e+01 1.638421504965622546e+02
2.520472689075630228e+02 5.939935064935065157e+01 1.647755920550038127e+02
2.520341864018334661e+02 5.958661191749427388e+01 1.651423796791443976e+02
2.520436401833460707e+02 5.977349121466768622e+01 1.650465049656226029e+02
2.521030366692131395e+02 6.055500381970970381e+01 1.648778647822765606e+02
2.522997517188693735e+02 6.108871275783040744e+01 1.656541252864782336e+02
2.522649923605806066e+02 6.092417876241405850e+01 1.653533231474407899e+02
2.523063407181054174e+02 6.053504583651642434e+01 1.645203399541634894e+02
2.522725362872421613e+02 6.009826203208556450e+01 1.641748472116119046e+02
2.521988158899923747e+02 6.016930863254392392e+01 1.636869747899159790e+02
2.523392857142857224e+02 6.079612299465240710e+01 1.644370702826585102e+02
2.523911382734912081e+02 6.147450343773873271e+01 1.645252100840336027e+02
2.523934300993124396e+02 6.210189075630252376e+01 1.648604851031321630e+02
2.524166348357524896e+02 6.257257448433919222e+01 1.654462375859434644e+02
2.524246562261268139e+02 6.264237967914438343e+01 1.649040297937356740e+02
2.525386745607333978e+02 6.281970970206264582e+01 1.658467341482047459e+02
2.525701871657753941e+02 6.291166921313980254e+01 1.656814362108479770e+02
2.524871084797555341e+02 6.216090527119938969e+01 1.651713139801375121e+02
2.523581932773109315e+02 6.170884262796027286e+01 1.646986249045072555e+02
2.522793162719633244e+02 6.193277310924369772e+01 1.650353323147440676e+02
2.522745416348357423e+02 6.193869365928189552e+01 1.647912528647822796e+02
2.522967914438502532e+02 6.171543162719633102e+01 1.644850076394193934e+02
2.523566653934300916e+02 6.178342245989304615e+01 1.644730710466004666e+02
2.523320282658517897e+02 6.126757066462948842e+01 1.642946906035141410e+02
2.521942322383498833e+02 6.129077540106951716e+01 1.638187547746371138e+02
2.522071237585943493e+02 6.114868220015279121e+01 1.634207410236822113e+02
2.521009358288769988e+02 6.049035523300229045e+01 1.628091100076394184e+02
2.521329258976317931e+02 5.998787242169595402e+01 1.625463139801375121e+02
2.521436210847975588e+02 6.069413674560733085e+01 1.629344919786096284e+02
2.521642475171886986e+02 6.088283040488922637e+01 1.633768143621084903e+02
2.522187738731856257e+02 6.052969824293353440e+01 1.637086516424751608e+02
2.523904698242933478e+02 6.128495034377387185e+01 1.643421504965622546e+02
2.523337471352177204e+02 6.151575630252100524e+01 1.637533422459893018e+02
2.523222880061115347e+02 6.127053093964858732e+01 1.635937738731856257e+02
2.523718487394957890e+02 6.132410236822001792e+01 1.642079831932773004e+02
2.523018525592055141e+02 6.110236822001527912e+01 1.639714476699770955e+02
2.523295454545454675e+02 6.142771199388846526e+01 1.642917303284950208e+02
2.522675706646294884e+02 6.167599312452253457e+01 1.639672459893048142e+02
2.523438693659281853e+02 6.126613827349121522e+01 1.639468105423987652e+02
2.521526928953399533e+02 6.067379679144384852e+01 1.637245989304812781e+02
2.521378915202444659e+02 5.970588235294117396e+01 1.625799274255156490e+02
2.520040106951871621e+02 5.966386554621848859e+01 1.632929717341482103e+02
2.518424369747899050e+02 5.922507639419404057e+01 1.622098930481283503e+02
2.518754774637127696e+02 5.924064171122994793e+01 1.622597402597402549e+02
2.519144385026737893e+02 5.904421313980137853e+01 1.621404698242933478e+02
2.518262032085561373e+02 5.824684873949579611e+01 1.624377387318563706e+02
2.520267379679144426e+02 5.918907563025209839e+01 1.625550038197096967e+02
2.520119365928189552e+02 5.906331168831168554e+01 1.625532849503437660e+02
2.521311115355233028e+02 5.951613827349121522e+01 1.623639228418640243e+02
2.521787624140565356e+02 6.002282276546982587e+01 1.638018525592055141e+02
2.521629106187929779e+02 5.998854087089381437e+01 1.638429144385026746e+02
2.520731474407944859e+02 6.014887318563788909e+01 1.637769289533995334e+02
2.520212948815890002e+02 6.017284186401833779e+01 1.648072956455309281e+02
2.520750572956455358e+02 6.040202444614209298e+01 1.651817226890756274e+02
2.521834415584415581e+02 6.057171504965622688e+01 1.653843582887700450e+02
2.522077922077922096e+02 6.075868983957219172e+01 1.653052902979373471e+02
2.523348930481283503e+02 6.078810160427807574e+01 1.657347211611917430e+02
2.523433919022154441e+02 6.119404125286478546e+01 1.657621275783040460e+02
2.524057486631016047e+02 6.088665011459129062e+01 1.658083460656989985e+02
2.522250763941940477e+02 6.083976317799847067e+01 1.657127578304048825e+02
2.523134071810542309e+02 6.063922841864018665e+01 1.663160809778456724e+02
2.521633880825057190e+02 6.065106951871657515e+01 1.658344155844155807e+02
2.521153552330023047e+02 6.037738731856379104e+01 1.651113445378151141e+02
2.522135217723453025e+02 6.069012605042016872e+01 1.649734530175706766e+02
2.521775210084033745e+02 6.061048510313216298e+01 1.645902406417112331e+02
2.521144003055767655e+02 6.003810160427807574e+01 1.644052711993888352e+02
2.520275974025973937e+02 5.991310160427807574e+01 1.645080213903743243e+02
2.519302902979373471e+02 5.972440794499618022e+01 1.642761650114591419e+02
2.518423414820473738e+02 5.979488158899923889e+01 1.642665202444614181e+02
2.519343964858670688e+02 5.980576776165011665e+01 1.643707028265851875e+02
2.519156799083269789e+02 5.974933155080213965e+01 1.639398395721925112e+02
2.519004010695187219e+02 5.991214667685255790e+01 1.646044690603514198e+02
2.519703017570664656e+02 6.004488158899923889e+01 1.639848166539343026e+02
2.518945760122230695e+02 5.998204736440030871e+01 1.637997517188693735e+02
2.520645530939648609e+02 5.997459893048128521e+01 1.641184110007639561e+02
2.522141902215431628e+02 6.046037051184109856e+01 1.648654507257448358e+02
2.520733384262796051e+02 6.042064553093965174e+01 1.643541825821237694e+02
2.521626241405653275e+02 6.042923987776929096e+01 1.638079640947287885e+02
2.522696715049656291e+02 6.032734912146676720e+01 1.646677807486630911e+02
2.522101795263560007e+02 6.026766615737204091e+01 1.635254965622612815e+02
2.523468296409472771e+02 6.051948051948051699e+01 1.644675324675324646e+02
2.524274255156608149e+02 6.083097784568372646e+01 1.643311688311688386e+02
2.523550420168067205e+02 6.079946524064170887e+01 1.644187356760886303e+02
2.523550420168067205e+02 6.113607715813598276e+01 1.648542780748663006e+02
2.522996562261268139e+02 6.097316653934301200e+01 1.636210847975553975e+02
2.523716577540106982e+02 6.078332696715049366e+01 1.636782849503437660e+02
2.523694614209319980e+02 6.081254774637127269e+01 1.635274064171123030e+02
2.522826585179526262e+02 6.067580213903743669e+01 1.632181054239877653e+02
2.522521963330786718e+02 6.075639801375095317e+01 1.640781130634071872e+02
2.521976699770817447e+02 6.072144766997708132e+01 1.635241596638655324e+02
2.521655844155844193e+02 6.031837280366691800e+01 1.631092436974790019e+02
2.521056149732620213e+02 6.023739495798319155e+01 1.636328304048892335e+02
2.520070664629488135e+02 6.005395339954163347e+01 1.631651069518716497e+02
2.520257830404889319e+02 5.989562643239113982e+01 1.625364782276546975e+02
2.520825057295645593e+02 6.055118411000763956e+01 1.635664629488158823e+02
2.520923414820473738e+02 6.106694041252864480e+01 1.634816653934300916e+02
2.520900496562261139e+02 6.084988540870893559e+01 1.635699006875477437e+02
2.521060924369747909e+02 6.076375095492742417e+01 1.630720970206264440e+02
2.521464858670740909e+02 6.115565317035905224e+01 1.640902406417112331e+02
2.521266233766233711e+02 6.142341482047364565e+01 1.644460466004583736e+02
2.522569709702062539e+02 6.178791061879297075e+01 1.647447478991596768e+02
2.523434873949579753e+02 6.182257448433919222e+01 1.652593582887700450e+02
2.522741596638655324e+02 6.194299083269671513e+01 1.647449388846447675e+02
2.523293544690603483e+02 6.218220015278838986e+01 1.650809778456837194e+02
2.523554239877769305e+02 6.209071810542398850e+01 1.651167876241405565e+02
2.524917876241405565e+02 6.261038961038961048e+01 1.662148586707410232e+02
2.525908135981665339e+02 6.335523300229182553e+01 1.657184873949579753e+02
2.525778265851795368e+02 6.302635599694423263e+01 1.657918258212375804e+02
2.526015087853323280e+02 6.282706264323911682e+01 1.652786478227654641e+02
2.524067990832696751e+02 6.233145530939648893e+01 1.643517952635599784e+02
2.524643812070282536e+02 6.231636745607333694e+01 1.644189266615737210e+02
2.525087853323147442e+02 6.272975553857907016e+01 1.646271963330786718e+02
2.524666730328495134e+02 6.302339572192513373e+01 1.652055003819709782e+02
2.526034186401833495e+02 6.382563025210084362e+01 1.660791634835752575e+02
2.527171504965622546e+02 6.417370129870130313e+01 1.673153170359052808e+02
2.527472307104659990e+02 6.416749427043544074e+01 1.670965431627196267e+02
2.527443659281894668e+02 6.399341100076394184e+01 1.668095874713521880e+02
2.526140183346065839e+02 6.289247517188693593e+01 1.657023491214667672e+02
2.525338044308632561e+02 6.306674942704354692e+01 1.659161573720397200e+02
2.524894957983193251e+02 6.298233384262795909e+01 1.661996753246753258e+02
2.523571428571428612e+02 6.304975171886936636e+01 1.660013368983957207e+02
2.523932391138273488e+02 6.311726508785332612e+01 1.654611344537815114e+02
2.524407944996180220e+02 6.303189457601222045e+01 1.659287624140565356e+02
2.524305767761649975e+02 6.294881588999236044e+01 1.652407372039724862e+02
2.524312452253628862e+02 6.304067990832696466e+01 1.656588999236058157e+02
2.523241978609625562e+02 6.320148968678380186e+01 1.651535523300229045e+02
2.522680481283422580e+02 6.274847211611917430e+01 1.648557104660045809e+02
2.522747326203208615e+02 6.264619938884644768e+01 1.645859434682964206e+02
2.522166730328495134e+02 6.244432773109243584e+01 1.649936019862490468e+02
2.521440030557677687e+02 6.239352559205500626e+01 1.646053284950343709e+02
2.522549656226126729e+02 6.247669977081741877e+01 1.646985294117646959e+02
2.521997708174178854e+02 6.226260504201680845e+01 1.644682964094728845e+02
2.521057104660045809e+02 6.149302902979373897e+01 1.632506684491978604e+02
2.521829640947287885e+02 6.091157372039725004e+01 1.637703399541634894e+02
2.520605423987776987e+02 6.051394194041252916e+01 1.632062643239113697e+02
2.522439839572192568e+02 6.182400687547746543e+01 1.639708747135217664e+02
2.523495989304812781e+02 6.200649350649350566e+01 1.640354278074866272e+02
2.524033613445378137e+02 6.224436592818945968e+01 1.647650878533231378e+02
2.525093582887700450e+02 6.242675706646294742e+01 1.652027310924369772e+02
2.525119365928189552e+02 6.240469824293353440e+01 1.650708556149732544e+02
2.523439648586707449e+02 6.190613063407180761e+01 1.637931627196333011e+02
2.522865737203972571e+02 6.169041252864782621e+01 1.642279411764705799e+02
2.522881016042780686e+02 6.138340336134454134e+01 1.642288006111535594e+02
2.522278456837280487e+02 6.078246753246753542e+01 1.624331550802139077e+02
2.522263177998472088e+02 6.032381588999236044e+01 1.633681245225362773e+02
2.520943468296409549e+02 5.980194805194805241e+01 1.623762414056531611e+02
2.519987585943468389e+02 5.998529411764705799e+01 1.618723262032085586e+02
2.520907181054239743e+02 5.972058823529411598e+01 1.624838617265087919e+02
2.521676852559205599e+02 6.000448815889992460e+01 1.631746562261268139e+02
2.521455309396485802e+02 6.032028265851795368e+01 1.635839381207028396e+02
2.522011077158136061e+02 6.063493124522535993e+01 1.634890183346065839e+02
2.523051948051948159e+02 6.092723453017570989e+01 1.637026355996944176e+02
2.523283040488922779e+02 6.122106569900687845e+01 1.644739304812834177e+02
2.523919977081741877e+02 6.099637127578304074e+01 1.643074866310160473e+02
2.523402406417112331e+02 6.102110389610389518e+01 1.639925515660809765e+02
2.523383307868602117e+02 6.092895339954163347e+01 1.646294881588999317e+02
2.521322574484339327e+02 6.053953399541634894e+01 1.635088808250573038e+02
2.521271963330786718e+02 6.012901069518716923e+01 1.629763177998472088e+02
2.521821046600458374e+02 5.999618029029793576e+01 1.636410427807486769e+02
2.522480901451489785e+02 6.055930099312452342e+01 1.636917494270435327e+02
2.522694805194805099e+02 6.084071810542398850e+01 1.641134453781512548e+02
2.523057677616501167e+02 6.120292207792207506e+01 1.639104278074866272e+02
2.523434873949579753e+02 6.129153934300993001e+01 1.645000000000000000e+02
2.521957601222307233e+02 6.141701680672269248e+01 1.634486249045072555e+02
2.522291825821237694e+02 6.116109625668449468e+01 1.633252482811306265e+02
2.521430481283422580e+02 6.074990450725744751e+01 1.632026355996944176e+02
2.522094155844155807e+02 6.058852177234530245e+01 1.622429335370511865e+02
2.521198433919022079e+02 6.058584797555386103e+01 1.620225362872421613e+02
2.520163292589763273e+02 6.076527883880824987e+01 1.617987012987013031e+02
2.520163292589763273e+02 6.053189457601222045e+01 1.616227081741787686e+02
2.520155653170359074e+02 6.031674942704354692e+01 1.615124140565316964e+02
2.520447860962566722e+02 6.005691367456073237e+01 1.614940794499618164e+02
2.520480328495034428e+02 6.043114973262031953e+01 1.619171122994652308e+02
2.522724407944996301e+02 6.109931245225362773e+01 1.622372994652406533e+02
2.522553475935828828e+02 6.117618411000763956e+01 1.616382734912146759e+02
2.523333651642475104e+02 6.117503819709702384e+01 1.621998663101604166e+02
2.522917303284950208e+02 6.108193277310924429e+01 1.624160618792971604e+02
2.521682582123758607e+02 6.077244079449961589e+01 1.626778074866310249e+02
2.521643430099312582e+02 6.116864018334606357e+01 1.626906035141329312e+02
2.521421886936592784e+02 6.100066844919786035e+01 1.625339954163483469e+02
2.522886745607333978e+02 6.125677998472116315e+01 1.629546409472879986e+02
2.523978227654698117e+02 6.170282658517952967e+01 1.637590718105423946e+02
2.524255156608097650e+02 6.253647822765469755e+01 1.642406417112299550e+02
2.524824293353705116e+02 6.277454163483574945e+01 1.648619174942704433e+02
2.524909281894576054e+02 6.240679908326966796e+01 1.646377005347593467e+02
2.525007639419404200e+02 6.223271581359816906e+01 1.642546791443850225e+02
2.524088044308632561e+02 6.202826585179526120e+01 1.637658517952635577e+02
2.523793926661573721e+02 6.174818563789151682e+01 1.633802521008403232e+02
2.523277310924369772e+02 6.122975553857907016e+01 1.630644576012223013e+02
2.522423605805958857e+02 6.048548510313216298e+01 1.619223644003055824e+02
2.521575630252100950e+02 6.068038579067990668e+01 1.618676470588235361e+02
2.522118029029793718e+02 6.104851031321619814e+01 1.621945187165775337e+02
2.521400878533231378e+02 6.084215049656226171e+01 1.620672268907563023e+02
2.521127769289533944e+02 6.087910618792971462e+01 1.611334988540870938e+02
2.522307104660045809e+02 6.143153170359052950e+01 1.627130443086325329e+02
2.522765469824293234e+02 6.153791061879297075e+01 1.630834606569900700e+02
2.522405462184873954e+02 6.160580595874713339e+01 1.620268334606570022e+02
2.522470397249809082e+02 6.176031321619556991e+01 1.630398204736439993e+02
2.522608861726508849e+02 6.240355233002291868e+01 1.637472307104659990e+02
2.523404316271963239e+02 6.255786860198625021e+01 1.633974407944996301e+02
2.522955500381970921e+02 6.292475171886936636e+01 1.631750381970970238e+02
2.523222880061115347e+02 6.298548510313216298e+01 1.630175706646294884e+02
2.523410045836516531e+02 6.255147058823529704e+01 1.627380634071810448e+02
2.523892284186401866e+02 6.232343391902215757e+01 1.641280557677616514e+02
2.525238731856378820e+02 6.256846829640947050e+01 1.638117838044308598e+02
2.524350649350649292e+02 6.327301375095493086e+01 1.639446142093200933e+02
2.525831741787624196e+02 6.406779984721161725e+01 1.650649350649350708e+02
2.526049465240641609e+02 6.430127960275018495e+01 1.653980137509549309e+02
2.525553857906799067e+02 6.467647058823528994e+01 1.655396294881589085e+02
2.526012223071046492e+02 6.463665011459129062e+01 1.651194614209319980e+02
2.525557677616501167e+02 6.430891902215431344e+01 1.641526928953399533e+02
2.526122039724980937e+02 6.412566844919786035e+01 1.639347784568372788e+02
2.526498281130634211e+02 6.465928189457601150e+01 1.642827540106951858e+02
2.525888082505729528e+02 6.465231092436974336e+01 1.640760122230710465e+02
2.526175515660809765e+02 6.442217341482047743e+01 1.640157563025209981e+02
2.525800229182582086e+02 6.428514132925897684e+01 1.637376814362108348e+02
2.525950152788388152e+02 6.472068372803667557e+01 1.639773682200152791e+02
2.524555958747135094e+02 6.377587853323147726e+01 1.630890947288006032e+02
2.524335370511841177e+02 6.393181818181817988e+01 1.633368983957219314e+02
2.523787242169595118e+02 6.421848739495798952e+01 1.631118220015278837e+02
2.523557104660045809e+02 6.407620320855615148e+01 1.631918449197860923e+02
2.524556913674560690e+02 6.394461420932009332e+01 1.639589381207028396e+02
2.523630634071810448e+02 6.365288388082505833e+01 1.626115355233002333e+02
2.523908517952635577e+02 6.335561497326203551e+01 1.633052902979373471e+02
2.524420359052712115e+02 6.346934682964094776e+01 1.627378724216959540e+02
2.523737585943468389e+02 6.356913674560733085e+01 1.631420932009167188e+02
2.525475553857906732e+02 6.398357524828112730e+01 1.642736822001527912e+02
2.524402215431627212e+02 6.408794881588998749e+01 1.638203781512605133e+02
2.525859434682964206e+02 6.429230328495034996e+01 1.644111917494270472e+02
2.525839381207028396e+02 6.418048128342246628e+01 1.642986058059587435e+02
2.524989495798319297e+02 6.423796791443849941e+01 1.637733957219251408e+02
2.526160236822001650e+02 6.417093200916730211e+01 1.636150687547746259e+02
2.525153743315507882e+02 6.388617265087853525e+01 1.631385599694423263e+02
2.524556913674560690e+02 6.340622612681436010e+01 1.625354278074866272e+02
2.524992360580595800e+02 6.333393812070282536e+01 1.624227463712757924e+02
2.525641711229946509e+02 6.346600458365164599e+01 1.627928762414056507e+02
2.524866310160427929e+02 6.358059587471352359e+01 1.622765469824293234e+02
2.524205500381970921e+02 6.337060733384262790e+01 1.620855614973262107e+02
2.525938693659281853e+02 6.339896867838044159e+01 1.621041825821237694e+02
2.525902406417112331e+02 6.321648204736440135e+01 1.624413674560733511e+02
2.522731092436974905e+02 6.225267379679144142e+01 1.606987203972498151e+02
2.521459129106187902e+02 6.171342627960274996e+01 1.598967723453017697e+02
2.520829831932773004e+02 6.137557295645530786e+01 1.597008212375859557e+02
2.520141329258976270e+02 6.106588999236058157e+01 1.596112490450725829e+02
2.521284377387318614e+02 6.129173032849503500e+01 1.589558823529411882e+02
2.521302521008403232e+02 6.122564935064934843e+01 1.598010886172650942e+02
2.521458174178762306e+02 6.172154316271963381e+01 1.588591482047364423e+02
2.521095301757066522e+02 6.164753628724216838e+01 1.589119556913674671e+02
2.522359625668449326e+02 6.200668449197861065e+01 1.604555003819709782e+02
2.522980328495034428e+02 6.288340336134454134e+01 1.610031512605042110e+02
2.524236058059587435e+02 6.268802521008403517e+01 1.609502482811306265e+02
2.522563980137509532e+02 6.225401069518716923e+01 1.602070282658517897e+02
2.523443468296409549e+02 6.218019480519480169e+01 1.609554048892284186e+02
2.524042207792207932e+02 6.220836516424751750e+01 1.610169022154316281e+02
2.522862872421696068e+02 6.193286860198625021e+01 1.605753437738731861e+02
2.522962184873949525e+02 6.212633689839572071e+01 1.608911382734912081e+02
2.524103323147440676e+02 6.231942322383498833e+01 1.609975171886936494e+02
2.524077540106951858e+02 6.227263177998472088e+01 1.608784377387318614e+02
2.523637318563789051e+02 6.208718487394958174e+01 1.611178380443086269e+02
2.523825439266615831e+02 6.212662337662337819e+01 1.613651642475171855e+02
2.524506302521008365e+02 6.221839190221542992e+01 1.620451680672268822e+02
2.524784186401833495e+02 6.221285332314744210e+01 1.613636363636363740e+02
2.524385026737967905e+02 6.188216195569136602e+01 1.612479946524064189e+02
2.522185828877005349e+02 6.142226890756302282e+01 1.606842055003819780e+02
2.521502100840336027e+02 6.092809396485866813e+01 1.606387509549274171e+02
2.520539533995416264e+02 6.081082887700534911e+01 1.607514323911382803e+02
2.521140183346065839e+02 6.079478609625668639e+01 1.602457028265851875e+02
2.521850649350649292e+02 6.108890374331550532e+01 1.612417876241405565e+02
2.520521390374331645e+02 6.108794881588999459e+01 1.614663865546218346e+02
2.520640756302520913e+02 6.068420550038197092e+01 1.608559014514897001e+02
2.521771390374331645e+02 6.103962948815890144e+01 1.614034568372803733e+02
2.522687165775401184e+02 6.144805194805194759e+01 1.618787242169595118e+02
2.522860962566844876e+02 6.133470206264323821e+01 1.616037051184109998e+02
2.522807486631016047e+02 6.157543926661573863e+01 1.614761268143621180e+02
2.522885790679908382e+02 6.149608479755538326e+01 1.615148013750954874e+02
2.523548510313216298e+02 6.203103514132926222e+01 1.626041825821237694e+02
2.523758594346829511e+02 6.226699770817418056e+01 1.632327158135981620e+02
2.523756684491978604e+02 6.238092055003819780e+01 1.632903934300993001e+02
2.523514132925897684e+02 6.245330404889228504e+01 1.630525210084033745e+02
2.523025210084033745e+02 6.210618792971734337e+01 1.631666348357524896e+02
2.523841673032849542e+02 6.187070282658518039e+01 1.630831741787624196e+02
2.522863827349121379e+02 6.141653934300993001e+01 1.625171886936592784e+02
2.523507448433919080e+02 6.126499236058059239e+01 1.623677425515660673e+02
2.522520053475935811e+02 6.119709702062642975e+01 1.628631588999236044e+02
2.523115928189457691e+02 6.115326585179526120e+01 1.627622230710466056e+02
2.524290488922841860e+02 6.114505347593583195e+01 1.623235294117646959e+02
2.524630443086325329e+02 6.105175706646294742e+01 1.628458747135217664e+02
2.522694805194805099e+02 6.107820855614973254e+01 1.625924369747899050e+02
2.524030748663101633e+02 6.136210847975554117e+01 1.633648777692895351e+02
2.522524828113063506e+02 6.073214285714285410e+01 1.620669404125286519e+02
2.523108288770053491e+02 6.094490068754774370e+01 1.628709893048128379e+02
2.523093009931245092e+02 6.121743697478991919e+01 1.633180863254392534e+02
2.521722689075630228e+02 6.055805958747135520e+01 1.630382925897631878e+02
2.520834606569900700e+02 6.027864782276547118e+01 1.619771772345301883e+02
2.520542398777692767e+02 5.975563407181054032e+01 1.623582887700534627e+02
2.519888273491214647e+02 5.947001527883880811e+01 1.617144766997708132e+02
2.520636936592818813e+02 5.978819709702062823e+01 1.622330022918258123e+02
2.520868983957219314e+02 6.017962184873949383e+01 1.634624713521772321e+02
2.521845874713521880e+02 6.027778838808250583e+01 1.641792398777692767e+02
2.522457028265851875e+02 6.060122230710466340e+01 1.647478991596638593e+02
2.523149350649350708e+02 6.055414438502673846e+01 1.648947669977081603e+02
2.522815126050420247e+02 6.073195187165775621e+01 1.638340336134453707e+02
2.522639419404125363e+02 6.044127196333078444e+01 1.638111153552329995e+02
2.521468678380443009e+02 6.037490450725744751e+01 1.641008403361344676e+02
2.521924178762413931e+02 6.023166539343009873e+01 1.639644766997708132e+02
2.521186019862490468e+02 6.050477463712757498e+01 1.639925515660809765e+02
2.521950916730328629e+02 6.086210847975554117e+01 1.641884071810542309e+02
2.522391138273491151e+02 6.092733002291825528e+01 1.646712184873949525e+02
2.523136936592818813e+02 6.103132161955691259e+01 1.643153170359052808e+02
2.522463712757830478e+02 6.070836516424751750e+01 1.641822001527883970e+02
2.522396867838044443e+02 6.033537051184109856e+01 1.635682773109243726e+02
2.521087662337662323e+02 5.967857142857143060e+01 1.623354660045836511e+02
2.520808823529411882e+02 5.922937356760886018e+01 1.626476317799847209e+02
2.521633880825057190e+02 5.965756302521008081e+01 1.631357906799083253e+02
2.522022536287242076e+02 6.043592436974790161e+01 1.634838617265087919e+02
2.522519098548510215e+02 6.108298319327730752e+01 1.638474025974026063e+02
2.522513368983957207e+02 6.138235294117647101e+01 1.640692322383498833e+02
2.522605042016806749e+02 6.159501527883880811e+01 1.650355233002291868e+02
2.522935446906035111e+02 6.128819709702062823e+01 1.648279220779220680e+02
2.522483766233766289e+02 6.086478227654698259e+01 1.646334988540870938e+02
2.521745607333842543e+02 6.060838426279602942e+01 1.643915202444614181e+02
2.520946333078686052e+02 5.980567226890756416e+01 1.631683537051184203e+02
2.520361917494270472e+02 5.863588617265087777e+01 1.620371466768525579e+02
2.519477654698243043e+02 5.849961802902979713e+01 1.617581168831168839e+02
2.519572192513369089e+02 5.873090145148968588e+01 1.620765851795263472e+02
2.520998854087089285e+02 5.977836134453781369e+01 1.623696524064171172e+02
2.522916348357524896e+02 6.051680672268907557e+01 1.636314935064935128e+02
2.524234148204736528e+02 6.091033231474408183e+01 1.643685064935064872e+02
2.524826203208556024e+02 6.187901069518716923e+01 1.644011650114591419e+02
2.525580595874713481e+02 6.168506493506493626e+01 1.654037433155080237e+02
2.525506111535523246e+02 6.155500381970970381e+01 1.649819518716577420e+02
2.525567226890756274e+02 6.136755156608097650e+01 1.648074866310160473e+02
2.525682773109243726e+02 6.148347975553858191e+01 1.651136363636363740e+02
2.525523300229182553e+02 6.161898395721924970e+01 1.646730328495034428e+02
2.525688502673796734e+02 6.213111153552330279e+01 1.642916348357524896e+02
2.526606187929717464e+02 6.239266615737204091e+01 1.649322956455309281e+02
2.526525019098548626e+02 6.321361726508785495e+01 1.650623567608861606e+02
2.527143812070282536e+02 6.358279220779220964e+01 1.658493124522536277e+02
2.526715049656226029e+02 6.308785332314744210e+01 1.657395912910618847e+02
2.526934682964094634e+02 6.293181818181817988e+01 1.649081359816653958e+02
2.526160236822001650e+02 6.251871657754010414e+01 1.643214285714285836e+02
2.525109816653934161e+02 6.219394576012223297e+01 1.641054239877769305e+02
2.523716577540106982e+02 6.187872421695951175e+01 1.641748472116119046e+02
2.523813025210083936e+02 6.197555385790679594e+01 1.636930863254392534e+02
2.523507448433919080e+02 6.197440794499618022e+01 1.640771581359816764e+02
2.523524637127578387e+02 6.158747135217723212e+01 1.637292780748663006e+02
2.525441176470588118e+02 6.172813216195569197e+01 1.646426661573720480e+02
2.524986631016042793e+02 6.147555385790679594e+01 1.644921695951107665e+02
2.524117647058823479e+02 6.115536669213139476e+01 1.628631588999236044e+02
2.523802521008403232e+02 6.154765087853323280e+01 1.636241405653170489e+02
2.524990450725744893e+02 6.170702826585179679e+01 1.644696333078686052e+02
2.524172077922077904e+02 6.150849885408708673e+01 1.643674560733384169e+02
2.524441367456073237e+02 6.167131398013751209e+01 1.642636554621848859e+02
2.522869556913674671e+02 6.167312834224598816e+01 1.644937929717341376e+02
2.522812261268143743e+02 6.109090909090909349e+01 1.637025401069518580e+02
2.521578495034377454e+02 6.103609625668449468e+01 1.631743697478991635e+02
2.521255729564553008e+02 6.069499618029029619e+01 1.619448051948051841e+02
2.521602368220015364e+02 6.042188693659281995e+01 1.619478609625668355e+02
2.522776928953399533e+02 6.037146676852559324e+01 1.630135599694423263e+02
2.522542016806722813e+02 6.025248281130634354e+01 1.625950152788388152e+02
2.522246944232238377e+02 6.019060351413292409e+01 1.627945951107715814e+02
2.522995607333842543e+02 6.077807486631016332e+01 1.632143812070282536e+02
2.522737776928953508e+02 6.093057677616501167e+01 1.632056913674560690e+02
2.522262223071046492e+02 6.052358670741023872e+01 1.625361917494270472e+02
2.521673987776928811e+02 6.038283040488922637e+01 1.627808441558441643e+02
2.521016997708174188e+02 6.030624522536287202e+01 1.628641138273491151e+02
2.520342818945760257e+02 5.978943850267379645e+01 1.618830213903743243e+02
2.519894957983193251e+02 5.964944614209320406e+01 1.603833078686019746e+02
2.520566271963330678e+02 5.970626432391138394e+01 1.615675133689839527e+02
2.520528074866310249e+02 5.941768525592055283e+01 1.612695760122230695e+02
2.521032276546982303e+02 5.938636363636363313e+01 1.621923223834988619e+02
2.520923414820473738e+02 5.948663101604277870e+01 1.620110771581359757e+02
2.521043735676088602e+02 5.987519098548510499e+01 1.621123949579831844e+02
2.520822192513369089e+02 5.968496944232238377e+01 1.625084033613445342e+02
2.521229946524064189e+02 5.966138273491214505e+01 1.624367838044308598e+02
2.521329258976317931e+02 5.966176470588235503e+01 1.616245225362872304e+02
2.521997708174178854e+02 5.960475553857907016e+01 1.622300420168067205e+02
2.521909854851031412e+02 5.983833078686019746e+01 1.618575248281130712e+02
2.522023491214667672e+02 5.990718105423987794e+01 1.611763750954927445e+02
2.523058632543926763e+02 5.984157754010695385e+01 1.618555194805194901e+02
2.522719633307868605e+02 6.008537051184109856e+01 1.616116310160427929e+02
2.522954545454545325e+02 5.989190221543162806e+01 1.611623376623376487e+02
2.522534377387318614e+02 5.981732238349885478e+01 1.607589763177998350e+02
2.522589763177998350e+02 5.977578304048892477e+01 1.614702062643239060e+02
2.522366310160427929e+02 5.937967914438502959e+01 1.618996371275783019e+02
2.521971925133689751e+02 5.947135217723452882e+01 1.611701680672268822e+02
2.522005347593582769e+02 5.953265851795263330e+01 1.610994079449961873e+02
2.522010122230710465e+02 5.907477081741787828e+01 1.604675324675324646e+02
2.521976699770817447e+02 5.935160427807486627e+01 1.605275019098548626e+02
2.522595492742551642e+02 5.910265469824293660e+01 1.609941749427043476e+02
2.520887127578303932e+02 5.829373567608861606e+01 1.606285332314744210e+02
2.519680099312452342e+02 5.835150878533231378e+01 1.600003819709702100e+02
2.520284568372803733e+02 5.857715813598166221e+01 1.594971352177234394e+02
2.519518716577539976e+02 5.812881970970206424e+01 1.587655653170359074e+02
2.519163483575248392e+02 5.811516424751718546e+01 1.593451107715813464e+02
2.519144385026737893e+02 5.764639037433155266e+01 1.589011650114591419e+02
2.517918258212375804e+02 5.693831168831168554e+01 1.581054239877769305e+02
2.518515087853323280e+02 5.726508785332314488e+01 1.592984148204736528e+02
2.519150114591291185e+02 5.763359434682963922e+01 1.598601986249045126e+02
2.519831932773109315e+02 5.792704354469060490e+01 1.592517188693659307e+02
2.519684873949579753e+02 5.829545454545454675e+01 1.599348739495798384e+02
2.519477654698243043e+02 5.817704354469060490e+01 1.595384835752482786e+02
2.518894194041252774e+02 5.835685637891520372e+01 1.594829067990832812e+02
2.519388846447670005e+02 5.835771581359816906e+01 1.599012605042016730e+02
2.519285714285714164e+02 5.793917112299465089e+01 1.601134453781512548e+02
2.518913292589763273e+02 5.734195951107715672e+01 1.592026355996944176e+02
2.519218869365928128e+02 5.718792971734148267e+01 1.590334224598930462e+02
2.517637509549274171e+02 5.685074484339190093e+01 1.573844537815126046e+02
2.517277501909854891e+02 5.664772727272727337e+01 1.573182773109243726e+02
2.518335561497326296e+02 5.695234912146676720e+01 1.582385408708938144e+02
2.517667112299465373e+02 5.717475171886936636e+01 1.583650687547746259e+02
2.518673605805958857e+02 5.790527119938884937e+01 1.590904316271963239e+02
2.520423987776928811e+02 5.844814744079450008e+01 1.602499045072574404e+02
2.521028456837280487e+02 5.883346065699006999e+01 1.604060351413292551e+02
2.522624140565316964e+02 5.897956455309396517e+01 1.609285714285714164e+02
2.521793353705118363e+02 5.880891902215431344e+01 1.610534759358288852e+02
2.521675897631780003e+02 5.838693659281894810e+01 1.609506302521008365e+02
2.520934873949579753e+02 5.799322001527883685e+01 1.596059014514897001e+02
2.521766615737203949e+02 5.817179144385026746e+01 1.600258785332314631e+02
2.521923223834988619e+02 5.870177616501145934e+01 1.611001718869365789e+02
2.521219442322383486e+02 5.877081741787624480e+01 1.601475362872421613e+02
2.521787624140565356e+02 5.901231856378915097e+01 1.603971543162719513e+02
2.521032276546982303e+02 5.871657754010695385e+01 1.604736440030557674e+02
2.520672268907563023e+02 5.843907563025209839e+01 1.607726317799847209e+02
2.520937738731856257e+02 5.857142857142856940e+01 1.613177043544690719e+02
2.520071619556913731e+02 5.875124140565316821e+01 1.601927998472116030e+02
2.520529029793735560e+02 5.854173032849503500e+01 1.608932391138273488e+02
2.520443086325439310e+02 5.851308250572956382e+01 1.600922459893048142e+02
2.521201298701298583e+02 5.866042780748663432e+01 1.609909281894576054e+02
2.521692131398013714e+02 5.847316653934301200e+01 1.594482429335370455e+02
2.521753246753246742e+02 5.871142093200916889e+01 1.604722116119174871e+02
2.522501909854850908e+02 5.912480901451489501e+01 1.611532658517952541e+02
2.522591673032849542e+02 5.920645530939648893e+01 1.605578686019862573e+02
2.523251527883880954e+02 5.921084797555386103e+01 1.608913292589763273e+02
2.522998472116119046e+02 5.976480137509549451e+01 1.616185064935064872e+02
2.522799847211611848e+02 5.961545072574484294e+01 1.620834606569900700e+02
2.522197288006111648e+02 5.964343009931245376e+01 1.617077922077922096e+02
2.521760886172650942e+02 5.988273491214667388e+01 1.622098930481283503e+02
2.521109625668449326e+02 5.953447288006111648e+01 1.617139992360580720e+02
2.521814362108479770e+02 5.973223834988540659e+01 1.620506111535523246e+02
2.522283231474407899e+02 5.994547364400305867e+01 1.617782658517952541e+02
2.522169595110771638e+02 5.977463712757830194e+01 1.616595683728036761e+02
2.521959511077158140e+02 5.971705500381970921e+01 1.611096256684492118e+02
2.522615546218487452e+02 5.989562643239113982e+01 1.622985103132161839e+02
2.522783613445378137e+02 5.959300993124522705e+01 1.621467723453017697e+02
2.520109816653934161e+02 5.955242551566080778e+01 1.607794117647058840e+02
2.521394194041252774e+02 5.979182582123758749e+01 1.609432773109243726e+02
2.521141138273491151e+02 5.967904889228418597e+01 1.611874522536287202e+02
2.521070473644003016e+02 5.940164247517189011e+01 1.614903552330023047e+02
2.520652215431627212e+02 5.916529793735676179e+01 1.609766042780748592e+02
2.520822192513369089e+02 5.867790297937357025e+01 1.601453399541634894e+02
2.521345492742551642e+02 5.856990068754774370e+01 1.605725744843391851e+02
2.520795454545454675e+02 5.890479373567608690e+01 1.609146294881589085e+02
2.520102177234530245e+02 5.857572574484338901e+01 1.602360580595874637e+02
2.520424942704354407e+02 5.899073720397250042e+01 1.596850649350649292e+02
2.520742933537051158e+02 5.933135981665393643e+01 1.604446142093200933e+02
2.520406799083269789e+02 5.925210084033613356e+01 1.601159281894576054e+02
2.521437165775401184e+02 5.928886554621848859e+01 1.614982811306340693e+02
2.522210656990068856e+02 5.947049274255156348e+01 1.613321237585943493e+02
2.522076967150496500e+02 5.944757448433919222e+01 1.612522918258212314e+02
2.521290106951871621e+02 5.938903743315508166e+01 1.604240832696715131e+02
2.520955882352941160e+02 5.916997708174178427e+01 1.605875668449197917e+02
2.521153552330023047e+02 5.880939648586707591e+01 1.607984148204736528e+02
2.520207219251336994e+02 5.834893048128342485e+01 1.591811497326203266e+02
2.518849312452253741e+02 5.835399159663865731e+01 1.589489113827349058e+02
2.519521581359816764e+02 5.834730710466004666e+01 1.596308250572956524e+02
2.521890756302520913e+02 5.879755538579068030e+01 1.594575057295645593e+02
2.522185828877005349e+02 5.907104660045836653e+01 1.598069136745607466e+02
2.521338808250573038e+02 5.930223453017570989e+01 1.597431245225362773e+02
2.521444805194805099e+02 5.907352941176470296e+01 1.601378915202444659e+02
2.521297746371275821e+02 5.932687165775401184e+01 1.597521008403361407e+02
2.521215622612681386e+02 5.927158135981665055e+01 1.597441749427043476e+02
2.520366692131397883e+02 5.897230710466004666e+01 1.592770244461420930e+02
2.520441176470588118e+02 5.879125286478227963e+01 1.590322765469824162e+02
2.520684682964094634e+02 5.837184873949579611e+01 1.599743124522536277e+02
2.519198815889992318e+02 5.796629106187929636e+01 1.595734339190221647e+02
2.519306722689075571e+02 5.806655844155844193e+01 1.588347020626432311e+02
2.519188311688311614e+02 5.793735676088617481e+01 1.595073529411764639e+02
2.519476699770817447e+02 5.836688311688311614e+01 1.598759549274255107e+02
2.520469824293353724e+02 5.833699388846447675e+01 1.596586134453781654e+02
2.520361917494270472e+02 5.851088617265087777e+01 1.604532085561497468e+02
2.520423987776928811e+02 5.858002291825821573e+01 1.603925706646294884e+02
2.521015087853323280e+02 5.884768907563024953e+01 1.606849694423223696e+02
2.521026546982429295e+02 5.853389992360580862e+01 1.601601413292589768e+02
2.521471543162719513e+02 5.836993888464476754e+01 1.613026165011459057e+02
2.521822956455309281e+02 5.839906417112299408e+01 1.615264514896867922e+02
2.520747708174178854e+02 5.808861726508785495e+01 1.608365164247517214e+02
2.519233193277310932e+02 5.770645530939648893e+01 1.603296409472879986e+02
2.517116119174942810e+02 5.764639037433155266e+01 1.601332123758594435e+02
2.518335561497326296e+02 5.714428953399541911e+01 1.595887127578303932e+02
2.519692513368983953e+02 5.759740259740259916e+01 1.605170932009167188e+02
2.521437165775401184e+02 5.803351795263559865e+01 1.605078304048892335e+02
2.522084606569900700e+02 5.849121466768525579e+01 1.617169595110771638e+02
2.521107715813598134e+02 5.808813980137509247e+01 1.614985676088617197e+02
2.521812452253628862e+02 5.784463330786860524e+01 1.617575439266615831e+02
2.520187165775401184e+02 5.740355233002291868e+01 1.598747135217723496e+02
2.518363254392666022e+02 5.633212375859434928e+01 1.591028456837280487e+02
2.517499045072574404e+02 5.594795645530939510e+01 1.587951680672268822e+02
2.517450343773873271e+02 5.622918258212375520e+01 1.587941176470588118e+02
2.518040488922841860e+02 5.623405271199388977e+01 1.588782467532467422e+02
2.518181818181818130e+02 5.663875095492742417e+01 1.584526355996944176e+02
2.518093009931245092e+02 5.676403743315508166e+01 1.587503819709702100e+02
2.518214285714285836e+02 5.654106187929717464e+01 1.595516615737203949e+02
2.518224789915966255e+02 5.666434300993124396e+01 1.598454927425515564e+02
2.517554430863254424e+02 5.645110771581359899e+01 1.590890947288006032e+02
2.519322956455309281e+02 5.659291443850267456e+01 1.602428380443086269e+02
2.520495607333842543e+02 5.710723834988540659e+01 1.596518334606570022e+02
2.519454736440030445e+02 5.691310160427807574e+01 1.605083078686019746e+02
2.519741214667685369e+02 5.741959511077158140e+01 1.599167303284950208e+02
2.521143048128342343e+02 5.764935064935065157e+01 1.606802902979373471e+02
2.520790679908326979e+02 5.753714667685255790e+01 1.612386363636363740e+02
2.521242360580595800e+02 5.797412146676852274e+01 1.620740068754774654e+02
2.522812261268143743e+02 5.800744843391902350e+01 1.620974980901451374e+02
2.522741596638655324e+02 5.783699388846447675e+01 1.622878151260504183e+02
2.522129488158900017e+02 5.773949579831932510e+01 1.621063789152024412e+02
2.522595492742551642e+02 5.768477845683727878e+01 1.611074293353705116e+02
2.521708365164247425e+02 5.716415202444613897e+01 1.607826585179526262e+02
2.520520435446906049e+02 5.665651260504201758e+01 1.609667685255920446e+02
2.520442131398013714e+02 5.678304048892284328e+01 1.604088044308632561e+02
2.520599694423223696e+02 5.709606569900687845e+01 1.608670741023682069e+02
2.520851795263560007e+02 5.723424369747899476e+01 1.611233766233766289e+02
2.521195569136745576e+02 5.753542780748663432e+01 1.604565508021390485e+02
2.521771390374331645e+02 5.835045836516425055e+01 1.617459893048128379e+02
2.521530748663101633e+02 5.842131398013751209e+01 1.616264323911382803e+02
2.521089572192513231e+02 5.828113063407180761e+01 1.612583078686019746e+02
2.520731474407944859e+02 5.823099694423223838e+01 1.606449579831932795e+02
2.520758212375859557e+02 5.829001145912910431e+01 1.600918640183346042e+02
2.519744079449961873e+02 5.849799465240641894e+01 1.603377578304048825e+02
2.520469824293353724e+02 5.832763559969442468e+01 1.598519862490450691e+02
2.520000000000000000e+02 5.798987776928953508e+01 1.595174751718869288e+02
2.520054430863254424e+02 5.790317035905270870e+01 1.593296409472879986e+02
2.519080404889228362e+02 5.782324293353705258e+01 1.594669595110771638e+02
2.519806149732620213e+02 5.807543926661573863e+01 1.591976699770817447e+02
2.521072383498854208e+02 5.861172650878533119e+01 1.602551566080977921e+02
2.521189839572192568e+02 5.905700916730328487e+01 1.595132734912146759e+02
2.521755156608097650e+02 5.956827731092437261e+01 1.603189457601222330e+02
2.521957601222307233e+02 5.939199770817418056e+01 1.610844155844155807e+02
2.523008021390374438e+02 5.978896103896104108e+01 1.610982620320855574e+02
2.522246944232238377e+02 5.982820855614973254e+01 1.602092245989304899e+02
2.522345301757066522e+02 5.990937738731856399e+01 1.608585752482811415e+02
2.523505538579067888e+02 5.996352177234530245e+01 1.618091100076394184e+02
2.522565889992360439e+02 5.986621466768525579e+01 1.614971352177234394e+02
2.524087089381206965e+02 6.000802139037433136e+01 1.599841482047364423e+02
2.523876050420168156e+02 6.031799083269671513e+01 1.602417876241405565e+02
2.524047937356760940e+02 6.018487394957983128e+01 1.606226126814362090e+02
2.524169213139801400e+02 6.042981283422459882e+01 1.603126432391138394e+02
2.523455882352941160e+02 6.052330022918258123e+01 1.605429717341482103e+02
2.522761650114591419e+02 6.046676852559205173e+01 1.602573529411764639e+02
2.523573338426279520e+02 6.011506875477464007e+01 1.605598739495798384e+02
2.523126432391138394e+02 5.997899159663865731e+01 1.601472498090145109e+02
2.522600267379679053e+02 5.971170741023681927e+01 1.596432391138273488e+02
2.522531512605042110e+02 5.990116501145912764e+01 1.596761841100076253e+02
2.522190603514133045e+02 6.033775783040488960e+01 1.612527692895340010e+02
2.522979373567608832e+02 6.050706646294881352e+01 1.604513941940412565e+02
2.523405271199388835e+02 6.114314362108479628e+01 1.613884644766997667e+02
2.523534186401833495e+02 6.116033231474408183e+01 1.615953972498090252e+02
2.524005920550038127e+02 6.085886172650878478e+01 1.612688120702826495e+02
2.523665966386554658e+02 6.061535523300229045e+01 1.607230710466004666e+02
2.523391902215431628e+02 6.030662719633308200e+01 1.601694041252864906e+02
2.522923987776928811e+02 5.981655844155844193e+01 1.604662910618793035e+02
2.522149541634835828e+02 6.011554621848739544e+01 1.602740641711230012e+02
2.522626050420168156e+02 6.063082505729564531e+01 1.608101604278074888e+02
2.523302139037433278e+02 6.102511459129106441e+01 1.606776165011459057e+02
2.523457792207792068e+02 6.141176470588235503e+01 1.611547937356760940e+02
2.524277119938884653e+02 6.168687929717341234e+01 1.616212757830404882e+02
2.524684873949579753e+02 6.126422841864018665e+01 1.611824866310160473e+02
2.523560924369747909e+02 6.074789915966386644e+01 1.604561688311688386e+02
2.523396676852559324e+02 6.055175706646294742e+01 1.605539533995416264e+02
2.522831359816653958e+02 6.049216959511077363e+01 1.605673223834988619e+02
2.522608861726508849e+02 6.050190985485102857e+01 1.603892284186401866e+02
2.522493315508021396e+02 6.034501527883880811e+01 1.596483002291825812e+02
2.523333651642475104e+02 6.061554621848739544e+01 1.602357715813598134e+02
2.523623949579831844e+02 6.061812452253628436e+01 1.601677807486630911e+02
2.524572192513369089e+02 6.082677616501145934e+01 1.612498090145149092e+02
2.523601031321619530e+02 6.068105423987776703e+01 1.604944614209319980e+02
2.522978418640183236e+02 5.998749045072574404e+01 1.599745989304812781e+02
2.522598357524828145e+02 5.975019098548510499e+01 1.594499618029029762e+02
2.522176279602750242e+02 5.958097784568372646e+01 1.590406799083269789e+02
2.522373949579831844e+02 5.937538197097020287e+01 1.590475553857906732e+02
2.520782085561497468e+02 5.921619556913674387e+01 1.582738731856378820e+02
2.521466768525592101e+02 5.912643239113827320e+01 1.590294117647058840e+02
2.521761841100076253e+02 5.924274255156608149e+01 1.599795645530939510e+02
2.521806722689075571e+02 5.942990832696715131e+01 1.598645912910618847e+02
2.522137127578303932e+02 5.966415202444613897e+01 1.601174560733384169e+02
2.522308059587471405e+02 5.974532085561497041e+01 1.599441367456073237e+02
2.522679526355996984e+02 5.969948433919022079e+01 1.603793926661573721e+02
2.523757639419404200e+02 5.971810542398777955e+01 1.592592627960275138e+02
2.522995607333842543e+02 5.952626050420168013e+01 1.601841100076394184e+02
2.522292780748663006e+02 5.970846065699006999e+01 1.600085943468296534e+02
2.523088235294117680e+02 5.956264323911382519e+01 1.600943468296409549e+02
2.522906799083269789e+02 5.960628342245989586e+01 1.600311306340718147e+02
2.522608861726508849e+02 5.933145530939648893e+01 1.595263559969442326e+02
2.522950725744843510e+02 5.946925133689839527e+01 1.598164629488158823e+02
2.523193277310924429e+02 5.947584033613445342e+01 1.600741978609625562e+02
2.522436974789916064e+02 5.945941558441558783e+01 1.596184110007639561e+02
2.523088235294117680e+02 5.940059205500381978e+01 1.600607333842627895e+02
2.523080595874713481e+02 5.938063407181054032e+01 1.603447288006111648e+02
2.523969633307868605e+02 5.935609243697479087e+01 1.601355042016806749e+02
2.523019480519480453e+02 5.893258212375859273e+01 1.594367838044308598e+02
2.523296409472879986e+02 5.878781512605041826e+01 1.596383689839572071e+02
2.521884071810542309e+02 5.846829640947287743e+01 1.591157372039724862e+02
2.522467532467532578e+02 5.846667303284950634e+01 1.593452062643239060e+02
2.521516424751718830e+02 5.819155844155844193e+01 1.583129297173414898e+02
2.521325439266615831e+02 5.834300993124522705e+01 1.590225362872421613e+02
2.520878533231474421e+02 5.802950725744843652e+01 1.591986249045072555e+02
2.520620702826585102e+02 5.817417876241405850e+01 1.591644385026737893e+02
2.519693468296409549e+02 5.782629870129870397e+01 1.593077731092436977e+02
2.519825248281130712e+02 5.768009931245225630e+01 1.588976317799847209e+02
2.518304048892284186e+02 5.738177998472116315e+01 1.592474216959511182e+02
2.518496944232238377e+02 5.761697860962566864e+01 1.596234721161191885e+02
2.520559587471352074e+02 5.790517570664629687e+01 1.601566080977845559e+02
2.521725553857906732e+02 5.828122612681436010e+01 1.607616501145913048e+02
2.521081932773109315e+02 5.818105423987776703e+01 1.608049083269671371e+02
2.521995798319327662e+02 5.838598166539343026e+01 1.611329258976317931e+02
2.523046218487394867e+02 5.867322383498854066e+01 1.613700343773873271e+02
2.521848739495798384e+02 5.856101986249045410e+01 1.610816462948815797e+02
2.522407372039724862e+02 5.843009931245225630e+01 1.620848930481283503e+02
2.522591673032849542e+02 5.863836898395722130e+01 1.612816080977845559e+02
2.522860962566844876e+02 5.842752100840336027e+01 1.609281894576012348e+02
2.522628915202444659e+02 5.785847975553858191e+01 1.608472116119174871e+02
2.519715431627196267e+02 5.736669213139801116e+01 1.601846829640947192e+02
2.520743888464476754e+02 5.668325057295645308e+01 1.602860007639419280e+02
2.520913865546218346e+02 5.670760122230710465e+01 1.601228991596638593e+02
2.521157372039724862e+02 5.731885026737968047e+01 1.601370320855614864e+02
2.521843964858670688e+02 5.771820091673033204e+01 1.610054430863254424e+02
2.522351986249045126e+02 5.809835752482810989e+01 1.614714476699770955e+02
2.521194614209319980e+02 5.800305576776165140e+01 1.618114973262032095e+02
2.520752482811306265e+02 5.728810160427807574e+01 1.613646867838044443e+02
2.518882734912146759e+02 5.696772345301756957e+01 1.604971352177234394e+02
2.518474980901451374e+02 5.638540870893812240e+01 1.603070091673032778e+02
2.518500763941940477e+02 5.596285332314744210e+01 1.601118220015278837e+02
2.517105614973262107e+02 5.583317417876241251e+01 1.598995416348357423e+02
2.516255729564553008e+02 5.578170359052712257e+01 1.597349121466768622e+02
2.516751336898395834e+02 5.601480137509549451e+01 1.599088999236058157e+02
2.517102750190985603e+02 5.617570664629488419e+01 1.606003628724216981e+02
2.517219251336898367e+02 5.609444232238350025e+01 1.604379297173414898e+02
2.517775019098548626e+02 5.617771199388846526e+01 1.599116692131397883e+02
2.519786096256684402e+02 5.658145530939648893e+01 1.603206646294881637e+02
2.520543353705118363e+02 5.698806340718105190e+01 1.610660809778456724e+02
2.520954927425515564e+02 5.709501527883880811e+01 1.615272154316271838e+02
2.520354278074866272e+02 5.743573338426279662e+01 1.621555576776165140e+02
2.520484148204736528e+02 5.767379679144384852e+01 1.623641138273491151e+02
2.520658899923605816e+02 5.755758212375859273e+01 1.619579831932773004e+02
2.521331168831168839e+02 5.790297937356761082e+01 1.622296600458365106e+02
2.521725553857906732e+02 5.828456837280366898e+01 1.623661191749426962e+02
2.522387318563789051e+02 5.821877387318563990e+01 1.625356187929717464e+02
2.523896103896103966e+02 5.867207792207792494e+01 1.625767761650114664e+02
2.525020053475935811e+02 5.903915202444613897e+01 1.636876432391138394e+02
2.524610389610389518e+02 5.940336134453781369e+01 1.627440794499618164e+02
2.525027692895340010e+02 5.980309396485866813e+01 1.631289152024446025e+02
2.525536669213139760e+02 5.983699388846447675e+01 1.639798510313216298e+02
2.525126050420168156e+02 5.939495798319327946e+01 1.635015278838808115e+02
2.525064935064935128e+02 5.933336516424751750e+01 1.636443850267379787e+02
2.524584606569900700e+02 5.957839954163483753e+01 1.632436019862490468e+02
2.523245798319327662e+02 5.995110771581359899e+01 1.628444423223834860e+02
2.523712757830404882e+02 6.003256302521008081e+01 1.627718678380443009e+02
2.523951489686783702e+02 6.035800229182581944e+01 1.633601031321619530e+02
2.523857906799083253e+02 6.035026737967914556e+01 1.634172077922077904e+02
2.524237967914438627e+02 5.995540488922841860e+01 1.634584606569900700e+02
2.523541825821237694e+02 5.928475935828876686e+01 1.621107715813598134e+02
2.523415775401069538e+02 5.868344155844155807e+01 1.622712948815890002e+02
2.523016615737203949e+02 5.852931627196333153e+01 1.619304812834224663e+02
2.522986058059587435e+02 5.867761650114591276e+01 1.617975553857906732e+02
2.523052902979373471e+02 5.910551948051948301e+01 1.622650878533231378e+02
2.524589381207028396e+02 5.937175324675324362e+01 1.620699006875477437e+02
2.524874904507257440e+02 5.955070664629488419e+01 1.627597402597402549e+02
2.524847211611917430e+02 5.954430863254392392e+01 1.629142475171886986e+02
2.524152979373567689e+02 5.979096638655462215e+01 1.632127578304048825e+02
2.524468105423987652e+02 5.961354087089381437e+01 1.629645721925133728e+02
2.523967723453017697e+02 5.978466386554622147e+01 1.626359816653934161e+02
2.523430099312452342e+02 5.963177998472116315e+01 1.624070855614973254e+02
2.522675706646294884e+02 5.929908326967150600e+01 1.623924751718869288e+02
2.522624140565316964e+02 5.917016806722688926e+01 1.629586516424751608e+02
2.522599312452253741e+02 5.892809396485866813e+01 1.619698242933536960e+02
2.522621275783040460e+02 5.916692131398013998e+01 1.619600840336134411e+02
2.523758594346829511e+02 5.943640183346065697e+01 1.622332887700534627e+02
2.523548510313216298e+02 5.908804430863254709e+01 1.619479564553093951e+02
2.521440985485102999e+02 5.888445378151260456e+01 1.616132543926661640e+02
2.521517379679144426e+02 5.894652406417112189e+01 1.609036478227654641e+02
2.521130634071810448e+02 5.887213521772345359e+01 1.607164820473643942e+02
2.520620702826585102e+02 5.875840336134454134e+01 1.606978609625668355e+02
2.520552902979373471e+02 5.844470970206264582e+01 1.608162719633307916e+02
2.520303666921313948e+02 5.844891138273491293e+01 1.611145912910618847e+02
2.519739304812834177e+02 5.815699006875477295e+01 1.604679144385026746e+02
2.519226508785332328e+02 5.794776546982429011e+01 1.603042398777692767e+02
2.519551184110007682e+02 5.772966004583651767e+01 1.611454354469060490e+02
2.519846256684492118e+02 5.819069900687547658e+01 1.603595301757066522e+02
2.521212757830404882e+02 5.869365928189457549e+01 1.612666157372039777e+02
2.522033995416348375e+02 5.934167303284950634e+01 1.617198242933536960e+02
2.523138846447670005e+02 5.919031703590527371e+01 1.618018525592055141e+02
2.522221161191749559e+02 5.932668067226890685e+01 1.607838044308632561e+02
2.521840145148968588e+02 5.904001145912910431e+01 1.605983575248281170e+02
2.521492551566080920e+02 5.874799465240641894e+01 1.599859625668449326e+02
2.521820091673032778e+02 5.880634071810542451e+01 1.606872612681436294e+02
2.521428571428571388e+02 5.859043162719633102e+01 1.610852750190985603e+02
2.521442895339954191e+02 5.893621084797555199e+01 1.612229755538579070e+02
2.521809587471352074e+02 5.927396867838044159e+01 1.601838235294117680e+02
2.522344346829640926e+02 5.931140183346065697e+01 1.615149923605806066e+02
2.522082696715049792e+02 5.946017952635599357e+01 1.604644766997708132e+02
