2.547828159041394258e+02 7.002968409586055998e+01 1.740822440087146106e+02
2.547758714596949972e+02 6.977328431372548323e+01 1.730976307189542354e+02
2.547888071895424957e+02 7.144621459694988630e+01 1.732170479302832291e+02
2.547824074074074190e+02 7.611111111111111427e+01 1.746496459694989198e+02
2.548154956427015350e+02 7.608006535947711768e+01 1.738981481481481524e+02
2.548353758169934622e+02 7.608918845315903923e+01 1.738386437908496873e+02
2.548699618736383457e+02 7.786887254901961342e+01 1.750431644880174247e+02
2.548876633986928084e+02 7.843178104575163445e+01 1.763341503267973849e+02
2.548745915032679648e+02 7.854602396514161455e+01 1.755603213507625355e+02
2.548739106753812678e+02 7.865482026143790506e+01 1.759606481481481524e+02
2.548549836601307277e+02 7.894852941176471006e+01 1.758978758169934622e+02
2.548636982570806140e+02 7.916367102396513644e+01 1.765190631808278852e+02
2.548476307189542354e+02 7.941081154684096077e+01 1.767909858387799602e+02
2.548722766884531552e+02 7.908891612200436327e+01 1.768784041394335418e+02
2.548702342047930358e+02 7.927001633986928653e+01 1.763737745098039227e+02
2.548876633986928084e+02 7.928363289760348209e+01 1.762942538126361569e+02
2.548875272331154633e+02 7.926770152505446276e+01 1.769238834422658044e+02
2.548969226579520750e+02 7.947263071895424957e+01 1.760599128540305003e+02
2.548884803921568505e+02 7.908387799564269471e+01 1.752697440087146106e+02
2.549074074074074190e+02 7.940604575163398238e+01 1.746399782135076180e+02
2.549018246187363843e+02 7.936996187363834565e+01 1.753609749455337692e+02
2.548681917211328880e+02 7.967388344226579022e+01 1.758624727668845367e+02
2.548504901960784252e+02 7.984831154684096077e+01 1.757836328976034963e+02
2.548594771241830017e+02 7.959776688453159466e+01 1.753650599128540364e+02
2.548351034858387720e+02 7.831862745098038658e+01 1.752483660130718874e+02
2.548356481481481524e+02 7.567211328976034679e+01 1.732129629629629619e+02
2.548571623093681922e+02 7.516448801742919272e+01 1.728046023965141558e+02
2.548345588235294201e+02 7.565373093681917283e+01 1.722257625272331154e+02
2.548394607843137294e+02 7.702205882352940591e+01 1.728084150326797328e+02
2.548178104575163445e+02 7.668532135076252132e+01 1.721628540305010802e+02
2.548289760348583854e+02 7.657788671023965321e+01 1.729692265795206936e+02
2.548483115468409608e+02 7.619471677559913303e+01 1.731394335511982661e+02
2.548883442265795338e+02 7.620275054466230813e+01 1.733134531590413872e+02
2.548843954248366117e+02 7.632407407407407618e+01 1.727615740740740762e+02
2.548651960784313815e+02 7.661328976034857874e+01 1.728130446623093803e+02
2.548755446623093803e+02 7.611628540305011370e+01 1.739290577342048039e+02
2.548545751633986924e+02 7.604193899782134736e+01 1.723861655773420409e+02
2.548534858387799602e+02 7.595928649237472996e+01 1.729335511982570779e+02
2.548263888888888857e+02 7.587132352941176805e+01 1.728415032679738488e+02
2.548323801742919272e+02 7.575408496732026720e+01 1.726658496732026151e+02
2.548552559912853894e+02 7.563180827886709778e+01 1.721572712418300739e+02
2.548304738562091529e+02 7.566190087145969301e+01 1.725537854030501137e+02
2.548123638344226549e+02 7.602818627450980671e+01 1.725811546840958499e+02
2.547941176470588118e+02 7.645615468409586413e+01 1.735054466230936896e+02
2.548517156862745026e+02 7.675871459694988630e+01 1.739217047930283115e+02
2.548666938997821489e+02 7.684177559912853894e+01 1.740356753812636157e+02
2.548514433551198124e+02 7.677764161220044059e+01 1.735266884531590392e+02
2.548390522875816941e+02 7.666407952069717169e+01 1.730129357298474986e+02
2.548568899782135020e+02 7.601688453159042069e+01 1.734347766884531552e+02
2.548435457516339966e+02 7.632148692810457646e+01 1.733865740740740762e+02
2.548811274509803866e+02 7.668750000000000000e+01 1.734251089324618817e+02
2.548725490196078454e+02 7.626456971677559693e+01 1.731680283224400796e+02
2.548586601307189596e+02 7.571446078431372939e+01 1.732547657952069642e+02
2.548280228758169983e+02 7.533646514161219443e+01 1.720904139433551165e+02
2.548356481481481524e+02 7.546432461873638431e+01 1.720306372549019613e+02
2.548168572984749574e+02 7.529479847494553724e+01 1.725042211328976123e+02
2.548056917211328880e+02 7.460457516339869244e+01 1.716741557734204662e+02
2.548423202614379193e+02 7.414556100217865264e+01 1.717340686274509665e+02
2.548504901960784252e+02 7.333660130718953951e+01 1.713872549019607732e+02
2.548421840958605742e+02 7.404534313725490335e+01 1.712656590413943434e+02
2.548266612200435759e+02 7.401811002178649801e+01 1.707479575163398806e+02
2.548224400871459636e+02 7.453540305010892553e+01 1.721815087145969585e+02
2.548327886710239625e+02 7.501184640522875213e+01 1.721476034858387720e+02
2.548287037037036953e+02 7.580868736383442297e+01 1.731734749455337692e+02
2.548502178649237351e+02 7.676361655773420978e+01 1.737258986928104605e+02
2.548176742919389994e+02 7.729234749455338260e+01 1.730078976034858442e+02
2.548504901960784252e+02 7.771868191721132746e+01 1.747130991285403070e+02
2.548662854030501137e+02 7.814106753812636441e+01 1.746015795206971575e+02
2.548764978213507675e+02 7.870751633986928653e+01 1.755302287581699261e+02
2.548884803921568505e+02 7.863997821350763218e+01 1.746123366013071916e+02
2.548839869281045765e+02 7.814256535947711768e+01 1.749150326797385731e+02
2.548619281045751563e+02 7.857611655773420978e+01 1.750251906318082717e+02
2.548657407407407334e+02 7.878009259259259522e+01 1.752223583877995736e+02
2.548725490196078454e+02 7.924142156862744457e+01 1.748058278867102331e+02
2.548549836601307277e+02 7.823447712418300171e+01 1.741678921568627345e+02
2.548342864923747300e+02 7.951239106753813246e+01 1.757543572984749574e+02
2.548597494553376919e+02 8.012486383442265492e+01 1.757224945533769187e+02
2.548346949891067652e+02 7.995152505446623081e+01 1.763223039215686185e+02
2.548600217864923820e+02 7.916830065359476976e+01 1.760177015250544628e+02
2.548574346405228823e+02 7.875340413943355600e+01 1.750750272331154633e+02
2.548611111111111143e+02 7.901525054466230813e+01 1.749558823529411882e+02
2.548453159041394258e+02 7.896037581699346219e+01 1.751211873638344230e+02
2.548502178649237351e+02 7.929207516339869244e+01 1.745595043572984650e+02
2.548468137254901933e+02 7.865291394335511654e+01 1.750920479302832291e+02
2.548924291938997726e+02 7.819594226579521035e+01 1.748747276688453098e+02
2.548372821350762649e+02 7.867905773420478965e+01 1.753989651416121944e+02
2.548306100217864980e+02 7.918559368191721148e+01 1.762245370370370381e+02
2.548303376906318078e+02 7.958033769063180785e+01 1.756168300653594656e+02
2.548252995642701535e+02 7.955718954248365549e+01 1.758131808278866970e+02
2.548379629629629619e+02 7.996228213507625071e+01 1.757184095860566515e+02
2.548733660130718874e+02 7.997780501089324900e+01 1.760789760348583854e+02
2.548480392156862706e+02 7.939079520697167425e+01 1.753139978213507675e+02
2.548434095860566515e+02 7.864229302832244173e+01 1.757239923747276578e+02
2.548353758169934622e+02 7.690468409586055998e+01 1.744387254901960773e+02
2.548423202614379193e+02 7.641734749455338260e+01 1.740861928104575043e+02
2.548566176470588118e+02 7.698992374727669130e+01 1.732325708061002274e+02
2.548494008714596930e+02 7.683346949891067368e+01 1.736877723311546902e+02
2.548568899782135020e+02 7.663793572984749858e+01 1.735319989106753837e+02
2.548722766884531552e+02 7.678186274509803866e+01 1.730068082788671120e+02
2.548494008714596930e+02 7.672113289760348209e+01 1.739554738562091529e+02
2.548480392156862706e+02 7.678785403050109437e+01 1.747566721132897669e+02
2.548480392156862706e+02 7.659504357298474986e+01 1.726537309368191586e+02
2.548611111111111143e+02 7.547372004357298181e+01 1.723014705882353041e+02
2.548216230936819215e+02 7.506399782135076748e+01 1.724797113289760375e+02
2.548221677559912735e+02 7.435661764705882604e+01 1.714607843137254974e+02
2.548077342047930358e+02 7.380664488017428937e+01 1.708845315904139568e+02
2.547849945533769187e+02 7.368913398692809835e+01 1.710944989106753837e+02
2.548032407407407334e+02 7.358551198257080728e+01 1.718383714596949972e+02
2.548022875816993462e+02 7.344008714596949972e+01 1.720159313725490335e+02
2.547706971677559977e+02 7.354861111111111427e+01 1.718003812636165719e+02
2.547678376906318078e+02 7.462132352941176805e+01 1.722632080610021887e+02
2.547903050108932348e+02 7.468314270152505685e+01 1.723853485838779989e+02
2.547916666666666572e+02 7.437077886710240193e+01 1.722570806100217737e+02
2.547681100217864980e+02 7.433551198257080728e+01 1.720522875816993462e+02
2.547941176470588118e+02 7.425871459694988630e+01 1.720456154684095793e+02
2.547841775599128482e+02 7.425612745098038658e+01 1.725897331154684196e+02
2.547852668845315804e+02 7.411805555555555713e+01 1.727833605664488061e+02
2.548135893246187322e+02 7.427314814814815236e+01 1.726169662309368107e+02
2.548203976034858442e+02 7.419771241830065378e+01 1.725870098039215748e+02
2.547983387799564241e+02 7.349550653594771177e+01 1.716623093681917283e+02
2.548115468409586128e+02 7.394226579520697840e+01 1.733329248366013076e+02
2.548193082788671120e+02 7.347562636165577032e+01 1.728797657952069642e+02
2.548356481481481524e+02 7.331086601307190165e+01 1.729199346405228823e+02
2.547728758169934622e+02 7.302627995642701819e+01 1.719148965141612280e+02
2.548011982570806140e+02 7.300340413943355600e+01 1.718092320261438033e+02
2.548095043572984650e+02 7.310375816993463616e+01 1.720955882352941160e+02
2.548085511982570779e+02 7.270792483660130756e+01 1.724727668845315804e+02
2.548069172113289653e+02 7.181181917211328880e+01 1.717626633986928084e+02
2.548148148148148096e+02 7.124183006535947982e+01 1.711672113289760375e+02
2.547927559912853894e+02 7.121990740740740478e+01 1.711958061002178511e+02
2.548111383442265776e+02 7.167946623093682490e+01 1.705042211328976123e+02
2.548036492374727686e+02 7.122208605664488346e+01 1.714598311546840819e+02
2.547602124183006538e+02 7.120656318082788516e+01 1.717303921568627345e+02
2.547457788671023877e+02 7.038085511982571063e+01 1.714858387799564241e+02
2.547539488017429221e+02 7.034150326797386299e+01 1.723650599128540364e+02
2.547229030501089255e+02 7.032543572984749858e+01 1.722124183006535816e+02
2.547362472766884594e+02 7.003976034858388289e+01 1.713808551198256964e+02
2.547493191721133030e+02 7.038752723311546333e+01 1.718069172113289653e+02
2.547510893246187322e+02 7.055487472766884594e+01 1.709389978213507675e+02
2.547438725490196134e+02 7.064011437908496305e+01 1.706815087145969585e+02
2.547869008714596930e+02 7.082584422657951961e+01 1.716591775599128482e+02
2.547915305010893121e+02 7.094430827886709778e+01 1.713323801742919272e+02
2.547945261437908471e+02 7.102437363834422968e+01 1.709833877995642695e+02
2.547219498910675384e+02 7.125912309368192155e+01 1.712482298474945424e+02
2.547726034858387720e+02 7.150680827886709778e+01 1.715044934640522740e+02
2.548003812636165719e+02 7.107584422657951961e+01 1.714512527233115406e+02
2.548040577342048039e+02 7.097331154684096077e+01 1.707834967320261512e+02
2.547991557734204662e+02 7.122303921568627061e+01 1.714403594771241899e+02
2.547926198257080728e+02 7.193300653594771177e+01 1.722939814814814952e+02
2.548013344226579591e+02 7.202410130718953951e+01 1.722361111111111143e+02
2.548085511982570779e+02 7.223379629629629051e+01 1.722433278867102331e+02
2.547935729847494599e+02 7.167252178649236782e+01 1.713029684095860432e+02
2.547768246187363843e+02 7.106535947712418988e+01 1.714526143790849630e+02
2.547106481481481524e+02 6.878404139433551734e+01 1.688171296296296191e+02
2.547061546840958499e+02 6.866094771241830585e+01 1.683119553376906197e+02
2.546817810457516202e+02 6.856454248366013360e+01 1.680433006535947698e+02
2.546629901960784252e+02 6.955718954248365549e+01 1.703202614379084991e+02
2.546861383442265776e+02 6.934613289760348209e+01 1.701955337690631893e+02
2.546997549019607732e+02 6.944240196078430927e+01 1.692189542483660034e+02
2.547023420479302729e+02 6.998529411764705799e+01 1.685250544662309267e+02
2.547145969498910745e+02 7.016013071895424957e+01 1.694665032679738488e+02
2.547986111111111143e+02 6.991966230936819215e+01 1.694181644880174247e+02
2.548007897603485787e+02 6.968981481481480955e+01 1.702425108932461910e+02
2.548013344226579591e+02 7.022821350762527004e+01 1.705702614379084991e+02
2.547975217864923820e+02 7.252260348583878624e+01 1.721486928104575043e+02
2.548205337690631893e+02 7.456100217864923252e+01 1.737973856209150370e+02
2.548477668845315804e+02 7.704520697167755827e+01 1.750439814814814952e+02
2.548499455337690733e+02 7.754357298474945992e+01 1.760693082788671120e+02
2.548133169934640421e+02 7.733755446623094087e+01 1.761688453159041501e+02
2.548232570806100341e+02 7.748733660130719159e+01 1.755111655773420409e+02
2.548262527233115406e+02 7.747004357298474986e+01 1.753657407407407334e+02
2.547976579520697271e+02 7.744267429193899943e+01 1.748592047930283115e+02
2.547871732026143832e+02 7.696895424836601762e+01 1.751843681917211200e+02
2.547943899782135020e+02 7.757557189542484366e+01 1.757578976034858442e+02
2.548099128540305003e+02 7.821405228758169415e+01 1.761563180827886583e+02
2.548233932461873508e+02 7.873515795206971291e+01 1.762667483660130756e+02
2.548450435729847356e+02 7.883360566448801876e+01 1.754346405228758101e+02
2.548164488017429221e+02 7.804234749455338260e+01 1.747324346405228823e+02
2.548199891067538090e+02 7.759749455337690449e+01 1.744620098039215748e+02
2.548127723311546902e+02 7.582393790849673110e+01 1.740898692810457646e+02
2.548150871459694997e+02 7.597412854030501705e+01 1.736537309368191586e+02
2.547869008714596930e+02 7.601511437908496305e+01 1.733073257080610006e+02
2.547933006535947698e+02 7.662064270152505685e+01 1.745751633986928084e+02
2.547975217864923820e+02 7.655964052287581012e+01 1.747163671023965037e+02
2.548092320261438033e+02 7.651688453159042069e+01 1.743752723311546902e+02
2.548220315904139568e+02 7.702614379084967311e+01 1.738292483660130756e+02
2.548026960784313815e+02 7.668545751633986640e+01 1.748376906318082717e+02
2.548033769063180785e+02 7.751824618736382888e+01 1.746703431372548891e+02
2.548126361655773451e+02 7.824509803921569073e+01 1.749331427015250426e+02
2.548119553376906197e+02 7.911179193899782547e+01 1.763590686274509665e+02
2.548139978213507675e+02 7.921922657952069358e+01 1.757724673202614269e+02
2.548333333333333428e+02 7.923774509803921262e+01 1.763066448801743036e+02
2.547976579520697271e+02 7.981413398692809835e+01 1.761266339869281126e+02
2.547954793028322342e+02 7.940577342047930642e+01 1.750416666666666572e+02
2.548212145969498863e+02 7.939242919389978681e+01 1.753218954248366117e+02
2.548295206971677658e+02 7.973434095860567083e+01 1.757205882352941160e+02
2.548160403050108869e+02 7.987677015250544343e+01 1.749174836601307277e+02
2.548327886710239625e+02 7.938071895424836555e+01 1.753857570806100341e+02
2.547892156862745026e+02 7.793450435729847925e+01 1.754155773420479250e+02
2.547911220043573053e+02 7.774986383442265492e+01 1.751341230936819215e+02
2.548182189542483798e+02 7.780487472766884594e+01 1.747818627450980387e+02
2.548104575163398806e+02 7.757679738562092098e+01 1.749734477124183059e+02
2.548114106753812678e+02 7.732584422657951961e+01 1.745541938997821489e+02
2.547969771241830017e+02 7.694757625272330870e+01 1.735016339869281126e+02
2.547847222222222285e+02 7.656794662309367538e+01 1.724772603485838829e+02
2.547803649237472712e+02 7.649550653594771177e+01 1.732623910675381183e+02
2.547934368191721148e+02 7.701102941176471006e+01 1.734063180827886583e+02
2.547798202614379193e+02 7.697140522875817226e+01 1.739041394335511939e+02
2.547847222222222285e+02 7.868491285403050028e+01 1.745198801742919272e+02
2.547983387799564241e+02 7.874169389978213474e+01 1.750851034858387720e+02
2.548020152505446561e+02 7.858537581699346219e+01 1.766117919389978113e+02
2.548110021786492325e+02 7.854575163398692439e+01 1.760241013071895395e+02
2.547819989106753837e+02 7.904915577342048039e+01 1.751226851851851904e+02
2.547992919389978113e+02 7.871187363834422968e+01 1.747807734204793064e+02
2.547869008714596930e+02 7.871255446623094087e+01 1.756938997821350767e+02
2.548385076252723422e+02 7.893069172113290222e+01 1.759123093681917283e+02
2.548333333333333428e+02 7.916612200435730529e+01 1.757987472766884594e+02
2.548243464052287663e+02 7.944376361655773167e+01 1.755870098039215748e+02
2.548205337690631893e+02 7.941802832244009380e+01 1.752805010893246163e+02
2.548284313725490335e+02 7.977260348583878624e+01 1.751614923747276578e+02
2.548081427015250426e+02 7.907434640522875213e+01 1.755574618736383457e+02
2.548001089324618817e+02 7.906821895424836555e+01 1.748707788671023877e+02
2.547984749455337692e+02 7.884354575163398238e+01 1.757009803921568505e+02
2.548120915032679648e+02 7.834531590413944002e+01 1.758218954248366117e+02
2.547979302832243889e+02 7.815904139433551734e+01 1.752506808278866970e+02
2.547933006535947698e+02 7.798216230936819215e+01 1.747111928104575043e+02
2.547581699346405344e+02 7.744607843137255543e+01 1.745010893246187322e+02
2.547828159041394258e+02 7.714787581699346219e+01 1.738067810457516202e+02
2.547583061002178511e+02 7.727614379084967311e+01 1.725954520697167709e+02
2.547500000000000000e+02 7.693627450980392268e+01 1.727117374727668846e+02
2.547630718954248437e+02 7.702900326797386299e+01 1.729007352941176521e+02
2.547333877995642695e+02 7.692197712418300171e+01 1.735388071895424957e+02
2.547986111111111143e+02 7.665631808278867254e+01 1.733992374727668846e+02
2.547664760348583854e+02 7.622154139433551734e+01 1.727863562091503127e+02
2.547531318082788800e+02 7.618436819172113417e+01 1.727898965141612280e+02
2.547864923747276578e+02 7.755364923747276862e+01 1.749234749455337692e+02
2.548040577342048039e+02 7.737935729847494315e+01 1.746531862745098067e+02
2.547885348583878056e+02 7.787949346405228823e+01 1.744925108932461910e+02
2.547958877995642695e+02 7.818273420479302160e+01 1.757389705882353041e+02
2.548273420479302729e+02 7.822358387799563673e+01 1.755548747276688459e+02
2.548088235294117680e+02 7.904833877995642410e+01 1.766759259259259238e+02
2.548221677559912735e+02 7.934463507625272882e+01 1.764933278867102331e+02
2.548199891067538090e+02 7.928131808278867254e+01 1.755063997821350767e+02
2.548129084967320352e+02 7.792293028322440307e+01 1.755974945533769187e+02
2.548446350762527288e+02 7.782094226579521035e+01 1.758605664488017339e+02
2.548252995642701535e+02 7.759504357298474986e+01 1.752080610021786526e+02
2.548108660130718874e+02 7.759354575163398238e+01 1.737578976034858442e+02
2.547894880174291927e+02 7.682148692810457646e+01 1.740223311546840819e+02
2.548010620915032689e+02 7.709858387799563673e+01 1.743989651416121944e+02
2.548036492374727686e+02 7.763003812636165435e+01 1.744470315904139568e+02
2.548238017429193860e+02 7.733946078431372939e+01 1.745524237472766913e+02
2.548054193899782263e+02 7.586056644880174815e+01 1.732867647058823479e+02
2.548096405228758101e+02 7.524033224400871234e+01 1.724847494553376919e+02
2.547878540305010802e+02 7.554956427015250142e+01 1.725182461873638431e+02
2.547897603485838829e+02 7.528853485838780557e+01 1.731331699346405344e+02
2.547849945533769187e+02 7.478404139433551734e+01 1.729218409586056566e+02
2.547238562091503127e+02 7.413698257080609721e+01 1.725473856209150370e+02
2.547275326797385731e+02 7.474169389978213474e+01 1.723477668845315804e+02
2.547603485838779989e+02 7.466584967320261512e+01 1.725930010893246163e+02
2.547445533769063104e+02 7.594049564270152075e+01 1.736292211328976123e+02
2.548180827886710347e+02 7.678444989106753837e+01 1.745649509803921546e+02
2.548288398692810404e+02 7.673488562091503695e+01 1.749289215686274588e+02
2.548254357298474986e+02 7.664842047930282831e+01 1.740164760348583854e+02
2.548472222222222285e+02 7.653159041394334849e+01 1.740654956427015350e+02
2.548602941176470722e+02 7.639270152505446276e+01 1.742316176470588118e+02
2.548405501089324616e+02 7.697303921568627061e+01 1.747587145969498863e+02
2.548410947712418420e+02 7.734749455337690449e+01 1.750224673202614269e+02
2.548344226579520750e+02 7.753567538126361569e+01 1.746038943355119955e+02
2.548360566448801876e+02 7.742483660130719159e+01 1.739436274509803866e+02
2.548266612200435759e+02 7.590713507625272882e+01 1.726371187363834281e+02
2.548273420479302729e+02 7.604234749455338260e+01 1.740770697167756111e+02
2.548059640522875782e+02 7.606427015250544343e+01 1.734409041394335418e+02
2.548025599128540364e+02 7.606413398692809835e+01 1.720721677559912735e+02
2.548223039215686185e+02 7.588003812636165435e+01 1.733055555555555429e+02
2.548360566448801876e+02 7.535525599128540364e+01 1.722878540305010802e+02
2.548562091503268050e+02 7.613834422657951961e+01 1.736205065359477260e+02
2.548424564270152644e+02 7.606590413943355600e+01 1.735032679738561967e+02
2.547998366013071916e+02 7.545833333333332860e+01 1.726576797385620807e+02
2.547863562091503127e+02 7.495574618736382888e+01 1.713026960784313815e+02
2.547721949891067652e+02 7.471732026143790506e+01 1.708980119825708073e+02
2.547317538126361569e+02 7.310893246187363559e+01 1.700246459694989198e+02
2.547807734204793064e+02 7.452028867102396248e+01 1.716996187363834281e+02
2.547794117647058840e+02 7.440876906318082717e+01 1.713764978213507675e+02
2.547802287581699261e+02 7.411288126361655770e+01 1.712116013071895395e+02
2.547659313725490335e+02 7.392674291938998010e+01 1.720221949891067652e+02
2.548074618736383457e+02 7.445697167755990620e+01 1.715769335511982661e+02
2.548186274509803866e+02 7.442333877995642410e+01 1.715819716775599204e+02
2.547523148148148096e+02 7.373066448801742467e+01 1.713033769063180785e+02
2.547143246187363843e+02 7.233360566448801876e+01 1.698325163398692723e+02
2.547111928104575043e+02 7.108918845315903923e+01 1.693594771241830017e+02
2.546959422657951961e+02 7.115482026143790506e+01 1.685066721132897669e+02
2.547342047930283115e+02 7.176729302832244173e+01 1.696824618736383457e+02
2.547208605664488061e+02 7.365277777777777146e+01 1.710874183006535816e+02
2.547576252723311541e+02 7.421309912854030699e+01 1.713224400871459636e+02
2.547512254901960773e+02 7.399645969498911313e+01 1.707310729847494599e+02
2.547979302832243889e+02 7.272589869281046049e+01 1.692339324618736498e+02
2.548243464052287663e+02 7.146214596949890563e+01 1.687762799564270040e+02
2.548289760348583854e+02 7.101456971677559693e+01 1.686067538126361569e+02
2.548289760348583854e+02 7.203363289760348209e+01 1.694441721132897669e+02
2.548238017429193860e+02 7.353594771241830585e+01 1.703145424836601194e+02
2.547870370370370381e+02 7.393845315904140136e+01 1.710644063180828027e+02
2.547700163398692723e+02 7.375708061002178795e+01 1.704989106753812678e+02
2.548040577342048039e+02 7.420343137254901933e+01 1.709560185185185048e+02
2.547781862745098067e+02 7.414855664488017339e+01 1.705536492374727686e+02
2.547528594771241899e+02 7.230405773420478965e+01 1.692302559912853894e+02
2.547751906318082717e+02 7.281753812636165435e+01 1.694330065359477260e+02
2.547698801742919272e+02 7.262322984749455657e+01 1.689116285403050028e+02
2.547671568627451109e+02 7.278581154684096077e+01 1.685772058823529278e+02
2.547411492374727686e+02 7.275517429193899943e+01 1.691903594771241899e+02
2.547753267973856168e+02 7.318722766884530984e+01 1.693717320261438033e+02
2.546974400871459636e+02 7.320738017429194144e+01 1.693168572984749574e+02
2.547859477124183059e+02 7.274046840958605742e+01 1.694041394335511939e+02
2.547922113289760375e+02 7.247045206971677089e+01 1.697984749455337692e+02
2.547870370370370381e+02 7.302028867102396248e+01 1.690747549019607732e+02
2.547911220043573053e+02 7.384926470588234793e+01 1.697122821350762649e+02
2.547871732026143832e+02 7.340563725490196134e+01 1.707220860566448835e+02
2.547701525054466174e+02 7.401933551198257533e+01 1.706876361655773451e+02
2.547551742919389994e+02 7.425490196078430927e+01 1.724178921568627345e+02
2.547606209150326890e+02 7.367333877995642410e+01 1.714753540305010802e+02
2.547761437908496873e+02 7.318110021786492325e+01 1.719569716775599204e+02
2.547184095860566515e+02 7.297086056644880614e+01 1.710973583877995736e+02
2.547253540305010802e+02 7.276919934640523024e+01 1.713097766884531552e+02
2.547169117647058840e+02 7.222453703703703809e+01 1.701047113289760375e+02
2.547077886710239625e+02 7.037717864923747868e+01 1.703340141612200398e+02
2.546808278867102331e+02 6.916884531590413587e+01 1.692589869281045765e+02
2.546824618736383457e+02 6.932148692810457646e+01 1.695142973856209210e+02
2.546845043572984650e+02 6.878622004357298181e+01 1.697569444444444571e+02
2.546909041394335418e+02 7.093681917211328880e+01 1.704119008714596930e+02
2.547073801742919272e+02 7.156318082788671120e+01 1.722976579520697271e+02
2.547732843137254974e+02 7.268709150326797896e+01 1.722587145969498863e+02
2.547467320261438033e+02 7.139365468409586413e+01 1.716881808278866970e+02
2.547731481481481524e+02 7.202777777777777146e+01 1.729083605664488061e+02
2.547514978213507675e+02 7.218041938997821205e+01 1.724448529411764639e+02
2.547555827886710347e+02 7.202927559912853894e+01 1.724960511982570779e+02
2.547355664488017339e+02 7.199768518518519045e+01 1.723839869281045765e+02
2.547254901960784252e+02 7.195098039215686470e+01 1.720772058823529278e+02
2.547479575163398806e+02 7.247535403050109437e+01 1.730645424836601194e+02
2.547584422657951961e+02 7.262731481481480955e+01 1.733100490196078454e+02
2.547776416122004264e+02 7.269744008714596362e+01 1.739978213507625355e+02
2.547467320261438033e+02 7.271936274509803866e+01 1.730016339869281126e+02
2.547331154684095793e+02 7.228649237472767197e+01 1.735709422657951961e+02
2.547693355119825753e+02 7.256985294117646390e+01 1.738044662309368107e+02
2.548010620915032689e+02 7.250163398692809835e+01 1.742783224400871518e+02
2.547901688453159181e+02 7.209531590413944002e+01 1.741052559912853894e+02
2.548197167755991188e+02 7.198393246187363559e+01 1.750840141612200398e+02
2.548585239651416146e+02 7.229970043572984650e+01 1.739609204793028425e+02
2.548543028322440023e+02 7.235389433551198124e+01 1.753594771241830017e+02
2.548214869281045765e+02 7.262132352941176805e+01 1.759622821350762649e+02
2.547931644880174247e+02 7.277464596949890563e+01 1.760247821350762649e+02
2.547856753812636157e+02 7.323978758169934622e+01 1.764260620915032689e+02
2.547706971677559977e+02 7.315277777777777146e+01 1.768062363834422683e+02
2.547843137254901933e+02 7.285171568627451677e+01 1.766190087145969585e+02
2.547562636165577317e+02 7.283278867102396248e+01 1.768974673202614269e+02
2.547194989106753837e+02 7.309790305010892553e+01 1.767745098039215748e+02
2.547693355119825753e+02 7.304221132897603752e+01 1.770627723311546902e+02
2.548052832244008812e+02 7.229112200435730529e+01 1.756806917211328880e+02
2.547543572984749574e+02 7.191966230936819215e+01 1.756612200435729960e+02
2.547792755991285389e+02 7.232203159041394258e+01 1.762407407407407334e+02
2.547607570806100341e+02 7.231209150326797896e+01 1.759805283224400796e+02
2.547577614379084991e+02 7.142674291938998010e+01 1.750710784313725412e+02
2.547668845315904207e+02 7.180324074074074758e+01 1.751318082788671120e+02
2.547331154684095793e+02 7.181318082788671120e+01 1.749617374727668846e+02
2.547640250544662308e+02 7.153295206971677089e+01 1.739843409586056566e+02
2.547500000000000000e+02 7.149714052287581012e+01 1.738451797385620807e+02
2.547370642701525014e+02 7.080351307189542354e+01 1.740398965141612280e+02
2.547532679738561967e+02 7.070574618736382888e+01 1.739867919389978113e+02
2.547054738562091529e+02 7.059694989106753837e+01 1.737896241830065378e+02
2.547619825708061114e+02 7.171446078431372939e+01 1.744583333333333428e+02
2.547780501089324616e+02 7.154193899782134736e+01 1.740551470588235361e+02
2.547674291938997726e+02 7.106154684095859864e+01 1.737416938997821489e+02
2.547626633986928084e+02 7.088643790849673110e+01 1.737698801742919272e+02
2.547706971677559977e+02 7.139855664488017339e+01 1.742593954248366117e+02
2.547879901960784252e+02 7.173257080610021319e+01 1.741771514161220011e+02
2.547701525054466174e+02 7.258918845315903923e+01 1.748850762527233087e+02
2.547723311546840819e+02 7.282720588235294201e+01 1.750370370370370381e+02
2.547901688453159181e+02 7.295356753812636441e+01 1.752610294117646959e+02
2.547840413943355031e+02 7.286860021786492325e+01 1.749098583877995736e+02
2.547758714596949972e+02 7.194975490196078738e+01 1.746511437908496873e+02
2.547625272331154633e+02 7.001838235294117396e+01 1.717264433551198124e+02
2.547337962962963047e+02 6.974618736383442297e+01 1.719018246187363843e+02
2.547380174291938886e+02 6.948747276688453667e+01 1.716260893246187322e+02
2.547392429193899659e+02 6.975939542483659750e+01 1.716542755991285389e+02
2.547475490196078454e+02 7.003186274509803866e+01 1.715706699346405344e+02
2.547250816993464184e+02 6.994948257080609721e+01 1.717144607843137294e+02
2.547073801742919272e+02 7.026307189542484366e+01 1.709709967320261512e+02
2.547272603485838829e+02 6.961710239651415577e+01 1.700238289760348493e+02
2.547022058823529278e+02 6.974645969498911313e+01 1.698541666666666572e+02
2.547367919389978113e+02 6.956358932461873223e+01 1.701458333333333428e+02
2.546883169934640421e+02 6.933074618736382888e+01 1.701613562091503127e+02
2.547068355119825753e+02 6.928281590413944002e+01 1.708778594771241899e+02
2.547337962962963047e+02 6.888616557734204093e+01 1.706835511982570779e+02
2.547297113289760375e+02 6.897916666666667140e+01 1.709094498910675384e+02
2.547173202614379193e+02 6.915236928104575043e+01 1.707538126361655770e+02
2.547094226579520750e+02 6.898338779956426947e+01 1.704881535947712337e+02
2.547425108932461910e+02 7.026198257080609721e+01 1.706519607843137294e+02
2.547498638344226549e+02 7.078935185185184764e+01 1.713159041394335418e+02
2.547457788671023877e+02 7.105882352941176805e+01 1.710887799564270040e+02
2.547745098039215748e+02 7.164351851851851904e+01 1.712054738562091529e+02
2.547928921568627345e+02 7.164474400871459636e+01 1.714793028322440023e+02
2.548043300653594656e+02 7.179248366013071347e+01 1.705175653594771177e+02
2.548116830065359579e+02 7.032121459694988630e+01 1.706511437908496873e+02
2.547965686274509665e+02 7.008346949891067368e+01 1.704150326797385731e+02
2.547911220043573053e+02 6.976633986928104036e+01 1.694802559912853894e+02
2.547429193899782263e+02 6.995329520697167425e+01 1.690657679738561967e+02
2.547604847494553439e+02 7.043110021786492325e+01 1.705152505446623081e+02
2.548011982570806140e+02 7.063671023965142126e+01 1.705141612200435759e+02
2.547841775599128482e+02 7.100735294117646390e+01 1.705486111111111143e+02
2.547803649237472712e+02 7.119798474945534394e+01 1.702151416122004264e+02
2.547760076252723422e+02 7.108169934640523024e+01 1.715908224400871518e+02
2.547847222222222285e+02 7.126211873638344230e+01 1.701614923747276578e+02
2.548048747276688459e+02 7.089760348583878624e+01 1.698974673202614269e+02
2.547647058823529278e+02 7.072521786492374929e+01 1.695076252723311541e+02
2.546363017429193860e+02 6.873393246187363559e+01 1.685157952069716885e+02
2.546796023965141558e+02 6.882965686274509665e+01 1.683199891067538090e+02
2.546523692810457646e+02 6.914814814814815236e+01 1.675023148148148096e+02
2.546895424836601194e+02 6.981263616557734508e+01 1.692702886710239625e+02
2.547215413943355031e+02 7.109681372549019329e+01 1.694061819172113417e+02
2.547024782135076180e+02 7.155078976034857874e+01 1.704225217864923820e+02
2.547457788671023877e+02 7.138834422657951961e+01 1.702854030501089255e+02
2.547901688453159181e+02 7.168845315904140136e+01 1.710641339869281126e+02
2.547641612200435759e+02 7.207366557734204093e+01 1.706484204793028425e+02
2.547011165577341956e+02 7.191721132897603752e+01 1.703494008714596930e+02
2.547189542483660034e+02 7.225885076252723138e+01 1.706565904139433485e+02
2.547219498910675384e+02 7.215713507625272882e+01 1.705340413943355031e+02
2.547678376906318078e+02 7.260239651416121376e+01 1.713887527233115406e+02
2.547864923747276578e+02 7.331876361655773167e+01 1.717245370370370381e+02
2.547298474945533826e+02 7.363929738562092098e+01 1.716507352941176521e+02
2.547290305010893121e+02 7.446377995642701819e+01 1.721109749455337692e+02
2.547882625272331154e+02 7.505160675381263502e+01 1.733494008714596930e+02
2.547815904139433485e+02 7.511832788671023309e+01 1.721534586056644969e+02
2.547815904139433485e+02 7.540672657952069358e+01 1.717566721132897669e+02
2.547574891067538090e+02 7.539038671023965321e+01 1.709169389978213474e+02
2.547603485838779989e+02 7.585008169934640421e+01 1.727847222222222285e+02
2.547604847494553439e+02 7.447426470588234793e+01 1.718698257080610006e+02
2.547549019607843093e+02 7.485838779956426947e+01 1.719633714596949972e+02
2.547327069716775725e+02 7.500912309368192155e+01 1.717425108932461910e+02
2.547514978213507675e+02 7.518709150326797896e+01 1.720759803921568505e+02
2.547618464052287663e+02 7.562159586056644400e+01 1.722448257080610006e+02
2.547937091503268050e+02 7.553962418300653781e+01 1.710770697167756111e+02
2.547923474945533826e+02 7.476579520697167425e+01 1.710254629629629619e+02
2.547570806100217737e+02 7.513943355119825185e+01 1.701812363834422683e+02
2.547527233115468448e+02 7.519240196078430927e+01 1.706176470588235361e+02
2.547822712418300739e+02 7.538099128540305571e+01 1.704396786492374645e+02
2.547625272331154633e+02 7.541108387799563673e+01 1.707145969498910745e+02
2.547293028322440023e+02 7.561601307189542354e+01 1.707785947712418420e+02
2.547472766884531552e+02 7.534858387799563673e+01 1.703884803921568505e+02
2.547656590413943434e+02 7.563820806100217453e+01 1.712381535947712337e+02
2.547072440087146106e+02 7.547943899782134736e+01 1.708902505446623081e+02
2.547689270152505401e+02 7.577437363834422968e+01 1.710867374727668846e+02
2.548009259259259238e+02 7.582012527233115406e+01 1.716135620915032689e+02
2.547869008714596930e+02 7.566571350762527004e+01 1.707302559912853894e+02
2.547890795206971575e+02 7.580487472766884594e+01 1.718744553376906197e+02
2.548058278867102331e+02 7.609272875816994031e+01 1.717625272331154633e+02
2.547991557734204662e+02 7.632843137254901933e+01 1.717549019607843093e+02
2.547874455337690733e+02 7.627614379084967311e+01 1.714730392156862706e+02
2.547916666666666572e+02 7.643927015250544343e+01 1.718270697167756111e+02
2.547943899782135020e+02 7.585825163398692439e+01 1.725415305010893121e+02
2.548070533769063104e+02 7.576525054466230813e+01 1.712679738562091529e+02
2.547798202614379193e+02 7.558074618736382888e+01 1.707818627450980387e+02
2.547711056644880045e+02 7.443532135076252132e+01 1.702114651416121944e+02
2.547791394335511939e+02 7.368954248366013360e+01 1.698653322440087265e+02
2.547685185185185048e+02 7.358796296296296191e+01 1.701861383442265776e+02
2.547768246187363843e+02 7.372154139433551734e+01 1.701888616557734224e+02
2.547589869281045765e+02 7.363208061002178795e+01 1.700619553376906197e+02
2.547671568627451109e+02 7.322753267973855884e+01 1.699985021786492325e+02
2.547649782135076180e+02 7.290550108932461626e+01 1.695733932461873508e+02
2.547175925925925810e+02 7.279316448801742467e+01 1.696135620915032689e+02
2.547148692810457646e+02 7.311492374727669130e+01 1.689027777777777715e+02
2.547012527233115406e+02 7.259531590413944002e+01 1.686996187363834281e+02
2.547178649237472712e+02 7.334681372549019329e+01 1.692743736383442297e+02
2.547049291938997726e+02 7.297031590413944002e+01 1.688641067538126492e+02
2.547229030501089255e+02 7.239569716775599773e+01 1.685787037037036953e+02
2.547370642701525014e+02 7.243436819172113417e+01 1.687930283224400796e+02
2.547340686274509665e+02 7.183523965141611711e+01 1.685480664488017339e+02
2.547453703703703809e+02 7.246854575163398238e+01 1.699892429193899659e+02
2.547536764705882320e+02 7.330637254901961342e+01 1.702254901960784252e+02
2.547621187363834281e+02 7.362731481481480955e+01 1.704648692810457646e+02
2.547687908496731950e+02 7.406644880174292211e+01 1.699554738562091529e+02
2.547698801742919272e+02 7.368504901960784537e+01 1.697651143790849630e+02
2.547672930283224275e+02 7.399618736383442297e+01 1.712129629629629619e+02
2.547749183006535816e+02 7.427219498910675100e+01 1.708461328976034963e+02
2.547470043572984650e+02 7.404616013071895964e+01 1.700954520697167709e+02
2.547871732026143832e+02 7.396064814814815236e+01 1.702189542483660034e+02
2.547649782135076180e+02 7.379370915032679079e+01 1.713175381263616543e+02
2.547933006535947698e+02 7.388507625272330870e+01 1.706151960784313815e+02
2.548016067538126492e+02 7.370669934640523024e+01 1.702177287581699261e+02
2.547531318082788800e+02 7.407189542483659750e+01 1.697614379084967311e+02
2.547755991285403070e+02 7.424727668845315520e+01 1.703416394335511939e+02
2.547950708061002274e+02 7.450381263616557703e+01 1.706635348583878056e+02
2.548005174291938886e+02 7.452314814814815236e+01 1.709773965141612280e+02
2.547896241830065378e+02 7.451661220043573053e+01 1.706081154684095793e+02
2.547686546840958499e+02 7.483728213507625071e+01 1.712358387799564241e+02
2.547681100217864980e+02 7.484300108932461626e+01 1.704816176470588118e+02
2.547769607843137294e+02 7.457271241830065378e+01 1.698709150326797328e+02
2.547934368191721148e+02 7.431971677559913303e+01 1.713713235294117680e+02
2.547971132897603468e+02 7.438058278867102047e+01 1.707212690631808414e+02
2.547843137254901933e+02 7.409953703703703809e+01 1.707956154684095793e+02
2.547785947712418420e+02 7.498515795206971291e+01 1.717504084967320352e+02
2.547874455337690733e+02 7.455010893246186754e+01 1.705172930283224275e+02
2.547913943355119955e+02 7.441053921568627061e+01 1.718491285403050028e+02
2.547694716775599204e+02 7.446527777777777146e+01 1.718743191721133030e+02
2.547798202614379193e+02 7.450231481481480955e+01 1.713187636165577317e+02
2.547859477124183059e+02 7.494594226579521035e+01 1.718504901960784252e+02
2.547746459694989198e+02 7.505895969498911313e+01 1.717205882352941160e+02
2.547630718954248437e+02 7.532339324618736498e+01 1.720682189542483798e+02
2.547691993464052302e+02 7.526062091503267482e+01 1.715815631808278852e+02
2.547479575163398806e+02 7.568559368191721148e+01 1.719784858387799602e+02
2.547813180827886583e+02 7.659340958605665151e+01 1.720774782135076180e+02
2.547968409586056566e+02 7.707053376906317510e+01 1.725089869281045765e+02
2.547882625272331154e+02 7.674809368191721148e+01 1.726623093681917283e+02
2.547889433551198124e+02 7.670601851851851904e+01 1.732766884531590392e+02
2.547280773420479250e+02 7.621922657952069358e+01 1.719241557734204662e+02
2.547768246187363843e+02 7.609708605664488346e+01 1.729918300653594656e+02
2.547619825708061114e+02 7.684749455337690449e+01 1.729211601307189596e+02
2.547777777777777715e+02 7.680337690631807845e+01 1.723141339869281126e+02
2.548071895424836555e+02 7.751593137254901933e+01 1.728880718954248437e+02
2.547693355119825753e+02 7.733197167755990620e+01 1.727165032679738488e+02
2.547456427015250426e+02 7.691462418300653781e+01 1.723650599128540364e+02
2.547700163398692723e+02 7.687608932461873223e+01 1.723519880174291927e+02
2.547627995642701535e+02 7.720315904139432917e+01 1.717832244008714611e+02
2.547705610021786526e+02 7.751729302832244173e+01 1.727604847494553439e+02
2.547574891067538090e+02 7.738793572984749858e+01 1.726281318082788800e+02
2.547619825708061114e+02 7.731849128540305571e+01 1.725796568627451109e+02
2.547877178649237351e+02 7.711043028322440307e+01 1.729803921568627345e+02
2.548092320261438033e+02 7.694008714596949972e+01 1.720608660130718874e+02
2.547971132897603468e+02 7.657366557734204093e+01 1.726053921568627345e+02
2.548163126361655770e+02 7.679983660130719159e+01 1.734712690631808414e+02
2.548261165577341956e+02 7.707924836601307561e+01 1.725477941176470722e+02
2.548082788671023877e+02 7.753649237472767197e+01 1.726994825708061114e+02
2.548071895424836555e+02 7.839379084967320921e+01 1.734176198257080728e+02
2.548070533769063104e+02 7.895329520697167425e+01 1.739044117647058840e+02
2.548099128540305003e+02 7.910430283224400227e+01 1.750257352941176521e+02
2.548126361655773451e+02 7.963943355119825185e+01 1.752272603485838829e+02
2.548095043572984650e+02 7.985879629629629051e+01 1.751132897603485787e+02
2.548238017429193860e+02 8.029956427015250142e+01 1.753120915032679648e+02
2.548367374727668846e+02 8.048297930283224844e+01 1.753869825708061114e+02
2.548231209150326890e+02 8.039978213507625071e+01 1.751482843137254974e+02
2.548175381263616543e+02 8.017088779956426947e+01 1.739187091503268050e+02
2.547995642701525014e+02 8.048229847494553724e+01 1.742519063180828027e+02
2.548099128540305003e+02 7.954724945533769187e+01 1.747396514161220011e+02
2.548095043572984650e+02 8.002260348583878624e+01 1.749870642701525014e+02
2.548092320261438033e+02 7.976266339869280841e+01 1.747088779956426947e+02
2.548168572984749574e+02 7.943709150326797896e+01 1.735023148148148096e+02
2.548047385620915009e+02 7.858387799564269471e+01 1.724876089324618817e+02
2.548152233115468448e+02 7.861928104575163445e+01 1.744629629629629619e+02
2.548210784313725412e+02 7.937486383442265492e+01 1.743793572984749574e+02
2.548331971677559977e+02 7.936683006535947982e+01 1.745114379084967311e+02
2.548101851851851904e+02 7.903839869281046049e+01 1.745014978213507675e+02
2.548168572984749574e+02 7.827124183006536384e+01 1.735377178649237351e+02
2.548165849673202672e+02 7.927192265795207504e+01 1.742233115468409608e+02
2.547690631808278852e+02 7.848052832244009380e+01 1.742094226579520750e+02
2.547800925925925810e+02 7.800639978213507675e+01 1.733400054466230813e+02
2.547957516339869244e+02 7.747167755991284821e+01 1.742415577342048039e+02
2.547933006535947698e+02 7.785716230936819215e+01 1.732514978213507675e+02
2.547976579520697271e+02 7.797753267973855884e+01 1.741150599128540364e+02
2.547900326797385731e+02 7.853581154684096077e+01 1.747775054466230813e+02
2.547995642701525014e+02 7.839855664488017339e+01 1.745642701525054576e+02
2.547869008714596930e+02 7.815904139433551734e+01 1.744726307189542354e+02
2.548184912854030415e+02 7.781181917211328880e+01 1.755411220043573053e+02
2.547939814814814952e+02 7.830610021786492325e+01 1.756127450980392268e+02
2.548086873638344230e+02 7.862037037037036669e+01 1.747617102396514213e+02
2.547866285403050028e+02 7.881535947712418988e+01 1.742546296296296191e+02
2.547916666666666572e+02 7.837717864923747868e+01 1.748248910675381183e+02
2.547918028322440023e+02 7.738848039215686470e+01 1.736800108932461910e+02
2.548026960784313815e+02 7.552287581699346219e+01 1.729976851851851904e+02
2.547008442265795338e+02 7.483333333333332860e+01 1.721885893246187322e+02
2.547030228758169983e+02 7.441081154684096077e+01 1.726711601307189596e+02
2.546646241830065378e+02 7.345860566448801876e+01 1.718304738562091529e+02
2.546789215686274588e+02 7.285934095860567083e+01 1.709715413943355031e+02
2.546422930283224275e+02 7.279616013071895964e+01 1.700823801742919272e+02
2.546427015250544628e+02 7.216653050108932632e+01 1.721126089324618817e+02
2.546625816993464184e+02 7.243082788671023309e+01 1.721582244008714611e+02
2.546496459694989198e+02 7.329806644880174815e+01 1.715855119825708073e+02
2.546160130718954235e+02 7.288398692810457646e+01 1.714207516339869244e+02
2.546959422657951961e+02 7.304248366013071347e+01 1.737574891067538090e+02
2.546677559912853894e+02 7.263221677559913303e+01 1.733477668845315804e+02
2.547239923747276578e+02 7.273788126361655770e+01 1.730318627450980387e+02
2.547162309368191586e+02 7.256644880174292211e+01 1.734441721132897669e+02
2.546811002178649233e+02 7.347821350762527004e+01 1.741911764705882320e+02
2.547124183006535816e+02 7.380746187363834565e+01 1.739603758169934622e+02
2.547203159041394258e+02 7.370329520697167425e+01 1.739705882352941160e+02
2.546895424836601194e+02 7.341190087145969301e+01 1.738491285403050028e+02
2.547088779956426947e+02 7.358564814814815236e+01 1.734556100217864980e+02
2.547380174291938886e+02 7.464814814814815236e+01 1.737160947712418420e+02
2.547671568627451109e+02 7.521391612200436327e+01 1.749859749455337692e+02
2.547047930283224275e+02 7.519158496732026720e+01 1.745102124183006538e+02
2.546857298474945424e+02 7.402668845315903923e+01 1.733801742919389994e+02
2.546933551198256964e+02 7.386587690631807845e+01 1.732708333333333428e+02
2.547189542483660034e+02 7.410471132897603752e+01 1.733153594771241899e+02
2.547318899782135020e+02 7.281917211328976691e+01 1.717227668845315804e+02
2.547023420479302729e+02 7.240468409586055998e+01 1.716760620915032689e+02
2.547130991285403070e+02 7.267116013071895964e+01 1.722814542483660034e+02
2.546964869281045765e+02 7.246146514161219443e+01 1.723213507625272314e+02
2.546891339869281126e+02 7.236424291938998010e+01 1.726323529411764639e+02
2.546299019607843093e+02 7.195370370370370949e+01 1.706775599128540364e+02
2.547013888888888857e+02 7.100272331154684480e+01 1.696107026143790790e+02
2.546963507625272314e+02 7.051497821350763218e+01 1.702218137254901933e+02
2.546974400871459636e+02 7.082529956427015350e+01 1.698824891067538090e+02
2.546938997821350767e+02 7.093423202614378908e+01 1.705178376906318078e+02
2.547369281045751563e+02 7.195669934640523024e+01 1.713304738562091529e+02
2.547001633986928084e+02 7.215604575163398238e+01 1.713572984749455372e+02
2.546632625272331154e+02 7.157965686274509665e+01 1.706535947712418420e+02
2.546433823529411882e+02 7.164651416122003980e+01 1.704204793028322342e+02
2.546595860566448835e+02 7.142374727668845935e+01 1.703755446623093803e+02
2.546601307189542354e+02 7.141979847494553724e+01 1.697069716775599204e+02
2.546687091503268050e+02 7.173393246187363559e+01 1.710138888888888857e+02
2.546666666666666572e+02 7.201742919389978681e+01 1.710362200435729960e+02
2.546937636165577317e+02 7.200313180827886583e+01 1.713770424836601194e+02
2.547291666666666572e+02 7.246623093681917283e+01 1.710668572984749574e+02
2.547404684095860432e+02 7.238085511982571063e+01 1.708581154684095793e+02
2.547584422657951961e+02 7.256358932461873223e+01 1.708359204793028425e+02
2.547506808278866970e+02 7.247589869281046049e+01 1.709882897603485787e+02
2.547374727668845367e+02 7.273229847494553724e+01 1.715931372549019613e+02
2.547282135076252700e+02 7.266407952069717169e+01 1.707500000000000000e+02
2.547252178649237351e+02 7.244961873638344230e+01 1.717738289760348493e+02
2.547543572984749574e+02 7.226838235294117396e+01 1.712013888888888857e+02
2.547495915032679648e+02 7.263412309368192155e+01 1.706510076252723422e+02
2.547523148148148096e+02 7.265141612200436327e+01 1.704037309368191586e+02
2.547851307189542354e+02 7.316843681917211484e+01 1.721369825708061114e+02
2.547641612200435759e+02 7.284749455337690449e+01 1.719436274509803866e+02
2.547550381263616543e+02 7.305405773420478965e+01 1.710437091503268050e+02
2.546983932461873508e+02 7.208265250544661740e+01 1.691655773420479250e+02
2.546847766884531552e+02 7.120792483660130756e+01 1.689067265795206936e+02
2.546229575163398806e+02 6.970669934640523024e+01 1.682997004357298465e+02
2.546583605664488061e+02 6.964569716775599773e+01 1.688288398692810404e+02
2.547053376906318078e+02 7.096418845315903923e+01 1.688937908496731950e+02
2.547120098039215748e+02 7.116938997821350199e+01 1.695290032679738488e+02
2.546842320261438033e+02 7.154452614379084707e+01 1.691749727668845367e+02
2.546500544662309267e+02 7.194253812636165435e+01 1.693977396514161171e+02
2.546748366013071916e+02 7.236955337690632462e+01 1.699900599128540364e+02
2.546811002178649233e+02 7.275054466230936612e+01 1.706808278867102331e+02
2.547058823529411882e+02 7.427342047930282831e+01 1.712258986928104605e+02
2.546956699346405344e+02 7.356304466230936612e+01 1.712653867102396532e+02
2.547626633986928084e+02 7.398352396514161455e+01 1.711469226579520750e+02
2.547399237472766913e+02 7.476565904139432917e+01 1.725200163398692723e+02
2.547531318082788800e+02 7.569158496732026720e+01 1.729501633986928084e+02
2.547671568627451109e+02 7.652641612200436327e+01 1.734000544662309267e+02
2.547988834422658044e+02 7.772249455337690449e+01 1.745584150326797328e+02
2.547986111111111143e+02 7.842252178649236782e+01 1.739985021786492325e+02
2.547907135076252700e+02 7.847834967320261512e+01 1.747565359477124218e+02
2.548274782135076180e+02 7.879166666666667140e+01 1.746970315904139568e+02
2.548224400871459636e+02 7.849223856209150085e+01 1.744259259259259238e+02
2.547760076252723422e+02 7.665713507625272882e+01 1.730276416122004264e+02
2.547856753812636157e+02 7.717170479302832575e+01 1.730281862745098067e+02
2.547896241830065378e+02 7.716013071895424957e+01 1.726059368191721148e+02
2.547860838779956509e+02 7.734000544662309551e+01 1.731606753812636157e+02
2.548152233115468448e+02 7.737186819172113417e+01 1.730370370370370381e+02
2.547945261437908471e+02 7.720996732026144116e+01 1.729846132897603468e+02
2.547427832244008812e+02 7.653744553376905913e+01 1.722833605664488061e+02
2.547261710239651507e+02 7.604888344226579022e+01 1.728348311546840819e+02
2.547376089324618817e+02 7.639651416122003980e+01 1.728428649237472712e+02
2.547581699346405344e+02 7.654929193899782547e+01 1.724711328976034963e+02
2.547269880174291927e+02 7.633278867102396248e+01 1.726870915032679648e+02
2.547377450980392268e+02 7.636301742919390279e+01 1.730351307189542354e+02
2.547572167755991188e+02 7.628880718954248152e+01 1.736384803921568505e+02
2.547253540305010802e+02 7.662404684095859864e+01 1.732257625272331154e+02
2.547336601307189596e+02 7.689760348583878624e+01 1.742438725490196134e+02
2.547576252723311541e+02 7.672807734204792496e+01 1.750705337690631893e+02
2.547516339869281126e+02 7.685757080610021319e+01 1.745759803921568505e+02
2.547241285403050028e+02 7.702750544662309551e+01 1.745615468409586128e+02
2.547607570806100341e+02 7.774387254901961342e+01 1.740311819172113417e+02
2.547843137254901933e+02 7.736560457516340250e+01 1.741693899782135020e+02
2.548178104575163445e+02 7.739501633986928653e+01 1.747283496732026151e+02
2.548135893246187322e+02 7.678948801742919272e+01 1.747182734204793064e+02
2.547822712418300739e+02 7.670152505446623081e+01 1.747031590413943434e+02
2.547675653594771177e+02 7.643913398692809835e+01 1.746757897603485787e+02
2.547384259259259238e+02 7.647671568627451677e+01 1.747794117647058840e+02
2.547585784313725412e+02 7.642878540305011370e+01 1.748706427015250426e+02
2.547312091503268050e+02 7.612214052287581012e+01 1.737404684095860432e+02
2.547471405228758101e+02 7.622984749455338260e+01 1.740614106753812678e+02
2.547697440087146106e+02 7.627396514161219443e+01 1.744494825708061114e+02
2.547908496732026151e+02 7.600000000000000000e+01 1.751956699346405344e+02
2.546898148148148096e+02 7.539814814814815236e+01 1.735541938997821489e+02
2.546199618736383457e+02 7.455119825708061398e+01 1.715326797385620807e+02
2.546153322440087265e+02 7.396255446623094087e+01 1.720876906318082717e+02
2.546166938997821489e+02 7.420465686274509665e+01 1.727278050108932348e+02
2.546052559912853894e+02 7.411710239651415577e+01 1.723081427015250426e+02
2.545910947712418420e+02 7.338167211328976691e+01 1.722120098039215748e+02
2.546452886710239625e+02 7.345874183006536384e+01 1.721723856209150370e+02
2.546757897603485787e+02 7.442851307189542354e+01 1.730351307189542354e+02
2.547076525054466174e+02 7.456644880174292211e+01 1.729377723311546902e+02
2.547169117647058840e+02 7.459286492374727118e+01 1.724444444444444571e+02
2.547205882352941160e+02 7.488521241830065378e+01 1.734208877995642695e+02
2.547263071895424957e+02 7.546078431372548323e+01 1.737830882352941160e+02
2.547053376906318078e+02 7.572031590413944002e+01 1.742284858387799602e+02
2.547101034858387720e+02 7.572058823529411598e+01 1.734906045751633883e+02
2.546797385620915009e+02 7.635702614379084707e+01 1.737687908496731950e+02
2.547348856209150370e+02 7.640291394335511654e+01 1.746823257080610006e+02
2.547751906318082717e+02 7.649850217864923252e+01 1.740517429193899659e+02
2.547845860566448835e+02 7.582461873638344230e+01 1.743891612200435759e+02
2.547438725490196134e+02 7.590155228758169415e+01 1.733246187363834281e+02
2.547244008714596930e+02 7.584885620915032689e+01 1.731797385620915009e+02
2.547316176470588118e+02 7.532203159041394258e+01 1.735964052287581580e+02
2.547659313725490335e+02 7.498107298474945992e+01 1.730458877995642695e+02
2.547685185185185048e+02 7.541326252723311541e+01 1.732455065359477260e+02
2.547365196078431495e+02 7.543232570806100057e+01 1.740733932461873508e+02
2.547446895424836555e+02 7.501279956427015350e+01 1.727107843137254974e+02
2.546857298474945424e+02 7.347889433551198124e+01 1.710577342047930358e+02
2.546209150326797328e+02 7.121813725490196134e+01 1.688070533769063104e+02
2.546217320261438033e+02 7.049986383442265492e+01 1.689833877995642695e+02
2.546433823529411882e+02 7.144907407407407618e+01 1.698875272331154633e+02
2.546271786492374645e+02 7.185130718954248152e+01 1.700890522875816941e+02
2.545831971677559977e+02 7.171868191721132746e+01 1.694411764705882320e+02
2.546203703703703809e+02 7.327015250544661740e+01 1.709044117647058840e+02
2.546299019607843093e+02 7.249237472766884594e+01 1.704016884531590392e+02
2.546368464052287663e+02 7.312363834422657760e+01 1.717362472766884594e+02
2.546576797385620807e+02 7.319730392156863275e+01 1.714007352941176521e+02
2.546730664488017339e+02 7.348488562091503695e+01 1.717833605664488061e+02
2.546683006535947698e+02 7.381849128540305571e+01 1.725096677559912735e+02
2.546737472766884594e+02 7.421459694989107447e+01 1.727937091503268050e+02
2.547154139433551165e+02 7.422726034858388289e+01 1.735584150326797328e+02
2.547144607843137294e+02 7.432720588235294201e+01 1.734426742919389994e+02
2.546798747276688459e+02 7.435648148148148096e+01 1.720217864923747300e+02
2.546639433551198124e+02 7.389978213507625071e+01 1.723549836601307277e+02
2.546398420479302729e+02 7.389665032679738488e+01 1.717683823529411882e+02
2.546756535947712337e+02 7.383197167755990620e+01 1.724764433551198124e+02
2.546831427015250426e+02 7.458197167755990620e+01 1.731395697167756111e+02
2.546990740740740762e+02 7.472235838779955941e+01 1.735645424836601194e+02
2.546857298474945424e+02 7.534463507625272882e+01 1.741974400871459636e+02
2.546815087145969585e+02 7.553431372549019329e+01 1.733366013071895395e+02
2.547019335511982661e+02 7.459844771241830585e+01 1.731751089324618817e+02
2.546755174291938886e+02 7.273924291938998010e+01 1.707655228758169983e+02
2.546120642701525014e+02 7.061097494553376919e+01 1.698175381263616543e+02
2.546081154684095793e+02 6.925626361655773167e+01 1.688545751633986924e+02
2.546030773420479250e+02 6.914202069716775156e+01 1.686757897603485787e+02
2.546177832244008812e+02 6.927627995642701819e+01 1.689481209150326890e+02
2.546252723311546902e+02 7.062949346405228823e+01 1.691495098039215748e+02
2.546443355119825753e+02 7.016911764705882604e+01 1.689394063180828027e+02
2.546564542483660034e+02 7.043205337690632462e+01 1.695678104575163445e+02
2.546846405228758101e+02 7.047235838779955941e+01 1.696515522875816941e+02
2.546248638344226549e+02 7.071514161220044059e+01 1.700623638344226549e+02
2.546644880174291927e+02 7.239120370370370949e+01 1.713543028322440023e+02
2.546740196078431495e+02 7.299400871459694429e+01 1.709354575163398806e+02
2.546921296296296191e+02 7.335743464052288232e+01 1.715126633986928084e+02
2.546661220043573053e+02 7.391693899782134736e+01 1.720118464052287663e+02
2.546892701525054576e+02 7.384763071895424957e+01 1.734507080610021887e+02
2.547081971677559977e+02 7.417538126361655770e+01 1.728374183006535816e+02
2.547415577342048039e+02 7.260321350762527004e+01 1.715698529411764639e+02
2.547273965141612280e+02 7.301293572984749858e+01 1.713789488017429221e+02
2.547327069716775725e+02 7.338289760348584423e+01 1.714383169934640421e+02
2.547043845315904207e+02 7.453254357298474986e+01 1.718134531590413872e+02
2.546978485838779989e+02 7.490332244008715179e+01 1.718566176470588118e+02
2.547080610021786526e+02 7.359926470588234793e+01 1.712415577342048039e+02
2.546914488017429221e+02 7.267238562091503695e+01 1.701598583877995736e+02
2.546759259259259238e+02 7.270070806100217453e+01 1.699132625272331154e+02
2.546519607843137294e+02 7.330269607843136725e+01 1.694858387799564241e+02
2.546707516339869244e+02 7.445506535947711768e+01 1.706697984749455372e+02
2.546723856209150370e+02 7.545669934640523024e+01 1.712569444444444571e+02
2.546478758169934622e+02 7.575122549019607732e+01 1.714375000000000000e+02
2.546173747276688459e+02 7.378989651416121376e+01 1.705487472766884594e+02
2.545898692810457646e+02 7.349346405228757817e+01 1.698571623093681922e+02
2.546151960784313815e+02 7.454684095860567083e+01 1.707859477124183059e+02
2.546466503267973849e+02 7.627873093681917283e+01 1.723605664488017339e+02
2.546595860566448835e+02 7.802001633986928653e+01 1.736060729847494599e+02
2.547242647058823479e+02 7.812976579520697840e+01 1.740518790849673110e+02
2.547130991285403070e+02 7.794485294117646390e+01 1.728587962962963047e+02
2.547287581699346504e+02 7.811179193899782547e+01 1.731213235294117680e+02
2.547441448801743036e+02 7.802818627450980671e+01 1.727079248366013076e+02
2.547361111111111143e+02 7.813439542483659750e+01 1.730014978213507675e+02
2.547197712418300739e+02 7.896092047930282831e+01 1.737536764705882320e+02
2.547457788671023877e+02 7.933033769063180785e+01 1.737698801742919272e+02
2.547357026143790790e+02 7.983115468409586413e+01 1.738444989106753837e+02
2.547881263616557703e+02 8.031250000000000000e+01 1.744821623093681922e+02
2.547704248366013076e+02 8.074959150326797896e+01 1.738174019607843093e+02
2.547765522875816941e+02 8.116993464052288232e+01 1.745134803921568505e+02
2.547627995642701535e+02 8.047753267973855884e+01 1.739410403050108869e+02
2.547656590413943434e+02 8.112391067538126777e+01 1.748729575163398806e+02
2.547731481481481524e+02 8.109790305010892553e+01 1.750302287581699261e+02
2.547180010893246163e+02 8.084259259259259522e+01 1.741960784313725412e+02
2.547265795206971575e+02 8.049972766884530984e+01 1.738529411764705799e+02
2.547189542483660034e+02 8.032448257080609721e+01 1.726703431372548891e+02
2.547150054466230813e+02 8.029779411764705799e+01 1.729915577342048039e+02
2.546933551198256964e+02 7.994798474945534394e+01 1.718879357298474986e+02
2.546511437908496873e+02 7.851783769063180785e+01 1.712606209150326890e+02
2.546540032679738488e+02 7.743790849673202104e+01 1.713560729847494599e+02
2.546416122004357305e+02 7.728050108932461626e+01 1.709501633986928084e+02
2.545895969498910745e+02 7.717265795206971291e+01 1.707781862745098067e+02
2.546211873638344230e+02 7.776184640522875213e+01 1.713138616557734224e+02
2.546484204793028425e+02 7.770751633986928653e+01 1.708238017429193860e+02
2.546435185185185048e+02 7.790550108932461626e+01 1.715400326797385731e+02
2.547272603485838829e+02 7.893246187363834565e+01 1.718278867102396532e+02
2.547026143790849630e+02 7.838289760348584423e+01 1.725787037037036953e+02
2.546789215686274588e+02 7.774673202614378908e+01 1.713056917211328880e+02
2.547004357298474986e+02 7.764065904139432917e+01 1.715763888888888857e+02
2.546940359477124218e+02 7.785049019607842524e+01 1.721358932461873508e+02
2.546896786492374645e+02 7.743736383442265492e+01 1.721892701525054576e+02
2.546681644880174247e+02 7.805705337690632462e+01 1.716565904139433485e+02
2.546437908496731950e+02 7.802328431372548323e+01 1.718432734204793064e+02
2.546648965141612280e+02 7.803472222222222854e+01 1.721854575163398806e+02
2.547088779956426947e+02 7.751770152505446276e+01 1.720374455337690733e+02
2.546903594771241899e+02 7.698760893246186754e+01 1.703254357298474986e+02
2.546926742919389994e+02 7.608537581699346219e+01 1.705683551198256964e+02
2.546981209150326890e+02 7.556304466230936612e+01 1.701821895424836555e+02
2.546772875816993462e+02 7.583469498910675100e+01 1.705021786492374645e+02
2.546708877995642695e+02 7.613425925925925242e+01 1.713029684095860432e+02
2.546546840958605742e+02 7.615032679738561683e+01 1.709004629629629619e+02
2.545573257080610006e+02 7.572440087145969301e+01 1.707346132897603468e+02
2.546267701525054576e+02 7.578622004357298181e+01 1.713262527233115406e+02
2.546508714596949972e+02 7.691367102396513644e+01 1.718074618736383457e+02
2.546444716775599204e+02 7.766530501089324900e+01 1.716624455337690733e+02
2.546764705882353041e+02 7.805160675381263502e+01 1.714684095860566515e+02
2.546802832244008812e+02 7.843736383442265492e+01 1.720102124183006538e+02
2.546767429193899659e+02 7.809027777777777146e+01 1.720392156862745026e+02
2.546812363834422683e+02 7.866721132897603752e+01 1.718602941176470722e+02
2.546787854030501137e+02 7.995874183006536384e+01 1.731944444444444571e+02
2.546839596949891131e+02 8.049087690631807845e+01 1.741022603485838829e+02
2.547252178649237351e+02 8.002382897603486356e+01 1.739425381263616543e+02
2.547166394335511939e+02 7.976307189542484366e+01 1.742282135076252700e+02
2.546988017429193860e+02 7.988480392156863275e+01 1.745156590413943434e+02
2.547284858387799602e+02 8.027287581699346219e+01 1.735138888888888857e+02
2.547618464052287663e+02 8.058823529411765207e+01 1.736233660130718874e+02
2.547395152505446561e+02 8.112377450980392268e+01 1.737357026143790790e+02
2.547200435729847356e+02 8.113276143790849915e+01 1.748489923747276578e+02
2.547468681917211200e+02 8.124346405228757817e+01 1.749965958605664582e+02
2.547482298474945424e+02 8.108918845315903923e+01 1.747068355119825753e+02
2.547273965141612280e+02 8.126661220043573053e+01 1.742724673202614269e+02
2.547457788671023877e+02 8.125953159041394258e+01 1.736371187363834281e+02
2.547329793028322342e+02 8.052042483660130756e+01 1.732155501089324616e+02
2.547230392156862706e+02 8.047072440087146106e+01 1.727702886710239625e+02
2.547148692810457646e+02 7.990155228758169415e+01 1.726425653594771177e+02
2.547174564270152644e+02 8.007706971677559693e+01 1.733675108932461910e+02
2.547415577342048039e+02 7.980269607843136725e+01 1.736666666666666572e+02
2.546695261437908471e+02 7.917320261437907902e+01 1.735098039215686185e+02
2.546299019607843093e+02 7.863344226579521035e+01 1.728152233115468448e+02
2.545754357298474986e+02 7.799686819172113417e+01 1.708676470588235361e+02
2.546100217864923820e+02 7.782148692810457646e+01 1.713728213507625355e+02
2.546304466230936896e+02 7.805337690631807845e+01 1.717551742919389994e+02
2.545985838779956509e+02 7.778581154684096077e+01 1.719072712418300739e+02
2.545942265795206936e+02 7.843681917211328880e+01 1.717288943355119955e+02
2.545966775599128482e+02 7.802396514161219443e+01 1.725408496732026151e+02
2.546226851851851904e+02 7.828050108932461626e+01 1.724669117647058840e+02
2.546412037037036953e+02 7.832094226579521035e+01 1.728355119825708073e+02
2.546553649237472712e+02 7.784844771241830585e+01 1.724172113289760375e+02
2.546586328976034963e+02 7.774400871459694429e+01 1.723203976034858442e+02
2.546533224400871518e+02 7.780119825708061398e+01 1.717806372549019613e+02
2.545999455337690733e+02 7.716748366013071347e+01 1.713431372549019613e+02
2.546398420479302729e+02 7.693586601307190165e+01 1.717738289760348493e+02
2.546384803921568505e+02 7.738820806100217453e+01 1.716654411764705799e+02
2.546687091503268050e+02 7.714978213507625071e+01 1.706269063180828027e+02
2.546560457516339966e+02 7.626593137254901933e+01 1.705486111111111143e+02
2.546432461873638431e+02 7.479874727668845935e+01 1.704234749455337692e+02
2.545292755991285389e+02 7.342769607843136725e+01 1.688715958605664582e+02
2.545757080610021887e+02 7.290822440087146106e+01 1.686221405228758101e+02
2.545924564270152644e+02 7.358428649237472996e+01 1.688208061002178511e+02
2.546119281045751563e+02 7.478295206971677089e+01 1.703201252723311541e+02
2.546203703703703809e+02 7.582312091503267482e+01 1.707344771241830017e+02
2.546323529411764639e+02 7.639038671023965321e+01 1.714914215686274588e+02
2.546463779956426947e+02 7.611397058823528994e+01 1.708130446623093803e+02
2.546771514161220011e+02 7.553404139433551734e+01 1.701386165577341956e+02
2.546218681917211200e+02 7.518518518518519045e+01 1.697096949891067652e+02
2.545842864923747300e+02 7.564406318082788516e+01 1.702444172113289653e+02
2.545732570806100341e+02 7.620098039215686470e+01 1.702920751633986924e+02
2.545675381263616543e+02 7.640550108932461626e+01 1.708833061002178511e+02
2.546240468409586128e+02 7.633401416122003980e+01 1.705938180827886583e+02
2.546741557734204662e+02 7.795520152505446276e+01 1.720396241830065378e+02
2.546711601307189596e+02 7.765468409586055998e+01 1.724222494553376919e+02
2.547053376906318078e+02 7.831944444444444287e+01 1.722964324618736498e+02
2.547264433551198124e+02 7.848366013071895964e+01 1.729015522875816941e+02
2.546858660130718874e+02 7.909163943355119386e+01 1.728239379084967311e+02
2.546745642701525014e+02 7.900925925925925242e+01 1.731171023965141558e+02
2.547057461873638431e+02 7.960648148148148096e+01 1.732779139433551165e+02
2.546548202614379193e+02 8.006767429193899943e+01 1.733751361655773451e+02
2.546832788671023877e+02 7.996555010893246163e+01 1.734546568627451109e+02
2.546718409586056566e+02 7.893110021786492325e+01 1.731894063180828027e+02
2.546699346405228823e+02 7.913330610021786526e+01 1.736195533769063104e+02
2.546407952069716885e+02 7.943436819172113417e+01 1.734242919389978113e+02
2.546229575163398806e+02 7.956712962962963331e+01 1.733334694989106879e+02
2.546245915032679648e+02 7.945152505446623081e+01 1.745206971677559977e+02
2.546316721132897669e+02 7.961614923747276862e+01 1.744324618736383457e+02
2.546395697167756111e+02 8.001470588235294201e+01 1.741462418300653496e+02
2.546267701525054576e+02 7.979071350762527004e+01 1.728974673202614269e+02
2.546462418300653496e+02 7.890345860566448266e+01 1.730676742919389994e+02
2.545939542483660034e+02 7.859259259259259522e+01 1.722561274509803866e+02
2.545897331154684196e+02 7.670383986928104036e+01 1.709513888888888857e+02
2.546226851851851904e+02 7.691911764705882604e+01 1.714281045751633883e+02
2.546154684095860432e+02 7.798978758169934622e+01 1.717145969498910745e+02
2.546994825708061114e+02 7.781222766884530984e+01 1.724763071895424957e+02
2.546741557734204662e+02 7.731440631808278852e+01 1.719697712418300739e+02
2.546380718954248437e+02 7.761356209150326890e+01 1.716456971677559977e+02
2.546579520697167709e+02 7.760049019607842524e+01 1.720375816993464184e+02
2.546644880174291927e+02 7.778022875816994031e+01 1.727042483660130756e+02
2.546767429193899659e+02 7.788003812636165435e+01 1.722839052287581580e+02
2.546757897603485787e+02 7.847644335511982661e+01 1.729976851851851904e+02
2.546958061002178511e+02 7.824632352941176805e+01 1.740230119825708073e+02
2.546782407407407334e+02 7.855051742919390279e+01 1.738003812636165719e+02
2.546977124183006538e+02 7.872058823529411598e+01 1.737483660130718874e+02
2.547027505446623081e+02 7.845860566448801876e+01 1.727092864923747300e+02
2.547312091503268050e+02 7.808020152505446276e+01 1.733956971677559977e+02
2.547546296296296191e+02 7.816707516339869244e+01 1.735008169934640421e+02
2.547418300653594656e+02 7.763003812636165435e+01 1.729537037037036953e+02
2.546668028322440023e+02 7.641122004357298181e+01 1.730833333333333428e+02
2.546730664488017339e+02 7.501988017429194144e+01 1.709110838779956509e+02
2.546422930283224275e+02 7.351171023965142126e+01 1.700318627450980387e+02
