2.485019047619047683e+02 3.514523809523809206e+01 1.394325396825396695e+02
2.473725396825396956e+02 3.479984126984126647e+01 1.384207936507936552e+02
2.464706349206349216e+02 3.229047619047619122e+01 1.365409523809523762e+02
2.468614285714285757e+02 3.524968253968253862e+01 1.387461904761904634e+02
2.467428571428571331e+02 3.559603174603174836e+01 1.381661904761904793e+02
2.467436507936508008e+02 3.579142857142856826e+01 1.383766666666666652e+02
2.470293650793650784e+02 3.525920634920635166e+01 1.378606349206349080e+02
2.471201587301587210e+02 3.575619047619047564e+01 1.380738095238095298e+02
2.470093650793650681e+02 3.527396825396825619e+01 1.374784126984127113e+02
2.468426984126984109e+02 3.500380952380952237e+01 1.375415873015872990e+02
2.469371428571428453e+02 3.497365079365079055e+01 1.379447619047619185e+02
2.468850793650793776e+02 3.491095238095238074e+01 1.372590476190476068e+02
2.469174603174603249e+02 3.531047619047618724e+01 1.376492063492063380e+02
2.468079365079365175e+02 3.481031746031746366e+01 1.367819047619047694e+02
2.466626984126984041e+02 3.440190476190475977e+01 1.363341269841269821e+02
2.468680952380952363e+02 3.489428571428571502e+01 1.374682539682539755e+02
2.468366666666666731e+02 3.456904761904761614e+01 1.372609523809523751e+02
2.468647619047619060e+02 3.479396825396825221e+01 1.373357142857142890e+02
2.468952380952380850e+02 3.507492063492063750e+01 1.373993650793650829e+02
2.470368253968254066e+02 3.495650793650793986e+01 1.370090476190476068e+02
2.471342857142857099e+02 3.544365079365079652e+01 1.381668253968254021e+02
2.472173015873015913e+02 3.596714285714286063e+01 1.381331746031746093e+02
2.473011111111111120e+02 3.577047619047618809e+01 1.384015873015873126e+02
2.475053968253968151e+02 3.626142857142857423e+01 1.383088888888889016e+02
2.473465079365079475e+02 3.597301587301587489e+01 1.379944444444444400e+02
2.473580952380952453e+02 3.578428571428571558e+01 1.372265079365079430e+02
2.471961904761904805e+02 3.576714285714285779e+01 1.365592063492063630e+02
2.473617460317460370e+02 3.588825396825397007e+01 1.373880952380952465e+02
2.473139682539682553e+02 3.589428571428571502e+01 1.371215873015873115e+02
2.472806349206349239e+02 3.607650793650793730e+01 1.372214285714285609e+02
2.475085714285714289e+02 3.659920634920634797e+01 1.380425396825396831e+02
2.473006349206349341e+02 3.608920634920634996e+01 1.376825396825396695e+02
2.471328571428571479e+02 3.574126984126984041e+01 1.374987301587301545e+02
2.471649206349206338e+02 3.569857142857142662e+01 1.371746031746031633e+02
2.471330158730158644e+02 3.578936507936507638e+01 1.380215873015872887e+02
2.469863492063492174e+02 3.572793650793650500e+01 1.370073015873015834e+02
2.470742857142857076e+02 3.509698412698412540e+01 1.363487301587301488e+02
2.472179365079365141e+02 3.496968253968253748e+01 1.373949206349206236e+02
2.470755555555555532e+02 3.539777777777777601e+01 1.372746031746031861e+02
2.471465079365079305e+02 3.572174603174602936e+01 1.380430158730158610e+02
2.471701587301587324e+02 3.593634920634920604e+01 1.378139682539682553e+02
2.471482539682539823e+02 3.594412698412698148e+01 1.379747619047618912e+02
2.471117460317460370e+02 3.570571428571428640e+01 1.381577777777777669e+02
2.473939682539682678e+02 3.600126984126983842e+01 1.383107936507936415e+02
2.472073015873016004e+02 3.600126984126983842e+01 1.377247619047618912e+02
2.473247619047619139e+02 3.603301587301587006e+01 1.384974603174603089e+02
2.473698412698412596e+02 3.669904761904761870e+01 1.381152380952380838e+02
2.474690476190476147e+02 3.698587301587301823e+01 1.381860317460317447e+02
2.475466666666666526e+02 3.684698412698412540e+01 1.393553968253968378e+02
2.473450793650793571e+02 3.671015873015873154e+01 1.389912698412698546e+02
2.474373015873015902e+02 3.667777777777777715e+01 1.383211111111111222e+02
2.475444444444444514e+02 3.695365079365079453e+01 1.386257142857142810e+02
2.475969841269841254e+02 3.725571428571428356e+01 1.388379365079365186e+02
2.476939682539682508e+02 3.746142857142856997e+01 1.395822222222222138e+02
2.478306349206349068e+02 3.806317460317460188e+01 1.398174603174603305e+02
2.478539682539682474e+02 3.729968253968254288e+01 1.396777777777777771e+02
2.478242857142857076e+02 3.702650793650793304e+01 1.399001587301587222e+02
2.478092063492063630e+02 3.738206349206349444e+01 1.403369841269841345e+02
2.477041269841269866e+02 3.772952380952381191e+01 1.398922222222222160e+02
2.475419047619047603e+02 3.752666666666666373e+01 1.393773015873015879e+02
2.477498412698412835e+02 3.762825396825396496e+01 1.400833333333333428e+02
2.477046031746031645e+02 3.751809523809523483e+01 1.396869841269841288e+02
2.477392063492063414e+02 3.673968253968254061e+01 1.398153968253968173e+02
2.477201587301587438e+02 3.699619047619047763e+01 1.401233333333333348e+02
2.476414285714285768e+02 3.707079365079365374e+01 1.393557142857142992e+02
2.476315873015873024e+02 3.711349206349206042e+01 1.390246031746031861e+02
2.475949206349206406e+02 3.707857142857142918e+01 1.393911111111111154e+02
2.477442857142857235e+02 3.705238095238095042e+01 1.401769841269841379e+02
2.477806349206349239e+02 3.748301587301587290e+01 1.405915873015873103e+02
2.475749206349206304e+02 3.715825396825396609e+01 1.401542857142857201e+02
2.475855555555555441e+02 3.696158730158730066e+01 1.403617460317460370e+02
2.474582539682539561e+02 3.687714285714285722e+01 1.398626984126984212e+02
2.474957142857142856e+02 3.663984126984126988e+01 1.396950793650793514e+02
2.473669841269841356e+02 3.634047619047618838e+01 1.397717460317460336e+02
2.472114285714285700e+02 3.601952380952381105e+01 1.386636507936507883e+02
2.472111111111111086e+02 3.565619047619047421e+01 1.383463492063492026e+02
2.471952380952380963e+02 3.557761904761904503e+01 1.390390476190476079e+02
2.474657142857142844e+02 3.579253968253968310e+01 1.391673015873015800e+02
2.473839682539682485e+02 3.582650793650793730e+01 1.394403174603174591e+02
2.474246031746031633e+02 3.598857142857142577e+01 1.391361904761904782e+02
2.472831746031746150e+02 3.591730158730158706e+01 1.388801587301587404e+02
2.472717460317460336e+02 3.605158730158730407e+01 1.393142857142857167e+02
2.472325396825396808e+02 3.640857142857142748e+01 1.389960317460317469e+02
2.472895238095238142e+02 3.645619047619047848e+01 1.401723809523809621e+02
2.474146031746031724e+02 3.657603174603174523e+01 1.400287301587301556e+02
2.472907936507936597e+02 3.599222222222222456e+01 1.399012698412698512e+02
2.470753968253968367e+02 3.530730158730158763e+01 1.383898412698412699e+02
2.472295238095238119e+02 3.527730158730158649e+01 1.389506349206349114e+02
2.471792063492063392e+02 3.520714285714285552e+01 1.380800000000000125e+02
2.471047619047619150e+02 3.508269841269841294e+01 1.377577777777777897e+02
2.471630158730158655e+02 3.572126984126984439e+01 1.390766666666666538e+02
2.472185714285714369e+02 3.604301587301587517e+01 1.383296825396825511e+02
2.473668253968253907e+02 3.627809523809523995e+01 1.385784126984127056e+02
2.474423809523809439e+02 3.646936507936507610e+01 1.386885714285714357e+02
2.475153968253968344e+02 3.651634920634920434e+01 1.387801587301587176e+02
2.475568253968253885e+02 3.644063492063492049e+01 1.383192063492063539e+02
2.475712698412698387e+02 3.667015873015873240e+01 1.390087301587301454e+02
2.476047619047619150e+02 3.680857142857142605e+01 1.391357142857142719e+02
2.475268253968253873e+02 3.676761904761904987e+01 1.390614285714285643e+02
2.476217460317460279e+02 3.694206349206348960e+01 1.387174603174603078e+02
2.475377777777777908e+02 3.687873015873015703e+01 1.385706349206349159e+02
2.475220634920634950e+02 3.627523809523809462e+01 1.372095238095238017e+02
2.473792063492063562e+02 3.573444444444444201e+01 1.369623809523809541e+02
2.472482539682539766e+02 3.566063492063491935e+01 1.362877777777777908e+02
2.473544444444444537e+02 3.589523809523809206e+01 1.370341269841269707e+02
2.472838095238095377e+02 3.598238095238095013e+01 1.367314285714285802e+02
2.472347619047619105e+02 3.602603174603174807e+01 1.364176190476190413e+02
2.472104761904761858e+02 3.561269841269841407e+01 1.357120634920634927e+02
2.473334920634920593e+02 3.521523809523809234e+01 1.357744444444444412e+02
2.472920634920635052e+02 3.497746031746032003e+01 1.357120634920634927e+02
2.473368253968253896e+02 3.512746031746031861e+01 1.365747619047619139e+02
2.473061904761904657e+02 3.592000000000000171e+01 1.368988888888888766e+02
2.474079365079365118e+02 3.632047619047619236e+01 1.376863492063492060e+02
2.474825396825396808e+02 3.644746031746031889e+01 1.376079365079365004e+02
2.473971428571428532e+02 3.617158730158730151e+01 1.368885714285714243e+02
2.473398412698412585e+02 3.568682539682539812e+01 1.368041269841269809e+02
2.472190476190476147e+02 3.524095238095237903e+01 1.357963492063492197e+02
2.471279365079365107e+02 3.493619047619047535e+01 1.354803174603174512e+02
2.470131746031746047e+02 3.427761904761904788e+01 1.346946031746031736e+02
2.469325396825396695e+02 3.384333333333333371e+01 1.339669841269841299e+02
2.471415873015872933e+02 3.451063492063492077e+01 1.349900000000000091e+02
2.470457142857142969e+02 3.445269841269841038e+01 1.341174603174603135e+02
2.469955555555555691e+02 3.434968253968254004e+01 1.342195238095238210e+02
2.469374603174603067e+02 3.465746031746031974e+01 1.349750793650793526e+02
2.470349206349206383e+02 3.488365079365079424e+01 1.351844444444444377e+02
2.471114285714285757e+02 3.484920634920634797e+01 1.354150793650793787e+02
2.472115873015873149e+02 3.453412698412698489e+01 1.360757142857142981e+02
2.471022222222222240e+02 3.411984126984126675e+01 1.360373015873015845e+02
2.468907936507936540e+02 3.395412698412698660e+01 1.350719047619047615e+02
2.469333333333333371e+02 3.401031746031745939e+01 1.354722222222222285e+02
2.469900000000000091e+02 3.415285714285714391e+01 1.352853968253968162e+02
2.471039682539682474e+02 3.449476190476190141e+01 1.365587301587301567e+02
2.470246031746031861e+02 3.436015873015873012e+01 1.357684126984127033e+02
2.469457142857142742e+02 3.456380952380952465e+01 1.354633333333333383e+02
2.471434920634920616e+02 3.505492063492063437e+01 1.370503174603174728e+02
2.476501587301587222e+02 3.553904761904762211e+01 1.381369841269841174e+02
2.476231746031745899e+02 3.547761904761905072e+01 1.381304761904762017e+02
2.476634920634920718e+02 3.539238095238095383e+01 1.376034920634920695e+02
2.474880952380952408e+02 3.542603174603174665e+01 1.372695238095238039e+02
2.475446031746031679e+02 3.539984126984126789e+01 1.373339682539682656e+02
2.475392063492063528e+02 3.555269841269841180e+01 1.374884126984127022e+02
2.476569841269841277e+02 3.600714285714285978e+01 1.374944444444444400e+02
2.475774603174603214e+02 3.587555555555555742e+01 1.371471428571428532e+02
2.476620634920634814e+02 3.599126984126984041e+01 1.375957142857142799e+02
2.474960317460317469e+02 3.572253968253968281e+01 1.371444444444444457e+02
2.475306349206349239e+02 3.544111111111111256e+01 1.373066666666666720e+02
2.475479365079364982e+02 3.553476190476190766e+01 1.373512698412698398e+02
2.474779365079365050e+02 3.530095238095238130e+01 1.369961904761904634e+02
2.476979365079365039e+02 3.600396825396825307e+01 1.373449206349206406e+02
2.477687301587301647e+02 3.632460317460317611e+01 1.372533333333333303e+02
2.478782539682539721e+02 3.633619047619047393e+01 1.374950793650793628e+02
2.479171428571428635e+02 3.639968253968253720e+01 1.383398412698412585e+02
2.476782539682539550e+02 3.525603174603174494e+01 1.371152380952380838e+02
2.475811111111111131e+02 3.499158730158730179e+01 1.365142857142857054e+02
2.475023809523809462e+02 3.536253968253968338e+01 1.362979365079364982e+02
2.475660317460317401e+02 3.555380952380952664e+01 1.370736507936507849e+02
2.475222222222222115e+02 3.574412698412698575e+01 1.360277777777777715e+02
2.476201587301587210e+02 3.599555555555555486e+01 1.370568253968253885e+02
2.477228571428571513e+02 3.623174603174603448e+01 1.369242857142857019e+02
2.477712698412698273e+02 3.754365079365079083e+01 1.387015873015872955e+02
2.479753968253968139e+02 3.799714285714285467e+01 1.400152380952380895e+02
2.481314285714285575e+02 3.852142857142857224e+01 1.402028571428571411e+02
2.480925396825396945e+02 3.795365079365079453e+01 1.388834920634920707e+02
2.480809523809523682e+02 3.790333333333333599e+01 1.390787301587301670e+02
2.480680952380952249e+02 3.841952380952380963e+01 1.394744444444444582e+02
2.480496825396825500e+02 3.829555555555555202e+01 1.399707936507936381e+02
2.480193650793650875e+02 3.792920634920634626e+01 1.388192063492063539e+02
2.481619047619047649e+02 3.806714285714285495e+01 1.393541269841269923e+02
2.480825396825396751e+02 3.832587301587301454e+01 1.396690476190476318e+02
2.481360317460317333e+02 3.870285714285714107e+01 1.391350793650793776e+02
2.481795238095238005e+02 3.871555555555555372e+01 1.403273015873015765e+02
2.482519047619047683e+02 3.912412698412698120e+01 1.405796825396825511e+02
2.483819047619047637e+02 3.951126984126984354e+01 1.405296825396825398e+02
2.482111111111111086e+02 3.895603174603174779e+01 1.398101587301587188e+02
2.481955555555555577e+02 3.894238095238095099e+01 1.397504761904761779e+02
2.482203174603174602e+02 3.913238095238095582e+01 1.404601587301587244e+02
2.481353968253968389e+02 3.917841269841269991e+01 1.399247619047619082e+02
2.482452380952381077e+02 3.921841269841269906e+01 1.405885714285714414e+02
2.481703174603174489e+02 3.900492063492063721e+01 1.397711111111111109e+02
2.481942857142857122e+02 3.892666666666666941e+01 1.399953968253968242e+02
2.480401587301587369e+02 3.932730158730159076e+01 1.401422222222222160e+02
2.479895238095238028e+02 3.878492063492063835e+01 1.404284126984126999e+02
2.480252380952381088e+02 3.841412698412698745e+01 1.399373015873015902e+02
2.478201587301587381e+02 3.811444444444444457e+01 1.395107936507936586e+02
2.477150793650793617e+02 3.786460317460317526e+01 1.387806349206349239e+02
2.476507936507936449e+02 3.798285714285714221e+01 1.388987301587301602e+02
2.477452380952381077e+02 3.853571428571428470e+01 1.394157142857142730e+02
2.479273015873015993e+02 3.870873015873015532e+01 1.406907936507936370e+02
2.481009523809523785e+02 3.910634920634920775e+01 1.411933333333333280e+02
2.480241269841269798e+02 3.908698412698412739e+01 1.409477777777777874e+02
2.480977777777777646e+02 3.931095238095237931e+01 1.410668253968254078e+02
2.481331746031746093e+02 3.956952380952380821e+01 1.404044444444444366e+02
2.481606349206349194e+02 3.954444444444444429e+01 1.402252380952380975e+02
2.482258730158730202e+02 3.958952380952381134e+01 1.411814285714285688e+02
2.481511111111111063e+02 3.977063492063491879e+01 1.401836507936507985e+02
2.482379365079364959e+02 3.994619047619047336e+01 1.407147619047619003e+02
2.483493650793650716e+02 4.029746031746032031e+01 1.411225396825396956e+02
2.483544444444444537e+02 4.003492063492063835e+01 1.416201587301587210e+02
2.483725396825396956e+02 3.967555555555555458e+01 1.407938095238095286e+02
2.480623809523809484e+02 3.868793650793650585e+01 1.395658730158730236e+02
2.478642857142857281e+02 3.752492063492063323e+01 1.387807936507936404e+02
2.476571428571428442e+02 3.686206349206349131e+01 1.381941269841269957e+02
2.477500000000000000e+02 3.783809523809523512e+01 1.388703174603174659e+02
2.476677777777777862e+02 3.839904761904762154e+01 1.391003174603174557e+02
2.479811111111111188e+02 3.903555555555555401e+01 1.405090476190476068e+02
2.479206349206349103e+02 3.907619047619047592e+01 1.398609523809523694e+02
2.479950793650793628e+02 3.936984126984126675e+01 1.408174603174603305e+02
2.479184126984127090e+02 3.885507936507936222e+01 1.397661904761904736e+02
2.477592063492063517e+02 3.783984126984127272e+01 1.382353968253968333e+02
2.478295238095238062e+02 3.762698412698412653e+01 1.390114285714285813e+02
2.478387301587301579e+02 3.778269841269841578e+01 1.393461904761904862e+02
2.477482539682539766e+02 3.761904761904762040e+01 1.392671428571428578e+02
2.478112698412698478e+02 3.777158730158730293e+01 1.397730158730158792e+02
2.478277777777777828e+02 3.785603174603174637e+01 1.389173015873015800e+02
2.478501587301587392e+02 3.815936507936508093e+01 1.392100000000000080e+02
2.479041269841269752e+02 3.856682539682539357e+01 1.402593650793650681e+02
2.478912698412698319e+02 3.858380952380952067e+01 1.397547619047618923e+02
2.479925396825396717e+02 3.835079365079364777e+01 1.404150793650793787e+02
2.480482539682539596e+02 3.846444444444444599e+01 1.401084126984127067e+02
2.480942857142857179e+02 3.824809523809523881e+01 1.402250793650793526e+02
2.482106349206349307e+02 3.820619047619047848e+01 1.403052380952380815e+02
2.481096825396825523e+02 3.850952380952381304e+01 1.397925396825396831e+02
2.480180952380952419e+02 3.827809523809523995e+01 1.406104761904761915e+02
2.479585714285714175e+02 3.817111111111110944e+01 1.400261904761904646e+02
2.480307936507936404e+02 3.799031746031746337e+01 1.389215873015872944e+02
2.478534920634920695e+02 3.739841269841269877e+01 1.390995238095238165e+02
2.477758730158730032e+02 3.688349206349206355e+01 1.387144444444444389e+02
2.476468253968253919e+02 3.668873015873015930e+01 1.382657142857142958e+02
2.477560317460317378e+02 3.695015873015873353e+01 1.387285714285714278e+02
2.477641269841269889e+02 3.688873015873016215e+01 1.382871428571428680e+02
2.478590476190476295e+02 3.718698412698412881e+01 1.392944444444444514e+02
2.475266666666666708e+02 3.641301587301587261e+01 1.379076190476190504e+02
2.474799999999999898e+02 3.602015873015872671e+01 1.371296825396825341e+02
2.474255555555555475e+02 3.564984126984126789e+01 1.377604761904761972e+02
2.474920634920634939e+02 3.557253968253968424e+01 1.370687301587301477e+02
2.476147619047619060e+02 3.589698412698412966e+01 1.381888888888888971e+02
2.476531746031745911e+02 3.611809523809523625e+01 1.380396825396825307e+02
2.478969841269841368e+02 3.685984126984126874e+01 1.390169841269841129e+02
2.478319047619047524e+02 3.702634920634920945e+01 1.390671428571428692e+02
2.478319047619047524e+02 3.723746031746031804e+01 1.390625396825396933e+02
2.481920634920634825e+02 3.753634920634920746e+01 1.398474603174603033e+02
2.481520634920634905e+02 3.742428571428571615e+01 1.397111111111111086e+02
2.481547619047618980e+02 3.739571428571428413e+01 1.400973015873015868e+02
2.481431746031746002e+02 3.720428571428571729e+01 1.393061904761904657e+02
2.481931746031746115e+02 3.721269841269841550e+01 1.397971428571428589e+02
2.480596825396825409e+02 3.706841269841270048e+01 1.391130158730158826e+02
2.481287301587301499e+02 3.744634920634920405e+01 1.395153968253968344e+02
2.481766666666666765e+02 3.743539682539682190e+01 1.397077777777777783e+02
2.481938095238095343e+02 3.746698412698412994e+01 1.398084126984126954e+02
2.482744444444444412e+02 3.788650793650793958e+01 1.395952380952381020e+02
2.481844444444444377e+02 3.784968253968254004e+01 1.399266666666666765e+02
2.481247619047618969e+02 3.767634920634920803e+01 1.393160317460317401e+02
2.481114285714285757e+02 3.720396825396825591e+01 1.386176190476190584e+02
2.479761904761904816e+02 3.664333333333333087e+01 1.381841269841269764e+02
2.478806349206349182e+02 3.669619047619047336e+01 1.380361904761904839e+02
2.478187301587301477e+02 3.656000000000000227e+01 1.375457142857142969e+02
2.479171428571428635e+02 3.650523809523809859e+01 1.383974603174603146e+02
2.478009523809523671e+02 3.637809523809524137e+01 1.382928571428571445e+02
2.477826984126984087e+02 3.649301587301587091e+01 1.382430158730158780e+02
2.477342857142857042e+02 3.642619047619047734e+01 1.377904761904761983e+02
2.478420634920634882e+02 3.632269841269841493e+01 1.378955555555555463e+02
2.478626984126984212e+02 3.660412698412698518e+01 1.400338095238095377e+02
2.479863492063492174e+02 3.740365079365079026e+01 1.404198412698412710e+02
2.479798412698412733e+02 3.756476190476190169e+01 1.398433333333333337e+02
2.480715873015873001e+02 3.786746031746032060e+01 1.407473015873015925e+02
2.481358730158730168e+02 3.809333333333333371e+01 1.397904761904761983e+02
2.482733333333333405e+02 3.829460317460317498e+01 1.402398412698412642e+02
2.481936507936507894e+02 3.787984126984127187e+01 1.403263492063491924e+02
2.482192063492063596e+02 3.793031746031746110e+01 1.397807936507936404e+02
2.482493650793650772e+02 3.811650793650793645e+01 1.403542857142857088e+02
2.481723809523809621e+02 3.802841269841270133e+01 1.402280952380952499e+02
2.481465079365079305e+02 3.798920634920634853e+01 1.393771428571428430e+02
2.481252380952381031e+02 3.786920634920635109e+01 1.394122222222222263e+02
2.482084126984127010e+02 3.812158730158730435e+01 1.399958730158730020e+02
2.482065079365079328e+02 3.787476190476190396e+01 1.398082539682539789e+02
2.481622222222222263e+02 3.744619047619047336e+01 1.389279365079365220e+02
2.482250793650793526e+02 3.780603174603174921e+01 1.390773015873015765e+02
2.482773015873015936e+02 3.790968253968254231e+01 1.397665079365079350e+02
2.481685714285714255e+02 3.786809523809523625e+01 1.392084126984127010e+02
2.482604761904761972e+02 3.798539682539682616e+01 1.395698412698412767e+02
2.483177777777777919e+02 3.852031746031745740e+01 1.405565079365079271e+02
2.482373015873015731e+02 3.862666666666666515e+01 1.406831746031745922e+02
2.483295238095238062e+02 3.871396825396825392e+01 1.409344444444444377e+02
2.483015873015872899e+02 3.891158730158730350e+01 1.409917460317460325e+02
2.482155555555555679e+02 3.831269841269840981e+01 1.401696825396825261e+02
2.480469841269841140e+02 3.765999999999999659e+01 1.388422222222222331e+02
2.480625396825396933e+02 3.759936507936507866e+01 1.388434920634920502e+02
2.480684126984126863e+02 3.752063492063491879e+01 1.392026984126984246e+02
2.482157142857142844e+02 3.831142857142857139e+01 1.403833333333333258e+02
2.481915873015873046e+02 3.852698412698412511e+01 1.392580952380952510e+02
2.482980952380952431e+02 3.861349206349206042e+01 1.406777777777777771e+02
2.482734920634920570e+02 3.876460317460317384e+01 1.400234920634920570e+02
2.483592063492063460e+02 3.875269841269841464e+01 1.396684126984127090e+02
2.484563492063492163e+02 3.897253968253968281e+01 1.403222222222222229e+02
2.484809523809523739e+02 3.892746031746031576e+01 1.400884126984126965e+02
2.484426984126984053e+02 3.910634920634920775e+01 1.396626984126984041e+02
2.484860317460317560e+02 3.862238095238095070e+01 1.393039682539682644e+02
2.484917460317460325e+02 3.874539682539682417e+01 1.396569841269841277e+02
2.485155555555555509e+02 3.868111111111111455e+01 1.396874603174603067e+02
2.483707936507936438e+02 3.841349206349206469e+01 1.388387301587301579e+02
2.483057142857142878e+02 3.831301587301587119e+01 1.391385714285714243e+02
2.481944444444444571e+02 3.792761904761904646e+01 1.387512698412698455e+02
2.481339682539682485e+02 3.772682539682539726e+01 1.382439682539682622e+02
2.481504761904761835e+02 3.765650793650793560e+01 1.383806349206349182e+02
2.480690476190476090e+02 3.757857142857142918e+01 1.382946031746031679e+02
2.479934920634920559e+02 3.778015873015873183e+01 1.384746031746031747e+02
2.480525396825396740e+02 3.761047619047619150e+01 1.375814285714285745e+02
2.480436507936507837e+02 3.736746031746032060e+01 1.384088888888888960e+02
2.478188888888888926e+02 3.699031746031746337e+01 1.376657142857142730e+02
2.478415873015873103e+02 3.678571428571428470e+01 1.383196825396825318e+02
2.478428571428571558e+02 3.657063492063492305e+01 1.382846031746031770e+02
2.478349206349206213e+02 3.649333333333333229e+01 1.380474603174603203e+02
2.478377777777777737e+02 3.623222222222221944e+01 1.380368253968254066e+02
2.477890476190476079e+02 3.692428571428571615e+01 1.375974603174603033e+02
2.478361904761904668e+02 3.699809523809523881e+01 1.378125396825396933e+02
2.480047619047618923e+02 3.722523809523809746e+01 1.391149206349206224e+02
2.482157142857142844e+02 3.720873015873015532e+01 1.397206349206349216e+02
2.482465079365079248e+02 3.738492063492063266e+01 1.396493650793650829e+02
2.481958730158730191e+02 3.707555555555555316e+01 1.396652380952380952e+02
2.482706349206349330e+02 3.660730158730158479e+01 1.395615873015873092e+02
2.481949206349206349e+02 3.658634920634920462e+01 1.392038095238095252e+02
2.480833333333333428e+02 3.671174603174603135e+01 1.386706349206349103e+02
2.481296825396825341e+02 3.739936507936507581e+01 1.383157142857142787e+02
2.481782539682539550e+02 3.742253968253968566e+01 1.383226984126984007e+02
2.481950793650793514e+02 3.753650793650793815e+01 1.389017460317460291e+02
2.483276190476190379e+02 3.778746031746031520e+01 1.396495238095237994e+02
2.484242857142857019e+02 3.762253968253968139e+01 1.394042857142857201e+02
2.481561904761904884e+02 3.719190476190475891e+01 1.386903174603174591e+02
2.482177777777777692e+02 3.717587301587301596e+01 1.386144444444444446e+02
2.478871428571428623e+02 3.660730158730158479e+01 1.382647619047619116e+02
2.477865079365079453e+02 3.660650793650793844e+01 1.378217460317460450e+02
2.477890476190476079e+02 3.650777777777777544e+01 1.383300000000000125e+02
2.477539682539682531e+02 3.619333333333333513e+01 1.381923809523809439e+02
2.477426984126984166e+02 3.622507936507936677e+01 1.372299999999999898e+02
2.478125396825396933e+02 3.684444444444444144e+01 1.378985714285714153e+02
2.478498412698412778e+02 3.691412698412698745e+01 1.383517460317460177e+02
2.480211111111111109e+02 3.699095238095237903e+01 1.389169841269841186e+02
2.480804761904761904e+02 3.687682539682539584e+01 1.391539682539682588e+02
2.480830158730158814e+02 3.693571428571428328e+01 1.378982539682539823e+02
2.481668253968254021e+02 3.731714285714285495e+01 1.394763492063491981e+02
2.481880952380952294e+02 3.735444444444444656e+01 1.392084126984127010e+02
2.482320634920635030e+02 3.712333333333333485e+01 1.395068253968254055e+02
2.483401587301587199e+02 3.746476190476190737e+01 1.406777777777777771e+02
2.482438095238095173e+02 3.764920634920635223e+01 1.399468253968254032e+02
2.483122222222222319e+02 3.758396825396825136e+01 1.401939682539682508e+02
2.483058730158730043e+02 3.735253968253968537e+01 1.397731746031745956e+02
2.483199999999999932e+02 3.713095238095237960e+01 1.399076190476190504e+02
2.481103174603174466e+02 3.710666666666666913e+01 1.390552380952380815e+02
2.481104761904761915e+02 3.687396825396825051e+01 1.393747619047618969e+02
2.482661904761904736e+02 3.749587301587301624e+01 1.398784126984126885e+02
2.484279365079365220e+02 3.794047619047618980e+01 1.406219047619047728e+02
2.484263492063492151e+02 3.812873015873015703e+01 1.405717460317460450e+02
2.483838095238095320e+02 3.783952380952381134e+01 1.402374603174603180e+02
2.482306349206349125e+02 3.730222222222221973e+01 1.392092063492063403e+02
2.479657142857142844e+02 3.656269841269840981e+01 1.387439682539682622e+02
2.478092063492063630e+02 3.610952380952380736e+01 1.380417460317460439e+02
2.478550793650793764e+02 3.621158730158730066e+01 1.390825396825396751e+02
2.477773015873015936e+02 3.608809523809523512e+01 1.386331746031746093e+02
2.477968253968253975e+02 3.619873015873015731e+01 1.385082539682539675e+02
2.477380952380952408e+02 3.585047619047619349e+01 1.388768253968254101e+02
2.481533333333333360e+02 3.640523809523809717e+01 1.394777777777777885e+02
2.481015873015873012e+02 3.619936507936508008e+01 1.394038095238095138e+02
2.480826984126984200e+02 3.644238095238095099e+01 1.392001587301587335e+02
2.480163492063492185e+02 3.646825396825396837e+01 1.393553968253968378e+02
2.481982539682539652e+02 3.621285714285714619e+01 1.387028571428571411e+02
2.483603174603174466e+02 3.686936507936508178e+01 1.400506349206349341e+02
2.482030158730158860e+02 3.699761904761904674e+01 1.393906349206349091e+02
2.482712698412698273e+02 3.721761904761904560e+01 1.396669841269841186e+02
2.485211111111111109e+02 3.752952380952380906e+01 1.401433333333333451e+02
2.483700000000000045e+02 3.781714285714285495e+01 1.403534920634920695e+02
2.484431746031746115e+02 3.805428571428571161e+01 1.407230158730158678e+02
2.484677777777777692e+02 3.826238095238095127e+01 1.403300000000000125e+02
2.486590476190476124e+02 3.814555555555555344e+01 1.398053968253968264e+02
2.487261904761904816e+02 3.825412698412698376e+01 1.403830158730158644e+02
2.486996825396825272e+02 3.844158730158730464e+01 1.400574603174603112e+02
2.487652380952380895e+02 3.846253968253968480e+01 1.403625396825396763e+02
2.486853968253968219e+02 3.805539682539682644e+01 1.397880952380952522e+02
2.487104761904761858e+02 3.805222222222221973e+01 1.392346031746031656e+02
2.485768253968253987e+02 3.785936507936507667e+01 1.386906349206349205e+02
2.484317460317460302e+02 3.759142857142857252e+01 1.383066666666666720e+02
2.481620634920634814e+02 3.697142857142856798e+01 1.384095238095238187e+02
2.480231746031745956e+02 3.676111111111111285e+01 1.379653968253968230e+02
2.480126984126984269e+02 3.677968253968253975e+01 1.377428571428571331e+02
2.478904761904761926e+02 3.660063492063492419e+01 1.368206349206349159e+02
2.478349206349206213e+02 3.649190476190476318e+01 1.377253968253968139e+02
2.479301587301587233e+02 3.628793650793650727e+01 1.371271428571428430e+02
2.479080952380952283e+02 3.614920634920635223e+01 1.367392063492063414e+02
2.478382539682539800e+02 3.640571428571428925e+01 1.367757142857142867e+02
2.480876190476190573e+02 3.712523809523809604e+01 1.381065079365079384e+02
2.481590476190476124e+02 3.733888888888888857e+01 1.386434920634920616e+02
2.482761904761904646e+02 3.763111111111111029e+01 1.393112698412698478e+02
2.482658730158730123e+02 3.772793650793650500e+01 1.393457142857142799e+02
2.483911111111111154e+02 3.780857142857142605e+01 1.410866666666666731e+02
2.483928571428571388e+02 3.779936507936508150e+01 1.408934920634920616e+02
2.484574603174603169e+02 3.796047619047619293e+01 1.401723809523809621e+02
2.484793650793650670e+02 3.808476190476190482e+01 1.405217460317460336e+02
2.484673015873015913e+02 3.751460317460317384e+01 1.399779365079365050e+02
2.484231746031746013e+02 3.774000000000000199e+01 1.396855555555555668e+02
2.485176190476190357e+02 3.769396825396825079e+01 1.400944444444444343e+02
2.485739682539682462e+02 3.792206349206349358e+01 1.401023809523809405e+02
2.486736507936508076e+02 3.829095238095238329e+01 1.400873015873015959e+02
2.487530158730158689e+02 3.830476190476190368e+01 1.412836507936507928e+02
2.484450793650793514e+02 3.810650793650793844e+01 1.398850793650793776e+02
2.484590476190476238e+02 3.806777777777777771e+01 1.400485714285714209e+02
2.482260317460317367e+02 3.727142857142857224e+01 1.381534920634920525e+02
2.482861904761904839e+02 3.704730158730158962e+01 1.381304761904762017e+02
2.481261904761904873e+02 3.700222222222222257e+01 1.378025396825396740e+02
2.482744444444444412e+02 3.698063492063491964e+01 1.381117460317460370e+02
2.481757142857142924e+02 3.678095238095237818e+01 1.381534920634920525e+02
2.480209523809523944e+02 3.651301587301587404e+01 1.370890476190476193e+02
2.480425396825396831e+02 3.665476190476190510e+01 1.378139682539682553e+02
2.480273015873015936e+02 3.650634920634920633e+01 1.374944444444444400e+02
2.479795238095238119e+02 3.664238095238095383e+01 1.374746031746031747e+02
2.480226984126984178e+02 3.668380952380952209e+01 1.378573015873015777e+02
2.481620634920634814e+02 3.697809523809523569e+01 1.380177777777777806e+02
2.482806349206349239e+02 3.699047619047618696e+01 1.377282539682539664e+02
2.482517460317460234e+02 3.658825396825396581e+01 1.377622222222222206e+02
2.482571428571428669e+02 3.684174603174603391e+01 1.377852380952380997e+02
2.481028571428571468e+02 3.651428571428571246e+01 1.377523809523809462e+02
2.481852380952381054e+02 3.627460317460317185e+01 1.381979365079365039e+02
2.484803174603174512e+02 3.676968253968254174e+01 1.387480952380952317e+02
2.481973015873015811e+02 3.658857142857142719e+01 1.368555555555555543e+02
2.483971428571428532e+02 3.695603174603174779e+01 1.382349206349206270e+02
2.483466666666666640e+02 3.697095238095238301e+01 1.372031746031746025e+02
2.482936507936507837e+02 3.699492063492063210e+01 1.380973015873015868e+02
2.483417460317460268e+02 3.717825396825396922e+01 1.386668253968254021e+02
2.483047619047619037e+02 3.680571428571428783e+01 1.385634920634920775e+02
2.482084126984127010e+02 3.659904761904761727e+01 1.381420634920634996e+02
2.481179365079365198e+02 3.622746031746032003e+01 1.374266666666666765e+02
2.480025396825396911e+02 3.601825396825396552e+01 1.370980952380952260e+02
2.480492063492063437e+02 3.596793650793650698e+01 1.373206349206349159e+02
2.479376190476190516e+02 3.590047619047619065e+01 1.370926984126984109e+02
2.480052380952380986e+02 3.577634920634920945e+01 1.373188888888888926e+02
2.478669841269841356e+02 3.537904761904761841e+01 1.366034920634920695e+02
2.478269841269841152e+02 3.493444444444444485e+01 1.358339682539682656e+02
2.479003174603174671e+02 3.510682539682539982e+01 1.371734920634920627e+02
2.479430158730158666e+02 3.524380952380952436e+01 1.370788888888888835e+02
2.481115873015872921e+02 3.591095238095238074e+01 1.375558730158730043e+02
2.481179365079365198e+02 3.593523809523809831e+01 1.376323809523809416e+02
2.482030158730158860e+02 3.623174603174603448e+01 1.370773015873015765e+02
2.481333333333333258e+02 3.617984126984126902e+01 1.372479365079365152e+02
2.482206349206349216e+02 3.607269841269841493e+01 1.377066666666666777e+02
2.481969841269841197e+02 3.611476190476190595e+01 1.373258730158730145e+02
2.482341269841269877e+02 3.633492063492063551e+01 1.379749206349206361e+02
2.482469841269841311e+02 3.624396825396825506e+01 1.379101587301587415e+02
2.483441269841269730e+02 3.635777777777777686e+01 1.376739682539682406e+02
2.484353968253968219e+02 3.638666666666666316e+01 1.388461904761904862e+02
2.481995238095238108e+02 3.637936507936507979e+01 1.381695238095238096e+02
2.483192063492063539e+02 3.639317460317460018e+01 1.382374603174603180e+02
2.484123809523809427e+02 3.624857142857143089e+01 1.383111111111111029e+02
2.483690476190476204e+02 3.668095238095238386e+01 1.385904761904761813e+02
2.483047619047619037e+02 3.607952380952380622e+01 1.376393650793650920e+02
2.482065079365079328e+02 3.585698412698413051e+01 1.371136507936508053e+02
2.480965079365079475e+02 3.563841269841270076e+01 1.368044444444444423e+02
2.480265079365079259e+02 3.547587301587301312e+01 1.371228571428571570e+02
2.478803174603174568e+02 3.506285714285714050e+01 1.362169841269841299e+02
2.477365079365079339e+02 3.450476190476190652e+01 1.358371428571428510e+02
2.476828571428571308e+02 3.457396825396825335e+01 1.359412698412698433e+02
2.476584126984126897e+02 3.411444444444444457e+01 1.347947619047619128e+02
2.477355555555555497e+02 3.441507936507936449e+01 1.357703174603174716e+02
2.478131746031746161e+02 3.462031746031745882e+01 1.364374603174603067e+02
2.478030158730158803e+02 3.467190476190476289e+01 1.366949206349206349e+02
2.478261904761904759e+02 3.432428571428571473e+01 1.358241269841269911e+02
2.479633333333333383e+02 3.482603174603174523e+01 1.367092063492063403e+02
2.480634920634920775e+02 3.497460317460317469e+01 1.368547619047619150e+02
2.480679365079365084e+02 3.520412698412698660e+01 1.372161904761904623e+02
2.482076190476190618e+02 3.602015873015872671e+01 1.381982539682539652e+02
2.483639682539682667e+02 3.643603174603174466e+01 1.389092063492063573e+02
2.480782539682539607e+02 3.609936507936507866e+01 1.370934920634920502e+02
2.482619047619047592e+02 3.607714285714286007e+01 1.372307936507936574e+02
2.482001587301587335e+02 3.522809523809523569e+01 1.364979365079365152e+02
2.481534920634920525e+02 3.522190476190476005e+01 1.372376190476190345e+02
2.480911111111111040e+02 3.490476190476190510e+01 1.365306349206349239e+02
2.480241269841269798e+02 3.454857142857142804e+01 1.357280952380952499e+02
2.479919047619047490e+02 3.400682539682539840e+01 1.356226984126984121e+02
2.479574603174603169e+02 3.403936507936507638e+01 1.357179365079365141e+02
2.480049206349206372e+02 3.427888888888888630e+01 1.359023809523809518e+02
2.479665079365079237e+02 3.420682539682539414e+01 1.358457142857142799e+02
2.479730158730158678e+02 3.428476190476190766e+01 1.361746031746031633e+02
2.479166666666666572e+02 3.413984126984126988e+01 1.357957142857142969e+02
2.481225396825396956e+02 3.419650793650793474e+01 1.358826984126984030e+02
2.481096825396825523e+02 3.430111111111111200e+01 1.352711111111111109e+02
2.481661904761904793e+02 3.427428571428571757e+01 1.359628571428571320e+02
2.480820634920634973e+02 3.465809523809523540e+01 1.364907936507936483e+02
2.477912698412698376e+02 3.398984126984127130e+01 1.359639682539682610e+02
2.477104761904761858e+02 3.348380952380952635e+01 1.352812698412698467e+02
2.477631746031746047e+02 3.338936507936507780e+01 1.350939682539682565e+02
2.478758730158730259e+02 3.358079365079365175e+01 1.355573015873015947e+02
2.479971428571428476e+02 3.382968253968253691e+01 1.364123809523809427e+02
2.479047619047618980e+02 3.391904761904761756e+01 1.366461904761904691e+02
2.479946031746031849e+02 3.446634920634920718e+01 1.364506349206349114e+02
2.481285714285714334e+02 3.464269841269841521e+01 1.371892063492063585e+02
2.481179365079365198e+02 3.503174603174603163e+01 1.367753968253968253e+02
2.481434920634920616e+02 3.528539682539682332e+01 1.369222222222222172e+02
2.481966666666666583e+02 3.526936507936508036e+01 1.369968253968253862e+02
2.482926984126983996e+02 3.516111111111111143e+01 1.377052380952380872e+02
2.483169841269841243e+02 3.529031746031746053e+01 1.381739682539682406e+02
2.482746031746031861e+02 3.543904761904762069e+01 1.381580952380952283e+02
2.482915873015872990e+02 3.530222222222221973e+01 1.376047619047619150e+02
2.482968253968253975e+02 3.548031746031745826e+01 1.382328571428571422e+02
2.482901587301587369e+02 3.478269841269841578e+01 1.372914285714285825e+02
2.483585714285714232e+02 3.514587301587301482e+01 1.380639682539682553e+02
2.483382539682539800e+02 3.538269841269841010e+01 1.383565079365079384e+02
2.483955555555555463e+02 3.581571428571428584e+01 1.394898412698412642e+02
2.485238095238095184e+02 3.583285714285714363e+01 1.397560317460317378e+02
2.485314285714285631e+02 3.583539682539682758e+01 1.406422222222222160e+02
2.485885714285714414e+02 3.593015873015873041e+01 1.407722222222222115e+02
2.484161904761904793e+02 3.596825396825396837e+01 1.397696825396825488e+02
2.484095238095238187e+02 3.567365079365079339e+01 1.394642857142857224e+02
2.483501587301587392e+02 3.564476190476190709e+01 1.400122222222222206e+02
2.483839682539682485e+02 3.521984126984126817e+01 1.395271428571428487e+02
2.481506349206349284e+02 3.488126984126984098e+01 1.385882539682539800e+02
2.481522222222222354e+02 3.487476190476190396e+01 1.381165079365079293e+02
2.482249206349206361e+02 3.553666666666666885e+01 1.386771428571428544e+02
2.483282539682539607e+02 3.561761904761904418e+01 1.390977777777777646e+02
2.482850793650793548e+02 3.558222222222222086e+01 1.385661904761904850e+02
2.483058730158730043e+02 3.570603174603174779e+01 1.390061904761904827e+02
2.483693650793650818e+02 3.596238095238095411e+01 1.394730158730158678e+02
2.484033333333333360e+02 3.603619047619047677e+01 1.398080952380952340e+02
2.483419047619047717e+02 3.620190476190476403e+01 1.403777777777777658e+02
2.482658730158730123e+02 3.609380952380952579e+01 1.395960317460317412e+02
2.483488888888888937e+02 3.579523809523809774e+01 1.404142857142857110e+02
2.483311111111111131e+02 3.574492063492063210e+01 1.404223809523809621e+02
2.483673015873015970e+02 3.568571428571428328e+01 1.405871428571428510e+02
2.483771428571428430e+02 3.584015873015872700e+01 1.398528571428571468e+02
2.483853968253968389e+02 3.586365079365079112e+01 1.403334920634920593e+02
2.484160317460317344e+02 3.652603174603174807e+01 1.406473015873015981e+02
2.484588888888888789e+02 3.672571428571428243e+01 1.406155555555555452e+02
2.484415873015873046e+02 3.690603174603174352e+01 1.416519047619047740e+02
2.484476190476190425e+02 3.678587301587301539e+01 1.412312698412698353e+02
2.484828571428571422e+02 3.689222222222222314e+01 1.417904761904761983e+02
2.482353968253968333e+02 3.583666666666666600e+01 1.398557142857142992e+02
2.482565079365079441e+02 3.559539682539682559e+01 1.395306349206349239e+02
2.481633333333333269e+02 3.559952380952380935e+01 1.403368253968253896e+02
2.480519047619047512e+02 3.554317460317460586e+01 1.396057142857142992e+02
2.481082539682539618e+02 3.604825396825396666e+01 1.393625396825396763e+02
2.483177777777777919e+02 3.627619047619047876e+01 1.404285714285714164e+02
2.483131746031746161e+02 3.590111111111111342e+01 1.404753968253968139e+02
2.483580952380952453e+02 3.592460317460317754e+01 1.402073015873016004e+02
2.484280952380952385e+02 3.682841269841269849e+01 1.408834920634920707e+02
2.485287301587301556e+02 3.643523809523809831e+01 1.392901587301587369e+02
2.485757142857142981e+02 3.702634920634920945e+01 1.410815873015872910e+02
2.486193650793650818e+02 3.734936507936507866e+01 1.413404761904761813e+02
2.485831746031745979e+02 3.748920634920634853e+01 1.415780952380952442e+02
2.485182539682539584e+02 3.719682539682539613e+01 1.411119047619047535e+02
2.486055555555555543e+02 3.760587301587301567e+01 1.419538095238095252e+02
2.487350793650793719e+02 3.805333333333333456e+01 1.427106349206349307e+02
2.487023809523809632e+02 3.821253968253968480e+01 1.415860317460317503e+02
2.486590476190476124e+02 3.804444444444444429e+01 1.411623809523809427e+02
2.485925396825396945e+02 3.821730158730158422e+01 1.411603174603174580e+02
2.486479365079365209e+02 3.763920634920634711e+01 1.415922222222222331e+02
2.485436507936507837e+02 3.779698412698412824e+01 1.410261904761904646e+02
2.484539682539682417e+02 3.751460317460317384e+01 1.409425396825396888e+02
2.484825396825396808e+02 3.770111111111111057e+01 1.410395238095238142e+02
2.485026984126984075e+02 3.817761904761904646e+01 1.406887301587301522e+02
2.486134920634920604e+02 3.817523809523809319e+01 1.411850793650793605e+02
2.484804761904761961e+02 3.842539682539682389e+01 1.411733333333333462e+02
2.484836507936507815e+02 3.776666666666666572e+01 1.406319047619047637e+02
2.485117460317460427e+02 3.749444444444444713e+01 1.401169841269841356e+02
2.484430158730158666e+02 3.706555555555555515e+01 1.399966666666666697e+02
2.481925396825396888e+02 3.616698412698412568e+01 1.391517460317460291e+02
2.482453968253968242e+02 3.681396825396825534e+01 1.396247619047618969e+02
2.481449206349206236e+02 3.670841269841270105e+01 1.392684126984127033e+02
2.482006349206349114e+02 3.642269841269840924e+01 1.391515873015873126e+02
2.480960317460317412e+02 3.623603174603174892e+01 1.395995238095238165e+02
2.480404761904761983e+02 3.618349206349206071e+01 1.393266666666666538e+02
2.482223809523809450e+02 3.679285714285714448e+01 1.408647619047619060e+02
2.482388888888888800e+02 3.673238095238095013e+01 1.413039682539682644e+02
2.482760317460317481e+02 3.665968253968254231e+01 1.408176190476190470e+02
2.482328571428571422e+02 3.685587301587301567e+01 1.405738095238095298e+02
2.483646031746031611e+02 3.701777777777778056e+01 1.412215873015873058e+02
2.484753968253968139e+02 3.688333333333333286e+01 1.414766666666666595e+02
2.485214285714285722e+02 3.673793650793651011e+01 1.413420634920634882e+02
2.484660317460317458e+02 3.696285714285714619e+01 1.411596825396825352e+02
2.484160317460317344e+02 3.685698412698413051e+01 1.409085714285714346e+02
2.484796825396825284e+02 3.711412698412698319e+01 1.414626984126984155e+02
2.485134920634920661e+02 3.700746031746031406e+01 1.409304761904761847e+02
2.485617460317460257e+02 3.719428571428571217e+01 1.413095238095237960e+02
2.484353968253968219e+02 3.740476190476190510e+01 1.418188888888888926e+02
2.484380952380952294e+02 3.740682539682539698e+01 1.414885714285714187e+02
2.485263492063492095e+02 3.759428571428571075e+01 1.413458730158730248e+02
2.484812698412698353e+02 3.768730158730159019e+01 1.410333333333333314e+02
2.485515873015872899e+02 3.775777777777777544e+01 1.418841269841269934e+02
2.485336507936507928e+02 3.768428571428571416e+01 1.414414285714285597e+02
2.486273015873015879e+02 3.775317460317460672e+01 1.409157142857142730e+02
2.485301587301587176e+02 3.759063492063491907e+01 1.405763492063491924e+02
2.484306349206349296e+02 3.739111111111110830e+01 1.402214285714285609e+02
2.484163492063491958e+02 3.733063492063492106e+01 1.395814285714285745e+02
2.483709523809523887e+02 3.708015873015872899e+01 1.398315873015872910e+02
2.483547619047619150e+02 3.721158730158730066e+01 1.400092063492063517e+02
2.483061904761904657e+02 3.668095238095238386e+01 1.391290476190476113e+02
2.483676190476190584e+02 3.687142857142857366e+01 1.390625396825396933e+02
2.482450793650793628e+02 3.650888888888889028e+01 1.377833333333333314e+02
2.482400000000000091e+02 3.680952380952381020e+01 1.382465079365079248e+02
2.483866666666666561e+02 3.680603174603174921e+01 1.392774603174603101e+02
2.486163492063492129e+02 3.782650793650793730e+01 1.403106349206349250e+02
2.486887301587301522e+02 3.825793650793650613e+01 1.413115873015873092e+02
2.487207936507936381e+02 3.848650793650793389e+01 1.401769841269841379e+02
2.488922222222222160e+02 3.885301587301587034e+01 1.406290476190476113e+02
2.487620634920635041e+02 3.826238095238095127e+01 1.397998412698412665e+02
2.489450793650793514e+02 3.856936507936507752e+01 1.394096825396825352e+02
2.488442857142857179e+02 3.851460317460317384e+01 1.392082539682539561e+02
2.488247619047619139e+02 3.855571428571428783e+01 1.385703174603174546e+02
2.487296825396825284e+02 3.842444444444444684e+01 1.387931746031746059e+02
2.488350793650793662e+02 3.860857142857143032e+01 1.391639682539682497e+02
2.488280952380952442e+02 3.865301587301587460e+01 1.398720634920634893e+02
2.487484126984126931e+02 3.866206349206349557e+01 1.394157142857142730e+02
2.488153968253968173e+02 3.881952380952380821e+01 1.389215873015872944e+02
2.487652380952380895e+02 3.820730158730158621e+01 1.390320634920634859e+02
2.487758730158730032e+02 3.824079365079364834e+01 1.389822222222222194e+02
2.488431746031746172e+02 3.848682539682539527e+01 1.396150793650793673e+02
2.488307936507936518e+02 3.844539682539682701e+01 1.390328571428571536e+02
2.489068253968253828e+02 3.852857142857143202e+01 1.393885714285714243e+02
2.488606349206349080e+02 3.845269841269841038e+01 1.396426984126984223e+02
2.488231746031746070e+02 3.865047619047619065e+01 1.395803174603174739e+02
2.486134920634920604e+02 3.836603174603174438e+01 1.391555555555555657e+02
2.485190476190476261e+02 3.858523809523809689e+01 1.385622222222222319e+02
2.485158730158730123e+02 3.879142857142856826e+01 1.392306349206349125e+02
2.484596825396825466e+02 3.858904761904761926e+01 1.395242857142857247e+02
2.484373015873015902e+02 3.840174603174602908e+01 1.393926984126984223e+02
2.483958730158730077e+02 3.774396825396825506e+01 1.384152380952380952e+02
2.484123809523809427e+02 3.791714285714285637e+01 1.390369841269841231e+02
2.485053968253968151e+02 3.802714285714285580e+01 1.399620634920634927e+02
2.485747619047619139e+02 3.825539682539682218e+01 1.395052380952380986e+02
2.485319047619047694e+02 3.851222222222222058e+01 1.396750793650793696e+02
2.486295238095238176e+02 3.845365079365079453e+01 1.394809523809523739e+02
2.485825396825396751e+02 3.863587301587301681e+01 1.394533333333333474e+02
2.486458730158730077e+02 3.856047619047618724e+01 1.393619047619047535e+02
2.486080952380952453e+02 3.855904761904761813e+01 1.403388888888889028e+02
2.484771428571428658e+02 3.804380952380952152e+01 1.394919047619047490e+02
2.484342857142857213e+02 3.775460317460317583e+01 1.392928571428571445e+02
2.485922222222222331e+02 3.762095238095238159e+01 1.403319047619047524e+02
2.484980952380952317e+02 3.785460317460317725e+01 1.392776190476190550e+02
2.487738095238095184e+02 3.819507936507936563e+01 1.398625396825396763e+02
2.487814285714285631e+02 3.857825396825396780e+01 1.405160317460317572e+02
2.488865079365079396e+02 3.897380952380952124e+01 1.413819047619047637e+02
2.488536507936507860e+02 3.891698412698412568e+01 1.408479365079365095e+02
2.488660317460317515e+02 3.877761904761904788e+01 1.398577777777777840e+02
2.488092063492063630e+02 3.824079365079364834e+01 1.407098412698412631e+02
2.486904761904762040e+02 3.768396825396825278e+01 1.397174603174603078e+02
2.484355555555555668e+02 3.657317460317459989e+01 1.376560317460317435e+02
2.483899999999999864e+02 3.661698412698412852e+01 1.379441269841269957e+02
2.483320634920634973e+02 3.722523809523809746e+01 1.388665079365079293e+02
2.483374603174603124e+02 3.735571428571428498e+01 1.391653968253968117e+02
2.484239682539682406e+02 3.768269841269841436e+01 1.395639682539682553e+02
2.484288888888888778e+02 3.731047619047618724e+01 1.393926984126984223e+02
2.483501587301587392e+02 3.756063492063491793e+01 1.402592063492063517e+02
2.484049206349206429e+02 3.786777777777777487e+01 1.398387301587301579e+02
2.484187301587301704e+02 3.854079365079365260e+01 1.394403174603174591e+02
2.485187301587301647e+02 3.845714285714285552e+01 1.396233333333333348e+02
2.486774603174603158e+02 3.867301587301587062e+01 1.404788888888888891e+02
2.486057142857142992e+02 3.858873015873015788e+01 1.401273015873015879e+02
2.486006349206349171e+02 3.851746031746031917e+01 1.401271428571428430e+02
2.487265079365079430e+02 3.881634920634920860e+01 1.411146031746031611e+02
2.486925396825396888e+02 3.884730158730158678e+01 1.408120634920634870e+02
2.487801587301587176e+02 3.865698412698412767e+01 1.411377777777777851e+02
2.486668253968254021e+02 3.859904761904761727e+01 1.408390476190476193e+02
2.485698412698412767e+02 3.837698412698412653e+01 1.398625396825396763e+02
2.485623809523809484e+02 3.853888888888889142e+01 1.401830158730158757e+02
2.485919047619047717e+02 3.859492063492063352e+01 1.400300000000000011e+02
2.488850793650793776e+02 3.845650793650793986e+01 1.403579365079365004e+02
2.487688888888888812e+02 3.867793650793650784e+01 1.405749206349206304e+02
2.487649206349206281e+02 3.901063492063492077e+01 1.405795238095238062e+02
2.488379365079365186e+02 3.893158730158729952e+01 1.406415873015872933e+02
2.484226984126984235e+02 3.892333333333333201e+01 1.395566666666666720e+02
2.485233333333333405e+02 3.870333333333333314e+01 1.396390476190476306e+02
2.484438095238095343e+02 3.802333333333333343e+01 1.387111111111111086e+02
2.483960317460317526e+02 3.777095238095238017e+01 1.399079365079365118e+02
2.482888888888888914e+02 3.757999999999999829e+01 1.394852380952380884e+02
2.482403174603174705e+02 3.742523809523809319e+01 1.393387301587301579e+02
2.482217460317460223e+02 3.719269841269841237e+01 1.398780952380952272e+02
2.481941269841269957e+02 3.705904761904761813e+01 1.391428571428571388e+02
2.482053968253968321e+02 3.631365079365079396e+01 1.385152380952380895e+02
2.481479365079365209e+02 3.646301587301586977e+01 1.386649206349206338e+02
2.481906349206349205e+02 3.667063492063491736e+01 1.383477777777777646e+02
2.483238095238095298e+02 3.741650793650793361e+01 1.397892063492063528e+02
2.483974603174603146e+02 3.794952380952381077e+01 1.397677777777777806e+02
2.484255555555555475e+02 3.810126984126983984e+01 1.397503174603174614e+02
2.485511111111111120e+02 3.803682539682539954e+01 1.401969841269841197e+02
2.485958730158730248e+02 3.842968253968253833e+01 1.405506349206349341e+02
2.484828571428571422e+02 3.813904761904761642e+01 1.399531746031746025e+02
2.484607936507936472e+02 3.775746031746031406e+01 1.398228571428571456e+02
2.483731746031745899e+02 3.782253968253968424e+01 1.392455555555555691e+02
2.485330158730158701e+02 3.792365079365079339e+01 1.394207936507936552e+02
2.483873015873015788e+02 3.779063492063492191e+01 1.392812698412698467e+02
2.486430158730158837e+02 3.831206349206349415e+01 1.397693650793650875e+02
2.487180952380952306e+02 3.855730158730158763e+01 1.389963492063492083e+02
2.486907936507936370e+02 3.838698412698412454e+01 1.397857142857142776e+02
2.486201587301587210e+02 3.837888888888888772e+01 1.396366666666666561e+02
2.486661904761904793e+02 3.804523809523809774e+01 1.393934920634920616e+02
2.485758730158730145e+02 3.778301587301587006e+01 1.384695238095238210e+02
2.485504761904761892e+02 3.747428571428571331e+01 1.379615873015873149e+02
2.485746031746031690e+02 3.743126984126983814e+01 1.375931746031746172e+02
2.486636507936507883e+02 3.754714285714285893e+01 1.379839682539682428e+02
2.487231746031746127e+02 3.804492063492063636e+01 1.389026984126984132e+02
2.487528571428571524e+02 3.871650793650793787e+01 1.388341269841269821e+02
2.487111111111111086e+02 3.875920634920635166e+01 1.395287301587301556e+02
2.487949206349206293e+02 3.863793650793650869e+01 1.392950793650793742e+02
2.487396825396825477e+02 3.842492063492063181e+01 1.389747619047618912e+02
2.488260317460317594e+02 3.788873015873016215e+01 1.395188888888888812e+02
2.486312698412698410e+02 3.754063492063492191e+01 1.385095238095238130e+02
2.486715873015872944e+02 3.757999999999999829e+01 1.385753968253968367e+02
2.486919047619047660e+02 3.806968253968253890e+01 1.393799999999999955e+02
2.488182539682539698e+02 3.822333333333333627e+01 1.392323809523809643e+02
2.488658730158730066e+02 3.865174603174602908e+01 1.402136507936507996e+02
2.488352380952380827e+02 3.916793650793650983e+01 1.407322222222222194e+02
2.490976190476190482e+02 3.940634920634920491e+01 1.420252380952381088e+02
2.489074603174603055e+02 3.976714285714285779e+01 1.411747619047619082e+02
2.489392063492063585e+02 3.941301587301587261e+01 1.414307936507936461e+02
2.487884126984126851e+02 3.836539682539682872e+01 1.398053968253968264e+02
2.487914285714285825e+02 3.846746031746031491e+01 1.398128571428571547e+02
2.486646031746031724e+02 3.861301587301587546e+01 1.400219047619047501e+02
2.486585714285714346e+02 3.852507936507936392e+01 1.397039682539682417e+02
2.487592063492063517e+02 3.867333333333333201e+01 1.400417460317460439e+02
2.488011111111111120e+02 3.915777777777778113e+01 1.404911111111111097e+02
2.488588888888888846e+02 3.950015873015873069e+01 1.412312698412698353e+02
2.491717460317460393e+02 4.029079365079365260e+01 1.414825396825396808e+02
2.490730158730158621e+02 4.031079365079364862e+01 1.420793650793650897e+02
2.490725396825396842e+02 4.011492063492063664e+01 1.415119047619047592e+02
2.490625396825396933e+02 4.017111111111110944e+01 1.419101587301587415e+02
2.490479365079364982e+02 3.965444444444444372e+01 1.409769841269841208e+02
2.489550793650793707e+02 3.966476190476190311e+01 1.403107936507936415e+02
2.489026984126984132e+02 3.966285714285714192e+01 1.403157142857142787e+02
2.489614285714285700e+02 3.950873015873015959e+01 1.407428571428571331e+02
2.488446031746031792e+02 3.941825396825397121e+01 1.402796825396825398e+02
2.487682539682539584e+02 3.911317460317460615e+01 1.404903174603174705e+02
2.487253968253968139e+02 3.844873015873015731e+01 1.402958730158730134e+02
2.488265079365079373e+02 3.843904761904762069e+01 1.409309523809523910e+02
2.487247619047618912e+02 3.846317460317460046e+01 1.402474603174603089e+02
2.486763492063492151e+02 3.820571428571428640e+01 1.403793650793650727e+02
2.487731746031745956e+02 3.884460317460317214e+01 1.407565079365079441e+02
2.487353968253968333e+02 3.886253968253968338e+01 1.403441269841269730e+02
2.486677777777777862e+02 3.882857142857142918e+01 1.406339682539682485e+02
2.486915873015873046e+02 3.896380952380952323e+01 1.419446031746031736e+02
2.487855555555555611e+02 3.902031746031745740e+01 1.413634920634920604e+02
2.488255555555555532e+02 3.909476190476190283e+01 1.416115873015872921e+02
2.487509523809523841e+02 3.869793650793651096e+01 1.412122222222222092e+02
2.487887301587301465e+02 3.891412698412698745e+01 1.409461904761904805e+02
2.488266666666666538e+02 3.865793650793650471e+01 1.413222222222222229e+02
2.487985714285714209e+02 3.853888888888889142e+01 1.409957142857142856e+02
2.488338095238095207e+02 3.892873015873016129e+01 1.407987301587301658e+02
2.488352380952380827e+02 3.943206349206349159e+01 1.410938095238095116e+02
2.489266666666666765e+02 3.931936507936507752e+01 1.422420634920634939e+02
2.489447619047619185e+02 3.959857142857142520e+01 1.425509523809523671e+02
2.489734920634920741e+02 3.947777777777777430e+01 1.419884126984127022e+02
2.488425396825396945e+02 3.849968253968253862e+01 1.417717460317460336e+02
2.485277777777777715e+02 3.850412698412698376e+01 1.411025396825396854e+02
2.484295238095238005e+02 3.839841269841269877e+01 1.404449206349206349e+02
2.485211111111111109e+02 3.816873015873015618e+01 1.412796825396825398e+02
2.485217460317460336e+02 3.828682539682539954e+01 1.408869841269841174e+02
2.484579365079364948e+02 3.770206349206349472e+01 1.409746031746031747e+02
2.484244444444444468e+02 3.707904761904762125e+01 1.410549206349206486e+02
2.482885714285714300e+02 3.742079365079364806e+01 1.403720634920634893e+02
2.483865079365079396e+02 3.719603174603174267e+01 1.396812698412698523e+02
2.483325396825396751e+02 3.707317460317459989e+01 1.400811111111111131e+02
2.484687301587301533e+02 3.735714285714285410e+01 1.406493650793650829e+02
2.484623809523809541e+02 3.734333333333333371e+01 1.403612698412698307e+02
2.485876190476190573e+02 3.768746031746032088e+01 1.407409523809523932e+02
2.486698412698412710e+02 3.795365079365079453e+01 1.416047619047619150e+02
2.486258730158730259e+02 3.787634920634920377e+01 1.413353968253968276e+02
2.485577777777777726e+02 3.860444444444444656e+01 1.414028571428571297e+02
2.485311111111111018e+02 3.763904761904761642e+01 1.405338095238095377e+02
2.484101587301587415e+02 3.713523809523809405e+01 1.399976190476190538e+02
2.484888888888888800e+02 3.722142857142856798e+01 1.400134920634920661e+02
2.483996825396825443e+02 3.721634920634920718e+01 1.398601587301587301e+02
2.485195238095238039e+02 3.776825396825396552e+01 1.411539682539682588e+02
2.484460317460317356e+02 3.777666666666666373e+01 1.396673015873015800e+02
2.484909523809523932e+02 3.801793650793651125e+01 1.404214285714285779e+02
2.485947619047618957e+02 3.778682539682539954e+01 1.402761904761904646e+02
2.485182539682539584e+02 3.745888888888888602e+01 1.401701587301587324e+02
2.484573015873016004e+02 3.743730158730159019e+01 1.386544444444444366e+02
2.485677777777777919e+02 3.737365079365079623e+01 1.399469841269841197e+02
2.485150793650793730e+02 3.734777777777777885e+01 1.392395238095238028e+02
2.485026984126984075e+02 3.722793650793650500e+01 1.387823809523809473e+02
2.484628571428571320e+02 3.698460317460317270e+01 1.385636507936507940e+02
2.484344444444444377e+02 3.663365079365079424e+01 1.380339682539682542e+02
2.483214285714285836e+02 3.665539682539682786e+01 1.388420634920634882e+02
2.483374603174603124e+02 3.650555555555555287e+01 1.389509523809523728e+02
2.482136507936507996e+02 3.655460317460317299e+01 1.379423809523809439e+02
2.481647619047619173e+02 3.631777777777777771e+01 1.380842857142857270e+02
2.485517460317460348e+02 3.622666666666666657e+01 1.378850793650793776e+02
2.485298412698412562e+02 3.682634920634920661e+01 1.379320634920634916e+02
2.485222222222222115e+02 3.679873015873015873e+01 1.381985714285714266e+02
2.485798412698412676e+02 3.666444444444444173e+01 1.390307936507936404e+02
2.486095238095238074e+02 3.696619047619047649e+01 1.394720634920634836e+02
2.486161904761904680e+02 3.723079365079365033e+01 1.390225396825396729e+02
2.487093650793650852e+02 3.720380952380952522e+01 1.394446031746031736e+02
2.486666666666666572e+02 3.747507936507936677e+01 1.393425396825396945e+02
2.486787301587301613e+02 3.744253968253968168e+01 1.394117460317460200e+02
2.486215873015873115e+02 3.731539682539682445e+01 1.392868253968254066e+02
2.486012698412698398e+02 3.737460317460317327e+01 1.397996825396825500e+02
2.485055555555555600e+02 3.681793650793650841e+01 1.389273015873015993e+02
2.486358730158730168e+02 3.710000000000000142e+01 1.393063492063492106e+02
2.485285714285714391e+02 3.699857142857143089e+01 1.395060317460317378e+02
2.485696825396825318e+02 3.719619047619047336e+01 1.398969841269841368e+02
2.486525396825396967e+02 3.816587301587301795e+01 1.410588888888889016e+02
2.487253968253968139e+02 3.872904761904761983e+01 1.408034920634920582e+02
2.488547619047619150e+02 3.912396825396825051e+01 1.409628571428571320e+02
2.488960317460317526e+02 3.836095238095238358e+01 1.409499999999999886e+02
2.490028571428571524e+02 3.864126984126983899e+01 1.414090476190476124e+02
2.489922222222222103e+02 3.868333333333333002e+01 1.414703174603174602e+02
2.489682539682539755e+02 3.865984126984127300e+01 1.408504761904762006e+02
2.489320634920634916e+02 3.831523809523809376e+01 1.403528571428571468e+02
2.488576190476190391e+02 3.821984126984126817e+01 1.405553968253968264e+02
2.487549206349206372e+02 3.793015873015873041e+01 1.398593650793650909e+02
2.487588888888888903e+02 3.780253968253968111e+01 1.400006349206349228e+02
2.487219047619047672e+02 3.807015873015873098e+01 1.405087301587301454e+02
2.486579365079365118e+02 3.825873015873015959e+01 1.401149206349206224e+02
2.487287301587301727e+02 3.826730158730158848e+01 1.402988888888888823e+02
2.486625396825396876e+02 3.833269841269841294e+01 1.404766666666666595e+02
2.485252380952381088e+02 3.738365079365079424e+01 1.399169841269841186e+02
2.485209523809523944e+02 3.724619047619047763e+01 1.397076190476190618e+02
2.486177777777777749e+02 3.778238095238095440e+01 1.405968253968254089e+02
2.484906349206349319e+02 3.806079365079364862e+01 1.401858730158730282e+02
2.486052380952380929e+02 3.808190476190475948e+01 1.407609523809523751e+02
2.486522222222222354e+02 3.826015873015872870e+01 1.405442857142857065e+02
2.486928571428571502e+02 3.876206349206348989e+01 1.405373015873015845e+02
2.487238095238095354e+02 3.876841269841269622e+01 1.400588888888889016e+02
2.487766666666666708e+02 3.864000000000000057e+01 1.413368253968253896e+02
2.486950793650793514e+02 3.822428571428571331e+01 1.406246031746031804e+02
2.486930158730158666e+02 3.829999999999999716e+01 1.407850793650793548e+02
2.487304761904761961e+02 3.839079365079365402e+01 1.408001587301587278e+02
2.487057142857142935e+02 3.853095238095237818e+01 1.407333333333333201e+02
2.486922222222222274e+02 3.854507936507936705e+01 1.404269841269841379e+02
2.487273015873015822e+02 3.895396825396825591e+01 1.409360317460317447e+02
2.488004761904761892e+02 3.914111111111110830e+01 1.409903174603174705e+02
2.486488888888888766e+02 3.912063492063492021e+01 1.409204761904761938e+02
2.487147619047619003e+02 3.894666666666666544e+01 1.410323809523809473e+02
2.486803174603174682e+02 3.827714285714285580e+01 1.401450793650793685e+02
2.486641269841269946e+02 3.771634920634920718e+01 1.400528571428571354e+02
2.486533333333333360e+02 3.749492063492063210e+01 1.397180952380952306e+02
2.486038095238095309e+02 3.742984126984126902e+01 1.397365079365079339e+02
2.485398412698412756e+02 3.724761904761904674e+01 1.398434920634920502e+02
2.486203174603174659e+02 3.759333333333333371e+01 1.403357142857142890e+02
2.485482539682539596e+02 3.807269841269841493e+01 1.401098412698412687e+02
2.485988888888888937e+02 3.785285714285713965e+01 1.399401587301587426e+02
2.484523809523809632e+02 3.733460317460317412e+01 1.389152380952380952e+02
2.483369841269841345e+02 3.681523809523809376e+01 1.386555555555555657e+02
2.484339682539682599e+02 3.688746031746031662e+01 1.394017460317460291e+02
2.484744444444444582e+02 3.686428571428571388e+01 1.400669841269841243e+02
2.487407936507936483e+02 3.685698412698413051e+01 1.405504761904761892e+02
2.487495238095238221e+02 3.748380952380952635e+01 1.402188888888888982e+02
2.488006349206349341e+02 3.758571428571428896e+01 1.404158730158730179e+02
2.487261904761904816e+02 3.762079365079365090e+01 1.400411111111111211e+02
2.487184126984126920e+02 3.779539682539682843e+01 1.394866666666666788e+02
2.488304761904761904e+02 3.793031746031746110e+01 1.394290476190476227e+02
2.487855555555555611e+02 3.787603174603174949e+01 1.395769841269841152e+02
2.486880952380952294e+02 3.786111111111111427e+01 1.403515873015873012e+02
2.486458730158730077e+02 3.776317460317460473e+01 1.403979365079365209e+02
2.487925396825396831e+02 3.767873015873016129e+01 1.400779365079364993e+02
2.487688888888888812e+02 3.739825396825396808e+01 1.398303174603174739e+02
2.487212698412698444e+02 3.783460317460317412e+01 1.399471428571428646e+02
2.486550793650793594e+02 3.782174603174603078e+01 1.402603174603174523e+02
2.487587301587301454e+02 3.801206349206348989e+01 1.402739682539682633e+02
2.487939682539682451e+02 3.812555555555555742e+01 1.408498412698412778e+02
2.487949206349206293e+02 3.806682539682539357e+01 1.405258730158730032e+02
2.488584126984127067e+02 3.792666666666666941e+01 1.404161904761904793e+02
2.488452380952381020e+02 3.748126984126984240e+01 1.398015873015872899e+02
2.485047619047618923e+02 3.732730158730159076e+01 1.401144444444444446e+02
2.484914285714285711e+02 3.729365079365079083e+01 1.390560317460317492e+02
2.484987301587301545e+02 3.727460317460317185e+01 1.395450793650793742e+02
2.484873015873015731e+02 3.724777777777777743e+01 1.393307936507936518e+02
2.485238095238095184e+02 3.691095238095238074e+01 1.391773015873015993e+02
2.484444444444444571e+02 3.652031746031745740e+01 1.386866666666666674e+02
2.485792063492063448e+02 3.641539682539682588e+01 1.390252380952381088e+02
2.486903174603174591e+02 3.668920634920635138e+01 1.393117460317460257e+02
2.487504761904761779e+02 3.728206349206349302e+01 1.394753968253968139e+02
2.487915873015872990e+02 3.779920634920635081e+01 1.400742857142857076e+02
2.487214285714285609e+02 3.775269841269841464e+01 1.398846031746031713e+02
2.486526984126984132e+02 3.763238095238095582e+01 1.395103174603174523e+02
2.486903174603174591e+02 3.785095238095237846e+01 1.395611111111111029e+02
2.487144444444444389e+02 3.786412698412698319e+01 1.398706349206349273e+02
2.487195238095238210e+02 3.779555555555555202e+01 1.397187301587301533e+02
2.487787301587301556e+02 3.774000000000000199e+01 1.391753968253968310e+02
2.487849206349206383e+02 3.796269841269841550e+01 1.393992063492063380e+02
2.488128571428571547e+02 3.816650793650793361e+01 1.392395238095238028e+02
2.487001587301587335e+02 3.802634920634920945e+01 1.400530158730158803e+02
2.487679365079364970e+02 3.832492063492063750e+01 1.388941269841269843e+02
2.489585714285714175e+02 3.838063492063491822e+01 1.400233333333333405e+02
2.489703174603174602e+02 3.843396825396825278e+01 1.394453968253968128e+02
2.489538095238095252e+02 3.833587301587301255e+01 1.391031746031746081e+02
2.488403174603174648e+02 3.772460317460317469e+01 1.390115873015872978e+02
2.489379365079365130e+02 3.799507936507936279e+01 1.394063492063492049e+02
2.490041269841269980e+02 3.757761904761904503e+01 1.394339682539682599e+02
2.487879365079365073e+02 3.717031746031746309e+01 1.385373015873015845e+02
2.487087301587301624e+02 3.695809523809523967e+01 1.379655555555555679e+02
2.487638095238095275e+02 3.681809523809523910e+01 1.387417460317460325e+02
2.486442857142857008e+02 3.644603174603174267e+01 1.384025396825396967e+02
2.484679365079365141e+02 3.593047619047619179e+01 1.376403174603174477e+02
2.483807936507936631e+02 3.567507936507936250e+01 1.367792063492063619e+02
2.482982539682539596e+02 3.511571428571428299e+01 1.368319047619047524e+02
2.483696825396825432e+02 3.547634920634920519e+01 1.367350793650793719e+02
2.484814285714285802e+02 3.605063492063491992e+01 1.377111111111111086e+02
