2.540577775787163546e+02 6.029462086263268361e+01 9.483607291620012347e+01
2.544705961392036500e+02 5.293577283110136023e+01 1.542009674385273570e+02
2.543534733730460857e+02 5.347158149325927923e+01 1.539096609486272200e+02
2.543439333542347924e+02 5.320858153804810087e+01 1.539953419626461368e+02
2.542582075513951736e+02 5.355914363774801501e+01 1.534926770278138690e+02
2.542557889550768095e+02 5.289537331482062399e+01 1.536203251668383700e+02
2.542408294889595481e+02 5.280700497155909545e+01 1.526804317642316562e+02
2.541802750033591565e+02 5.260406682492050123e+01 1.523707618578402787e+02
2.541883369910870272e+02 5.297034980068974619e+01 1.519556590674967538e+02
2.542451292157477383e+02 5.330483271375464938e+01 1.512640748869082188e+02
2.542321852465624659e+02 5.331889640345769976e+01 1.522330362341559464e+02
2.541845747301473466e+02 5.227876562010122541e+01 1.502240336811931627e+02
2.542207193084606160e+02 5.099292336632776568e+01 1.496136964213732199e+02
2.542371120168405980e+02 5.179965960496259925e+01 1.506067093653423967e+02
2.543051014466789184e+02 5.219621982353204714e+01 1.511842612084023756e+02
2.542475478120661023e+02 5.272145832400232734e+01 1.509329063465758907e+02
2.541688090652573067e+02 5.114435436914946109e+01 1.494224481569400211e+02
2.540951314551887776e+02 4.998754870784252091e+01 1.476553948134545635e+02
2.541582389035696679e+02 5.100461324853316825e+01 1.482320956689210334e+02
2.541942939042415048e+02 5.234357504366909808e+01 1.491089264119675590e+02
2.542023111031486451e+02 5.328848479419536943e+01 1.501610605992744070e+02
2.542288260850091888e+02 5.394204326600080890e+01 1.499243068929995104e+02
2.542577148743673661e+02 5.429784565772383331e+01 1.499824875711022401e+02
2.542891118376853115e+02 5.499516280736327900e+01 1.515046804317642284e+02
2.543451426523939745e+02 5.524284498589152292e+01 1.519224705513503864e+02
2.543593854973798614e+02 5.556639942670309296e+01 1.513893940072557882e+02
2.543665517086935211e+02 5.621023872441438840e+01 1.528771442647914967e+02
2.544136247592601023e+02 5.613154476642630186e+01 1.518689031217807894e+02
2.544125946163837568e+02 5.590545079948044815e+01 1.506720114659381125e+02
2.544007703677162056e+02 5.555072333945447127e+01 1.513105656828055601e+02
2.544202087159045220e+02 5.555739687374031632e+01 1.518206207730550545e+02
2.544292112688672773e+02 5.645160567922246742e+01 1.529022707932100218e+02
2.544297039458951133e+02 5.650306803421865709e+01 1.524730595243427160e+02
2.544862722264522858e+02 5.773579074662963961e+01 1.537603350203789034e+02
2.545214762395306138e+02 5.938908048551081720e+01 1.546761768262641681e+02
2.544859587047073148e+02 5.884861378599901371e+01 1.538774129977157656e+02
2.544623997850136732e+02 5.844967975993191800e+01 1.535469610785148120e+02
2.544498141263940454e+02 5.772006987056030880e+01 1.539173198369686872e+02
2.544481121512070558e+02 5.783343037577820667e+01 1.543382003851838533e+02
2.544014869888475801e+02 5.764527253997402312e+01 1.522700318000626964e+02
2.544113853182245748e+02 5.571276929278452172e+01 1.519948940744390313e+02
2.544751198100954070e+02 5.688852062525193531e+01 1.526524387512876899e+02
2.544887804004120540e+02 5.675231782147176318e+01 1.524456935548886918e+02
2.543756438392977088e+02 5.719966856272674249e+01 1.532019080037622700e+02
2.543886325973037117e+02 5.723464863170152483e+01 1.528509875934966544e+02
2.544063241814843082e+02 5.717037667398217593e+01 1.525672056254758786e+02
2.544288081694809023e+02 5.697361938460160502e+01 1.524997984503067983e+02
2.544474403188964118e+02 5.671366506919872563e+01 1.521085681014018860e+02
2.544198951941595510e+02 5.716222510861288697e+01 1.520098983293769948e+02
2.544323464863170159e+02 5.754781206610829969e+01 1.523323778384915101e+02
2.544277780266045568e+02 5.825072781833654290e+01 1.526623818694853867e+02
2.544340036726833034e+02 5.866529314283155117e+01 1.529475075021274790e+02
2.544797330586285682e+02 5.828284140278586278e+01 1.525801943834818815e+02
2.545013660590316533e+02 5.976002149863393953e+01 1.537876562010122257e+02
2.544871232140457664e+02 6.021852465624579764e+01 1.541875307923142486e+02
2.544898553321091015e+02 5.959264567563936055e+01 1.539951180185425699e+02
2.544935280154073496e+02 5.976212657320732546e+01 1.539780534778519154e+02
2.545244770905182179e+02 5.955206700407578069e+01 1.537194876158910688e+02
2.544734626237291195e+02 5.989640345769696239e+01 1.533714784789716532e+02
2.544774040399516366e+02 5.995682357683521957e+01 1.536152640300980750e+02
2.545539929233663372e+02 5.860429076902405399e+01 1.520128991803645704e+02
2.544355264925874565e+02 5.614628028844000340e+01 1.501646884937519530e+02
2.543137456890760006e+02 5.340771263492631959e+01 1.484528597662023515e+02
2.543260178259506290e+02 5.380857258028395762e+01 1.483240023290186684e+02
2.543579074662964103e+02 5.519353249428942831e+01 1.493566533793165263e+02
2.544363326913602350e+02 5.578290858601693003e+01 1.508076320150490517e+02
2.543735387647243158e+02 5.533103417387020073e+01 1.490464460070766393e+02
2.543247189501500429e+02 5.415631298427912554e+01 1.485465579791284085e+02
2.543405294038607849e+02 5.449012406503337047e+01 1.486072468311909347e+02
2.543766739821740543e+02 5.497769516728624239e+01 1.499067944641017505e+02
2.543919469700362868e+02 5.557311774980964714e+01 1.496778788014511576e+02
2.543661486093071176e+02 5.612572221973395159e+01 1.505964079365790269e+02
2.544243740762305777e+02 5.631356653379316413e+01 1.507420163927083934e+02
2.544447977784744808e+02 5.734276884489631243e+01 1.514549200519550425e+02
2.544408563622519921e+02 5.719828010928472395e+01 1.513872441438616931e+02
2.544533076544094570e+02 5.765781340977292047e+01 1.514705513503829479e+02
2.544440811573431347e+02 5.756483181797823079e+01 1.512983831235723642e+02
2.544411250951762327e+02 5.726134276884489793e+01 1.514899896985712360e+02
2.544493214493662379e+02 5.800156760872486217e+01 1.506525283289290940e+02
2.544340036726833034e+02 5.745129215747749640e+01 1.502847225332556889e+02
2.544410355175348286e+02 5.733484122363058333e+01 1.502747346262372901e+02
2.544482913064898923e+02 5.734066377032292650e+01 1.506459443722846743e+02
2.544224481569400211e+02 5.714722085367492355e+01 1.508637524073991187e+02
2.544588614681775312e+02 5.877081560442513819e+01 1.523927083799883633e+02
2.545079052268553710e+02 5.999014645944372148e+01 1.534820172884847977e+02
2.544919604066824945e+02 5.953545035159224597e+01 1.530583150445648641e+02
2.544502172257804489e+02 5.729686030366820404e+01 1.512905450799480320e+02
2.543374837640524788e+02 5.595046356429435264e+01 1.487370448336095308e+02
2.544412594616383672e+02 5.684623997850136590e+01 1.504975590092712991e+02
2.544627133067586442e+02 5.811685403323330235e+01 1.520719308460608090e+02
2.544649527477941433e+02 5.920867111568952623e+01 1.525995879428494675e+02
2.544628476732207503e+02 5.946020513279885478e+01 1.518835490661530798e+02
2.545199086308057588e+02 5.881766471088815962e+01 1.516515877636941809e+02
2.545384512025798358e+02 5.966412863349307827e+01 1.531873964258521141e+02
2.545895104581896362e+02 6.146867021991310764e+01 1.540055090249473722e+02
2.546128454337797393e+02 6.331222286917185471e+01 1.550955793433958831e+02
2.546332243472029404e+02 6.279294128185605217e+01 1.551739149908183037e+02
2.546179513593407080e+02 6.167151878891029071e+01 1.540928472253325481e+02
2.546048282348725706e+02 6.093160747077529749e+01 1.531609262328123009e+02
2.545822098804138420e+02 6.058409101088368232e+01 1.525386303578626723e+02
2.545398396560218544e+02 6.101975186993326616e+01 1.524563980830384651e+02
2.545803735387647180e+02 6.151381735118914662e+01 1.530994311819769678e+02
2.545292694943342156e+02 6.117830429524790503e+01 1.534047117839387226e+02
2.545492453083710416e+02 6.111922784073095016e+01 1.536708021677789304e+02
2.545691763335871372e+02 6.102476821785282368e+01 1.534411250951762327e+02
2.545288663949478121e+02 5.944036368522417035e+01 1.522707036323733689e+02
2.545551574327047888e+02 5.816056792224660654e+01 1.522425314641465377e+02
2.544571594929905416e+02 5.651869933264656964e+01 1.505960496260133539e+02
2.544077126349263267e+02 5.441779011958615087e+01 1.484870336364043624e+02
2.544315402875442373e+02 5.452546244457383295e+01 1.491451157791015305e+02
2.543939624669682473e+02 5.520804407219957710e+01 1.486544990370403525e+02
2.543907824606978068e+02 5.539454472163748022e+01 1.485833743897523220e+02
2.544167151878891104e+02 5.482527881040892481e+01 1.487734133560263388e+02
2.543826756841492340e+02 5.463022349621534346e+01 1.492652841850674008e+02
2.543232857078873224e+02 5.504048909392215450e+01 1.481776324629372539e+02
2.543842880816948195e+02 5.563479195592780258e+01 1.502218390289783656e+02
2.543805258207551390e+02 5.668316388229497704e+01 1.515238948358489779e+02
2.543770770815604294e+02 5.650029112733462000e+01 1.519142294083396791e+02
2.543953061315895638e+02 5.631755273883638324e+01 1.514698795180722755e+02
2.544180588525104270e+02 5.675500515071438201e+01 1.513040265149818708e+02
2.544799570027321067e+02 5.729063465758946450e+01 1.525401979665875274e+02
2.544052492497872606e+02 5.634903927979576110e+01 1.515956913154476524e+02
2.543380660187217188e+02 5.596143682536838782e+01 1.516279392663591068e+02
2.543493528015407321e+02 5.697120078828324097e+01 1.520975500515071417e+02
2.544103103865275273e+02 5.752013257490930442e+01 1.514217763246293771e+02
2.544910198414475815e+02 5.977014377211447993e+01 1.546129350114211434e+02
2.545306579477762341e+02 6.007031844851525193e+01 1.546903300936086225e+02
2.544991714068168562e+02 5.960957584986787339e+01 1.549510906077842947e+02
2.545041429659157188e+02 5.957965691763335769e+01 1.544113853182245748e+02
2.545269404756572840e+02 6.068746360908317428e+01 1.550805750884579197e+02
2.545353607739508277e+02 6.197111121064182271e+01 1.567662471447126791e+02
2.545934070855914229e+02 6.432570430420567220e+01 1.581972499664083784e+02
2.546216240426389561e+02 6.532028485689971831e+01 1.595597258924172479e+02
2.546262820799928477e+02 6.513459040623460794e+01 1.590182290500291060e+02
2.546196533345276976e+02 6.489958346396738875e+01 1.594738657231155230e+02
2.545968558247861324e+02 6.365060240963855165e+01 1.576535136829847374e+02
2.545754019796658838e+02 6.338182469655573925e+01 1.569915349128857542e+02
2.545764321225422009e+02 6.272033860348457068e+01 1.577406279392663464e+02
2.545780893089084884e+02 6.244090115107269412e+01 1.568886549917140769e+02
2.545525596811035882e+02 6.187159045102342247e+01 1.561940251713172358e+02
2.545533210910556647e+02 6.054866305370179447e+01 1.552286469297263523e+02
2.545414072647467094e+02 6.041281856048730248e+01 1.542699422224212924e+02
2.545201325749092973e+02 6.150432212119854825e+01 1.554872575805079009e+02
2.545251489228288619e+02 6.183365431988175942e+01 1.559718726205938992e+02
2.545196846867021918e+02 6.163976351502665096e+01 1.563788238455681494e+02
2.545311058359833396e+02 6.069427150983114672e+01 1.552076409728131807e+02
2.545160120034039437e+02 6.068804586375240717e+01 1.560266045595019477e+02
2.545298517490034556e+02 6.206830295158328425e+01 1.565743718367895383e+02
2.545658619608545621e+02 6.348264433197473977e+01 1.571549245308370928e+02
2.546193846016034286e+02 6.550539705289560288e+01 1.599685134590406221e+02
2.546455860617190012e+02 6.721274689837416361e+01 1.600245442737492851e+02
2.546600528508084267e+02 6.700644959018228519e+01 1.604500380704976124e+02
2.546708021677789304e+02 6.610073005777758226e+01 1.592897836699959555e+02
2.546779683790925901e+02 6.527065884355265268e+01 1.587138442244815622e+02
2.546973619384601477e+02 6.485645182962332456e+01 1.592332601782595134e+02
2.546778340126304556e+02 6.467093653424105071e+01 1.582450396381063342e+02
2.546748331616428516e+02 6.468392529224705356e+01 1.584905271644197740e+02
2.546638599005688093e+02 6.411877995252385176e+01 1.586697720249025849e+02
2.546544542482196505e+02 6.352205849419984673e+01 1.588168137232946719e+02
2.546523491736462574e+02 6.347731446231020414e+01 1.578856989295471749e+02
2.546656066645765293e+02 6.376991982801092718e+01 1.575527388363864247e+02
2.547133515474537546e+02 6.541890984010390753e+01 1.596298203968289613e+02
2.546875531867245854e+02 6.672213015631298560e+01 1.611872172705692776e+02
2.547232050880100189e+02 6.773301383974559542e+01 1.611976082769740799e+02
2.547746674430062228e+02 6.764321225422135342e+01 1.612329914453352444e+02
2.547430465355847105e+02 6.643570564787029298e+01 1.597677699646168321e+02
2.546906436153535935e+02 6.536587987638284858e+01 1.580403547274600271e+02
2.547313566533793221e+02 6.549500604649080060e+01 1.586666368074528464e+02
2.547157253549514166e+02 6.468553768979262486e+01 1.580278138576611298e+02
2.547081112554306515e+02 6.456577238321314383e+01 1.580042997267881901e+02
2.546910019259192950e+02 6.353459936399874408e+01 1.577193532494289343e+02
2.546665920186321443e+02 6.293429480001791632e+01 1.573377077081560458e+02
2.546357773099834390e+02 6.324535315985129813e+01 1.583623863483674370e+02
2.546272674340484627e+02 6.259157074394231302e+01 1.571357549155730737e+02
2.546255654588614732e+02 6.346513190307699404e+01 1.584383929771129260e+02
2.546001701975187075e+02 6.391458771890535928e+01 1.578163658350875664e+02
2.545758498678729893e+02 6.239118556008420313e+01 1.574308236664128628e+02
2.545788507188605649e+02 6.205589644824651430e+01 1.571792896493035414e+02
2.545758498678729893e+02 6.142526985264478157e+01 1.582810050611367387e+02
2.545721323957540108e+02 6.219062122094324963e+01 1.574416177722040686e+02
2.546428091548349641e+02 6.454006360012540711e+01 1.606672638509428168e+02
2.546496170555829224e+02 6.385009181708245762e+01 1.589037040354727424e+02
2.545965423030411614e+02 6.330805750884579197e+01 1.591481614189098366e+02
2.546091279616607608e+02 6.242311998925068650e+01 1.586841940251713083e+02
2.545694450665114061e+02 6.194674609217539540e+01 1.581710037174721322e+02
2.545663546378823980e+02 6.268679177677251602e+01 1.587604693868410379e+02
2.545925560979979423e+02 6.395229990594347669e+01 1.596093071169435973e+02
2.546218479867425231e+02 6.523263313476955716e+01 1.600644063241814763e+02
2.546507367761006719e+02 6.629135127872082478e+01 1.614117436287902478e+02
2.546817754288529443e+02 6.638133201952793172e+01 1.622790343530254802e+02
2.546746092175393130e+02 6.648354010838895078e+01 1.616798942983831182e+02
2.546632328570788673e+02 6.617266090383840549e+01 1.617950911452501543e+02
2.546638599005688093e+02 6.626653827204729907e+01 1.611014914677296588e+02
2.546451381735118957e+02 6.699243068929995104e+01 1.617456442871859110e+02
2.546404353473373021e+02 6.664961705558292238e+01 1.613747928517042283e+02
2.545951538495991429e+02 6.515281945626371396e+01 1.611477135307027311e+02
2.545952882160612774e+02 6.447726967348950211e+01 1.604257177408518942e+02
2.545513055941237042e+02 6.293944551439960833e+01 1.590640480136158033e+02
2.545657275943924276e+02 6.222945312849912369e+01 1.591985936310296950e+02
2.545410489541810364e+02 6.266793568325346087e+01 1.594433197473910582e+02
2.545606216688314589e+02 6.266166524835401219e+01 1.585803287499440160e+02
2.545533658798763952e+02 6.354920051955031823e+01 1.594197160388766861e+02
2.545776414207013829e+02 6.407811170331885364e+01 1.599306221167196611e+02
2.545251041340081599e+02 6.434456039772473446e+01 1.604336901509383324e+02
2.545958704707305174e+02 6.455264925874502069e+01 1.611224974246428019e+02
2.546265060240963862e+02 6.532153894387960236e+01 1.612606261477135376e+02
2.546328212478165369e+02 6.511703318851614597e+01 1.613458592735253205e+02
2.546519460742598540e+02 6.501361580149594488e+01 1.610990728714112947e+02
2.546419581672414552e+02 6.443687015720875877e+01 1.616654275092936928e+02
2.545630402651498230e+02 6.385416759976709500e+01 1.593282572669861565e+02
2.544968871769606267e+02 6.355336587987638097e+01 1.592555202221525406e+02
2.545465131903077065e+02 6.413351547453756041e+01 1.600804855108164872e+02
2.545625475881220154e+02 6.565467819232320323e+01 1.616570519998208511e+02
2.545679670354279551e+02 6.553715232677923552e+01 1.609942670309490893e+02
2.545538137680834723e+02 6.382886191606574755e+01 1.600595691315447766e+02
2.545131903076992046e+02 6.107663367223540973e+01 1.579661396515429885e+02
2.544347202938146779e+02 5.917145160567922346e+01 1.562733013839745695e+02
2.543979038831907644e+02 5.857051999820844657e+01 1.560027321180633351e+02
2.543827204729699361e+02 5.908930890849644157e+01 1.559092578492408165e+02
2.543553545035159118e+02 5.811591346799838931e+01 1.540342634478434150e+02
2.543305414968423861e+02 5.774779415058001319e+01 1.550528060196174920e+02
2.543660590316656851e+02 5.859622878129619039e+01 1.556175034711336025e+02
2.544232095668920977e+02 6.032292739732162801e+01 1.576066645765216947e+02
2.544719398038249665e+02 6.165015452143145325e+01 1.586730416088144295e+02
2.545452143145070920e+02 6.333622967707260187e+01 1.591092399337125585e+02
2.545573072960988839e+02 6.489116316567384501e+01 1.598281900837550893e+02
2.546061718994938872e+02 6.510449231871724862e+01 1.602054463205983836e+02
2.545977516012003434e+02 6.551542974873471792e+01 1.617304160881444091e+02
2.545844941102700716e+02 6.523321538943879716e+01 1.608363864379450945e+02
2.545561427867604323e+02 6.371724817485555548e+01 1.593299144533524441e+02
2.545688180230214641e+02 6.305110404443050953e+01 1.587661575670712466e+02
2.545887938370582617e+02 6.399086308057508887e+01 1.592388139920275876e+02
2.546051417566175417e+02 6.456756393604156585e+01 1.608050790522685531e+02
2.546285663098490488e+02 6.492990549558830082e+01 1.614266583060868072e+02
2.545956913154476524e+02 6.386764903480091249e+01 1.596267747570206552e+02
2.545964079365790269e+02 6.381636583508755933e+01 1.605686836565593296e+02
2.546086800734536553e+02 6.400967438527344200e+01 1.603752407399113054e+02
2.546370313969633230e+02 6.447843418282796790e+01 1.605487526313432056e+02
2.546446007076633578e+02 6.519733954404981091e+01 1.606745196398978806e+02
2.546399426703094946e+02 6.644717158597214279e+01 1.613335871366506922e+02
2.546776100685268887e+02 6.646410176020064853e+01 1.630547767277287505e+02
2.546281184216419717e+02 6.565311058359833396e+01 1.607374479329959343e+02
2.545766560666457679e+02 6.539678416267300065e+01 1.613476956151744446e+02
2.546082321852465498e+02 6.529918932234514273e+01 1.612306624266583128e+02
2.546108299368477503e+02 6.556129350114211718e+01 1.603721055224615952e+02
2.546069780982666657e+02 6.583862587898060781e+01 1.619969991490123959e+02
2.545844045326286675e+02 6.431208850270972732e+01 1.599668114838536326e+02
2.545985130111524199e+02 6.471487436735790766e+01 1.608180678102745560e+02
2.546059031665696182e+02 6.717333273614906375e+01 1.612791239306669127e+02
2.545941684955434994e+02 6.975119810095399941e+01 1.636533793165226029e+02
2.546231020737224071e+02 6.948551081650019512e+01 1.633733596094414793e+02
2.546071124647288002e+02 6.886576790433107931e+01 1.622420835759394322e+02
2.546269091234827897e+02 6.862251981905316711e+01 1.628099162449052812e+02
2.546301339185739323e+02 6.786697720249026133e+01 1.625271196309401205e+02
2.546162493841537184e+02 6.740475657275943888e+01 1.612750033591615590e+02
2.546193398127827265e+02 6.751681820217673646e+01 1.608427016616652452e+02
2.546438840865320117e+02 6.875451247368657448e+01 1.619823532046401340e+02
2.546736686523043716e+02 7.069543601916961961e+01 1.639837864469028545e+02
2.546943610874725721e+02 7.256286110986697224e+01 1.649374300174676478e+02
2.546831638822949913e+02 7.319286066197877005e+01 1.648305638912527513e+02
2.546926591122855825e+02 7.190952658216508553e+01 1.640959376539615846e+02
2.547225780445200769e+02 7.095368835938549523e+01 1.638586016930174196e+02
2.547330138397456096e+02 7.160240963855422081e+01 1.638516146369865965e+02
2.547221749451337018e+02 7.248703363640434816e+01 1.642660455950194773e+02
2.547192188829667998e+02 7.513615801495946300e+01 1.668714560845612880e+02
2.547488690822770536e+02 7.545236708917454393e+01 1.666510502978456714e+02
2.547210104357952218e+02 7.377704125050387063e+01 1.651291261701079520e+02
2.546832982487570973e+02 7.363631477583194851e+01 1.658424777175617066e+02
2.547009002552962897e+02 7.501764679535988023e+01 1.669343395888386397e+02
2.547591257222197214e+02 7.647238769203207198e+01 1.678508532270345199e+02
2.547784744927666054e+02 7.723944103551752960e+01 1.679122139114077186e+02
2.547532583867066762e+02 7.651121959958794605e+01 1.667113360505217940e+02
2.547716218031979167e+02 7.511886953016527002e+01 1.663644466341201280e+02
2.547686209522103411e+02 7.506095758498678094e+01 1.669326824024723521e+02
2.547778474492766634e+02 7.607945536794015595e+01 1.677632015049043730e+02
2.547352084919604067e+02 7.636010211851122165e+01 1.672574461414430971e+02
2.547500783804362356e+02 7.784489631388005648e+01 1.678540332333049605e+02
2.547623953061315945e+02 7.901899045998118254e+01 1.693051014466789184e+02
2.547426434361983354e+02 7.790110628387154179e+01 1.679217987190397139e+02
2.547667398217404866e+02 7.727554082501008281e+01 1.671338289962825172e+02
2.547539750078380507e+02 7.639212612531912328e+01 1.672714202535047150e+02
2.547317149639449951e+02 7.508527791463251333e+01 1.667238769203206914e+02
2.547219957898508653e+02 7.428154252698526250e+01 1.652250190352488062e+02
2.547399113181350003e+02 7.428561830966989987e+01 1.661345456174138917e+02
2.547276839700810740e+02 7.432064316746540555e+01 1.661076275361669730e+02
2.547440766784610560e+02 7.609477314462310460e+01 1.675082187486003420e+02
2.547367761006852618e+02 7.555372419044206822e+01 1.671077619026291075e+02
2.547587226228333463e+02 7.486599184843463206e+01 1.673649840999686376e+02
2.547391051193621934e+02 7.417628879831593736e+01 1.652002956062166845e+02
2.547094997088726700e+02 7.528539436556636133e+01 1.664370493124916095e+02
2.547366417342231273e+02 7.792341111658529940e+01 1.684103103865275273e+02
2.547794150580015184e+02 7.820092264970662654e+01 1.683481882922022521e+02
2.547713978590943782e+02 7.772840059121243428e+01 1.689437452411877985e+02
2.547922694495453868e+02 7.816845075469163362e+01 1.696548573476060255e+02
2.547780266045594999e+02 7.876929278452098515e+01 1.694446634120123747e+02
2.547378062435616073e+02 7.829609889371613463e+01 1.685540377121870392e+02
2.547524521879338977e+02 7.781242441886504935e+01 1.685020378913423258e+02
2.547549155730729638e+02 7.687324763738971001e+01 1.678411340529403901e+02
2.547448828772338345e+02 7.511085233125811556e+01 1.673171496394499798e+02
2.547520042997267922e+02 7.609262328122900954e+01 1.676920320687956405e+02
2.547800868903121909e+02 7.641528194562637566e+01 1.677020199758140393e+02
2.547551843059972327e+02 7.662681954584135724e+01 1.680471178393872833e+02
2.547496752810498606e+02 7.723576835221928150e+01 1.685328525999910312e+02
2.547550499395350982e+02 7.757392394858243279e+01 1.689382362162404263e+02
2.547621265732073255e+02 7.877820575984233642e+01 1.700253504725220637e+02
2.547789223809737109e+02 7.923482778698436846e+01 1.701051641510279069e+02
2.547881488780400332e+02 7.950024633851390377e+01 1.704402293187620501e+02
2.547725623684328298e+02 8.004622206297308651e+01 1.708731580597482775e+02
2.547879697227571967e+02 8.055394813454562097e+01 1.710845165046804368e+02
2.547947776235051833e+02 8.091266179961480987e+01 1.713015631298428048e+02
2.547883280333228697e+02 8.291033278093787828e+01 1.734120571505352189e+02
2.548200385183858145e+02 8.525493796748331476e+01 1.748809065257311772e+02
2.548061539839656007e+02 8.471769606306266098e+01 1.744275988713217203e+02
2.547800868903121909e+02 8.433166121736014986e+01 1.736677117391499223e+02
2.547824159089891225e+02 8.332915304340036755e+01 1.732396649796210966e+02
2.548101849778295218e+02 8.404666995118019202e+01 1.737224884668786729e+02
2.548271599408787438e+02 8.509884892730774197e+01 1.745195055314193553e+02
2.548424777175617066e+02 8.822698974336005051e+01 1.767120078828324381e+02
2.548777713082814671e+02 9.260787387468087672e+01 1.804443946790881057e+02
2.549011958615129743e+02 9.253267344470819467e+01 1.805259551216016405e+02
2.548573923948582376e+02 9.004958122452636360e+01 1.776670399068392499e+02
2.548620952210328312e+02 8.852967259372060482e+01 1.773764500380704874e+02
2.548572580283961031e+02 8.814784789716486557e+01 1.769984323912751449e+02
2.548571236619339686e+02 8.883083262417700610e+01 1.774849733506516714e+02
2.548678281900837419e+02 8.862695391230349173e+01 1.780292918887445808e+02
2.548772786312536311e+02 8.738151117481076824e+01 1.764450217225780477e+02
2.548668876248488289e+02 8.529838312357234997e+01 1.753024141174362853e+02
2.547964795986921729e+02 8.428776817306400915e+01 1.742367984950956270e+02
2.547932548036010303e+02 8.407511085233126380e+01 1.742571326196981261e+02
2.547935235365252709e+02 8.434339588838625446e+01 1.741480270524477021e+02
2.548051238410892552e+02 8.557849240829489190e+01 1.750726026783714815e+02
2.548051686299099856e+02 8.551319030769920460e+01 1.757788328033322784e+02
2.548396560218569391e+02 8.658794284946476694e+01 1.763053701796031589e+02
2.548184261208402290e+02 8.652685089801585150e+01 1.745160120034039437e+02
2.548374613696421420e+02 8.644067720696914137e+01 1.730971917409414687e+02
2.548361177050208255e+02 8.757025126528418468e+01 1.714689837416580929e+02
2.548093339902360412e+02 8.825641599856675157e+01 1.708758006001702086e+02
2.548122452635822128e+02 8.854248219644377116e+01 1.681256326420925404e+02
2.548285036055000603e+02 8.949782774219555392e+01 1.676909571370985930e+02
2.548221883817799096e+02 8.868168585121154024e+01 1.645889282035203962e+02
2.548232633134769571e+02 8.914318985981098820e+01 1.637213239575401929e+02
2.547859990146459381e+02 8.893048775025754082e+01 1.612062973081918642e+02
2.547216374792851639e+02 8.800770367716218345e+01 1.598500470282617414e+02
2.547847449276660541e+02 8.967174273301384346e+01 1.610495812245263494e+02
2.548232185246562551e+02 9.150051507143817275e+01 1.630941908899538646e+02
2.548137680834863659e+02 9.123626102924710324e+01 1.637653065794777660e+02
2.548016303130738436e+02 8.951668383571460197e+01 1.632009226497066265e+02
2.548072289156626482e+02 8.659667666950329590e+01 1.622570430420566936e+02
2.547911945178483393e+02 8.439382810050611283e+01 1.615471402337976485e+02
2.547790567474358454e+02 8.459121243337662577e+01 1.620136605903166469e+02
2.547925381824696558e+02 8.633694629820396926e+01 1.637488690822770536e+02
2.547977336856720569e+02 8.785443633269136399e+01 1.650968334303757672e+02
2.548384467236977571e+02 8.769946701303354075e+01 1.654650871142562778e+02
2.548353562950687490e+02 8.726085009181707619e+01 1.658328929099296829e+02
2.548359385497379890e+02 8.715362565503650671e+01 1.672856630984906303e+02
2.548253683880503502e+02 8.699968647825502899e+01 1.676325525148922964e+02
2.548416715187888997e+02 8.707345366596497627e+01 1.676246696824472622e+02
2.548341917857302690e+02 8.628808169480898016e+01 1.671600752452187919e+02
2.548388050342634585e+02 8.590975052626863828e+01 1.670900703184485110e+02
2.548471805437362718e+02 8.616200116450933422e+01 1.674747614995297056e+02
2.548344605186545380e+02 8.693962466968244485e+01 1.681636583508756075e+02
2.548431943386930527e+02 8.801177945984682083e+01 1.695520670040757807e+02
2.548661710037174828e+02 9.001083889461190779e+01 1.711306042011913746e+02
2.548687687553186834e+02 8.933708066466610376e+01 1.709647959869216720e+02
2.548648273390961663e+02 8.782191964885564062e+01 1.707899852196891572e+02
2.548647825502754642e+02 8.636529762171362279e+01 1.696692793478747774e+02
2.548694853764500294e+02 8.689514937071706413e+01 1.711996237739060405e+02
2.548818918797867923e+02 8.833802122990101680e+01 1.721065973932906275e+02
2.548846687866708578e+02 8.953352443230170365e+01 1.727593496663232884e+02
2.548830116003045703e+02 9.196878219196489113e+01 1.741912034756124967e+02
2.549119003896627476e+02 9.100747973305863070e+01 1.744344963497111110e+02
2.548935817619922091e+02 8.951775876741164950e+01 1.734365118466430715e+02
2.548706946746092115e+02 8.840901151072692699e+01 1.726555291799166980e+02
2.548331168540332214e+02 8.777583195234468860e+01 1.711688090652573067e+02
2.548340574192681629e+02 8.804044430510144537e+01 1.691319478658126911e+02
2.548091996237739068e+02 8.819805616518117120e+01 1.654375419895194170e+02
2.548292650154521368e+02 8.848586912706588237e+01 1.650939669458503261e+02
2.548081694808975612e+02 8.877162180319791673e+01 1.632990997447037103e+02
2.547745330765440883e+02 8.911667487795045872e+01 1.621433242262731085e+02
2.547733237783849063e+02 8.765378241590899222e+01 1.583789582120302839e+02
2.547482420387871116e+02 8.731164061450262182e+01 1.553180902046849212e+02
2.547220853674922694e+02 8.746549021364268128e+01 1.544001433242262635e+02
2.547727863125363967e+02 8.847552290948179632e+01 1.544730147355220140e+02
2.548150669592869519e+02 9.093447395530075994e+01 1.562737940610023770e+02
2.548301607918663478e+02 9.369306221167197180e+01 1.591597169346531189e+02
2.548680521341873089e+02 9.253795852555202828e+01 1.591594034129081479e+02
2.548640659291440898e+02 9.008827876562010317e+01 1.583060420119138314e+02
2.548203968289514876e+02 8.940896672190621075e+01 1.590900255296278090e+02
2.548061987727863027e+02 8.669601827383884540e+01 1.580468938952837448e+02
2.548014063689703050e+02 8.402490258431495818e+01 1.566826712052671553e+02
2.548100058225466853e+02 8.324288977471222495e+01 1.565125184753885321e+02
2.547973753751063839e+02 8.188032427106193722e+01 1.566017378062435625e+02
2.548014511577910071e+02 8.312119854884221581e+01 1.585046804317642284e+02
2.548094235678774453e+02 8.365754467684865858e+01 1.603390961615980643e+02
2.548594078917901982e+02 8.712961884713575955e+01 1.621249160209611659e+02
2.548445827921350713e+02 8.993725086218479703e+01 1.651230796793120419e+02
2.548725758050790660e+02 8.969274868992700078e+01 1.662108657679043233e+02
2.548618712769292927e+02 8.989107358803242676e+01 1.670906525731177510e+02
2.548421194069960052e+02 8.840435347337304961e+01 1.663628342365745425e+02
2.548364312267657965e+02 8.912558785327182420e+01 1.670632418148430247e+02
2.548157387915976244e+02 8.875554261656290578e+01 1.677333721503112827e+02
2.548182469655573925e+02 8.762740180051059724e+01 1.675026649348322678e+02
2.547952703005329909e+02 8.704658037353875955e+01 1.673676266403905686e+02
2.547816992878577480e+02 8.474716710709006406e+01 1.665059345187441124e+02
2.547879697227571967e+02 8.382330810229767337e+01 1.659019124826443203e+02
2.547653961571191701e+02 8.321426971827831665e+01 1.648692614323464909e+02
2.547795046356429509e+02 8.311837685313746249e+01 1.655670712590137441e+02
2.547683074304653417e+02 8.208102297666502523e+01 1.658038249652886691e+02
2.548011824248667665e+02 8.280669144981412444e+01 1.667228915662650479e+02
2.547762798405518083e+02 8.440950418775473452e+01 1.677086039324584590e+02
2.548020334124602471e+02 8.540950418775473452e+01 1.687930308594974633e+02
2.548332512204953559e+02 8.576284319433869996e+01 1.701534017109329397e+02
2.548276974067272818e+02 8.536605903166569931e+01 1.695157432704796747e+02
2.548331616428539519e+02 8.548654095937654063e+01 1.694118332064316803e+02
2.548341022080888649e+02 8.641174362879024784e+01 1.704958570340842812e+02
2.548379988354906516e+02 8.569270390110628455e+01 1.701897254445290457e+02
2.548435526492587542e+02 8.660962063868858252e+01 1.703879159761723372e+02
2.548420298293546011e+02 8.501276481390245010e+01 1.705086666368074475e+02
2.548321314999776064e+02 8.345442737492722074e+01 1.694933936489452151e+02
2.548267120526716667e+02 8.361951896806557727e+01 1.695625475881220154e+02
2.548542571774085275e+02 8.755229094817933344e+01 1.731795135934070800e+02
2.548833251220495413e+02 9.011228557352085033e+01 1.750326510502978579e+02
2.548938504949164781e+02 9.322125677430912560e+01 1.772990101670623062e+02
2.549147668741881887e+02 9.669355488869977933e+01 1.795683253459936282e+02
2.549212164643705023e+02 9.779674833161642766e+01 1.809704393783311787e+02
2.549182156133828983e+02 9.756254758812200123e+01 1.813138800555381351e+02
2.549232319613024629e+02 9.789635866887624616e+01 1.817649482689120930e+02
2.549244412594616449e+02 9.844959018229050685e+01 1.817173825413176758e+02
2.549428494647735874e+02 9.998790701840820816e+01 1.831693913199265467e+02
2.549303085949746901e+02 9.868285036055000603e+01 1.826399426703094946e+02
2.548953285259999006e+02 9.588238455681461403e+01 1.796814171182872713e+02
2.548878487929412699e+02 9.464997536614860962e+01 1.790303668204416283e+02
2.548867290724235204e+02 9.445026201460115090e+01 1.787082456218927859e+02
2.549143637748018136e+02 9.568011824248667097e+01 1.792738388498230790e+02
2.549011510726922438e+02 9.570219913109687582e+01 1.800898463743449724e+02
2.549132888431047661e+02 9.538997626192502821e+01 1.797037219510010289e+02
2.549110494020692386e+02 9.567657992565055736e+01 1.800603753303175552e+02
2.549139158865947081e+02 9.560102118511220226e+01 1.806877323420074219e+02
2.549146325077260826e+02 9.610556725041429615e+01 1.809654678192323161e+02
2.549095713709858160e+02 9.477502575357191006e+01 1.796057688001074837e+02
2.548849375195950984e+02 9.300398620504321912e+01 1.779429838312357219e+02
2.548818023021453882e+02 9.136193846016034570e+01 1.769484480673623921e+02
2.549015541720786473e+02 9.171715859721413722e+01 1.776501545214314604e+02
2.549242621041788084e+02 9.446840148698885287e+01 1.793021901733327468e+02
2.549449545393469805e+02 1.000032247950911426e+02 1.833451426523939745e+02
2.549550768128275138e+02 1.048041832758543421e+02 1.859646168316388355e+02
2.549639897881488650e+02 1.087476597841178858e+02 1.890117346710261188e+02
2.549603618936713474e+02 1.106706230124960797e+02 1.896689658261298064e+02
2.549757692479957143e+02 1.122862901419805581e+02 1.919166927934787452e+02
2.549709320553589862e+02 1.120287544228960428e+02 1.915219689165584214e+02
2.549746047386572343e+02 1.086631880682581652e+02 1.894356608590495910e+02
2.549715143100282262e+02 1.071137188157835851e+02 1.879685134590406221e+02
2.549732162852152157e+02 1.063464863170152768e+02 1.879290545079948060e+02
2.549687374031441891e+02 1.057772204057867214e+02 1.878196354189994111e+02
2.549518520177363712e+02 1.046115017691584228e+02 1.880021050745733930e+02
2.549603171048506169e+02 1.025625923769427175e+02 1.850622116719666792e+02
2.549517624400949387e+02 1.013888565414072644e+02 1.842531464146549069e+02
2.549493886325973051e+02 1.014714023379764427e+02 1.850108836834326098e+02
2.549532404711783897e+02 1.026808796524387475e+02 1.852867828190083799e+02
2.549372060733640808e+02 1.036828951493707223e+02 1.864340484615040054e+02
2.549487168002866611e+02 1.042401128678281879e+02 1.864307788775921608e+02
2.549439243964706350e+02 1.046402561920544656e+02 1.867224884668786729e+02
2.549514041295292657e+02 1.046415550678550659e+02 1.863477851928158771e+02
2.549608545706991549e+02 1.046310744838088453e+02 1.872576252967259336e+02
2.549574506203251758e+02 1.060093160747077548e+02 1.878106328660366273e+02
2.549658261297979891e+02 1.061576566489004279e+02 1.881081202131947805e+02
2.549685582478613242e+02 1.065509920723787332e+02 1.888552425314641425e+02
2.549683790925784876e+02 1.077428225914811719e+02 1.896043803466654651e+02
2.549634971111210575e+02 1.070354279571818807e+02 1.889813678505844905e+02
2.549586599184843578e+02 1.066848210686612646e+02 1.899245308371030490e+02
2.549739329063465618e+02 1.069087651722130090e+02 1.890091817082456203e+02
2.549662292291843926e+02 1.081250055986025842e+02 1.900642271688986398e+02
2.549712455771039572e+02 1.108136785058449476e+02 1.915380928920141628e+02
2.549761275585613873e+02 1.120259775160120057e+02 1.932712858870425805e+02
2.549754557262507149e+02 1.108442244815693982e+02 1.924854212388587769e+02
2.549638554216867590e+02 1.066877771308281524e+02 1.893809737089622445e+02
2.549609889371612894e+02 1.040019259192905423e+02 1.876772517579612156e+02
2.549601827383885109e+02 1.066527074842119447e+02 1.889078693957987980e+02
2.549694540242755352e+02 1.085365252832892935e+02 1.909888923724638232e+02
2.549698123348412366e+02 1.097276391812603578e+02 1.913645810005822625e+02
2.549603618936713474e+02 1.105566354637882398e+02 1.922706140547319364e+02
2.549693644466341311e+02 1.118665293142831558e+02 1.916684731491019704e+02
2.549735298069601868e+02 1.124079365790298795e+02 1.928832355444081088e+02
2.549757244591749838e+02 1.117733237783849205e+02 1.926950329197832161e+02
2.549782774219554824e+02 1.118514802705244762e+02 1.929397142473238773e+02
2.549717382541317647e+02 1.118482106866126173e+02 1.929176781475343887e+02
2.549790388319075589e+02 1.106198324898105483e+02 1.923678057956734051e+02
2.549757244591749838e+02 1.095620549110941937e+02 1.908594526806109286e+02
2.549729923411116488e+02 1.093421865902270724e+02 1.916049178125140031e+02
2.549671250055986036e+02 1.096888968513459020e+02 1.925878084830026467e+02
2.549679312043713821e+02 1.103228826085009189e+02 1.925724907063197122e+02
2.549710216330003902e+02 1.115256415998566695e+02 1.936108299368477503e+02
2.549743807945536673e+02 1.122639405204460985e+02 1.941617772204057815e+02
2.549732610740359178e+02 1.126996461683163915e+02 1.943087293411564360e+02
2.549582568190979543e+02 1.125119810095400226e+02 1.935961392036547579e+02
2.549617951359340680e+02 1.125077260715725345e+02 1.936579477762350621e+02
2.549639449993281630e+02 1.113584449321449341e+02 1.932760335020379046e+02
2.549568683656559358e+02 1.110141532673444686e+02 1.934522327227124094e+02
2.549497021543422761e+02 1.116223406637703164e+02 1.939215747749361753e+02
2.549474627133067486e+02 1.109662740180051088e+02 1.932141353518161964e+02
2.549597796390021074e+02 1.114051148833251261e+02 1.931153760021498726e+02
2.549614368253683949e+02 1.106224302414117489e+02 1.928252340215882157e+02
2.549653782415909120e+02 1.107170242307520027e+02 1.929905495588301108e+02
2.549613472477269625e+02 1.093641331123751570e+02 1.917640524924978820e+02
2.549572714650423393e+02 1.071934429166480101e+02 1.903176871052985177e+02
2.549444170734984425e+02 1.071515205804631137e+02 1.907491378152013226e+02
2.549598692166435399e+02 1.075862408742777774e+02 1.913660142428449831e+02
2.549598244278228094e+02 1.072509517624400956e+02 1.901821113450082805e+02
2.549558830116002923e+02 1.067813857661127770e+02 1.907119630940117361e+02
2.549591973843328674e+02 1.073469342052223823e+02 1.918703811528642404e+02
2.549525238500470152e+02 1.080313073856765413e+02 1.925842701661665330e+02
2.549591078066914633e+02 1.088614233887221729e+02 1.930356519012854335e+02
2.549659604962601236e+02 1.094129977157701461e+02 1.929094370045236815e+02
2.549641241546109995e+02 1.094304205670264736e+02 1.927337304608769557e+02
2.549615711918305294e+02 1.093984861378599902e+02 1.916258789806064442e+02
2.549619742912169045e+02 1.092186590227079250e+02 1.922495185201773609e+02
2.549667666950329306e+02 1.090553141935772885e+02 1.923975007838043609e+02
2.549618399247547700e+02 1.081328884310476042e+02 1.903620728266224660e+02
2.549668114838536326e+02 1.068238903569668992e+02 1.910665113987548693e+02
2.549607202042370204e+02 1.072213015631298418e+02 1.911786626058135994e+02
2.549622878129618755e+02 1.066319702602230421e+02 1.911564025619205438e+02
2.549689165584270256e+02 1.068656335378689448e+02 1.898085277914632627e+02
2.549709768441796882e+02 1.069607649930577367e+02 1.915230438482554689e+02
2.549671697944193056e+02 1.051979665875397529e+02 1.890318896403457813e+02
2.549574954091458778e+02 1.035362565503650245e+02 1.878231289470148226e+02
2.549611233036234239e+02 1.026009316074707698e+02 1.878182021767366905e+02
2.549672145832400361e+02 1.035983786446902855e+02 1.888098266672638488e+02
2.549703050118690442e+02 1.047513324674161339e+02 1.887481972499664096e+02
2.549632731670175190e+02 1.042256012899180320e+02 1.886481838133202018e+02
2.549574506203251758e+02 1.040252161060599292e+02 1.881398754870784273e+02
2.549583911855600888e+02 1.034548304743136100e+02 1.883207775339275258e+02
2.549605858377748859e+02 1.027786088592287399e+02 1.880917275048147985e+02
2.549521655394813422e+02 1.036707573789582142e+02 1.881839028978367026e+02
2.549555247010346193e+02 1.033599229632283851e+02 1.880775294486496136e+02
2.549507322972186216e+02 1.017443454113853250e+02 1.870431316343440642e+02
2.549374300174676478e+02 1.016792672548931762e+02 1.877933443812424343e+02
2.549369821292605423e+02 1.017945536794016164e+02 1.871238410892641184e+02
2.549443722846777405e+02 1.019298607067675846e+02 1.868220988041384771e+02
2.549482241232588251e+02 1.027517355668025232e+02 1.874202087159045220e+02
2.549361311416670333e+02 1.025698481658977954e+02 1.881701975186993252e+02
2.549360863528463312e+02 1.027804899896985660e+02 1.870060464907959101e+02
2.549378331168540228e+02 1.030802615667129487e+02 1.871385318224571108e+02
2.549346978994043127e+02 1.047131276033502019e+02 1.876476015586509618e+02
2.549488511667487671e+02 1.057992117167554937e+02 1.894020692435168201e+02
2.549555247010346193e+02 1.045028440901151043e+02 1.885169077798181547e+02
2.549475970797688831e+02 1.040717069019572705e+02 1.882482644331974768e+02
2.549531956823576877e+02 1.044552335736999993e+02 1.888223227482420441e+02
2.549564204774488303e+02 1.057437631567160849e+02 1.905242531464146509e+02
2.549574506203251758e+02 1.057333721503112827e+02 1.897372687777130693e+02
2.549623326017826059e+02 1.058130514623549914e+02 1.897057374479329894e+02
2.549630940117346825e+02 1.065158328481211072e+02 1.904317194428270739e+02
2.549558830116002923e+02 1.082156581717203352e+02 1.910726026783714815e+02
2.549617055582926639e+02 1.091243785551126422e+02 1.920354279571818950e+02
2.549552559681103503e+02 1.080926680700497116e+02 1.909776951672862424e+02
2.549537779370269277e+02 1.075950642719577246e+02 1.913070273659694465e+02
2.549454472163747880e+02 1.078123796300443473e+02 1.910496260133470798e+02
2.549455815828369225e+02 1.090479240381600761e+02 1.918902673892596340e+02
2.549420432660008089e+02 1.092714650423254312e+02 1.923536525283289222e+02
2.549488063779280651e+02 1.084888251892327702e+02 1.917712187038115417e+02
2.549478658126931521e+02 1.087367313118645598e+02 1.918676490348009054e+02
2.549338469118108037e+02 1.090846508711425571e+02 1.916601872172705612e+02
2.549516280736328326e+02 1.086374792851704285e+02 1.914125498275630264e+02
2.549456263716576245e+02 1.083303623415595496e+02 1.909334438124244286e+02
2.549473731356653445e+02 1.081256326420925404e+02 1.917939714247323764e+02
2.549439691852913654e+02 1.083424553231513414e+02 1.917032292739732213e+02
2.549669458503157671e+02 1.083254803601021194e+02 1.915130111524163681e+02
2.549752317821471763e+02 1.086656514533972313e+02 1.917429121691225760e+02
2.549503739866529202e+02 1.086520356519012864e+02 1.915238052582075454e+02
2.549644376763559706e+02 1.097232498768307494e+02 1.930146011555515884e+02
2.549510010301428622e+02 1.099462086263268645e+02 1.921335602633582766e+02
2.549549424463653793e+02 1.100665113987548693e+02 1.927533927531688107e+02
2.549596452725399729e+02 1.111155999462534112e+02 1.931717203386034782e+02
2.549707529000761497e+02 1.115241187799525306e+02 1.941963094011734654e+02
2.549807408070945485e+02 1.121361580149594630e+02 1.934875263134321699e+02
2.549591525955121654e+02 1.115032919783222098e+02 1.932671205267165249e+02
2.549638554216867590e+02 1.117946432570430488e+02 1.947740403995162808e+02
2.549674385273435746e+02 1.126392260491781201e+02 1.942471447126797273e+02
2.549617055582926639e+02 1.138442244815693982e+02 1.955296725937206190e+02
2.549647064092802395e+02 1.155032471895014936e+02 1.963205088010032568e+02
2.549604962601334819e+02 1.152516235947507539e+02 1.960988489273077562e+02
2.549693644466341311e+02 1.139659157074394216e+02 1.948493751959510973e+02
2.549705737447933132e+02 1.138487929412818573e+02 1.942423523088637012e+02
2.549679312043713821e+02 1.133681641062390781e+02 1.944795091145250012e+02
2.549675281049850071e+02 1.131026111882474083e+02 1.945765664890043354e+02
2.549608993595198569e+02 1.126526179065705264e+02 1.935406458547946329e+02
2.549660948627222581e+02 1.119250235141308707e+02 1.938818918797867923e+02
2.549649751422045085e+02 1.111602991893223447e+02 1.936664576521700099e+02
2.549653334527701816e+02 1.121366506919872847e+02 1.944163120885027070e+02
2.549616159806512314e+02 1.126575894656693748e+02 1.939272629551663840e+02
2.549638106328660285e+02 1.134096385542168690e+02 1.945903614457831452e+02
2.549619295023962025e+02 1.129909526582165142e+02 1.943551753482330753e+02
2.549689613472477276e+02 1.133050118690374859e+02 1.946556187575581021e+02
2.549719621982353317e+02 1.137995700273211810e+02 1.951661217360147020e+02
2.549755005150714453e+02 1.120489541810364074e+02 1.940581806781027581e+02
2.549700362789447752e+02 1.107000492677027808e+02 1.927535719084516472e+02
2.549634523223003555e+02 1.102706588435526527e+02 1.927631567160836710e+02
2.549637210552246245e+02 1.100149594661172614e+02 1.929463877816097011e+02
2.549680655708335166e+02 1.111287678595422648e+02 1.944814350338155577e+02
2.549716934653110627e+02 1.126076051417566219e+02 1.951545662202714198e+02
2.549802481300667409e+02 1.132895149370717007e+02 1.956769830250369466e+02
2.549749630492229073e+02 1.140339947149191602e+02 1.963069377883280424e+02
2.549710216330003902e+02 1.123521744972454854e+02 1.955169077798181547e+02
2.549715143100282262e+02 1.112737492721816608e+02 1.948096923008017143e+02
2.549666323285707961e+02 1.105440050163479242e+02 1.941756617548259953e+02
2.549730819187530813e+02 1.102269897433600505e+02 1.939502396201908141e+02
2.549751422045057438e+02 1.116420029560621714e+02 1.953496663232857031e+02
2.549729475522909468e+02 1.123941416222510838e+02 1.950451471312760248e+02
2.549735745957808888e+02 1.120085098759349620e+02 1.953929771129126038e+02
2.549694988130962372e+02 1.114701482509965444e+02 1.955592332153894404e+02
2.549719621982353317e+02 1.097576029023155826e+02 1.948607963452322167e+02
2.549803824965288754e+02 1.100088681865006492e+02 1.947756080082411358e+02
2.549828458816679415e+02 1.122071035069646570e+02 1.961018049894746298e+02
2.549787700989832899e+02 1.123888117525865482e+02 1.963715680566130573e+02
2.549795762977560685e+02 1.110846060823218551e+02 1.941715411833206417e+02
2.549755453038921473e+02 1.094829130648989945e+02 1.940796793120437087e+02
2.549733058628566198e+02 1.102151207058718114e+02 1.947687553186724472e+02
2.549744255833743978e+02 1.091401442200026821e+02 1.948701124199399715e+02
2.549686030366820546e+02 1.077348053925740174e+02 1.938401934877054771e+02
2.549703945895104482e+02 1.074690733192994969e+02 1.937739508218748483e+02
2.549679759931921126e+02 1.080153177766829344e+02 1.939030769919828003e+02
2.549561517445245613e+02 1.085650109732610673e+02 1.943483226586643866e+02
2.549630940117346825e+02 1.083776145474089674e+02 1.937715322255565127e+02
2.549718278317731972e+02 1.086195189680655773e+02 1.937085591436377570e+02
2.549660052850808540e+02 1.074161329332198704e+02 1.934374524118779846e+02
2.549649303533838065e+02 1.077736820889505935e+02 1.940408474044878346e+02
2.549681103596542187e+02 1.091158238903569639e+02 1.947840730953554100e+02
2.549639449993281630e+02 1.083419178573028177e+02 1.941166300891297567e+02
2.549702602230483137e+02 1.082254669234559117e+02 1.935738343709410003e+02
2.549644824651767010e+02 1.083443812424418837e+02 1.937071706901957384e+02
2.549660948627222581e+02 1.068117077977336891e+02 1.929424911542079144e+02
2.549643033098938645e+02 1.075279258297128990e+02 1.943659694540242810e+02
2.549712007882832552e+02 1.084892730774398757e+02 1.951516101581045461e+02
2.549720517758767357e+02 1.103116406145026218e+02 1.971480718412684325e+02
2.549733954404980523e+02 1.104745823442468691e+02 1.970244994849285547e+02
2.549568235768352338e+02 1.086735342858422513e+02 1.954357504366909950e+02
2.549582120302772523e+02 1.072917991669279303e+02 1.949859810991176516e+02
2.549570027321180703e+02 1.064082053119541342e+02 1.940994311819769678e+02
2.549505083531150547e+02 1.056670846956599661e+02 1.936713844224481704e+02
2.549542706140547352e+02 1.061067765485734782e+02 1.942261835445872578e+02
2.549423567877457799e+02 1.043254355712814032e+02 1.929578089308908488e+02
2.549444618623191730e+02 1.030122273480539263e+02 1.921583284812111003e+02
2.549513145518878616e+02 1.038773234200743474e+02 1.926330899807408059e+02
2.549542706140547352e+02 1.040707215479016412e+02 1.922974873471581532e+02
2.549634971111210575e+02 1.046529314283154974e+02 1.933490840686164631e+02
2.549458503157611915e+02 1.050510592556098004e+02 1.939938639315626858e+02
2.549479553903345845e+02 1.050664218211134511e+02 1.943167913288843067e+02
2.549524342724056112e+02 1.056949433421417979e+02 1.942479509114525058e+02
2.549434765082635295e+02 1.043383347516459878e+02 1.936789537331482052e+02
2.549408787566623289e+02 1.048088413132082195e+02 1.937275048147982375e+02
2.549252026694137214e+02 1.049998656335378655e+02 1.934950508353115026e+02
2.549378779056747533e+02 1.050069870560308090e+02 1.942089398486137952e+02
2.549440139741120674e+02 1.062685089801585576e+02 1.957663367223541115e+02
2.549475075021274790e+02 1.074080709454919997e+02 1.959594661172571364e+02
2.549551216016482158e+02 1.059703945895104624e+02 1.936175482599543045e+02
2.549424911542079144e+02 1.055392574013526286e+02 1.917931652259595978e+02
2.549312939490303336e+02 1.044378107224436718e+02 1.884304205670264594e+02
2.549389976261925028e+02 1.045334796434809874e+02 1.865849419984771771e+02
2.549252474582344234e+02 1.054598468222331746e+02 1.849716038876696302e+02
2.549236350606888379e+02 1.076829847270121405e+02 1.853937385228646804e+02
2.549318314148788431e+02 1.085649661844403653e+02 1.845733864827339232e+02
2.549409683343037614e+02 1.085243427240560692e+02 1.816904644600707570e+02
2.549149908182917557e+02 1.087838491512518431e+02 1.809253818246965579e+02
2.549139606754154102e+02 1.094159089891163177e+02 1.793157611860079612e+02
2.549122139114077186e+02 1.090629282930980395e+02 1.797047073050566439e+02
2.549166480046580432e+02 1.081104044430510100e+02 1.802959197384332981e+02
2.549168719487615817e+02 1.063325569937743609e+02 1.794974246428091647e+02
2.549046893895283858e+02 1.040274555470954425e+02 1.785246562458010544e+02
2.549027634702378293e+02 1.030523133425896845e+02 1.787519147220853597e+02
2.549132440542840641e+02 1.022134635195055381e+02 1.797299234111165731e+02
2.549134679983876026e+02 1.020387871187351578e+02 1.795315537241904451e+02
2.549044206566041169e+02 1.013425896896134759e+02 1.801132709275764796e+02
2.548823845568146282e+02 9.994773144623101757e+01 1.800560308147086346e+02
2.548896403457696920e+02 9.969230080171989528e+01 1.801604783446051954e+02
2.548994938863259847e+02 9.964755676983024557e+01 1.806743852734357461e+02
2.549142294083396791e+02 1.001798271151520510e+02 1.826771173914990811e+02
2.549105567250414310e+02 1.006869709320553596e+02 1.825279258297128990e+02
2.549140950418775446e+02 1.020167062301249672e+02 1.839428494647735874e+02
2.549146325077260826e+02 1.025861960854570754e+02 1.848072289156626482e+02
2.548917006315223830e+02 1.028695301652707457e+02 1.861102700765888756e+02
2.549230528060196264e+02 1.029330855018587414e+02 1.871895910780669112e+02
2.549240829488959434e+02 1.019623326017825917e+02 1.865221928606619883e+02
2.549340260670936402e+02 1.022501455636673029e+02 1.877779818157387979e+02
2.549130648990011991e+02 1.018751735566802523e+02 1.882191069109150305e+02
2.549102879921171620e+02 1.022743763156716028e+02 1.866980785595915222e+02
2.549286514086084026e+02 1.035051283199713339e+02 1.855594123706722769e+02
2.549240381600752414e+02 1.050984010391006365e+02 1.842944864961705491e+02
2.549119451784834496e+02 1.048546154879742005e+02 1.826067989429838292e+02
2.549006583956644363e+02 1.033490840686164773e+02 1.793107896269091270e+02
2.548975679670354282e+02 1.035655036502888890e+02 1.780725578895507795e+02
2.548958659918484386e+02 1.059252474582344234e+02 1.775906749675281162e+02
2.549034800913692038e+02 1.072749137815201266e+02 1.775788059300398629e+02
2.549047341783490879e+02 1.091775428852958356e+02 1.764909750526268510e+02
2.549121691225869881e+02 1.097906570519998155e+02 1.749899673041608708e+02
2.549053612218390299e+02 1.088423433510995721e+02 1.733770322927397274e+02
2.548878040041205679e+02 1.084641913378420810e+02 1.707635150266493440e+02
2.548944327495856896e+02 1.079030322031620841e+02 1.687349397590361377e+02
2.549016885385407818e+02 1.072696287006763072e+02 1.661773189411922829e+02
2.548995834639673888e+02 1.053253459936399850e+02 1.640250817395977947e+02
2.548627222645227732e+02 1.045883011600304542e+02 1.619069736193846154e+02
2.548405965870918521e+02 1.056730863976351458e+02 1.609941774533076568e+02
2.548962243024141117e+02 1.066151296636359547e+02 1.604376315671608495e+02
2.549017333273614838e+02 1.079148564518296212e+02 1.617157701437721187e+02
2.549001209298159267e+02 1.090900255296278090e+02 1.605456174138934955e+02
2.549069288305638850e+02 1.108284588166793583e+02 1.602535495140412820e+02
2.549050924889147609e+02 1.124723876920320720e+02 1.608859676624714439e+02
2.549235006942267319e+02 1.129932368880727438e+02 1.601862767053343362e+02
2.548951493707170641e+02 1.127029605410489523e+02 1.591350830832624297e+02
2.548962243024141117e+02 1.132539078246069835e+02 1.578909392215703065e+02
2.549094370045236815e+02 1.136828951493707223e+02 1.569903704035472742e+02
2.548960451471312751e+02 1.124110717964796038e+02 1.555778205759842479e+02
2.549100192591928931e+02 1.104683566981681366e+02 1.530586733551305656e+02
2.548942535943028531e+02 1.107416580821426919e+02 1.526395843597438216e+02
2.549221122407847133e+02 1.128680969230080109e+02 1.534215971693465406e+02
2.549157970170645342e+02 1.144020244546961038e+02 1.531106283871545770e+02
2.549310700049267666e+02 1.141798271151520510e+02 1.518358489720965565e+02
2.549247995700273179e+02 1.128260402203609942e+02 1.509407443902001944e+02
2.549376987503918883e+02 1.125978859676624779e+02 1.490475209387736868e+02
2.549276660545527875e+02 1.130288887893581773e+02 1.497817888654991805e+02
2.549093922157029510e+02 1.137481972499664096e+02 1.495502306624266566e+02
2.549087651722130090e+02 1.133466206834773971e+02 1.484621758409101062e+02
2.548940744390200166e+02 1.123298696645317278e+02 1.483709410131231152e+02
2.548766067989429871e+02 1.131957271465042396e+02 1.479033009360863389e+02
2.548734715814932486e+02 1.139491198996730361e+02 1.483799435660858990e+02
2.548653648049446758e+02 1.147069019572714694e+02 1.483192099252026708e+02
2.548974336005732937e+02 1.148256819097953212e+02 1.475188336991087112e+02
2.549035248801899058e+02 1.155110852331258116e+02 1.480839342500111968e+02
2.548962690912348137e+02 1.162934563532942178e+02 1.486638599005688093e+02
2.549028978366999638e+02 1.167528552873202869e+02 1.478934026067093725e+02
2.548923276750123250e+02 1.172458458368791128e+02 1.476748331616428516e+02
2.549206342097012623e+02 1.162152102835132297e+02 1.463596094414833999e+02
2.549149012406503232e+02 1.149649303533837923e+02 1.454723876920320720e+02
2.549259192905450675e+02 1.151272898284588138e+02 1.450471626282079853e+02
2.549258297129036634e+02 1.152606709365342397e+02 1.453096699063913775e+02
2.549399381914274159e+02 1.163991579701706485e+02 1.458274286738030128e+02
2.549277556321941915e+02 1.160632866036637267e+02 1.451736462578940348e+02
2.549144981412639481e+02 1.158607515564115147e+02 1.472217494513369331e+02
2.549203206879562913e+02 1.165276570967886443e+02 1.466832534599363953e+02
2.549268150669592785e+02 1.165842253773458168e+02 1.465743270479688363e+02
2.549164688493752067e+02 1.175257311774981019e+02 1.485402427554082578e+02
2.549292336632776426e+02 1.190258431495498712e+02 1.498465087114256278e+02
2.549198280109284838e+02 1.187709051820665564e+02 1.487451068213374015e+02
2.549290992968155081e+02 1.181838581090159863e+02 1.479980740807094435e+02
2.549118556008420171e+02 1.162508621847986774e+02 1.471751690777981878e+02
2.548914766874188160e+02 1.152962332601782549e+02 1.456936444663411976e+02
2.548864155506785494e+02 1.161419805616518062e+02 1.453970976844179575e+02
2.548945223272271221e+02 1.150635553365879815e+02 1.451723921709141507e+02
2.549020020602857528e+02 1.147140233797644129e+02 1.438310565682805588e+02
2.548908048551081720e+02 1.148784879294128132e+02 1.435148027052447617e+02
2.548653648049446758e+02 1.149071975634881539e+02 1.429127065884355261e+02
2.548847583643122618e+02 1.147188157835804247e+02 1.436490348009136824e+02
2.548629014198056097e+02 1.142526089488063832e+02 1.424744927666054650e+02
2.548727549603619025e+02 1.145379137367313120e+02 1.421103148654096060e+02
2.548754422896045071e+02 1.139352801540735385e+02 1.415676535136829841e+02
2.549337125453486692e+02 1.132187486003493575e+02 1.435522013705379152e+02
2.549321449366238141e+02 1.142486227437631499e+02 1.492605365700721052e+02
2.549265015452143075e+02 1.154228512563264246e+02 1.521211089712007833e+02
2.549197832221077533e+02 1.164746719218883015e+02 1.566539167823711125e+02
2.549221122407847133e+02 1.175710126752362612e+02 1.601499977605589606e+02
2.549455815828369225e+02 1.172915752228243775e+02 1.615617413893492085e+02
2.549295471850226136e+02 1.173028172168226746e+02 1.631860079724100956e+02
2.549547185022618407e+02 1.164443051014466732e+02 1.650982666726385162e+02
2.549558382227795903e+02 1.160569265911228598e+02 1.673977247279079279e+02
2.549498813096251126e+02 1.154983204192233615e+02 1.692149863394096769e+02
2.549594213284364344e+02 1.153516370313969617e+02 1.707975097415685184e+02
2.549593765396157039e+02 1.158803242710619372e+02 1.722416804765530571e+02
2.549467460921754025e+02 1.173172392170914122e+02 1.749604514713127514e+02
2.549552111792896483e+02 1.197782057598423364e+02 1.786320150490437584e+02
2.549640345769695955e+02 1.218937609172750456e+02 1.815739239485824328e+02
2.549570027321180703e+02 1.216881802302145417e+02 1.823910511936220757e+02
2.549672593720607381e+02 1.203547274600259840e+02 1.829732162852152157e+02
2.549654230304116140e+02 1.194048013615801551e+02 1.828929547185022670e+02
2.549581224526358199e+02 1.181341425180275024e+02 1.834112957405831423e+02
2.549522551171227747e+02 1.188150669592869662e+02 1.841650915931383565e+02
2.549582120302772523e+02 1.189474627133067628e+02 1.835916155327630293e+02
2.549564652662695323e+02 1.188398351771397898e+02 1.825109508666636771e+02
2.549586599184843578e+02 1.185295830160791866e+02 1.803169704841671432e+02
2.549514937071706981e+02 1.186204147444797741e+02 1.789889371612845537e+02
2.549596900613606749e+02 1.182423523088637012e+02 1.776231468625431091e+02
2.549624221794240100e+02 1.173948582433824583e+02 1.754091010883683452e+02
2.549511353966049967e+02 1.166341201236171514e+02 1.736403009808751676e+02
2.549436108747256640e+02 1.155328078111703292e+02 1.706240874277780222e+02
2.549535092041026587e+02 1.170950866663680756e+02 1.698884310476105099e+02
2.549560621668831573e+02 1.186840596587091881e+02 1.711313208223227491e+02
2.549590630178707329e+02 1.194672369776503729e+02 1.705253280781116985e+02
2.549599587942849439e+02 1.205187889102879950e+02 1.699188426568728403e+02
2.549520759618399381e+02 1.194180140636896965e+02 1.679292336632776426e+02
2.549419984771801069e+02 1.187591705110404376e+02 1.664425135486182512e+02
2.549350562099699857e+02 1.175929144085636295e+02 1.635488422089846381e+02
2.549195144891835128e+02 1.173307206521252226e+02 1.624280019707081237e+02
2.549124378555112571e+02 1.159647064092802395e+02 1.609264567563936055e+02
2.549275316880906530e+02 1.163979934608321827e+02 1.598458816679356858e+02
2.549397590361445793e+02 1.175715053522640687e+02 1.600312625968558109e+02
2.549342052223765052e+02 1.173708066466609949e+02 1.597341783490840612e+02
2.549298607067675846e+02 1.173725086218479845e+02 1.578664845254624538e+02
2.549196040668249168e+02 1.169636762664039082e+02 1.574833609531061143e+02
2.549322793030859486e+02 1.174301518341022046e+02 1.559495229990594396e+02
2.549308012720024976e+02 1.177812066108299405e+02 1.561741389349218423e+02
2.549265911228557400e+02 1.179604962601334677e+02 1.567283110135710160e+02
2.549247547812066159e+02 1.195621892775563282e+02 1.555601737806243534e+02
2.549031665696242328e+02 1.199617055582926497e+02 1.548619160657499947e+02
2.549013302279751088e+02 1.188709186187127642e+02 1.537758319523447028e+02
2.549223809737089539e+02 1.186037085143548211e+02 1.538348636180409414e+02
2.549085412281094705e+02 1.193827652617906523e+02 1.532582523402158756e+02
2.549180364581000617e+02 1.203562502799301228e+02 1.563785999014645824e+02
2.549200967438527243e+02 1.202867380301876636e+02 1.585058897299234104e+02
2.549217091413983098e+02 1.179870560308147134e+02 1.602559233215389440e+02
2.549213956196533388e+02 1.174142070139293281e+02 1.626015586509607260e+02
2.549421328436422129e+02 1.182331258117973789e+02 1.652123437989877743e+02
2.549399381914274159e+02 1.184936175930487821e+02 1.676337170242307479e+02
2.549579880861736854e+02 1.167360146907331995e+02 1.691478478971648656e+02
2.549498813096251126e+02 1.165646078738746780e+02 1.706704438572132290e+02
2.549666771173914981e+02 1.163072960988937155e+02 1.727632015049043730e+02
2.549360415640256292e+02 1.160393693734043978e+02 1.734142070139293139e+02
2.549491198996730361e+02 1.161861871276929321e+02 1.747652617906570640e+02
2.549529269494334187e+02 1.158844448425672908e+02 1.764773592511309062e+02
2.549612576700855584e+02 1.165455278362520772e+02 1.779938191427419838e+02
2.549599140054642419e+02 1.162287365073677563e+02 1.796898822054015454e+02
2.549683790925784876e+02 1.164168943431719470e+02 1.806737134411251020e+02
2.549630492229139520e+02 1.171458324002329050e+02 1.819523894835849092e+02
2.549543601916961393e+02 1.158493304071303811e+02 1.820583598333855946e+02
2.549664083844672291e+02 1.146241770054194404e+02 1.818488825189232898e+02
2.549556590674967538e+02 1.136127558561383069e+02 1.827986294620862679e+02
2.549435660859049619e+02 1.129161553276302214e+02 1.825965870918618634e+02
2.549331750795001597e+02 1.136422269001657241e+02 1.834691181081202274e+02
2.549432973529806929e+02 1.145730281721682218e+02 1.861360684373180447e+02
2.549583911855600888e+02 1.163736283423657483e+02 1.880154969319657710e+02
2.549636762664038940e+02 1.168160523133425954e+02 1.889920723787342638e+02
2.549694092354548332e+02 1.151776324629372539e+02 1.880660187217270618e+02
2.549495677878801416e+02 1.145797912840954922e+02 1.889861154655797861e+02
2.549675281049850071e+02 1.147249966408384410e+02 1.902720920858153875e+02
2.549421776324629434e+02 1.146711604783446035e+02 1.905894208805482037e+02
2.549454920051954900e+02 1.151450262014601122e+02 1.910786043803466612e+02
2.549547185022618407e+02 1.137333273614905664e+02 1.911799166927934834e+02
2.549662292291843926e+02 1.133044744031889621e+02 1.909117212343799110e+02
2.549677520490885456e+02 1.130319344291664834e+02 1.912180319792179830e+02
2.549634523223003555e+02 1.127080664666099352e+02 1.913712097460473842e+02
2.549697675460205062e+02 1.128183365431988108e+02 1.918254131768710522e+02
2.549738433287051578e+02 1.121001030142876402e+02 1.915445872710171500e+02
2.549642137322524320e+02 1.115144443946790886e+02 1.921558650960720342e+02
2.549611233036234239e+02 1.123809289201415282e+02 1.932405159672145771e+02
2.549489407443901996e+02 1.122700318000627107e+02 1.930351592242576260e+02
2.549587942849464639e+02 1.124391095982442721e+02 1.937899404308684552e+02
2.549701706454069097e+02 1.124076678461056105e+02 1.939738433287051578e+02
2.549522999059434767e+02 1.122140457741747639e+02 1.940885027097236559e+02
2.549655573968737485e+02 1.131439960585837810e+02 1.946989295471850312e+02
2.549577193532494164e+02 1.125767904331079023e+02 1.947291172123437946e+02
2.549621534464997410e+02 1.129728131858288123e+02 1.950414744479777767e+02
2.549531061047162552e+02 1.136086352846329532e+02 1.959257401352622310e+02
2.549728579746495143e+02 1.131119720517758793e+02 1.956613069377883392e+02
2.549605410489541839e+02 1.131886953016527144e+02 1.956328660366372674e+02
2.549733058628566198e+02 1.141618667980472139e+02 1.958264881085680997e+02
2.549590630178707329e+02 1.156381959063017888e+02 1.979591078066914633e+02
2.549622430241411735e+02 1.168120213194786601e+02 1.991223630581806674e+02
2.549540466699511683e+02 1.147718457473014695e+02 1.981842612084023756e+02
2.549568683656559358e+02 1.122333049670802154e+02 1.962228691718547111e+02
2.549410579119451654e+02 1.097260715725354885e+02 1.949222018184261174e+02
2.549431629865185585e+02 1.098658126931517955e+02 1.945945268061092008e+02
2.549360863528463312e+02 1.109666323285707819e+02 1.954112061629417383e+02
2.549519863841985057e+02 1.108144399157970241e+02 1.956669951180185478e+02
2.549629596452725480e+02 1.110029560621668878e+02 1.956370761857840250e+02
2.549683790925784876e+02 1.105390334572490758e+02 1.948410892641196881e+02
2.549698571236619387e+02 1.111249608097818822e+02 1.957937474806288378e+02
2.549631835893760865e+02 1.110418327585434639e+02 1.958429256057688121e+02
2.549663188068258250e+02 1.101500873382003789e+02 1.957581851569848084e+02
2.549730371299323792e+02 1.103775249697675491e+02 1.957558113494871748e+02
2.549763067138442239e+02 1.102330810229766627e+02 1.956954360191696196e+02
2.549712007882832552e+02 1.109462086263268645e+02 1.958779056747435732e+02
2.549688717696062952e+02 1.109013302279750945e+02 1.954744031889640326e+02
2.549587494961257619e+02 1.107972857974649514e+02 1.953719263671787587e+02
2.549625117570654425e+02 1.104173422313790525e+02 1.955678774577865227e+02
2.549509114525014581e+02 1.108735611591346810e+02 1.959879518072289102e+02
2.549581224526358199e+02 1.112093429480001845e+02 1.961638822949791745e+02
2.549638554216867590e+02 1.113801227213687497e+02 1.960866215792538299e+02
2.549633627446589230e+02 1.113609083172840002e+02 1.972555202221525406e+02
2.549766202355891949e+02 1.112849464773592558e+02 1.973163882294979032e+02
2.549671697944193056e+02 1.106600976396291429e+02 1.963752855287320358e+02
2.549514041295292657e+02 1.102955614278676109e+02 1.957687553186724472e+02
2.549532404711783897e+02 1.093566085904958101e+02 1.949369373404398402e+02
2.549533300488198222e+02 1.099805168629909957e+02 1.958617816992878602e+02
2.549702154342276117e+02 1.122160164822860224e+02 1.975399740224839888e+02
2.549707976888968517e+02 1.131413983069825804e+02 1.978061987727863027e+02
2.549630492229139520e+02 1.129097057374479363e+02 1.986127558561383069e+02
2.549656917633358830e+02 1.118441349039279800e+02 1.963861692121646456e+02
2.549647511981009416e+02 1.110591660321583731e+02 1.963556680252608828e+02
2.549770233349755983e+02 1.115977963900210455e+02 1.966161150176915839e+02
2.549669906391364691e+02 1.117700989832937637e+02 1.972935459309356361e+02
2.549704393783311787e+02 1.112478165449903713e+02 1.964592645675639346e+02
2.549583016079186564e+02 1.091268867290724245e+02 1.955157432704796747e+02
2.549575849867873103e+02 1.078777265194607367e+02 1.952467416132933238e+02
2.549555247010346193e+02 1.078494647735925156e+02 1.950596587091861807e+02
2.549624221794240100e+02 1.088224123258834624e+02 1.962657320732745063e+02
2.549484032785416900e+02 1.089570027321180703e+02 1.956172795270300639e+02
2.549473731356653445e+02 1.085213418730684793e+02 1.948815783580418213e+02
