2.526391024051574448e+02 6.065645921150508002e+01 1.516009174311926699e+02
2.520857922142325833e+02 6.118125464914455591e+01 1.488400694272253872e+02
2.521150508306471636e+02 6.060562856434415835e+01 1.480776097198115622e+02
2.523487478303992191e+02 6.447421274485495246e+01 1.503377138606496430e+02
2.523962310934788036e+02 6.509471857178279208e+01 1.504181750557897317e+02
2.523657327051822392e+02 6.385891395983139063e+01 1.496666253409372587e+02
2.526610463674683729e+02 6.427237788246962680e+01 1.488558145301264517e+02
2.527839077609719709e+02 6.522526655095462900e+01 1.497339449541284466e+02
2.528068435407884920e+02 6.536188941234813399e+01 1.498135383089511663e+02
2.528384577237788164e+02 6.503496156707166165e+01 1.490969501611703549e+02
2.527756012893627542e+02 6.493714356558393774e+01 1.496953880485990567e+02
2.527799404909496559e+02 6.496974956607984097e+01 1.495303744111083688e+02
2.525497148524671331e+02 6.436461691048846490e+01 1.478484998760227995e+02
2.524159434664021830e+02 6.324274733449045272e+01 1.462346888172576200e+02
2.523095710389288513e+02 6.325725266550954728e+01 1.459261095958343617e+02
2.522831638978427975e+02 6.320617406397222737e+01 1.470685593850731436e+02
2.523030002479543725e+02 6.312075378130423786e+01 1.465617406397223021e+02
2.523625092982891260e+02 6.396094718571782778e+01 1.472675427721299286e+02
2.525116538556905539e+02 6.372861393503595195e+01 1.472379122241507616e+02
2.524898338705678214e+02 6.371832382841557063e+01 1.474933052318373541e+02
2.525373171336474059e+02 6.409620629804116732e+01 1.482805603768906622e+02
2.526991073642449805e+02 6.405789734688816850e+01 1.485422762211753138e+02
2.527054302008430398e+02 6.522005950905032989e+01 1.492646912968014021e+02
2.526542276221175314e+02 6.542102653111827237e+01 1.489465658318869430e+02
2.526470369452020748e+02 6.536474088767666046e+01 1.493455244235060775e+02
2.528462682866352509e+02 6.565546739399950127e+01 1.498105628564344158e+02
2.530018596578229619e+02 6.628130424001983556e+01 1.511904289610711487e+02
2.529297049342920900e+02 6.621782791966278126e+01 1.500676915447557747e+02
2.528663525911232455e+02 6.648537069179270986e+01 1.503879246218695869e+02
2.528749070171088533e+02 6.558579221423258332e+01 1.493649888420530658e+02
2.529453260600049589e+02 6.578365980659557977e+01 1.503751549714852445e+02
2.528393255640962138e+02 6.587813042400198071e+01 1.493527151004215341e+02
2.528643689561120880e+02 6.609843788742871595e+01 1.504894619390032346e+02
2.529019340441358850e+02 6.615621125712868889e+01 1.506154227622117503e+02
2.528243243243243228e+02 6.621572030746342818e+01 1.501436895611207660e+02
2.528042400198363566e+02 6.623493677163402538e+01 1.502913463922638186e+02
2.529015621125712983e+02 6.618212248946193199e+01 1.504134639226382433e+02
2.528989585916191345e+02 6.642561368708157943e+01 1.496258368460203201e+02
2.527607240267790587e+02 6.586969997520456843e+01 1.490314902058021289e+02
2.525779816513761489e+02 6.494111083560625275e+01 1.490436399702454651e+02
2.524690057029506534e+02 6.403087031986115107e+01 1.478493677163401969e+02
2.525079345400446300e+02 6.488494916935283641e+01 1.476960079345400345e+02
2.524921894371435656e+02 6.475762459707414109e+01 1.478290354574758112e+02
2.525117778328787495e+02 6.454512769650384030e+01 1.484644185469873605e+02
2.524287131167865255e+02 6.487577485742623651e+01 1.485541780312422588e+02
2.525954624349119797e+02 6.594768162658070310e+01 1.494625588891643986e+02
2.525331019092486997e+02 6.631552194396230959e+01 1.491829903297793294e+02
2.526149268534589680e+02 6.664443342424993943e+01 1.495707909744606923e+02
2.526930324820233125e+02 6.648413091991073998e+01 1.500986858418051213e+02
2.527279940490949741e+02 6.681130671956360345e+01 1.492040664517728601e+02
2.526957599801636434e+02 6.715596330275229775e+01 1.502749814034217763e+02
2.527534093726754350e+02 6.751425737664270343e+01 1.499171832382841671e+02
2.528372179518968608e+02 6.766389784279692776e+01 1.504882221671212505e+02
2.530906273245722673e+02 6.817046863377139232e+01 1.506470369452020748e+02
2.530287627076617980e+02 6.842375402925861749e+01 1.523730473592858914e+02
2.530038432928341194e+02 6.879655343416811775e+01 1.496253409372675378e+02
2.529609471857178278e+02 6.886350111579469058e+01 1.514275973220927369e+02
2.530736424497892472e+02 6.919005702950657621e+01 1.511094718571782778e+02
2.530752541532358180e+02 6.864951648896602876e+01 1.509961567071658806e+02
2.530495908752789376e+02 6.884031738160177838e+01 1.517370443838333642e+02
2.531186461691048919e+02 6.881242251425737777e+01 1.517493181254649244e+02
2.529739647904785613e+02 6.910724026779072915e+01 1.520029754525167505e+02
2.531364988842053094e+02 6.884378874287131111e+01 1.523423010166129359e+02
2.531565831886932756e+02 6.937329531366228252e+01 1.523419290850483492e+02
2.531207537813042450e+02 6.923034961567071832e+01 1.524381353830895023e+02
2.531113315150012397e+02 6.901078601537317070e+01 1.517504339201586845e+02
2.527746094718571896e+02 6.878911480287627001e+01 1.503507314654103766e+02
2.527398958591619191e+02 6.877969253657326476e+01 1.510123977188197273e+02
2.527084056533597902e+02 6.869080089263574962e+01 1.517367964294569731e+02
2.527667989090007552e+02 6.911629060252913348e+01 1.515859161914207789e+02
2.527718819737168303e+02 6.872241507562608831e+01 1.516307959335482280e+02
2.527573766426977500e+02 6.870629804116042294e+01 1.519696255888916312e+02
2.528508554425985722e+02 6.887304735928589139e+01 1.524261095958343617e+02
2.528931316637738576e+02 6.892672948177535375e+01 1.518787503099429728e+02
2.529361517480783448e+02 6.971906769154475114e+01 1.520798413091991108e+02
2.529771881973716745e+02 6.962013389536325292e+01 1.527666749318125596e+02
2.530109099925613805e+02 6.956161666253409237e+01 1.527576245970741411e+02
2.529978923878006469e+02 6.902429952888668652e+01 1.526182742375403052e+02
2.530500867840317483e+02 6.934602033225885975e+01 1.516956360029754478e+02
2.531073642449789247e+02 6.966526159186709322e+01 1.527635755021076136e+02
2.531634019340441455e+02 7.024423506074882084e+01 1.528502355566575659e+02
2.531326555913711900e+02 7.068212248946193199e+01 1.537548970989338102e+02
2.531055045871559628e+02 7.092908504835109795e+01 1.535587651872055517e+02
2.532225390528142839e+02 7.182742375402925461e+01 1.540813290354574860e+02
2.532029506570791000e+02 7.163501115794693419e+01 1.531285643441606794e+02
2.532024547483263177e+02 7.161467889908256268e+01 1.534559880981899198e+02
2.532451029010661898e+02 7.149677659310687261e+01 1.532251425737664192e+02
2.531279444582197016e+02 7.177039424745846929e+01 1.524004463178775097e+02
2.532370443838333642e+02 7.226865856682370293e+01 1.540396727002231501e+02
2.533087031986114539e+02 7.265583932556410218e+01 1.538406893131663651e+02
2.532343168856930333e+02 7.226456731961319235e+01 1.535316141829903245e+02
2.530269030498388361e+02 7.074882221671212790e+01 1.525190924869824016e+02
2.529608232085296322e+02 7.085197123729233226e+01 1.513870567815521895e+02
2.530897594842548983e+02 7.111281924125961496e+01 1.526983635011158071e+02
2.530101661294321786e+02 7.104425985618645711e+01 1.527820481031490090e+02
2.530190924869824016e+02 7.178204810314902318e+01 1.537072898586660017e+02
2.530404165633523519e+02 7.140069427225390086e+01 1.530592610959583340e+02
2.530664517728737906e+02 7.158579221423258332e+01 1.529605752541532411e+02
2.530607488222167092e+02 7.179060252913464524e+01 1.528977188197371788e+02
2.531114554921894353e+02 7.181589387552689630e+01 1.535623605256632800e+02
2.530250433920158741e+02 7.146665013637490915e+01 1.532396479047855280e+02
2.530296305479791670e+02 7.141284403669725123e+01 1.528432928341185288e+02
2.530066947681626459e+02 7.145908752789486584e+01 1.523514753285395500e+02
2.531210017356806361e+02 7.168212248946193199e+01 1.535066947681626459e+02
2.530943466402181912e+02 7.183796181502603417e+01 1.527937019588395628e+02
2.531479047855194722e+02 7.202343168856930333e+01 1.531943962310934921e+02
2.531311678651128148e+02 7.203372179518969176e+01 1.527991569551202531e+02
2.532038184973964690e+02 7.195363253161418982e+01 1.532475824448301580e+02
2.531900570295065620e+02 7.164765683114306682e+01 1.523277956855938555e+02
2.532953136622861336e+02 7.149727250185965488e+01 1.527344408628812289e+02
2.532379122241507616e+02 7.193602777089014921e+01 1.536919166873295239e+02
2.531558393255641022e+02 7.205814530126457385e+01 1.531315397966774015e+02
2.531015373171336478e+02 7.220617406397222737e+01 1.524466898090751386e+02
2.532271262087775767e+02 7.223431688569303333e+01 1.521422018348623908e+02
2.531950161170344700e+02 7.226084800396726848e+01 1.530061988594098636e+02
2.531828663525911338e+02 7.217319613191172323e+01 1.537690304983883038e+02
2.531991073642449805e+02 7.115249194148276501e+01 1.516303000247954458e+02
2.530840565335978170e+02 7.042375402925861749e+01 1.511542276221175314e+02
2.530378130424001881e+02 6.896813786263327017e+01 1.504429704934292147e+02
2.529065212000991778e+02 6.923109347879990594e+01 1.506642697743615145e+02
2.529178031242251450e+02 6.994383833374658366e+01 1.516086040168609088e+02
2.529712372923382020e+02 7.004636746838581018e+01 1.513189933052318281e+02
2.529145797173320034e+02 6.956186461691048351e+01 1.519261095958343617e+02
2.528652367964294569e+02 6.939833870567815666e+01 1.519606992313414366e+02
2.529284651624101059e+02 7.049628068435407613e+01 1.522877510538060903e+02
2.529682618398214800e+02 7.058616414579717002e+01 1.527049342920902575e+02
2.529238780064468131e+02 7.058269278452765150e+01 1.523243243243243228e+02
2.529385073146541174e+02 7.082246466650136085e+01 1.522046863377138664e+02
2.530022315893875486e+02 7.067691544755764710e+01 1.529154475576494008e+02
2.529883461443094461e+02 7.115137614678899070e+01 1.520448797421274492e+02
2.530114059013141627e+02 7.102851475328539266e+01 1.531338953632531741e+02
2.529997520456236089e+02 7.127126208777585248e+01 1.531622861393503570e+02
2.529738408132903658e+02 7.118646169104884791e+01 1.543270518224646537e+02
2.530182246466650042e+02 7.124101165385569345e+01 1.539381353830895023e+02
2.532113811058765123e+02 7.173654847508058197e+01 1.545344656583188794e+02
2.531609223902801773e+02 7.071125712868831670e+01 1.526139350359533751e+02
2.531454252417555040e+02 7.080882717579964947e+01 1.538168856930324750e+02
2.532101413339945566e+02 7.082779568559385552e+01 1.528747830399206578e+02
2.532027027027027088e+02 7.115348375898834377e+01 1.528806099677659347e+02
2.532085296305479858e+02 7.130014877262583184e+01 1.525877758492437408e+02
2.532436151748078430e+02 7.143937515497148638e+01 1.529081329035457486e+02
2.532415075626084899e+02 7.162199355318621485e+01 1.532676667493181242e+02
2.531402181998512333e+02 7.174708653607736153e+01 1.531448053558145261e+02
2.530565335978180030e+02 7.087354326803868787e+01 1.526290602529134617e+02
2.529228861889412485e+02 6.997024547483263746e+01 1.514978923878006469e+02
2.527120009918175185e+02 6.927039424745846929e+01 1.503861889412348205e+02
2.528608975948425552e+02 6.907822960575254001e+01 1.506948921398462744e+02
2.528509794197867677e+02 6.921658814778081137e+01 1.505567815521943942e+02
2.530013637490701797e+02 6.864666501363748807e+01 1.516652615918671074e+02
2.529478056037688987e+02 6.919675179766922213e+01 1.525014877262583752e+02
2.528847012149764453e+02 6.911294321844781052e+01 1.520507066699727261e+02
2.529316885693032475e+02 6.932953136622860768e+01 1.530252913463922653e+02
2.528870567815521895e+02 6.965918670964542514e+01 1.528224646665013609e+02
2.528999504091247275e+02 6.971720803372178921e+01 1.528228365980659476e+02
2.529401190181006598e+02 6.965075626084799865e+01 1.534232581205058352e+02
2.529458219687577412e+02 6.969514009422266554e+01 1.522684106124472976e+02
2.529527646912968066e+02 6.973580461195139435e+01 1.522075378130423928e+02
2.530115298785023583e+02 7.015906273245722957e+01 1.531550954624349004e+02
2.530582692784527694e+02 7.015993057277461276e+01 1.527204314406149308e+02
2.530686833622613392e+02 7.011443094470617154e+01 1.533333746590627413e+02
2.530991817505579036e+02 7.029779320605008763e+01 1.535402925861641563e+02
2.531355070666997165e+02 7.060364492933300085e+01 1.547050582692784531e+02
2.530702950657079100e+02 7.029940490949665843e+01 1.532610959583436738e+02
2.531735680634763241e+02 7.064381353830894739e+01 1.539538804859905667e+02
2.530788494916935178e+02 7.090416563352343360e+01 1.531136870815769839e+02
2.530037193156459239e+02 7.010761219935531585e+01 1.525131415819489291e+02
2.531187701462930875e+02 7.010438879246218846e+01 1.535897594842548983e+02
2.531291842301016572e+02 7.028291594346640636e+01 1.524923134143317611e+02
2.531115794693776309e+02 7.040924869823952292e+01 1.540529382593602747e+02
2.531148028762707725e+02 7.104103644929332972e+01 1.539166873295313565e+02
2.530799652863873064e+02 7.085345896355070749e+01 1.541216216216216139e+02
2.529730969501611639e+02 6.992127448549466351e+01 1.522291098437887342e+02
2.528825936027770922e+02 6.938866848499876028e+01 1.519864864864864842e+02
2.528566823704438491e+02 6.966550954624348435e+01 1.519796677411356427e+02
2.528615174807835331e+02 6.989176791470369210e+01 1.522760971981155365e+02
2.528956112075378257e+02 6.987515497148524446e+01 1.531819985122737364e+02
2.529800396727002294e+02 7.055901314158194282e+01 1.544604512769650455e+02
2.530188445326060105e+02 7.044631787751053764e+01 1.545127696503843424e+02
2.531095958343664734e+02 7.055293825936027474e+01 1.551335234316885590e+02
2.530848003967269904e+02 7.057376642697744273e+01 1.554268534589635635e+02
2.531352591123233253e+02 7.088234564840070107e+01 1.554890900074386195e+02
2.530818249442102683e+02 7.112831638978427407e+01 1.556241011653855821e+02
2.531203818497396583e+02 7.123506074882222094e+01 1.562381601785271528e+02
2.531214976444334184e+02 7.127113811058765691e+01 1.561263327547731308e+02
2.531564592115050800e+02 7.169687577485743191e+01 1.566662534093726720e+02
2.530691792710141215e+02 7.186201338953632956e+01 1.564235060748822264e+02
2.531140590131415706e+02 7.183535829407388462e+01 1.567484502851475270e+02
2.532106372427473389e+02 7.194247458467641820e+01 1.566486486486486456e+02
2.533161418299033016e+02 7.201376146788990695e+01 1.572894867344408567e+02
2.533286635259112245e+02 7.200198363501115750e+01 1.569254897098933839e+02
2.533638730473592773e+02 7.217654351599306040e+01 1.574951648896603160e+02
2.532891148028762700e+02 7.264666501363748807e+01 1.566329035457475811e+02
2.532194396231093378e+02 7.150582692784527694e+01 1.562371683610215598e+02
2.532087775849243769e+02 7.181862137366724141e+01 1.567039424745846645e+02
2.532992809323084487e+02 7.175725266550954018e+01 1.566112075378130442e+02
2.533271757996528777e+02 7.168088271757996210e+01 1.571828663525911338e+02
2.533031242251425681e+02 7.197805603768907190e+01 1.567485742623357226e+02
2.532219191668733060e+02 7.145908752789486584e+01 1.554827671708405603e+02
2.531361269526407227e+02 7.062707661790230418e+01 1.549295809571038944e+02
2.531017852715100389e+02 7.028254401190180545e+01 1.541740639722291064e+02
2.530757500619886002e+02 7.055529382593603316e+01 1.539142077857674167e+02
2.530829407389040284e+02 7.082258864368955642e+01 1.548731713364740870e+02
2.531527398958591561e+02 7.198574262335729657e+01 1.545291346392263847e+02
2.531243491197619733e+02 7.200681874535085569e+01 1.555324820233077219e+02
2.531169104884701255e+02 7.208120505826927626e+01 1.551563352343168845e+02
2.531430696751797598e+02 7.245078105628564913e+01 1.557350607488222067e+02
2.530510786015373128e+02 7.218423010166129927e+01 1.554616910488470012e+02
2.531838581700966984e+02 7.222836598065956082e+01 1.565184726010413954e+02
2.532134887180758653e+02 7.252120009918175469e+01 1.564794197867592231e+02
2.533072154723530787e+02 7.253570543020084926e+01 1.567597322092734942e+02
2.531978675923629964e+02 7.255653359781800305e+01 1.563990825688073301e+02
2.533184973964790458e+02 7.253632531614182710e+01 1.566669972725018738e+02
2.534005702950657053e+02 7.274510290106620403e+01 1.562842796925365860e+02
2.533788742871311683e+02 7.280994297049342379e+01 1.564321844780560298e+02
2.534287131167865255e+02 7.331948921398462460e+01 1.562453508554426094e+02
2.533622613439127065e+02 7.348661046367467975e+01 1.564283411852219103e+02
2.534166873295313565e+02 7.345524423506074640e+01 1.560912472105132736e+02
2.533235804611951494e+02 7.356707165881478261e+01 1.559724770642201861e+02
2.533550706669972783e+02 7.309719811554674607e+01 1.555788494916935178e+02
2.534213984626828733e+02 7.359719811554674607e+01 1.567372923382097554e+02
2.534060252913463955e+02 7.382630795933548029e+01 1.560001239771881956e+02
2.533868088271757983e+02 7.421646417059261580e+01 1.559373915199603289e+02
2.531753037441110905e+02 7.344867344408628185e+01 1.552008430448797469e+02
2.532005950905033558e+02 7.283015125216959973e+01 1.551307959335482280e+02
2.532325812050582670e+02 7.255033473840813940e+01 1.551445574014381350e+02
2.532154723530870228e+02 7.251549714852467332e+01 1.541673692040664605e+02
2.532172080337217892e+02 7.275464914455740484e+01 1.549166873295313565e+02
2.532200595090503441e+02 7.275650880238036677e+01 1.548162658070914972e+02
2.532815521943962267e+02 7.357041904289610557e+01 1.558065955864121008e+02
2.532416315397966855e+02 7.395697991569551277e+01 1.558794941730721462e+02
2.533458963550706642e+02 7.446429456979915074e+01 1.559887180758740328e+02
2.534226382345648290e+02 7.475960823208529860e+01 1.561560872799404933e+02
2.534466898090751386e+02 7.477622117530374624e+01 1.561704686337713781e+02
2.533773865608727931e+02 7.445226878254401015e+01 1.556190181006694786e+02
2.534204066451772803e+02 7.471472848995784943e+01 1.563879246218695869e+02
2.534163153979667698e+02 7.495127696503843140e+01 1.561038928837093920e+02
2.535086784031738034e+02 7.458926357550210184e+01 1.556713364740887755e+02
2.534744606992313436e+02 7.451214976444333615e+01 1.557934540044631717e+02
2.534085048351103353e+02 7.444656583188692878e+01 1.550369452020828192e+02
2.535338457723778731e+02 7.472092734936771308e+01 1.564978923878006469e+02
2.535135135135135158e+02 7.502553930076865640e+01 1.574277212992809325e+02
2.534341681130671873e+02 7.427721299280932499e+01 1.558466402181998376e+02
2.533904041656335266e+02 7.437986610463674708e+01 1.553843292834118586e+02
2.534439623109347792e+02 7.463463922638234749e+01 1.555660798413092039e+02
2.533524671460451145e+02 7.381006694768163356e+01 1.547421274485494678e+02
2.533246962558889095e+02 7.343825936027771206e+01 1.549344160674435784e+02
2.532798165137614603e+02 7.291482767170840873e+01 1.548785023555665816e+02
2.531149268534589680e+02 7.194780560376891287e+01 1.534282172080337148e+02
2.529577237788246862e+02 7.167009670220679141e+01 1.525846764195387948e+02
2.529517728737912137e+02 7.132283659806596177e+01 1.524575998016364906e+02
2.531213736672452228e+02 7.087887428713116833e+01 1.537151004215224361e+02
2.531449293330027217e+02 7.181267046863376891e+01 1.542555169848747880e+02
2.531697247706422047e+02 7.217245226878254982e+01 1.539065212000991778e+02
2.531926605504587258e+02 7.246665013637490915e+01 1.541727002231589267e+02
2.531767914703694657e+02 7.268075874039176654e+01 1.534538804859905667e+02
2.532199355318621485e+02 7.258256880733945593e+01 1.540002479543763911e+02
2.532060500867840176e+02 7.250582692784527694e+01 1.544986362509298203e+02
2.533113067195635892e+02 7.275576493925117916e+01 1.554510290106620403e+02
2.532144805355814583e+02 7.273952392759731822e+01 1.549716092239027887e+02
2.533001487726258460e+02 7.296441854698736051e+01 1.552229109843788706e+02
2.532632035705430269e+02 7.275936027770890746e+01 1.557524175551698420e+02
2.533824696255888966e+02 7.303372179518969176e+01 1.553514753285395500e+02
2.533275477312174644e+02 7.324014381353831027e+01 1.547968013885445089e+02
2.533682122489462074e+02 7.298512273741631873e+01 1.552994049094966442e+02
2.533735432680386737e+02 7.302367964294569447e+01 1.552760971981155365e+02
2.532458467641953916e+02 7.294805355814530401e+01 1.551999752045623495e+02
2.533432928341185288e+02 7.313736672452269261e+01 1.551569551202578623e+02
2.533595338457723756e+02 7.349727250185965488e+01 1.548982147284899611e+02
2.533535829407389031e+02 7.289610711629060802e+01 1.543425489709893270e+02
2.532705182246466791e+02 7.185159930572774556e+01 1.545735184726010516e+02
2.531206298041160494e+02 7.100520704190428489e+01 1.539826431936523647e+02
2.531035209521448053e+02 7.115993057277461276e+01 1.531301760476072502e+02
2.531413339945449934e+02 7.093181254649144307e+01 1.527033225886436867e+02
2.532146045127696539e+02 7.076109595834365962e+01 1.534298289114802856e+02
2.531846020332259002e+02 7.073630052070419083e+01 1.529735928589139462e+02
2.531183982147285008e+02 7.144272253905280934e+01 1.547660550458715534e+02
2.531227374163154025e+02 7.140738904041656099e+01 1.546531118274237429e+02
2.530843044879742081e+02 7.186771634019341093e+01 1.550924869823952292e+02
2.530999256136870770e+02 7.146665013637490915e+01 1.546588147780808242e+02
2.531259608232085156e+02 7.130795933548226628e+01 1.542501859657822934e+02
2.530955864121001753e+02 7.128737912224150364e+01 1.531377386560872935e+02
2.531906769154475683e+02 7.147681626580708780e+01 1.541827423754029383e+02
2.531650136374906879e+02 7.193664765683114126e+01 1.546873295313662311e+02
2.532215472353086909e+02 7.179667741135631331e+01 1.541924125960823346e+02
2.533498636250929792e+02 7.202863873047358823e+01 1.551596826183982216e+02
2.534088767666749220e+02 7.223642449789238640e+01 1.551912968013885461e+02
2.533652367964294569e+02 7.233238284155714837e+01 1.542470865360773757e+02
2.531755516984874816e+02 7.225564096206298359e+01 1.544640466154227738e+02
2.531797669228861878e+02 7.213612695264070851e+01 1.545430200843044872e+02
2.531908008926357638e+02 7.126221175303744815e+01 1.543865608727994072e+02
2.532803124225142710e+02 7.142437391519960954e+01 1.541226134391272069e+02
2.532635755021076136e+02 7.133982147284899611e+01 1.541391024051574448e+02
2.531296801388544395e+02 7.043627572526655456e+01 1.537390280188445217e+02
2.530136374907017114e+02 7.002938259360277584e+01 1.524644185469873605e+02
2.530762459707413825e+02 7.026493925117777906e+01 1.523944954128440372e+02
2.530497148524671331e+02 6.992152243987106885e+01 1.523827175799652878e+02
2.530652120009918065e+02 6.997991569551201962e+01 1.528177535333498724e+02
2.531916687329531328e+02 7.072873791222414752e+01 1.532441110835606253e+02
2.531699727250185958e+02 7.102653111827423515e+01 1.542149764443342406e+02
2.533193652367964432e+02 7.121026531118273795e+01 1.549857426233573108e+02
2.532732457227870100e+02 7.194421026531118457e+01 1.555759980163649914e+02
2.532933300272749761e+02 7.185643441606744375e+01 1.551429456979915642e+02
2.533186213736672414e+02 7.220654599553682829e+01 1.556870815769898400e+02
2.533582940738903915e+02 7.263017604760723600e+01 1.566402181998512333e+02
2.533476320357054306e+02 7.301289362757252377e+01 1.569421026531118173e+02
2.533581700967021959e+02 7.344383833374658366e+01 1.570679394991321658e+02
2.533611455492189464e+02 7.368026283163898427e+01 1.580044631787750973e+02
2.534163153979667698e+02 7.356446813786263306e+01 1.573724274733449136e+02
2.533011405901314106e+02 7.407029506570791000e+01 1.572713860649640480e+02
2.534122241507562592e+02 7.417009670220679141e+01 1.569574758244482950e+02
2.535088023803620274e+02 7.402479543763946879e+01 1.583843292834118586e+02
2.534738408132903658e+02 7.339213984626829301e+01 1.570934787999008222e+02
2.535311182742375422e+02 7.346764195388048790e+01 1.575210761219935591e+02
2.535410364492933297e+02 7.374721051326555710e+01 1.578635011157946906e+02
2.534309447061740741e+02 7.359571038928837083e+01 1.574956607984130983e+02
2.533385817009670120e+02 7.335507066699727829e+01 1.569654103644929251e+02
2.532066699727250239e+02 7.258529630547978684e+01 1.565554178031242145e+02
2.532716340193404392e+02 7.293949913215968195e+01 1.573968509794197814e+02
2.532391519960327173e+02 7.337800644681378515e+01 1.567169600793453981e+02
2.534626828663525941e+02 7.332903545747582541e+01 1.565369452020828192e+02
2.533517232829159411e+02 7.342164641705926442e+01 1.567250185965782237e+02
2.534873543268038816e+02 7.453037441110835459e+01 1.576197619637986520e+02
2.534588395735184747e+02 7.464753285395487126e+01 1.574665261591867136e+02
2.534861145549218975e+02 7.483201090999256166e+01 1.581972477064220186e+02
2.534337961815026006e+02 7.494520208281676332e+01 1.580712868832134745e+02
2.535089263575502230e+02 7.568150260352095415e+01 1.583037441110835744e+02
2.535752541532358180e+02 7.629072650632284081e+01 1.588783783783783861e+02
2.535462434911976288e+02 7.629754525167369650e+01 1.585400446317877652e+02
2.536829903297793294e+02 7.688928837093975233e+01 1.592898586660054434e+02
2.537009670220679425e+02 7.699032977932060362e+01 1.597433672204314519e+02
2.536847260104140958e+02 7.719278452764690712e+01 1.596513761467890049e+02
2.536439375154971572e+02 7.732023307711381221e+01 1.594218943714356556e+02
2.536787751053806232e+02 7.752293577981650685e+01 1.596233573022563803e+02
2.536854698735432692e+02 7.675936027770890746e+01 1.596844780560376762e+02
2.536291842301016572e+02 7.669104884701215497e+01 1.603238284155715405e+02
2.536373667245226784e+02 7.627708901562112942e+01 1.597826679890900152e+02
2.535521943962311013e+02 7.555628564344161191e+01 1.591709645425241888e+02
2.534151996032730096e+02 7.465695512025787650e+01 1.578166377386560839e+02
2.533964790478551947e+02 7.409112323332506378e+01 1.578069675179766875e+02
2.534034217703942602e+02 7.417406397222910641e+01 1.562389040416563262e+02
2.533445326060004845e+02 7.463302752293577669e+01 1.574294569799156989e+02
2.533925117778328797e+02 7.413377138606496430e+01 1.575176047607240264e+02
2.534797917183238383e+02 7.409806595586411504e+01 1.587250185965782237e+02
2.534354078849491714e+02 7.503359781800148198e+01 1.583674683858170056e+02
2.533487478303992191e+02 7.482556409620629267e+01 1.581707165881477692e+02
2.533906521200099178e+02 7.526580709149516224e+01 1.592592363005207119e+02
2.535252913463922653e+02 7.525601289362757029e+01 1.584913215968261966e+02
2.534404909496652749e+02 7.481465410364492641e+01 1.586997272501859584e+02
2.534673939995040826e+02 7.501078601537317070e+01 1.587403917679147014e+02
2.534827671708405603e+02 7.508368460203323025e+01 1.591558393255641022e+02
2.534597074138358437e+02 7.492970493429209000e+01 1.586745598809818887e+02
2.535652120009918065e+02 7.527721299280932499e+01 1.589294569799156989e+02
2.535602529134639269e+02 7.511405901314158484e+01 1.585231837341929122e+02
2.535467393999504111e+02 7.483845772377883065e+01 1.583201090999256166e+02
2.535271510042152272e+02 7.492486982395239181e+01 1.593344904537565014e+02
2.535029754525167505e+02 7.502690304983883607e+01 1.587360525663277997e+02
2.535874039176791541e+02 7.502082816761715378e+01 1.586082320852962937e+02
2.535420282667989227e+02 7.514009422266302352e+01 1.595216960079345370e+02
2.536006694768162788e+02 7.526506322836597462e+01 1.587261343912720122e+02
2.535494668980907420e+02 7.502752293577981391e+01 1.580487230349615686e+02
2.534435903793701925e+02 7.421373667245227068e+01 1.592599801636498853e+02
2.533771386064964020e+02 7.374361517480782879e+01 1.573690800892635764e+02
2.532866352591123302e+02 7.337775849243739401e+01 1.570792214232581330e+02
2.533186213736672414e+02 7.348723034961567180e+01 1.567413835854202944e+02
2.533362261343912678e+02 7.354190428961071291e+01 1.569660302504339313e+02
2.534285891395983015e+02 7.345586412100173845e+01 1.569345400446317740e+02
2.533949913215968195e+02 7.345102901066204026e+01 1.569279692536573236e+02
2.535250433920158741e+02 7.402752293577981391e+01 1.587129928093230831e+02
2.535840565335978170e+02 7.442623357302255727e+01 1.587309695016116962e+02
2.536330275229357767e+02 7.611765435159929893e+01 1.591526159186709606e+02
2.536961319117282301e+02 7.670171088519713010e+01 1.604335482271262094e+02
2.537136126952640609e+02 7.663091991073642362e+01 1.605048351103396840e+02
2.536827423754029383e+02 7.719997520456236373e+01 1.592788246962558958e+02
2.536643937515497100e+02 7.587689065212001083e+01 1.592289858666005387e+02
2.536373667245226784e+02 7.618633771386065234e+01 1.591181502603520812e+02
2.536357550210761360e+02 7.607054302008430113e+01 1.593467641953880616e+02
2.536383585420282714e+02 7.606595586412100829e+01 1.586486486486486456e+02
2.536660054549962808e+02 7.593144061492685637e+01 1.594354078849491714e+02
2.536021572030746256e+02 7.608876766674931957e+01 1.591254649144557334e+02
2.536326555913711900e+02 7.635457475824448181e+01 1.594156955120257919e+02
2.536404661542276244e+02 7.631155467393999459e+01 1.595358294073890306e+02
2.535867840317381479e+02 7.560736424497892472e+01 1.592517976692288642e+02
2.536481527398958633e+02 7.605777336969997293e+01 1.598968509794197814e+02
2.537517976692288642e+02 7.618088271757996210e+01 1.597169600793453981e+02
2.536971237292338230e+02 7.593825936027771206e+01 1.598715596330275162e+02
2.535309942970493466e+02 7.508492437391520014e+01 1.584144557401438078e+02
2.534657822960575118e+02 7.489920654599553984e+01 1.579634267294817676e+02
2.533234564840069538e+02 7.489734688817257791e+01 1.570141333994544937e+02
2.534443342424993659e+02 7.560228118026283539e+01 1.578930076865856620e+02
2.535040912472105106e+02 7.536647656831142683e+01 1.592014629308207248e+02
2.535205802132407769e+02 7.635507066699727829e+01 1.601550954624349004e+02
2.535572774609471765e+02 7.636486486486487024e+01 1.602837837837837753e+02
2.536580709149516508e+02 7.691470369452021316e+01 1.603639970245474728e+02
2.536787751053806232e+02 7.714220183486239080e+01 1.600727746094718498e+02
2.537935779816513673e+02 7.736660054549962240e+01 1.610872799404909586e+02
2.537645673196131781e+02 7.744408628812298900e+01 1.609664021819985180e+02
2.537292338209769298e+02 7.808294073890404263e+01 1.609463178775105519e+02
2.538648648648648702e+02 7.870989337961815124e+01 1.605778576741879533e+02
2.539083808579221397e+02 7.910513265559137608e+01 1.621330275229357767e+02
2.539314406149268564e+02 7.953533349863624835e+01 1.618740391767914844e+02
2.539497892387800562e+02 7.996305479791718085e+01 1.614918175055789789e+02
2.539745846764195392e+02 8.031019092486982913e+01 1.618793701958839506e+02
2.539392511777832908e+02 8.037664269774361969e+01 1.614657822960575118e+02
2.539514009422266270e+02 7.978105628564344443e+01 1.613060996776593186e+02
2.539742127448549525e+02 7.987317133647408696e+01 1.618279196627820511e+02
2.539625588891643986e+02 8.031626580709149721e+01 1.621762955616166550e+02
2.539320605008678342e+02 8.060451276965038403e+01 1.624294569799156989e+02
2.539381353830895023e+02 8.091743119266054407e+01 1.619006942722539009e+02
2.538626332754773216e+02 8.120146293082072475e+01 1.620050830647161035e+02
2.539109843788742751e+02 8.060414083808579733e+01 1.616620381849739658e+02
2.538859409868584294e+02 8.045945945945945255e+01 1.605591371187701384e+02
2.537700223158938684e+02 7.943243243243243512e+01 1.602127448549466919e+02
2.537948177535333514e+02 7.984254897098934123e+01 1.611221175303744246e+02
2.538473840813290394e+02 8.092003471361269362e+01 1.616714604512769711e+02
2.539088767666749220e+02 8.120419042896106987e+01 1.620902553930076806e+02
2.539494173072154695e+02 8.134316885693031907e+01 1.625352095214480528e+02
2.538471361269526483e+02 8.145623605256632516e+01 1.621392263823456403e+02
2.539349119761963891e+02 8.188693280436399391e+01 1.619354078849491714e+02
2.540143813538308848e+02 8.266364988842053663e+01 1.625590131415819428e+02
2.539975204562360602e+02 8.256657575006198613e+01 1.632656831143069667e+02
2.540162410116538467e+02 8.257934540044631433e+01 1.624413587899826439e+02
2.540034713612695327e+02 8.270146293082072475e+01 1.628052318373419212e+02
2.540192164641705972e+02 8.272861393503595195e+01 1.630834366476568391e+02
2.540940986858418000e+02 8.288507314654103197e+01 1.641233573022563803e+02
2.540644681378626331e+02 8.270679394991321942e+01 1.636479047855194722e+02
2.540390528142821722e+02 8.264319365236796955e+01 1.640409124721051342e+02
2.540464914455740200e+02 8.280126456731960616e+01 1.640034713612695327e+02
2.540564096206298075e+02 8.259893379618149822e+01 1.633044879742127478e+02
2.540636002975452641e+02 8.265447557649392252e+01 1.633477560128936261e+02
2.540028514753285265e+02 8.268075874039176654e+01 1.629492933300272739e+02
2.540440119018100802e+02 8.294631787751053764e+01 1.633884205306223691e+02
2.540743863129184206e+02 8.253322588643689528e+01 1.629134639226382433e+02
2.540802132407636975e+02 8.255566575750061986e+01 1.630545499628068455e+02
2.539677659310686693e+02 8.095152491941482253e+01 1.614222663030002423e+02
2.538178775105380680e+02 8.016290602529134901e+01 1.608701958839573649e+02
2.537493181254649244e+02 8.035321100917431636e+01 1.602028266798909044e+02
2.537318373419290936e+02 8.010984378874286449e+01 1.610366972477064280e+02
2.537922142325812160e+02 8.083932556409619963e+01 1.612117530374410990e+02
2.537767170840565427e+02 8.081750557897346710e+01 1.611183982147285008e+02
2.537950657079097425e+02 8.060947185717827779e+01 1.608540788494916853e+02
2.538080833126704761e+02 8.076481527398958349e+01 1.615450037193156447e+02
2.538456484006942731e+02 8.069563600297544781e+01 1.608607736176543597e+02
2.538513513513513544e+02 8.051810066947682287e+01 1.610172328291594397e+02
2.538833374659062656e+02 8.056372427473344544e+01 1.606854698735432692e+02
2.538270518224646537e+02 8.049801636498884250e+01 1.618684602033225985e+02
2.538921398462682930e+02 8.058207289858665945e+01 1.616694768162658136e+02
2.538828415571534833e+02 8.082680386808827677e+01 1.613688321348871852e+02
2.539552442350607464e+02 8.080870319861145390e+01 1.604512769650384314e+02
2.539298289114802856e+02 8.089585916191420267e+01 1.611262087775849352e+02
2.539313166377386608e+02 8.084155715348376248e+01 1.611563352343168845e+02
2.539021819985122761e+02 8.065819489213984639e+01 1.613773865608727931e+02
2.539303248202330678e+02 8.042288618894123431e+01 1.609165633523431609e+02
2.539745846764195392e+02 8.019514009422266554e+01 1.621058765187205495e+02
2.539319365236796386e+02 8.049094966526159567e+01 1.610710389288370834e+02
2.538457723778824686e+02 8.069427225390528235e+01 1.609526407141086111e+02
2.539300768658566767e+02 8.084527646912968635e+01 1.616889412348128019e+02
2.539554921894371375e+02 8.065769898338704991e+01 1.609253657327051883e+02
2.538361021572030722e+02 8.030424001983635662e+01 1.596634019340441455e+02
2.538156459211505194e+02 7.967245226878254982e+01 1.597313414331762829e+02
2.536853458963550736e+02 7.929692536573270445e+01 1.589349119761963891e+02
2.536870815769898400e+02 7.895834366476567823e+01 1.595688073394495348e+02
2.535981899330523106e+02 7.962261343912720690e+01 1.586753037441110905e+02
2.537256384825192299e+02 7.951214976444333615e+01 1.594148276717083945e+02
2.537504339201586845e+02 7.923084552442350059e+01 1.597613439127200650e+02
2.537041904289610841e+02 7.998165137614678599e+01 1.602071658814778061e+02
2.537682866352591020e+02 7.997842796925365860e+01 1.610174807835358308e+02
2.537613439127200650e+02 8.021038928837093351e+01 1.609314406149268564e+02
2.537397718819737236e+02 7.994718571782792083e+01 1.602412596082320988e+02
2.538590379370195933e+02 8.001202578725514059e+01 1.604252417555169927e+02
2.538276717084056600e+02 7.987813042400198071e+01 1.602951896850979381e+02
2.538736672452268692e+02 8.039982643193651768e+01 1.614732209273493595e+02
2.539000743863129230e+02 8.024039176791470140e+01 1.614683858170096755e+02
2.538263079593354803e+02 8.015794693776345525e+01 1.616309199107364236e+02
2.538816017852714992e+02 8.048227126208777804e+01 1.602938259360277584e+02
2.539344160674435784e+02 8.045524423506074640e+01 1.609408628812298616e+02
2.539506570790974536e+02 7.925762459707414109e+01 1.612231589387552617e+02
2.539662782048103224e+02 7.953582940738904483e+01 1.615940986858418000e+02
2.539511529878502358e+02 7.964716092239028455e+01 1.609985122737416248e+02
2.539665261591867136e+02 7.972948177535333514e+01 1.617028266798909044e+02
2.539861145549218975e+02 8.038110587651871697e+01 1.620028514753285265e+02
2.539778080833126808e+02 8.063947433672204568e+01 1.618245722787007139e+02
2.539464418546987474e+02 8.137986610463674708e+01 1.626658814778080853e+02
2.539404909496652749e+02 8.127039424745846929e+01 1.629293330027275033e+02
2.539180510786015361e+02 8.094569799156954559e+01 1.625154971485246733e+02
2.538943714356558417e+02 7.988569303248202402e+01 1.611710885197123844e+02
2.537777089015621073e+02 7.881391024051573879e+01 1.603239523927597361e+02
2.537142325812050672e+02 7.922514257376643343e+01 1.610839325564096214e+02
2.537191916687329467e+02 7.931081081081080697e+01 1.606704686337713781e+02
2.537787007190677002e+02 8.035197123729233226e+01 1.623493677163401969e+02
2.538484998760227995e+02 8.039623109347880359e+01 1.624790478551946364e+02
2.538530870319861208e+02 8.052628316389784402e+01 1.624799156955120338e+02
2.538850731465410320e+02 8.079915695512025309e+01 1.615654599553682260e+02
2.539068931316637645e+02 8.120146293082072475e+01 1.621488966030250367e+02
2.539176791470369494e+02 8.138098189933052140e+01 1.622309695016116962e+02
2.539571038928837083e+02 8.176965038432928168e+01 1.634730969501611639e+02
2.539910736424497770e+02 8.207314654103645069e+01 1.628804859905777391e+02
2.540968261839821594e+02 8.210885197123728574e+01 1.628419290850483492e+02
2.541635259112323411e+02 8.238804859905776823e+01 1.631890652120009975e+02
2.540993057277460991e+02 8.262013389536325292e+01 1.632897346888172478e+02
2.541900570295065620e+02 8.322365484750805820e+01 1.636638978427969278e+02
2.541947681626580788e+02 8.315546739399950127e+01 1.635741383585420294e+02
2.542112571286883167e+02 8.347433672204314803e+01 1.634656583188693162e+02
2.541827423754029383e+02 8.323989585916191913e+01 1.641586908008926287e+02
2.541073642449789247e+02 8.357624597074138251e+01 1.628749070171088533e+02
2.541953880485990567e+02 8.382519216464170597e+01 1.636133151500123972e+02
2.541715844284651666e+02 8.302628316389784402e+01 1.634532606000495889e+02
2.541829903297793294e+02 8.356285643441606226e+01 1.632261343912720122e+02
2.541223654847508158e+02 8.387862633275477720e+01 1.630909992561368824e+02
2.541258368460203201e+02 8.346007934540044459e+01 1.634367716340193510e+02
2.540737664269774427e+02 8.290304983882965928e+01 1.629967765931068584e+02
2.539734688817257506e+02 8.269042896107116292e+01 1.633115546739400088e+02
2.539134639226382433e+02 8.275712868832134461e+01 1.623628812298537127e+02
2.539082568807339442e+02 8.310649640466154153e+01 1.626817505578973453e+02
2.538735432680386737e+02 8.276989833870567281e+01 1.625704190428961056e+02
2.539275973220927369e+02 8.367493181254648960e+01 1.628820976940243099e+02
2.539437143565583881e+02 8.365410364492933581e+01 1.625238036201338900e+02
2.540080585172328256e+02 8.388879246218695585e+01 1.632479543763947447e+02
2.540534341681130570e+02 8.432184478056038301e+01 1.634887180758740328e+02
2.541517480783535916e+02 8.458294073890404263e+01 1.642544011901809995e+02
2.541624101165385525e+02 8.447408876766674268e+01 1.645519464418547102e+02
2.541358789982643316e+02 8.487589883461443208e+01 1.651024051574510167e+02
2.541203818497396583e+02 8.479370195883957706e+01 1.647570047111331633e+02
2.541934044135878992e+02 8.486002975452517205e+01 1.654056533597818088e+02
2.542107612199355344e+02 8.497297297297296836e+01 1.639737168361021702e+02
2.541963798661046496e+02 8.489858666005454779e+01 1.636661294321844764e+02
2.542050582692784531e+02 8.490106620381850178e+01 1.647376642697743705e+02
2.541885693032482152e+02 8.504673939995041110e+01 1.639163153979667698e+02
2.541662534093726720e+02 8.488470121497644527e+01 1.642458467641953916e+02
2.541971237292338230e+02 8.391234812794445475e+01 1.637805603768906622e+02
2.541579469377634553e+02 8.430609967765930435e+01 1.640551698487478234e+02
2.542901066203818630e+02 8.411269526407140518e+01 1.633674683858170056e+02
2.542542772129928039e+02 8.407364244978923296e+01 1.632050582692784531e+02
2.541697247706422047e+02 8.339486734440862392e+01 1.635329779320605041e+02
2.540855442598561922e+02 8.265249194148276501e+01 1.619116042648152813e+02
2.539837589883461533e+02 8.234800396727001726e+01 1.619644185469873605e+02
2.539626828663525941e+02 8.232990329779320859e+01 1.621314158194892059e+02
2.539169352839077476e+02 8.204636746838581018e+01 1.620673196131911595e+02
2.539486734440862961e+02 8.244755764939250753e+01 1.625497148524671331e+02
2.539444582196875899e+02 8.178961071162906649e+01 1.628732953136622825e+02
2.539858666005455063e+02 8.186424497892387819e+01 1.623119266055045955e+02
2.540412844036697209e+02 8.223555665757500321e+01 1.631232333250681847e+02
2.539942970493429186e+02 8.237242747334489934e+01 1.629170592610959716e+02
2.539900818249442125e+02 8.195524423506074640e+01 1.630937267542772133e+02
2.540324820233077219e+02 8.216315397966774015e+01 1.631642697743615145e+02
2.540214480535581458e+02 8.227932060500867806e+01 1.638499876022811748e+02
2.539437143565583881e+02 8.210314902058021858e+01 1.635504587155963350e+02
2.538036201338953504e+02 8.228886684849987887e+01 1.628471361269526483e+02
2.539995040912472177e+02 8.238941234812794789e+01 1.638105628564344158e+02
2.539838829655343488e+02 8.211777832878750871e+01 1.634227622117530245e+02
2.540027274981403309e+02 8.191086040168609372e+01 1.640323580461195263e+02
2.539450781056285678e+02 8.162546491445573338e+01 1.628481279444582128e+02
2.539448301512521766e+02 8.164517728737912705e+01 1.622309695016116962e+02
2.539712372923382020e+02 8.152851475328539266e+01 1.622945697991569602e+02
2.539294569799156989e+02 8.057041904289610557e+01 1.619302008430448723e+02
2.539227622117530245e+02 8.077175799652863475e+01 1.630876518720555453e+02
2.539375154971485244e+02 8.084750805851723499e+01 1.631387304735928581e+02
2.539213984626828733e+02 8.073468881725762003e+01 1.618274237540292688e+02
2.538798661046367329e+02 7.992325812050582101e+01 1.606081081081080981e+02
2.538167617158442795e+02 7.879283411852219388e+01 1.601379866104636847e+02
2.537992809323084487e+02 7.854190428961071291e+01 1.596698487478304003e+02
2.537635755021076136e+02 7.872787007190676434e+01 1.598724274733449136e+02
2.538194892139846388e+02 7.860352095214480528e+01 1.610257872551450475e+02
2.538517232829159411e+02 7.949553682122488851e+01 1.613694520208281631e+02
2.539453260600049589e+02 7.908517232829159127e+01 1.612610959583436738e+02
2.538460203322588598e+02 7.880461195140094333e+01 1.607670468633771463e+02
2.537961815026035310e+02 7.902913463922638471e+01 1.611430696751797598e+02
2.538515993057277456e+02 7.924324324324324209e+01 1.606583188693280420e+02
2.538817257624596948e+02 7.917629556161666926e+01 1.608318869328043661e+02
2.538786263327547772e+02 7.929729729729729115e+01 1.617179518968509910e+02
2.538979667741135700e+02 7.934292090255392793e+01 1.623666005454996366e+02
2.538460203322588598e+02 7.945549218943713754e+01 1.618656087279940436e+02
2.539159434664021830e+02 7.955368212248946236e+01 1.623889164393751514e+02
2.539363997024547359e+02 7.989127200595090983e+01 1.625488470121497642e+02
2.540326060004959174e+02 8.003186213736672983e+01 1.633163897842796928e+02
2.540280188445325962e+02 7.992363005207042193e+01 1.637214232581204953e+02
2.540083064716092167e+02 8.030176047607240264e+01 1.634641705926109694e+02
2.539398710637242687e+02 7.998413091991073998e+01 1.625877758492437408e+02
2.540063228365980592e+02 8.039077609719811335e+01 1.628351103396975077e+02
2.539673939995040826e+02 7.925055789734689426e+01 1.628587899826432022e+02
2.540172328291594397e+02 7.957674187949417899e+01 1.627764691296801516e+02
2.540467393999504111e+02 7.979717332010909558e+01 1.630738904041656383e+02
2.540881477808083275e+02 7.993875526903049433e+01 1.630757500619886002e+02
2.540794693776345241e+02 8.008405653359781695e+01 1.631536077361765535e+02
2.540466154227622155e+02 7.956211257128688885e+01 1.620168608975948530e+02
2.538818497396479188e+02 7.869514009422266554e+01 1.620591371187701384e+02
2.538331267046863502e+02 7.864170592610959432e+01 1.613079593354822805e+02
2.537278700719067785e+02 7.879432184478055490e+01 1.615638482519216552e+02
2.537654351599305755e+02 7.913711877014628726e+01 1.623675923630052012e+02
2.538601537317133534e+02 8.014381353830894739e+01 1.632826679890900152e+02
2.538373419290850563e+02 8.000384329283411944e+01 1.629261095958343617e+02
2.539676419538804737e+02 8.035097941978675351e+01 1.624045375650880203e+02
2.539630547979171808e+02 8.072873791222414752e+01 1.622915943466402098e+02
2.539424745846764324e+02 8.068931316637738860e+01 1.636632779568559499e+02
2.539867344408628753e+02 8.076667493181254542e+01 1.636873295313662311e+02
2.539444582196875899e+02 8.082060500867839892e+01 1.629397470865360731e+02
2.539933052318373541e+02 8.100607488222166808e+01 1.633250681874534962e+02
2.540313662286139333e+02 8.105169848747830486e+01 1.638994545003719452e+02
2.540317381601785200e+02 8.156310438879246760e+01 1.637907265063228408e+02
2.540326060004959174e+02 8.165013637490702081e+01 1.639562360525663394e+02
2.540728985866600453e+02 8.215422762211753138e+01 1.636935283907760947e+02
2.541279444582197016e+02 8.238147780808331788e+01 1.641071162906025336e+02
2.541440614926853527e+02 8.169142077857674167e+01 1.634908256880733859e+02
2.541467889908256836e+02 8.156855938507314363e+01 1.630890156211257249e+02
2.541523679642945694e+02 8.154624349119761462e+01 1.637516736920406686e+02
2.541575750061988686e+02 8.206446813786263306e+01 1.640907513017604629e+02
2.540999256136870770e+02 8.209930572774609914e+01 1.639241259608232042e+02
2.541239771881973581e+02 8.222340689313166706e+01 1.646253409372675378e+02
2.540905033473840717e+02 8.240974460699231940e+01 1.644021819985122761e+02
2.539536325316141756e+02 8.171671212496900694e+01 1.619424745846764324e+02
2.539473096950161164e+02 8.164554921894371375e+01 1.617940738904041780e+02
2.539531366228613933e+02 8.086697247706422331e+01 1.620577733696999871e+02
2.539407389040416660e+02 8.081849739647904585e+01 1.616542276221175314e+02
2.538797421274485373e+02 8.150731465410363796e+01 1.624649144557401428e+02
2.538584180510786155e+02 8.151388544507810252e+01 1.621676171584428516e+02
2.539739647904785613e+02 8.147049342920902859e+01 1.619757004711133277e+02
2.540357054302008351e+02 8.179580957103893013e+01 1.621337713860649501e+02
2.539611951400942189e+02 8.143020084304488648e+01 1.618317629556161705e+02
2.540187205554178149e+02 8.214592115050830046e+01 1.629073890404165752e+02
2.539666501363749092e+02 8.202789486734441482e+01 1.622723778824696126e+02
2.540200843044879662e+02 8.181589387552689630e+01 1.619559880981899198e+02
2.541449293330027217e+02 8.126121993553185519e+01 1.613363501115794634e+02
2.541093478799900822e+02 8.219514009422266554e+01 1.632360525663277997e+02
2.540618646169104977e+02 8.247446069923134360e+01 1.626865856682370577e+02
2.540958343664765664e+02 8.225787255145053223e+01 1.637168361021572025e+02
2.541477808083312766e+02 8.232358046119513517e+01 1.634140838085792211e+02
2.540917431192660558e+02 8.164530126456732262e+01 1.629869823952392665e+02
2.541157946937763370e+02 8.114443342424993943e+01 1.627375402925861749e+02
2.540809571038928709e+02 8.116216216216216139e+01 1.619076369947929663e+02
2.540802132407636975e+02 8.129432184478055490e+01 1.622301016612943272e+02
2.540746342672948117e+02 8.089945450037193098e+01 1.621581948921398464e+02
2.540797173320109152e+02 8.112025787255144849e+01 1.617129928093230831e+02
2.540116538556905539e+02 8.033845772377883065e+01 1.617328291594346581e+02
2.539104884701214928e+02 7.890255393007686280e+01 1.602825440119018197e+02
2.538651128192412614e+02 7.879382593602777263e+01 1.593446565831886801e+02
2.538114306967517848e+02 7.877101413339946134e+01 1.594326803868088405e+02
2.538418051078601536e+02 7.897966774113562849e+01 1.599811554673939895e+02
2.538274237540292688e+02 7.890639722291098224e+01 1.599809075130175984e+02
2.539060252913463955e+02 7.951388544507810252e+01 1.611731961319117374e+02
2.539444582196875899e+02 7.935965782296057114e+01 1.603757748574262223e+02
2.539479295809570942e+02 7.908393255640962138e+01 1.605143813538308848e+02
2.539826431936523647e+02 7.928489957847756386e+01 1.615659558641210083e+02
2.539673939995040826e+02 7.897842796925365860e+01 1.616767914703694657e+02
2.539837589883461533e+02 7.891643937515496532e+01 1.611901810066947576e+02
2.539649144557401428e+02 7.893156459211505194e+01 1.605523183734192969e+02
2.539111083560624706e+02 7.880622365484751413e+01 1.605277708901562050e+02
2.539757004711133277e+02 7.881019092486982913e+01 1.613906521200099178e+02
2.539034217703942602e+02 7.876779072650631974e+01 1.614099925613687105e+02
2.538208529630547901e+02 7.820592610959583624e+01 1.604775601289362896e+02
2.538301512521695997e+02 7.788569303248202402e+01 1.600554178031242145e+02
2.538394495412844094e+02 7.790962062980410963e+01 1.598338705678155236e+02
2.539434664021819970e+02 7.779494173072154695e+01 1.596622861393503570e+02
2.537527894867344287e+02 7.791891891891891930e+01 1.591662534093726720e+02
2.538079593354822805e+02 7.813327547731216782e+01 1.596140590131415706e+02
2.538125464914455733e+02 7.800173568063476637e+01 1.591693528390776180e+02
2.538457723778824686e+02 7.821857178279196887e+01 1.594207785767418670e+02
2.538711877014629295e+02 7.829742127448550093e+01 1.590978180014877239e+02
2.537975452516736823e+02 7.773840813290354390e+01 1.579869823952392665e+02
2.536931564592115080e+02 7.712137366724522280e+01 1.578315150012397794e+02
2.536511281924125853e+02 7.670914951648896363e+01 1.577729977684106188e+02
2.537095214480535503e+02 7.681143069675179902e+01 1.575948425489710019e+02
2.536472848995784659e+02 7.663042400198364135e+01 1.585521943962311013e+02
2.537100173568063610e+02 7.607413835854202944e+01 1.583554425985618650e+02
2.537065459955368283e+02 7.698462682866352225e+01 1.587779568559384984e+02
2.537081576989833991e+02 7.677411356310439317e+01 1.585850483511034099e+02
2.537389040416563262e+02 7.728961071162906649e+01 1.587199355318621485e+02
2.537526655095462331e+02 7.710079345400446016e+01 1.597894867344408567e+02
2.537134887180758653e+02 7.713513513513512976e+01 1.594419786759236217e+02
2.537632035705430269e+02 7.704921894371435087e+01 1.594856186461691152e+02
2.537628316389784402e+02 7.704190428961071291e+01 1.596767914703694657e+02
2.539143317629556122e+02 7.729246218695759296e+01 1.601962558889164256e+02
2.539180510786015361e+02 7.757190676915448080e+01 1.607813042400198356e+02
2.538611455492189464e+02 7.743206050086783421e+01 1.596590627324572154e+02
2.537856434416067373e+02 7.760364492933300085e+01 1.600199603272997706e+02
2.538207289858665945e+02 7.754748326307959871e+01 1.597410116538556792e+02
2.539119761963798680e+02 7.746541036449293927e+01 1.602463426729481739e+02
2.537870071906769169e+02 7.740565335978179462e+01 1.588985866600545478e+02
2.538047359285891389e+02 7.715298785023556150e+01 1.584949169352838965e+02
2.537829159434664064e+02 7.642685345896354931e+01 1.588326307959335395e+02
2.538059757004711230e+02 7.653062236548474573e+01 1.587271262087775767e+02
2.538462682866352509e+02 7.716811306719563390e+01 1.582519216464170597e+02
2.538284155715348334e+02 7.762955616166625816e+01 1.584261095958343617e+02
2.538297793206050130e+02 7.786201338953632956e+01 1.585278948673444006e+02
2.536952640714108611e+02 7.744396231093479344e+01 1.577205554178031264e+02
2.536109595834366530e+02 7.681738160178527153e+01 1.572552690304983969e+02
2.535892635755021161e+02 7.572774609471856877e+01 1.563048599057773345e+02
2.536038928837093920e+02 7.578341185221918863e+01 1.569264815273989484e+02
2.536084800396727132e+02 7.553508554425985722e+01 1.564666501363749092e+02
2.535849243739151859e+02 7.514964046615422433e+01 1.573493677163401969e+02
2.536622861393503570e+02 7.639685097941978142e+01 1.570679394991321658e+02
2.537534093726754350e+02 7.655492189437143224e+01 1.585154971485246733e+02
2.536749318125465038e+02 7.649256136870815226e+01 1.575226878254401299e+02
2.537677907265063197e+02 7.659025539300768060e+01 1.577018348623853115e+02
2.537847756012893683e+02 7.669067691544755405e+01 1.585887676667493054e+02
2.537457227870071961e+02 7.693292834118521739e+01 1.581257128688321245e+02
2.537646912968014021e+02 7.702181998512273253e+01 1.579050334738408026e+02
2.538139102405157530e+02 7.751599305727745559e+01 1.588162658070914972e+02
2.538494916935283925e+02 7.804835110339698190e+01 1.592270022315893812e+02
2.538506074882221810e+02 7.838370939747086652e+01 1.585309942970493466e+02
2.538377138606496430e+02 7.894545003719315446e+01 1.583124225142573778e+02
2.540158690800892600e+02 7.873431688569303333e+01 1.591813786263327586e+02
2.539791718323828320e+02 7.812509298289114668e+01 1.581030250433920230e+02
2.540141333994544937e+02 7.831800148772626358e+01 1.588928837093974664e+02
2.539668980907513003e+02 7.837602281180262764e+01 1.582703942474584551e+02
2.539691296801388489e+02 7.908690800892635764e+01 1.586847260104140958e+02
2.539287131167865255e+02 7.917046863377139232e+01 1.584174311926605583e+02
2.539971485246714735e+02 7.954202826679890848e+01 1.583659806595586304e+02
2.539847508058517178e+02 7.959422266302999560e+01 1.584052814282172221e+02
2.539677659310686693e+02 7.937056781552193740e+01 1.579155715348375963e+02
2.538952392759732106e+02 7.849218943714356556e+01 1.569683858170096755e+02
2.537082816761715947e+02 7.734540044631788192e+01 1.563511033969749633e+02
2.536936523679642903e+02 7.778353582940738420e+01 1.559704934292090286e+02
2.537820481031490090e+02 7.781986114554922551e+01 1.562101413339945566e+02
2.538457723778824686e+02 7.885792214232581898e+01 1.572653111827423800e+02
2.538439127200595067e+02 7.895189685097942345e+01 1.573781304240019949e+02
2.538786263327547772e+02 7.892239028018845204e+01 1.582353087031985979e+02
2.539236300520704219e+02 7.920902553930076806e+01 1.584713612695263976e+02
2.539664021819985180e+02 7.960277708901561766e+01 1.591205058269278538e+02
2.539545003719315730e+02 7.952529134639226527e+01 1.589952888668485116e+02
2.539097446069923194e+02 7.959992561368707698e+01 1.583051078601537256e+02
2.538897842796925488e+02 7.939809075130176552e+01 1.589587155963302791e+02
2.540709149516488878e+02 7.975142573766426324e+01 1.590371931564592103e+02
2.540564096206298075e+02 7.968447805603769041e+01 1.589704934292090286e+02
2.540758740391767958e+02 8.043292834118521739e+01 1.592789486734440914e+02
2.541004215224398592e+02 8.047384081329035155e+01 1.592856434416067373e+02
2.540905033473840717e+02 8.042722539052813602e+01 1.590111579469377716e+02
2.539237540292586175e+02 8.069737168361021418e+01 1.587589883461443208e+02
2.539611951400942189e+02 8.106620381849739942e+01 1.588699479295809454e+02
2.540262831638978298e+02 8.119551202578725224e+01 1.595089263575502230e+02
2.540194644185469883e+02 8.126605504587155338e+01 1.596480287627076677e+02
2.539941730721547231e+02 8.141693528390776180e+01 1.596263327547731308e+02
2.539615670716588056e+02 8.149590875278948943e+01 1.594124721051326503e+02
2.539987602281180159e+02 8.155541780312422873e+01 1.593122985370691822e+02
2.539641705926109694e+02 8.129097446069923194e+01 1.592144805355814583e+02
2.538618894123481198e+02 8.066278204810315344e+01 1.580556657575006341e+02
2.537801884453260470e+02 8.031502603520952732e+01 1.576272005950904997e+02
2.538194892139846388e+02 8.069526407141086111e+01 1.580297545251673625e+02
2.537996528638730354e+02 8.062980411604264930e+01 1.586736920406645197e+02
2.538332506818745458e+02 8.053446565831886517e+01 1.596074882221671203e+02
2.538840813290354674e+02 7.997954376394743292e+01 1.586981155467393876e+02
2.538265559137118714e+02 8.002194396231092810e+01 1.589001983635011186e+02
2.538305231837341864e+02 8.089734688817257791e+01 1.599247458467641820e+02
2.538125464914455733e+02 8.042387800644681306e+01 1.593863129184230161e+02
2.538224646665013609e+02 8.038011405901313822e+01 1.596956360029754478e+02
2.538970989337961726e+02 8.031304240019836982e+01 1.594055293825936133e+02
2.540710389288370834e+02 8.011988594098686178e+01 1.598678403173815923e+02
2.540383089511529988e+02 8.067555169848748164e+01 1.593439127200595067e+02
2.540479791718323952e+02 8.067381601785271528e+01 1.612020828167617026e+02
2.540564096206298075e+02 8.061182742375403620e+01 1.610203322588643573e+02
2.539549962806843553e+02 8.062286139350359804e+01 1.597117530374410990e+02
2.540639722291098508e+02 8.068261839821472847e+01 1.605034713612695327e+02
2.539572278700719039e+02 8.053868088271758552e+01 1.616303000247954458e+02
2.539835110339697621e+02 7.975886436895611098e+01 1.605314902058021289e+02
2.540052070419042991e+02 7.976903049838828963e+01 1.599843788742871311e+02
2.539789238780064409e+02 7.983944954128440941e+01 1.596646417059261012e+02
2.540228118026283255e+02 7.958207289858665945e+01 1.604748326307959303e+02
2.539603272997768499e+02 7.966166625340937912e+01 1.601771634019340524e+02
2.539375154971485244e+02 7.971534837589884148e+01 1.609417307215472306e+02
2.539154475576494008e+02 7.951946441854698833e+01 1.605350855442598572e+02
2.537778328787503028e+02 7.874907017108851903e+01 1.591234812794445759e+02
2.537809323084552489e+02 7.820109099925613805e+01 1.584387552690305085e+02
2.536201338953632671e+02 7.816426977436151446e+01 1.579577237788246862e+02
2.536855938507314647e+02 7.835221919166873761e+01 1.580725266550954586e+02
2.536893131663773886e+02 7.818460203322588598e+01 1.588249442102653006e+02
2.537556409620629836e+02 7.879605752541532127e+01 1.600034713612695327e+02
2.537460947185717828e+02 7.883820976940242531e+01 1.599140838085792211e+02
2.537506818745350756e+02 7.909868584180510709e+01 1.592908504835110364e+02
2.537773369699975206e+02 7.895450037193155879e+01 1.596951400942226655e+02
2.537770890156211294e+02 7.896441854698736051e+01 1.598274237540292688e+02
2.538114306967517848e+02 7.907922142325811876e+01 1.597644433424249826e+02
2.538182494421026547e+02 7.905008678403173406e+01 1.597380362013389572e+02
2.539165633523431609e+02 7.933610215720307224e+01 1.606859657822960514e+02
2.539240019836350086e+02 7.939970245474832211e+01 1.597018348623853115e+02
2.539408628812298616e+02 7.977398958591619760e+01 1.609349119761963891e+02
2.539376394743367200e+02 7.953781304240020233e+01 1.594532606000495889e+02
2.539873543268038816e+02 7.976196379866104280e+01 1.595065707909744503e+02
2.538941234812794505e+02 7.960029754525167789e+01 1.589970245474832495e+02
2.538880485990577824e+02 7.956422018348624192e+01 1.587868832134887214e+02
2.538680882717579834e+02 7.960860401686089460e+01 1.600049590875279080e+02
2.539438383337465837e+02 7.979394991321596819e+01 1.594310686833622697e+02
2.539688817257624578e+02 7.987503099429704889e+01 1.592659310686833578e+02
2.540399206545995412e+02 8.003868088271758552e+01 1.601188941234812830e+02
2.540339697495660687e+02 7.995797173320109152e+01 1.598321348871807572e+02
2.540308703198611511e+02 8.015794693776345525e+01 1.599938011405901364e+02
2.539368956112075466e+02 7.886436895611207376e+01 1.588261839821472847e+02
2.539373915199603289e+02 7.848450285147532668e+01 1.584727250185965772e+02
2.537272501859657723e+02 7.764716092239028455e+01 1.575437639474336606e+02
2.536811306719563675e+02 7.726655095462434986e+01 1.567333250681874404e+02
2.536734440862881286e+02 7.736226134391272069e+01 1.561120753781304131e+02
2.537997768410612309e+02 7.820790974460699374e+01 1.571342672948177608e+02
2.537511777832878863e+02 7.824634267294817391e+01 1.568176295561616769e+02
2.537826679890900152e+02 7.808405653359781695e+01 1.574608232085296322e+02
2.537529134639226243e+02 7.873406893131664219e+01 1.575405405405405475e+02
2.537778328787503028e+02 7.880200843044879377e+01 1.581422018348623908e+02
2.538447805603769041e+02 7.910017356806348232e+01 1.582897346888172478e+02
2.538767666749318153e+02 7.922650632283659888e+01 1.574938011405901364e+02
2.538913959831390912e+02 7.899801636498884250e+01 1.575954624349119797e+02
2.539194148276717158e+02 7.927398958591619760e+01 1.576310438879246192e+02
2.539578477560128817e+02 7.950049590875279648e+01 1.583160178527151061e+02
2.539178031242251450e+02 7.966364988842053663e+01 1.588853211009174231e+02
2.539526407141086111e+02 7.955938507314654373e+01 1.587656831143069667e+02
2.539066451772873734e+02 7.948970989337961157e+01 1.583577981651376092e+02
2.538866848499876028e+02 7.989288370939746642e+01 1.587537813042400217e+02
2.538155219439623238e+02 7.951624101165386094e+01 1.577066699727250239e+02
2.538043639970245522e+02 7.955479791718323668e+01 1.582586164145797056e+02
2.538941234812794505e+02 7.988941234812794789e+01 1.582567567567567437e+02
2.539057773369700044e+02 7.995214480535581458e+01 1.582897346888172478e+02
2.539852467146045001e+02 8.016253409372674810e+01 1.595902553930076806e+02
2.539837589883461533e+02 8.002206793949913788e+01 1.594282172080337148e+02
2.539155715348375963e+02 8.018782544011901336e+01 1.585828167617158329e+02
2.538687081576989897e+02 7.934527646912968635e+01 1.573605256632779685e+02
2.539259856186461661e+02 7.912062980411604940e+01 1.579517728737912137e+02
2.539090007438631176e+02 7.889523927597322484e+01 1.575918670964542514e+02
2.538359781800148767e+02 7.790875278948674065e+01 1.571250929828911467e+02
2.538300272749814042e+02 7.821683610215720250e+01 1.569893379618150391e+02
2.537835358294073842e+02 7.858666005454996650e+01 1.572208033721795175e+02
2.537620877758492384e+02 7.843528390776097581e+01 1.565301264567319492e+02
2.538213488718076007e+02 7.928564344160673727e+01 1.573180014877262636e+02
2.538110587651871981e+02 7.917951896850979665e+01 1.571676171584428516e+02
2.538124225142573778e+02 7.959558641210017527e+01 1.588258120505826980e+02
2.539394991321596819e+02 7.966464170592611538e+01 1.589521448053558004e+02
2.539125960823208459e+02 7.971696007934539807e+01 1.582860153731713240e+02
2.539199107364244981e+02 7.994780560376891287e+01 1.590613687081576870e+02
2.539315645921150519e+02 8.002442350607488208e+01 1.593554425985618650e+02
2.539063972229109822e+02 8.029258616414580274e+01 1.599117282420034769e+02
2.539902058021324081e+02 8.051425737664270343e+01 1.593522191916687234e+02
2.540576493925117916e+02 8.066712124969005515e+01 1.597251425737664192e+02
2.540934787999008222e+02 8.064517728737912705e+01 1.597534093726754350e+02
2.540895115298785072e+02 8.076407141086039587e+01 1.601399702454748422e+02
2.540995536821224903e+02 8.105988098189932600e+01 1.609314406149268564e+02
2.541121993553186087e+02 8.130362013389536457e+01 1.601185221919166963e+02
2.541386064964046625e+02 8.184602033225885975e+01 1.605156211257128689e+02
2.541590627324572154e+02 8.208380857922142582e+01 1.601444334242499394e+02
2.540736424497892472e+02 8.213488718075873862e+01 1.605184726010413954e+02
2.540106620381849609e+02 8.137056781552193740e+01 1.604344160674435784e+02
2.540244235060748963e+02 8.137589883461443208e+01 1.604440862881229748e+02
2.540271510042152272e+02 8.132581205058269802e+01 1.612659310686833578e+02
2.540290106620381891e+02 8.181527398958591846e+01 1.608198611455492255e+02
2.540122737416315317e+02 8.157413835854202944e+01 1.615918670964542514e+02
2.538482519216464084e+02 8.086969997520456843e+01 1.608672204314406144e+02
2.538124225142573778e+02 8.071745598809819455e+01 1.602945697991569602e+02
2.539589635507066703e+02 8.099925613687081238e+01 1.602799404909496559e+02
2.539352839077609758e+02 8.112806843540788293e+01 1.609681378626332844e+02
2.539595834366476481e+02 8.110699231341433801e+01 1.612949417307215469e+02
2.540233077113811078e+02 8.224758244483015801e+01 1.619899578477560169e+02
2.539587155963302791e+02 8.180287627076617696e+01 1.617764691296801516e+02
2.540323580461195263e+02 8.220468633771386635e+01 1.626188941234812830e+02
2.540333498636250908e+02 8.223518472601041651e+01 1.622870071906769169e+02
2.539774361517480656e+02 8.229209025539300626e+01 1.622446069923134075e+02
2.540023555665757442e+02 8.214108604016860227e+01 1.625362013389536457e+02
2.541203818497396583e+02 8.229667741135631331e+01 1.623229605752541431e+02
2.541645177287379056e+02 8.236932804363996752e+01 1.624278452764691281e+02
2.540917431192660558e+02 8.234998760228117476e+01 1.633162658070914972e+02
2.540454996280684270e+02 8.297024547483263746e+01 1.624656583188693162e+02
2.540653359781800020e+02 8.276146788990826053e+01 1.630588891643937473e+02
2.540358294073890306e+02 8.259062732457228151e+01 1.625859161914207789e+02
2.540855442598561922e+02 8.261542276221175030e+01 1.626615422762211836e+02
2.540609967765931003e+02 8.245400446317877652e+01 1.625526903049838836e+02
2.540759980163649914e+02 8.235209521448054204e+01 1.627070419042896106e+02
2.540218199851227325e+02 8.174820233077113585e+01 1.617548970989338102e+02
2.541263327547731308e+02 8.182680386808827677e+01 1.623670964542524189e+02
2.541255888916439289e+02 8.172948177535333514e+01 1.611281924125960927e+02
2.541751797669228949e+02 8.179134639226381864e+01 1.623755269030498312e+02
2.541632779568559499e+02 8.194916935283907833e+01 1.613936275725266682e+02
2.540414083808579164e+02 8.120617406397222737e+01 1.601872055541780355e+02
2.539501611703446429e+02 8.068348623853211166e+01 1.584483015125217094e+02
2.539302008430448723e+02 8.039065212000991778e+01 1.588263079593354803e+02
2.539143317629556122e+02 8.040776097198116190e+01 1.591730721547235419e+02
2.538982147284899611e+02 8.014480535581452614e+01 1.589983882965534292e+02
2.539459459459459367e+02 8.098785023555666385e+01 1.600037193156459239e+02
2.539288370939747210e+02 8.093069675179766875e+01 1.596017852715100389e+02
2.538975948425489833e+02 8.084849987602281374e+01 1.597412596082320988e+02
2.540026035209521353e+02 8.115435159930572695e+01 1.600205802132407769e+02
2.539982643193652336e+02 8.081366228613934766e+01 1.593703198611455605e+02
2.539616910488470012e+02 8.072030746342673524e+01 1.596916687329531328e+02
2.539072650632283796e+02 8.066873295313662595e+01 1.596899330523183664e+02
2.539695016117034356e+02 8.070617406397222737e+01 1.597147284899578494e+02
2.539377634515249156e+02 8.099256136870815226e+01 1.594657822960575118e+02
2.539018100669476894e+02 8.079717332010909558e+01 1.595841805107860125e+02
2.539475576493925075e+02 8.121720803372178921e+01 1.597278700719067785e+02
2.539655343416811206e+02 8.129977684106124514e+01 1.597366724522687775e+02
2.539815273989586046e+02 8.155578973468881543e+01 1.594818993305231913e+02
2.540208281676171680e+02 8.139226382345648858e+01 1.598865608727994072e+02
2.540216960079345370e+02 8.142759732209273693e+01 1.595369452020828192e+02
2.539567319613191216e+02 8.141048847012149281e+01 1.583596578229605711e+02
2.539634267294817676e+02 8.167728737912224801e+01 1.584642945697991649e+02
2.539750805851723214e+02 8.181440614926853527e+01 1.601655095462434986e+02
2.540009918175055930e+02 8.068162658070914972e+01 1.597896107116290523e+02
2.540050830647161035e+02 8.061691048847012553e+01 1.596379866104636847e+02
2.539749566079841259e+02 8.072960575254153071e+01 1.592082816761715947e+02
2.538794941730721462e+02 8.038941234812794789e+01 1.586802628316389701e+02
2.538031242251425681e+02 7.932990329779320859e+01 1.576848499876022913e+02
2.538054797917183123e+02 7.904934292090256065e+01 1.579826431936523647e+02
2.537822960575254285e+02 7.928985866600545762e+01 1.578560624845028428e+02
