2.550000000000000000e+02 7.533398310591293523e+01 1.909434697855750471e+02
2.550000000000000000e+02 7.709389213775178007e+01 1.908618150314056834e+02
2.550000000000000000e+02 7.802133419969676709e+01 1.907396577864413985e+02
2.549998917045700750e+02 7.918453541260558382e+01 1.909398960363872675e+02
2.550000000000000000e+02 8.055934589560320092e+01 1.927442061944985880e+02
2.550000000000000000e+02 8.122969460688759114e+01 1.928076673164392503e+02
2.549996751137101967e+02 8.225936755468919159e+01 1.940225254494260412e+02
2.549989170457006651e+02 8.338239116309291887e+01 1.951665583712367322e+02
2.550000000000000000e+02 8.495808966861598321e+01 1.953573749187784188e+02
2.550000000000000000e+02 8.147985705003249279e+01 1.921496642841672156e+02
2.550000000000000000e+02 7.440794888455707223e+01 1.880027073857483231e+02
2.550000000000000000e+02 6.957483214208360778e+01 1.855400693090751645e+02
2.549997834091401216e+02 6.799523500108296048e+01 1.848920294563569371e+02
2.549983755685510118e+02 6.821994801819363374e+01 1.848821745722330547e+02
2.549998917045700750e+02 6.845040069309075648e+01 1.843023608403725291e+02
2.549939354559237472e+02 6.724301494476932817e+01 1.855204678362572963e+02
2.549992419319904684e+02 6.747379250595625422e+01 1.863680961663417861e+02
2.549991336365605434e+02 6.797205977907732688e+01 1.859825644357808017e+02
2.550000000000000000e+02 6.812139917695473912e+01 1.854235434264674041e+02
2.549983755685510118e+02 6.872016460905349788e+01 1.851164175871778070e+02
2.550000000000000000e+02 6.927496209659952342e+01 1.860706086203162215e+02
2.549995668182802717e+02 7.021973142733376960e+01 1.859186701321204112e+02
2.549998917045700750e+02 7.189083820662767721e+01 1.857870911847520006e+02
2.549995668182802717e+02 7.237470218756767792e+01 1.866698072341347086e+02
2.549998917045700750e+02 7.431232401992636483e+01 1.883487112843837963e+02
2.549995668182802717e+02 7.539452025124539603e+01 1.899235434264674041e+02
2.550000000000000000e+02 7.641173922460471601e+01 1.911310374702187573e+02
2.549987004548408152e+02 7.699187784275503077e+01 1.907286116525882562e+02
2.549997834091401216e+02 7.759194282001298859e+01 1.904436863764349255e+02
2.550000000000000000e+02 7.863439462854667283e+01 1.909532163742690045e+02
2.549997834091401216e+02 7.917413905133203400e+01 1.900619449859215990e+02
2.549991336365605434e+02 8.023110244747671516e+01 1.921815031405674574e+02
2.549993502274203934e+02 8.093025774312323506e+01 1.925864197530864317e+02
2.549996751137101967e+02 8.226380766731644201e+01 1.938973359324236583e+02
2.550000000000000000e+02 8.302198397227637372e+01 1.937733376651505353e+02
2.549991336365605434e+02 8.430431015811133477e+01 1.949449859215941103e+02
2.549991336365605434e+02 8.715442928308425508e+01 1.955673597574182452e+02
2.550000000000000000e+02 8.772157244964262190e+01 1.961307125839289540e+02
2.549993502274203934e+02 8.686495559887372053e+01 1.957805934589560195e+02
2.549994585228503468e+02 7.936701321204245119e+01 1.922846003898635558e+02
2.549975092051115553e+02 7.166190166774961767e+01 1.879777994368637621e+02
2.549930690924842906e+02 6.834102230885856955e+01 1.860371453324669631e+02
2.549972926142516769e+02 6.702035954082737135e+01 1.846865930257743003e+02
2.549998917045700750e+02 6.604916612518951524e+01 1.839257093350660739e+02
2.549995668182802717e+02 6.505999566818280755e+01 1.840911847520034712e+02
2.550000000000000000e+02 6.377810266406757478e+01 1.836270305393112494e+02
2.550000000000000000e+02 6.520402858999349860e+01 1.837358674463937689e+02
2.549987004548408152e+02 6.626326619016677455e+01 1.848598657136668919e+02
2.550000000000000000e+02 6.622233051765215350e+01 1.837346761966645090e+02
2.549997834091401216e+02 6.564739008013862076e+01 1.838285683344162749e+02
2.549995668182802717e+02 6.588953866146849236e+01 1.839795321637427037e+02
2.549967511371020237e+02 6.686874593892137852e+01 1.845690924842971583e+02
2.549978340914013302e+02 6.695754819146631576e+01 1.847042451808533770e+02
2.549979423868312836e+02 6.809486679662117581e+01 1.853600823045267418e+02
2.549993502274203934e+02 6.993523933290015293e+01 1.853941953649556069e+02
2.550000000000000000e+02 7.006660168940871358e+01 1.877199480181936337e+02
2.550000000000000000e+02 7.174333983105913148e+01 1.887692224388130739e+02
2.550000000000000000e+02 7.220965995235000889e+01 1.875217673814165096e+02
2.549997834091401216e+02 7.270435347628330192e+01 1.879995668182802717e+02
2.549992419319904684e+02 7.324041585445094427e+01 1.889579813731860440e+02
2.550000000000000000e+02 7.454732510288066294e+01 1.887356508555338905e+02
2.550000000000000000e+02 7.514901451158760892e+01 1.889264674030755771e+02
2.550000000000000000e+02 7.563601905999567521e+01 1.891314706519384856e+02
2.549991336365605434e+02 7.606356941737058719e+01 1.901975308641975175e+02
2.549997834091401216e+02 7.804721680745072376e+01 1.914209443361490059e+02
2.549993502274203934e+02 7.985726662334849379e+01 1.928811999133636448e+02
2.550000000000000000e+02 8.115930257743123377e+01 1.935754819146632144e+02
2.550000000000000000e+02 8.275828460038985668e+01 1.941222655403941815e+02
2.550000000000000000e+02 8.439885206844270726e+01 1.953531513970110325e+02
2.549994585228503468e+02 8.654385964912280826e+01 1.960457006714316606e+02
2.550000000000000000e+02 8.581763049599307180e+01 1.966167424734676104e+02
2.550000000000000000e+02 8.071052631578947967e+01 1.937639159627463812e+02
2.549998917045700750e+02 7.141423001949317495e+01 1.879341563786008180e+02
2.549988087502707401e+02 6.612020792722546503e+01 1.850310807883907387e+02
2.549987004548408152e+02 6.376933073424301313e+01 1.827356508555338905e+02
2.549977257959714052e+02 6.309735759150963474e+01 1.827141000649772593e+02
2.549984838639809368e+02 6.321345029239765978e+01 1.832941303876976349e+02
2.549998917045700750e+02 6.308306259475850197e+01 1.849936105696339723e+02
2.549994585228503468e+02 6.428395061728394921e+01 1.846635260991986058e+02
2.549974009096816019e+02 6.574290664933940320e+01 1.844754169374052424e+02
2.549988087502707401e+02 6.625027073857482662e+01 1.858632228719947932e+02
2.549984838639809368e+02 6.647141000649772025e+01 1.865340047649989117e+02
2.549979423868312836e+02 6.642083604071908098e+01 1.861645007580680158e+02
2.550000000000000000e+02 6.746101364522417043e+01 1.864598223954949106e+02
2.549996751137101967e+02 6.885347628330085001e+01 1.878580246913580254e+02
2.550000000000000000e+02 6.987123673380983746e+01 1.880709335066060248e+02
2.549989170457006651e+02 7.152620749404374578e+01 1.898075590210093253e+02
2.550000000000000000e+02 7.273857483214207775e+01 1.904416287632661806e+02
2.549995668182802717e+02 7.373814165042234947e+01 1.919838639809400149e+02
2.549993502274203934e+02 7.502447476716483266e+01 1.911030972492960700e+02
2.549990253411306185e+02 7.596339614468269019e+01 1.914656703487112850e+02
2.550000000000000000e+02 7.711576781459822882e+01 1.917214641542126969e+02
2.549996751137101967e+02 7.764587394411955756e+01 1.912846003898635558e+02
2.549993502274203934e+02 7.782586094866796600e+01 1.914687026207494114e+02
2.549995668182802717e+02 7.962486463071257958e+01 1.935656270305393036e+02
2.550000000000000000e+02 8.168161143599739660e+01 1.945466753303010705e+02
2.549998917045700750e+02 8.333127572016461215e+01 1.950306476066710104e+02
2.549989170457006651e+02 8.396946068875892877e+01 1.936313623565085607e+02
2.549997834091401216e+02 8.470446177171322688e+01 1.962900151613602020e+02
2.549992419319904684e+02 8.586224821312541167e+01 1.970387697639159512e+02
2.549991336365605434e+02 8.667489711934156560e+01 1.954972926142516769e+02
2.549998917045700750e+02 8.418020359540827258e+01 1.950004331817197283e+02
2.550000000000000000e+02 7.593729694606886937e+01 1.916177171323370203e+02
2.549988087502707401e+02 6.887632661901668030e+01 1.862063027940220934e+02
2.550000000000000000e+02 6.576196664500757549e+01 1.843312757201645979e+02
2.549990253411306185e+02 6.545819796404592239e+01 1.838526099198613792e+02
2.549996751137101967e+02 6.538845570716915745e+01 1.849962096599523420e+02
2.550000000000000000e+02 6.475070392029456912e+01 1.837674897119341608e+02
2.549992419319904684e+02 6.493729694606886937e+01 1.844547325102880677e+02
2.549996751137101967e+02 6.636333116742473237e+01 1.839056746805284774e+02
2.549994585228503468e+02 6.687914230019492834e+01 1.850114793155728705e+02
2.549984838639809368e+02 6.645960580463504641e+01 1.841882174572233168e+02
2.549990253411306185e+02 6.695614035087719174e+01 1.845005414771496532e+02
2.549987004548408152e+02 6.685325969244098587e+01 1.853095083387481168e+02
2.549997834091401216e+02 6.817392246047216986e+01 1.854776911414338372e+02
2.549993502274203934e+02 6.853876976391596543e+01 1.863186051548624675e+02
2.550000000000000000e+02 6.974312324019926734e+01 1.859957764782326137e+02
2.549993502274203934e+02 7.104385964912280826e+01 1.873134069742256997e+02
2.549995668182802717e+02 7.267771280051981364e+01 1.890232835174355728e+02
2.550000000000000000e+02 7.296686159844054487e+01 1.884047000216590959e+02
2.549980506822612085e+02 7.413786008230452751e+01 1.884428200129954405e+02
2.549995668182802717e+02 7.419590643274854358e+01 1.892673814165042359e+02
2.549975092051115553e+02 7.424539744422784793e+01 1.894341563786008180e+02
2.550000000000000000e+02 7.529358891054798164e+01 1.887411739224604617e+02
2.550000000000000000e+02 7.620446177171322688e+01 1.894331817197314365e+02
2.550000000000000000e+02 7.760114793155729274e+01 1.892228719948018067e+02
2.549990253411306185e+02 7.857688975525232422e+01 1.902299111977474411e+02
2.549989170457006651e+02 7.964121724063244301e+01 1.906016894087069602e+02
2.549997834091401216e+02 8.053303010612951596e+01 1.914750920511154391e+02
2.549995668182802717e+02 8.189018843404808479e+01 1.918552090101797774e+02
2.549971843188217520e+02 8.264868962529780561e+01 1.911829109811565957e+02
2.549974009096816019e+02 7.914110894520251804e+01 1.900851202079272184e+02
2.550000000000000000e+02 7.005479748754602554e+01 1.848952783192549134e+02
2.550000000000000000e+02 6.387805934589560053e+01 1.810645440762399687e+02
2.550000000000000000e+02 6.232900151613601736e+01 1.784761750054147740e+02
2.549994585228503468e+02 6.122059779077322617e+01 1.794066493393978874e+02
2.549997834091401216e+02 6.087275286982889355e+01 1.783412388997184337e+02
2.549990253411306185e+02 6.009941520467836540e+01 1.789016677496209695e+02
2.549992419319904684e+02 6.063569417370587189e+01 1.788071258392895686e+02
2.550000000000000000e+02 6.139343729694606822e+01 1.788853151397011061e+02
2.550000000000000000e+02 6.246220489495343031e+01 1.792563352826510652e+02
2.549985921594108618e+02 6.176673164392462922e+01 1.799696772796187929e+02
2.549997834091401216e+02 6.248321420836040829e+01 1.797768031189083899e+02
2.550000000000000000e+02 6.290361706735975389e+01 1.794471518301927517e+02
2.550000000000000000e+02 6.385802469135802539e+01 1.810236084037253761e+02
2.549998917045700750e+02 6.495993069092484973e+01 1.822311024474767294e+02
2.549994585228503468e+02 6.648180636777128427e+01 1.819906865930257709e+02
2.550000000000000000e+02 6.736961230236083509e+01 1.829818063677712701e+02
2.550000000000000000e+02 6.881405674680527795e+01 1.844772579597141089e+02
2.549984838639809368e+02 7.055945419103314009e+01 1.847628330084470463e+02
2.549995668182802717e+02 7.166320121290881673e+01 1.864793155728828253e+02
2.549997834091401216e+02 7.194141217240633068e+01 1.873768680961663335e+02
2.549998917045700750e+02 7.286257309941520077e+01 1.884468269439029768e+02
2.550000000000000000e+02 7.425276153346328556e+01 1.884574398960363908e+02
2.549994585228503468e+02 7.524972926142517338e+01 1.883641975308642031e+02
2.549998917045700750e+02 7.647585011912497066e+01 1.893150314056746879e+02
2.549995668182802717e+02 7.720034654537577978e+01 1.893003032272038126e+02
2.549992419319904684e+02 7.807948884557072233e+01 1.914232185401776007e+02
2.549985921594108618e+02 7.837351093783841804e+01 1.901600606454407512e+02
2.549987004548408152e+02 7.933019276586527724e+01 1.898202295863114557e+02
2.549995668182802717e+02 8.009508338748105416e+01 1.895438596491227941e+02
2.549995668182802717e+02 8.082856833441628908e+01 1.903038769763915923e+02
2.549997834091401216e+02 7.629369720597790661e+01 1.879866796621182630e+02
2.549995668182802717e+02 6.717966211825860512e+01 1.843920294563569371e+02
2.549998917045700750e+02 6.219309075157028133e+01 1.825772146415421275e+02
2.549995668182802717e+02 5.984676196664500480e+01 1.789100064977257887e+02
2.549996751137101967e+02 5.885834957764782160e+01 1.781844271171756589e+02
2.549998917045700750e+02 5.844823478449209375e+01 1.772209226770630153e+02
2.549997834091401216e+02 5.821929824561403422e+01 1.783784925276153217e+02
2.550000000000000000e+02 5.847335932423651883e+01 1.767166991552956574e+02
2.549995668182802717e+02 5.888444877626164242e+01 1.789410872861165274e+02
2.549997834091401216e+02 5.991455490578297827e+01 1.788805501407840666e+02
2.549994585228503468e+02 5.975969244097898780e+01 1.788760017327268770e+02
2.549983755685510118e+02 6.008652804851634954e+01 1.792541693740524238e+02
2.549990253411306185e+02 6.046361273554256144e+01 1.779604721680745172e+02
2.549998917045700750e+02 6.028210959497508981e+01 1.789234351310374791e+02
2.550000000000000000e+02 6.135954082737708148e+01 1.807980290231752178e+02
2.550000000000000000e+02 6.282163742690058683e+01 1.809487762616417683e+02
2.549987004548408152e+02 6.354093567251462105e+01 1.811646090534979407e+02
2.549988087502707401e+02 6.409844054580896966e+01 1.820318388564002703e+02
2.549981589776911335e+02 6.596307125839290109e+01 1.819045917262291425e+02
2.549996751137101967e+02 6.675947585011913077e+01 1.826967727961880144e+02
2.549995668182802717e+02 6.715388780593458762e+01 1.835954082737708575e+02
2.550000000000000000e+02 6.690155945419103034e+01 1.847496209659952342e+02
2.549987004548408152e+02 6.783896469568983889e+01 1.849019926359107728e+02
2.550000000000000000e+02 6.994845137535196500e+01 1.860067143166558310e+02
2.549997834091401216e+02 7.074193199047000746e+01 1.875878275936755415e+02
2.549998917045700750e+02 7.172579597141000818e+01 1.886508555338964754e+02
2.550000000000000000e+02 7.350227420402859480e+01 1.896232401992635914e+02
2.549995668182802717e+02 7.506140350877193157e+01 1.900546891921160864e+02
2.549992419319904684e+02 7.628286766298462851e+01 1.913509854884123911e+02
2.549957764782326137e+02 7.781708901884340435e+01 1.911238899718431981e+02
2.550000000000000000e+02 7.876294130387697123e+01 1.923769763915962869e+02
2.549997834091401216e+02 7.570933506606020558e+01 1.918139484513753530e+02
2.549997834091401216e+02 6.726597357591509763e+01 1.862526532380333606e+02
2.549989170457006651e+02 6.208295429932856990e+01 1.812391163092917452e+02
2.549997834091401216e+02 5.967197314273337838e+01 1.807132337015378027e+02
2.550000000000000000e+02 5.874583062594758331e+01 1.793489278752436746e+02
2.549995668182802717e+02 5.865215507905566739e+01 1.797523283517435573e+02
2.549997834091401216e+02 5.907883907299112280e+01 1.801022308858566134e+02
2.549997834091401216e+02 5.864035087719297934e+01 1.805620532813515240e+02
2.549995668182802717e+02 5.972059779077322617e+01 1.813714533246696874e+02
2.549993502274203934e+02 5.978330084470435679e+01 1.828793588910548067e+02
2.549992419319904684e+02 5.968561836690491873e+01 1.802756118691791301e+02
2.550000000000000000e+02 5.923175222005631468e+01 1.798648473034437814e+02
2.550000000000000000e+02 5.956421918995018672e+01 1.811859432531947220e+02
2.549994585228503468e+02 6.082033788174138778e+01 1.829421702404158623e+02
2.549994585228503468e+02 6.118897552523283423e+01 1.816532380333549952e+02
2.549998917045700750e+02 6.228200129954515774e+01 1.822547108512020770e+02
2.550000000000000000e+02 6.299805068226120852e+01 1.833014944769330725e+02
2.549998917045700750e+02 6.340491661251895295e+01 1.833661468486029946e+02
2.550000000000000000e+02 6.401916829109811147e+01 1.823232618583495821e+02
2.549997834091401216e+02 6.425135369287416154e+01 1.825615118042018707e+02
2.549985921594108618e+02 6.492722547108512288e+01 1.827708468702620621e+02
2.549989170457006651e+02 6.566428416720813743e+01 1.822289365388780595e+02
2.549995668182802717e+02 6.540762399826726892e+01 1.827317522200563076e+02
2.550000000000000000e+02 6.601147931557288473e+01 1.845890188434048014e+02
2.549998917045700750e+02 6.628568334416287655e+01 1.846278969027507060e+02
2.549995668182802717e+02 6.733376651505307109e+01 1.856838856400259772e+02
2.550000000000000000e+02 6.875167857916396486e+01 1.855125622698722054e+02
2.550000000000000000e+02 6.821561620099632250e+01 1.848143816330950813e+02
2.549992419319904684e+02 6.365410439679445176e+01 1.835637860082304655e+02
2.550000000000000000e+02 5.586842105263158231e+01 1.758575915096382971e+02
2.549998917045700750e+02 5.082055447260125902e+01 1.755089885206844258e+02
2.550000000000000000e+02 4.979846220489495323e+01 1.750844704353476402e+02
2.549997834091401216e+02 4.971258392895819611e+01 1.736325536062378205e+02
2.549992419319904684e+02 4.955371453324669773e+01 1.729703270521983995e+02
2.549988087502707401e+02 4.916590859865713981e+01 1.735278319254927339e+02
2.549997834091401216e+02 4.937318605154862183e+01 1.729565735325969342e+02
2.549996751137101967e+02 4.986993718865063840e+01 1.747461555122373795e+02
2.549998917045700750e+02 5.042148581329868051e+01 1.760088802252545008e+02
2.549995668182802717e+02 5.145668182802685919e+01 1.750112627247130206e+02
2.549995668182802717e+02 5.196870262074940428e+01 1.748588910547974820e+02
2.549993502274203934e+02 5.256703487112844186e+01 1.757120424518085429e+02
2.549988087502707401e+02 5.363114576564868941e+01 1.764937188650638973e+02
2.549994585228503468e+02 5.461869179120640894e+01 1.777210309724929687e+02
2.549995668182802717e+02 5.550985488412388946e+01 1.769763915962746239e+02
2.549991336365605434e+02 5.684448776261641711e+01 1.787842755035737525e+02
2.549998917045700750e+02 5.880366038553172814e+01 1.794169374052414980e+02
2.549962096599523420e+02 5.965551223738358289e+01 1.811500974658869438e+02
2.549994585228503468e+02 6.137838423218540385e+01 1.822380333549924103e+02
2.549990253411306185e+02 6.251656920077972757e+01 1.824380550140784010e+02
2.549983755685510118e+02 6.310634611219406764e+01 1.823312757201645979e+02
2.549984838639809368e+02 6.466580030322720063e+01 1.833255360623781769e+02
2.549979423868312836e+02 6.554570067143166057e+01 1.850775395278319309e+02
2.549996751137101967e+02 6.677322936972059608e+01 1.847935889105479816e+02
2.549995668182802717e+02 6.857136668832575310e+01 1.861291964479098908e+02
2.549994585228503468e+02 6.969828893220706334e+01 1.879797487546025536e+02
2.549985921594108618e+02 7.073630062811349717e+01 1.886026640675763417e+02
2.549994585228503468e+02 7.219016677496209411e+01 1.898817413905133265e+02
2.550000000000000000e+02 6.891390513320338584e+01 1.877273121074290714e+02
2.549987004548408152e+02 6.032878492527615322e+01 1.815242581763049543e+02
2.550000000000000000e+02 5.379846220489495323e+01 1.781941737058696162e+02
2.550000000000000000e+02 5.053248862897985560e+01 1.757920727745289184e+02
2.550000000000000000e+02 4.931264890621616104e+01 1.742893653887805954e+02
2.549998917045700750e+02 4.793090751570283459e+01 1.736489062161576840e+02
2.549997834091401216e+02 4.721041802035954049e+01 1.730893437296946047e+02
2.550000000000000000e+02 4.718919211609269837e+01 1.731384015594541950e+02
2.550000000000000000e+02 4.839159627463720881e+01 1.735405024907948928e+02
2.549998917045700750e+02 4.935033571583279155e+01 1.736658003032272006e+02
2.549998917045700750e+02 4.916861598440545578e+01 1.741580030322720347e+02
2.550000000000000000e+02 4.905566385098548920e+01 1.754290664933939752e+02
2.550000000000000000e+02 5.000952999783409325e+01 1.748767598007364086e+02
2.550000000000000000e+02 5.112941303876976207e+01 1.742642408490361845e+02
2.550000000000000000e+02 5.171539961013645126e+01 1.759233268356075257e+02
2.549978340914013302e+02 5.207840589127138742e+01 1.763947368421052602e+02
2.549983755685510118e+02 5.402664067576348117e+01 1.760945419103313725e+02
2.549989170457006651e+02 5.469135802469136109e+01 1.779618800086636270e+02
2.549996751137101967e+02 5.504862464803985489e+01 1.766604938271605079e+02
2.549984838639809368e+02 5.561067792939137888e+01 1.775832791856183803e+02
2.550000000000000000e+02 5.592884990253411104e+01 1.796456573532596792e+02
2.549995668182802717e+02 5.754959930690925063e+01 1.797954299328568197e+02
2.549982672731210869e+02 5.887589343729694491e+01 1.804011262724712878e+02
2.549996751137101967e+02 5.980333549924193193e+01 1.818763266190166803e+02
2.549998917045700750e+02 6.092072774528914891e+01 1.817808100498158979e+02
2.549997834091401216e+02 6.212952133419969414e+01 1.835119124972926272e+02
2.549992419319904684e+02 6.251245397444228047e+01 1.832773445960580432e+02
2.549998917045700750e+02 6.323575915096382971e+01 1.837446393762183163e+02
2.549983755685510118e+02 6.354797487546025536e+01 1.840878275936755415e+02
2.549982672731210869e+02 6.490470002165908170e+01 1.848252111760883736e+02
2.549998917045700750e+02 6.569525666016893695e+01 1.854297162659735818e+02
2.550000000000000000e+02 6.621897335932423800e+01 1.854201862681394744e+02
2.549995668182802717e+02 6.595375785141867198e+01 1.865701754385964932e+02
2.549993502274203934e+02 6.201548624648039976e+01 1.830398527182152861e+02
2.549995668182802717e+02 5.301212908815247715e+01 1.775423435131037593e+02
2.550000000000000000e+02 4.736452241715399936e+01 1.726767381416504179e+02
2.550000000000000000e+02 4.543881308208793257e+01 1.710886939571149981e+02
2.549994585228503468e+02 4.502566601689408543e+01 1.711168507688975637e+02
2.549976175005414802e+02 4.459237600173272398e+01 1.709529997834091262e+02
2.549994585228503468e+02 4.501440329218107195e+01 1.701361273554256002e+02
2.550000000000000000e+02 4.475384448776261337e+01 1.711053714533246648e+02
2.550000000000000000e+02 4.650194931773879148e+01 1.707151830192765942e+02
2.549996751137101967e+02 4.712042451808533627e+01 1.712111760883690579e+02
2.549996751137101967e+02 4.680723413471951488e+01 1.724479098982022833e+02
2.549993502274203934e+02 4.676543209876543017e+01 1.712641325536062311e+02
2.549990253411306185e+02 4.736614684860298752e+01 1.728325752653238112e+02
2.549993502274203934e+02 4.871561620099631540e+01 1.721154429283084255e+02
2.549985921594108618e+02 4.968572666233485080e+01 1.740255577214641676e+02
2.550000000000000000e+02 5.069005847953216204e+01 1.749358891054797596e+02
2.549998917045700750e+02 5.234459605804634919e+01 1.750755902100931394e+02
2.549998917045700750e+02 5.334307992202729309e+01 1.769884123889971761e+02
2.549995668182802717e+02 5.390015161360190632e+01 1.778534762833008358e+02
2.549998917045700750e+02 5.448353909465020450e+01 1.774794238683127503e+02
2.549995668182802717e+02 5.576250812215724295e+01 1.780250162443144859e+02
2.549998917045700750e+02 5.610482997617500445e+01 1.781943902967294662e+02
2.550000000000000000e+02 5.688239116309291887e+01 1.799174788823911513e+02
2.549998917045700750e+02 5.822579597141000818e+01 1.790077972709551659e+02
2.549995668182802717e+02 5.931134936105696198e+01 1.797024041585445104e+02
2.549974009096816019e+02 5.942159410872861258e+01 1.802213558587827720e+02
2.549988087502707401e+02 6.001104613385314934e+01 1.795403941953649678e+02
2.549993502274203934e+02 6.067446393762183021e+01 1.808868312757201693e+02
2.549998917045700750e+02 6.171117608836907209e+01 1.822371669915529537e+02
2.549991336365605434e+02 6.347639159627463812e+01 1.829124972926142618e+02
2.549997834091401216e+02 6.313222871994801721e+01 1.814930690924842906e+02
2.549997834091401216e+02 5.568518518518518334e+01 1.784028589993502294e+02
2.550000000000000000e+02 4.815908598657136963e+01 1.732213558587827720e+02
2.549997834091401216e+02 4.499079488845571007e+01 1.704732510288065725e+02
2.549972926142516769e+02 4.428676629846220436e+01 1.698316006064544013e+02
2.549994585228503468e+02 4.389755252328351531e+01 1.689573316006064658e+02
2.549991336365605434e+02 4.263038769763915781e+01 1.691443578081004944e+02
2.549996751137101967e+02 4.256010396361273251e+01 1.690687675980073550e+02
2.549997834091401216e+02 4.355707169157461323e+01 1.680734243014944695e+02
2.549996751137101967e+02 4.461468486029889391e+01 1.683965778644141267e+02
2.549984838639809368e+02 4.389841888672297898e+01 1.692005631362356439e+02
2.550000000000000000e+02 4.442365172189733613e+01 1.678979857050032365e+02
2.549984838639809368e+02 4.443578081004981328e+01 1.683449209443361383e+02
2.549976175005414802e+02 4.499826727312107266e+01 1.707598007364089199e+02
2.549994585228503468e+02 4.628568334416287655e+01 1.711648256443578191e+02
2.549997834091401216e+02 4.719514836473900488e+01 1.717041368854234236e+02
2.549975092051115553e+02 4.826175005414771846e+01 1.735087719298245474e+02
2.549995668182802717e+02 4.966071041802035779e+01 1.743674463937621795e+02
2.549989170457006651e+02 5.093599740090968453e+01 1.758723196881091724e+02
2.550000000000000000e+02 5.169460688758934452e+01 1.758076673164392503e+02
2.549994585228503468e+02 5.252696556205328449e+01 1.766667749620966106e+02
2.549976175005414802e+02 5.438726445743989757e+01 1.777280701754386030e+02
2.549988087502707401e+02 5.506898418886723334e+01 1.787240632445310666e+02
2.549997834091401216e+02 5.656140350877193157e+01 1.791930907515702813e+02
2.549998917045700750e+02 5.787946718648473166e+01 1.799200779727095494e+02
2.549985921594108618e+02 5.853183885640026318e+01 1.803769763915962869e+02
2.549997834091401216e+02 5.960374702187567664e+01 1.811987221139268058e+02
2.549982672731210869e+02 5.966439246263807661e+01 1.811170673597574137e+02
2.549997834091401216e+02 6.055014078405891098e+01 1.815710418020359498e+02
2.549994585228503468e+02 6.138000866363439201e+01 1.820336798787091084e+02
2.550000000000000000e+02 6.027474550573965928e+01 1.806843188217457339e+02
2.549996751137101967e+02 5.338531513970110609e+01 1.776272471301710993e+02
2.549959930690924921e+02 4.720760233918128534e+01 1.712019709768247822e+02
2.549995668182802717e+02 4.258620316222655333e+01 1.665862031622265533e+02
2.549995668182802717e+02 4.065811132770197389e+01 1.663536928741607142e+02
2.549993502274203934e+02 4.096545375785142085e+01 1.667267706302793897e+02
2.550000000000000000e+02 4.051516136019059644e+01 1.666351526965562186e+02
2.549997834091401216e+02 3.961630929174788918e+01 1.663065843621399154e+02
2.550000000000000000e+02 4.014803985271821318e+01 1.675292397660818722e+02
2.549995668182802717e+02 4.149350227420402604e+01 1.660951916829109791e+02
2.549990253411306185e+02 4.164782326185834904e+01 1.653561836690491589e+02
2.550000000000000000e+02 4.141108945202512359e+01 1.645950833874810542e+02
2.549990253411306185e+02 4.079857050032488530e+01 1.658597574182369385e+02
2.549996751137101967e+02 4.030950833874810257e+01 1.640960580463504357e+02
2.549993502274203934e+02 4.084026424084903795e+01 1.645569633961446812e+02
2.549977257959714052e+02 4.226976391596274851e+01 1.657372752869828787e+02
2.549994585228503468e+02 4.355079055663851051e+01 1.662486463071258527e+02
2.549984838639809368e+02 4.519471518301927659e+01 1.670870695256660099e+02
2.549990253411306185e+02 4.605458089668616140e+01 1.672511371020142974e+02
2.550000000000000000e+02 4.583311674247346446e+01 1.682439896036387381e+02
2.550000000000000000e+02 4.666450075806800868e+01 1.685075806800952876e+02
2.549992419319904684e+02 4.727896902750703845e+01 1.688094000433181634e+02
2.550000000000000000e+02 4.814533246696989721e+01 1.699217024041585375e+02
2.549998917045700750e+02 4.982921810699588150e+01 1.693088585661685102e+02
2.550000000000000000e+02 5.011479315572882598e+01 1.727177821095949639e+02
2.549997834091401216e+02 5.237145332466970160e+01 1.736661251895170039e+02
2.549997834091401216e+02 5.373240199263591421e+01 1.742017543859649038e+02
2.549998917045700750e+02 5.487145332466970160e+01 1.769620965995235053e+02
2.550000000000000000e+02 5.654017760450508945e+01 1.742611002815681047e+02
2.549996751137101967e+02 5.743220706086203364e+01 1.770154862464804069e+02
2.550000000000000000e+02 5.856941737058696162e+01 1.766636343946285592e+02
2.549998917045700750e+02 5.967197314273337838e+01 1.768171973142733293e+02
2.550000000000000000e+02 5.621128438379900416e+01 1.762116092700888146e+02
2.549998917045700750e+02 4.818236950400692820e+01 1.691441412172406444e+02
2.549993502274203934e+02 4.293285683344162607e+01 1.660733160060645446e+02
2.549985921594108618e+02 4.062616417587177864e+01 1.642354342646740406e+02
2.549985921594108618e+02 4.045592376001732760e+01 1.628500108295429811e+02
2.549983755685510118e+02 3.965507905566384750e+01 1.635589127138834726e+02
2.549998917045700750e+02 3.965594541910331117e+01 1.639943686376435039e+02
2.550000000000000000e+02 3.987470218756768503e+01 1.633796837773446100e+02
2.550000000000000000e+02 4.114284167208143828e+01 1.656088369070825195e+02
2.549998917045700750e+02 4.220922677063028061e+01 1.652253627896902799e+02
2.549996751137101967e+02 4.298364739008013657e+01 1.650818713450292421e+02
2.549988087502707401e+02 4.310721247563353131e+01 1.652220056313623502e+02
2.549996751137101967e+02 4.322363006281135256e+01 1.671001732726878970e+02
2.549988087502707401e+02 4.420392029456356653e+01 1.665879358891054665e+02
2.549979423868312836e+02 4.505750487329434861e+01 1.690320554472601202e+02
2.549995668182802717e+02 4.642376001732726820e+01 1.704981589776911335e+02
2.550000000000000000e+02 4.794996751137102109e+01 1.698353909465020593e+02
2.549981589776911335e+02 4.926976391596274851e+01 1.707038119991336487e+02
2.549998917045700750e+02 4.892321854017760785e+01 1.711429499675113846e+02
2.549977257959714052e+02 4.977463721030972721e+01 1.719359974009096845e+02
2.549987004548408152e+02 5.049750920511154106e+01 1.697513536928741473e+02
2.549992419319904684e+02 5.076261641758717502e+01 1.717647823261858377e+02
2.549996751137101967e+02 5.130041152263374471e+01 1.715462421485813422e+02
2.549989170457006651e+02 5.191921160927008572e+01 1.718869395711500943e+02
2.550000000000000000e+02 5.394769330734243340e+01 1.733143816330950813e+02
2.549992419319904684e+02 5.477214641542126827e+01 1.744131470651938400e+02
2.549997834091401216e+02 5.554071908165475691e+01 1.754002599090318313e+02
2.549956681828026888e+02 5.622189733593242522e+01 1.752464803985271828e+02
2.550000000000000000e+02 5.779174788823911513e+01 1.738677712800519828e+02
2.550000000000000000e+02 5.808230452674897037e+01 1.760397444227853612e+02
2.549985921594108618e+02 5.810374702187567664e+01 1.751394845137535299e+02
2.549985921594108618e+02 5.088845570716915745e+01 1.700947585011912508e+02
2.550000000000000000e+02 4.474604721680744746e+01 1.652692224388130739e+02
2.550000000000000000e+02 4.021052631578947256e+01 1.623708035520901092e+02
2.550000000000000000e+02 3.878633311674247608e+01 1.612304526748971227e+02
2.549991336365605434e+02 3.835780810049816125e+01 1.602858999350227407e+02
2.549963179553822954e+02 3.769958847736625529e+01 1.596377517868745883e+02
2.549982672731210869e+02 3.774182369504006829e+01 1.607788607320771064e+02
2.549993502274203934e+02 3.868388564002599139e+01 1.605945419103313725e+02
2.549989170457006651e+02 4.001711067792938792e+01 1.626518301927658570e+02
2.550000000000000000e+02 4.013905133203378739e+01 1.619727095516569193e+02
2.549995668182802717e+02 4.035650855533896220e+01 1.621869179120641036e+02
2.549998917045700750e+02 4.063201212908815307e+01 1.634376218323586727e+02
2.549976175005414802e+02 4.169742256876759967e+01 1.637940220922677099e+02
2.549996751137101967e+02 4.221171756551873244e+01 1.640644357808100438e+02
2.549991336365605434e+02 4.372189733593242522e+01 1.667163742690058541e+02
2.549978340914013302e+02 4.495808966861598321e+01 1.675648689625297720e+02
2.550000000000000000e+02 4.555544726012562506e+01 1.664781243231535655e+02
2.549995668182802717e+02 4.606660168940870648e+01 1.687841672081438276e+02
2.549995668182802717e+02 4.692744206194498702e+01 1.699793155728828253e+02
2.549980506822612085e+02 4.742809183452458655e+01 1.695754819146632144e+02
2.549982672731210869e+02 4.924485596707818758e+01 1.689537578514186578e+02
2.549991336365605434e+02 5.028763266190166803e+01 1.707012129088152506e+02
2.549969677279618736e+02 5.193404808317089305e+01 1.719472601256227051e+02
2.550000000000000000e+02 5.329997834091401643e+01 1.734179120641109080e+02
2.550000000000000000e+02 5.404136885423434933e+01 1.736426250812215812e+02
2.549976175005414802e+02 5.512161576781459615e+01 1.759970760233918270e+02
2.549997834091401216e+02 5.593534762833008500e+01 1.770828460038986236e+02
2.549987004548408152e+02 5.595808966861598321e+01 1.747646740307559128e+02
2.549996751137101967e+02 5.064381633095083401e+01 1.719243014944769357e+02
2.549996751137101967e+02 4.234557071691574492e+01 1.653636560537145215e+02
2.549994585228503468e+02 3.556194498592159192e+01 1.612077106346112316e+02
2.549983755685510118e+02 3.300010829542993207e+01 1.601719731427333784e+02
2.549992419319904684e+02 3.278340914013428886e+01 1.573480615118041896e+02
2.550000000000000000e+02 3.209205111544292777e+01 1.564771496642841555e+02
2.549985921594108618e+02 3.138856400259908952e+01 1.570530647606670982e+02
2.549992419319904684e+02 3.291509638293263862e+01 1.595834957764782303e+02
2.549991336365605434e+02 3.428990686593025572e+01 1.584537578514186578e+02
2.549968594325319486e+02 3.496285466753302984e+01 1.590468919211609204e+02
2.549992419319904684e+02 3.474528914879792296e+01 1.600723413471951346e+02
2.549998917045700750e+02 3.468009529997834051e+01 1.597121507472384678e+02
2.549996751137101967e+02 3.540361706735975389e+01 1.594338314923110147e+02
2.550000000000000000e+02 3.600422352176737917e+01 1.598275936755468933e+02
2.549967511371020237e+02 3.660103963612735356e+01 1.600230669265756944e+02
2.549984838639809368e+02 3.780550140784058755e+01 1.623416720814381620e+02
2.549987004548408152e+02 3.913504440112627236e+01 1.622292614251678629e+02
2.549993502274203934e+02 3.971778210959497812e+01 1.626108945202512359e+02
2.549997834091401216e+02 4.072092267706302948e+01 1.634445527398743820e+02
2.549994585228503468e+02 4.165572882824344703e+01 1.622134502923976527e+02
2.549996751137101967e+02 4.288466536712150656e+01 1.634092484297162571e+02
2.549993502274203934e+02 4.347390080138617918e+01 1.650319471518301953e+02
2.549989170457006651e+02 4.530463504440112388e+01 1.672139917695473343e+02
2.549996751137101967e+02 4.705934589560320802e+01 1.697347844920944340e+02
2.550000000000000000e+02 4.792549274420619554e+01 1.697257959714100082e+02
2.549994585228503468e+02 4.892744206194498702e+01 1.683768680961663335e+02
2.550000000000000000e+02 4.906497725795971121e+01 1.690766731643924743e+02
2.550000000000000000e+02 5.012085769980507166e+01 1.694748754602555891e+02
2.550000000000000000e+02 5.023445960580463776e+01 1.707201646090535121e+02
2.549991336365605434e+02 4.594855967078188996e+01 1.669283084253844436e+02
2.549994585228503468e+02 4.046274637210309777e+01 1.633204461771713341e+02
2.549990253411306185e+02 3.496101364522417043e+01 1.586901667749621083e+02
2.550000000000000000e+02 3.334383799003681759e+01 1.564794238683127503e+02
2.549995668182802717e+02 3.346177171323370203e+01 1.561530214424951168e+02
2.549989170457006651e+02 3.276261641758717502e+01 1.572918561836690401e+02
2.549978340914013302e+02 3.318908382066276630e+01 1.555222005631362379e+02
2.549995668182802717e+02 3.339776911414338656e+01 1.577363006281134972e+02
2.550000000000000000e+02 3.491834524583062915e+01 1.593689625297812427e+02
2.549998917045700750e+02 3.558771929824561653e+01 1.587449642625081196e+02
2.549993502274203934e+02 3.588888888888888573e+01 1.587490794888455810e+02
2.549964262508122204e+02 3.763060428849902195e+01 1.582094433614901448e+02
2.550000000000000000e+02 3.766309291747888466e+01 1.596294130387697692e+02
2.550000000000000000e+02 3.824918778427550592e+01 1.630424518085336842e+02
2.549991336365605434e+02 3.953173056097032401e+01 1.607695473251028773e+02
2.549991336365605434e+02 4.094661035304309848e+01 1.608713450292397624e+02
2.549994585228503468e+02 4.211934156378600846e+01 1.632912064110894619e+02
2.549985921594108618e+02 4.328849902534113170e+01 1.639109811565951986e+02
2.549996751137101967e+02 4.376088369070825479e+01 1.665599956681828075e+02
2.549978340914013302e+02 4.464977257959714052e+01 1.645388780593459046e+02
2.549989170457006651e+02 4.475351960147281716e+01 1.642435564219189814e+02
2.550000000000000000e+02 4.485585878275936977e+01 1.671367771280052068e+02
2.550000000000000000e+02 4.646718648473034108e+01 1.674928525016244407e+02
2.549997834091401216e+02 4.764359974009096987e+01 1.666982889322070491e+02
2.549992419319904684e+02 4.870738574832142120e+01 1.691677496209659921e+02
2.549998917045700750e+02 5.004797487546025536e+01 1.692538444877626205e+02
2.550000000000000000e+02 5.123814165042234947e+01 1.709143383149230999e+02
2.549995668182802717e+02 5.227756118691791443e+01 1.698926792289365437e+02
2.550000000000000000e+02 5.312627247130171071e+01 1.715603205544726109e+02
2.549962096599523420e+02 5.392679228936538749e+01 1.720257743123240175e+02
2.550000000000000000e+02 5.416049382716049365e+01 1.719212692224388093e+02
2.549993502274203934e+02 4.995180853367988050e+01 1.693008447043534659e+02
2.549994585228503468e+02 4.144931773879142156e+01 1.637700888022525589e+02
2.549985921594108618e+02 3.670197097682477505e+01 1.572121507472384678e+02
2.549988087502707401e+02 3.487459389213775296e+01 1.571012562269872319e+02
2.549992419319904684e+02 3.408663634394628872e+01 1.573865063894303660e+02
2.549994585228503468e+02 3.364890621615767685e+01 1.559491011479315432e+02
2.549991336365605434e+02 3.363385315139701248e+01 1.558449209443361383e+02
2.549997834091401216e+02 3.460677929391379593e+01 1.556429499675113846e+02
2.549990253411306185e+02 3.597487546025557492e+01 1.573207710634611090e+02
2.550000000000000000e+02 3.635055230669265569e+01 1.578875893437297009e+02
2.549998917045700750e+02 3.593112410656270583e+01 1.578526099198613792e+02
2.549992419319904684e+02 3.701310374702187289e+01 1.588201212908815307e+02
2.549974009096816019e+02 3.723835824128222072e+01 1.578807667316439165e+02
2.549989170457006651e+02 3.819233268356075683e+01 1.584857050032488530e+02
2.549984838639809368e+02 3.900693090751570224e+01 1.588827160493827080e+02
2.549996751137101967e+02 3.982185401776045097e+01 1.602057613168724401e+02
2.549974009096816019e+02 4.047574182369503859e+01 1.611346112194065370e+02
2.549974009096816019e+02 4.194639376218323434e+01 1.615790556638509941e+02
2.550000000000000000e+02 4.249967511371020379e+01 1.618301927658652914e+02
2.550000000000000000e+02 4.291563786008230608e+01 1.629380550140784010e+02
2.549997834091401216e+02 4.446707818930040901e+01 1.629755252328351673e+02
2.549992419319904684e+02 4.475806800952999964e+01 1.639227853584578725e+02
2.549994585228503468e+02 4.566233484946935306e+01 1.646850768897552655e+02
2.549996751137101967e+02 4.539646956898418750e+01 1.665899935022742113e+02
2.549989170457006651e+02 4.673229369720597504e+01 1.656029889538661450e+02
2.550000000000000000e+02 4.751494476933073230e+01 1.653887805934589608e+02
2.549979423868312836e+02 4.858555338964695380e+01 1.660185185185185048e+02
2.550000000000000000e+02 4.912930474333983000e+01 1.661230236084037131e+02
2.549989170457006651e+02 4.967067359757417933e+01 1.679897119341563894e+02
2.550000000000000000e+02 4.956573532596924281e+01 1.673068009529997937e+02
2.549989170457006651e+02 4.380409356725146353e+01 1.637588260775395383e+02
2.549992419319904684e+02 3.674604721680744746e+01 1.588832575265323896e+02
2.549966428416720703e+02 3.307992202729045061e+01 1.532120424518085429e+02
2.549938271604938222e+02 3.218161143599740370e+01 1.562559021009313369e+02
2.549984838639809368e+02 3.229207277452891134e+01 1.547151830192765942e+02
2.549992419319904684e+02 3.158468702620749369e+01 1.549402209226770708e+02
2.550000000000000000e+02 3.194433614901451080e+01 1.546804201862681509e+02
2.549997834091401216e+02 3.324333983105913148e+01 1.552392246047216702e+02
2.549994585228503468e+02 3.404017760450508945e+01 1.547047866580030302e+02
2.550000000000000000e+02 3.378275936755468933e+01 1.548184968594325426e+02
2.549987004548408152e+02 3.389083820662767721e+01 1.564100064977257887e+02
2.549982672731210869e+02 3.461511804201862930e+01 1.567595841455490699e+02
2.549997834091401216e+02 3.626391596274637408e+01 1.546319038336582139e+02
2.549968594325319486e+02 3.709129304743339617e+01 1.569385964912280826e+02
2.549993502274203934e+02 3.859150963829326741e+01 1.573508771929824661e+02
2.549997834091401216e+02 3.871745722330517481e+01 1.584260342213558488e+02
2.549997834091401216e+02 4.017771280051982075e+01 1.603488195798137212e+02
2.549998917045700750e+02 4.102653238033354910e+01 1.604091401342863321e+02
2.549970760233918270e+02 4.156790123456789843e+01 1.583560753736192339e+02
2.549974009096816019e+02 4.153238033354992353e+01 1.594307992202729167e+02
2.549995668182802717e+02 4.219319904700021340e+01 1.595903183885640146e+02
2.549965345462421453e+02 4.221875676846437386e+01 1.608052848169807305e+02
2.549998917045700750e+02 4.251050465670348899e+01 1.614510504656703347e+02
2.550000000000000000e+02 4.240015161360190632e+01 1.601483647390080023e+02
2.550000000000000000e+02 4.335694173705869758e+01 1.621793372319688160e+02
2.549998917045700750e+02 4.424225687675980367e+01 1.632027290448343138e+02
2.550000000000000000e+02 4.577312107429066401e+01 1.642185401776044955e+02
2.550000000000000000e+02 4.706952566601689369e+01 1.644978340914013302e+02
2.550000000000000000e+02 4.556291964479098766e+01 1.636251895170023829e+02
2.550000000000000000e+02 4.002913147065194011e+01 1.580110461338531422e+02
2.549978340914013302e+02 3.322113926792289362e+01 1.531754385964912331e+02
2.549991336365605434e+02 2.930723413471951488e+01 1.481335282651072021e+02
2.550000000000000000e+02 2.905804635044401252e+01 1.497269872211392681e+02
2.550000000000000000e+02 2.915627030539311093e+01 1.494997834091401216e+02
2.549995668182802717e+02 2.858003032272038269e+01 1.493390729911197639e+02
2.550000000000000000e+02 2.863417803768680869e+01 1.481414338314923214e+02
2.549983755685510118e+02 3.003703703703703809e+01 1.499828893220706050e+02
2.549985921594108618e+02 3.106107862248213181e+01 1.498052848169807305e+02
2.549995668182802717e+02 3.151559454191033183e+01 1.525152696556205285e+02
2.549989170457006651e+02 3.228503357158327702e+01 1.528474117392246114e+02
2.550000000000000000e+02 3.224972926142516627e+01 1.516625514403292243e+02
2.549993502274203934e+02 3.315475416937405129e+01 1.526757634827810364e+02
2.549997834091401216e+02 3.323705869612302166e+01 1.537869828893220756e+02
2.549989170457006651e+02 3.402187567684643454e+01 1.540591293047433510e+02
2.549994585228503468e+02 3.635997400909681687e+01 1.563519601472817726e+02
2.549997834091401216e+02 3.735921594108728527e+01 1.573791423001949283e+02
2.549996751137101967e+02 3.798072341347194936e+01 1.589537578514186578e+02
2.550000000000000000e+02 3.791022308858565992e+01 1.574870045484080663e+02
2.550000000000000000e+02 3.783928958197964221e+01 1.561570283734026532e+02
2.549995668182802717e+02 3.800227420402858769e+01 1.570295646523716755e+02
2.549980506822612085e+02 3.901635260991986343e+01 1.585729911197747413e+02
2.549976175005414802e+02 4.110093134069742149e+01 1.593194715183019241e+02
2.549992419319904684e+02 4.227496209659952342e+01 1.620502490794888502e+02
2.549995668182802717e+02 4.343773012778860476e+01 1.615950833874810542e+02
2.550000000000000000e+02 4.404256010396360921e+01 1.620527398743772949e+02
2.549997834091401216e+02 4.384351310374702138e+01 1.626737058696122915e+02
2.550000000000000000e+02 4.403422135585878294e+01 1.618132986787957464e+02
2.550000000000000000e+02 4.529478016027723442e+01 1.645046567034871146e+02
2.549994585228503468e+02 4.716991552956465483e+01 1.653190383365821958e+02
2.549998917045700750e+02 4.681189083820662944e+01 1.640570716915746061e+02
2.549993502274203934e+02 4.182705219839722588e+01 1.614968594325319486e+02
2.550000000000000000e+02 3.674052414988087634e+01 1.572655403941953693e+02
2.549983755685510118e+02 3.346772796188000854e+01 1.557304526748971227e+02
2.549987004548408152e+02 3.272092267706302948e+01 1.551895170023825017e+02
2.549996751137101967e+02 3.186744639376218302e+01 1.533773012778860618e+02
2.549979423868312836e+02 3.082304526748971085e+01 1.519691358024691397e+02
2.549998917045700750e+02 3.039094650205761283e+01 1.522381416504223637e+02
2.549981589776911335e+02 3.185737491877842587e+01 1.522012129088152506e+02
2.549997834091401216e+02 3.404602555772146388e+01 1.550653021442495003e+02
2.549988087502707401e+02 3.526781459822395703e+01 1.565030322720381264e+02
2.549998917045700750e+02 3.545040069309074937e+01 1.559894953432965110e+02
2.549987004548408152e+02 3.574247346761966782e+01 1.567704136885423338e+02
2.550000000000000000e+02 3.680127788607320838e+01 1.578423218540177686e+02
2.549966428416720703e+02 3.848527182152913184e+01 1.597174572233051890e+02
2.549991336365605434e+02 3.980907515702837429e+01 1.602353259692440872e+02
2.549995668182802717e+02 4.120283734026423872e+01 1.621633095083387559e+02
2.549967511371020237e+02 4.174907948884557385e+01 1.625625947585011772e+02
2.549983755685510118e+02 4.216071041802035779e+01 1.627642408490361845e+02
2.550000000000000000e+02 4.253584578730777821e+01 1.627593675546891916e+02
2.550000000000000000e+02 4.378633311674247608e+01 1.636683993935455987e+02
2.549998917045700750e+02 4.517229802902317459e+01 1.641341780376868087e+02
2.549998917045700750e+02 4.518453541260559092e+01 1.664271171756551837e+02
2.550000000000000000e+02 4.551581113277019597e+01 1.657332683560753708e+02
2.549994585228503468e+02 4.619601472817846854e+01 1.646991552956465341e+02
2.549998917045700750e+02 4.810071474983755735e+01 1.656336365605371554e+02
2.549996751137101967e+02 4.940643274853800904e+01 1.685259909031838959e+02
2.550000000000000000e+02 5.155046567034871430e+01 1.708084253844487819e+02
2.550000000000000000e+02 5.217424734676196607e+01 1.697653238033354910e+02
2.549998917045700750e+02 4.642765865280485116e+01 1.660952999783409041e+02
2.549997834091401216e+02 3.752133419969677419e+01 1.590762399826727176e+02
2.549992419319904684e+02 3.331568117825428033e+01 1.550831708901884269e+02
2.550000000000000000e+02 3.151884340480831881e+01 1.522024041585445104e+02
2.549991336365605434e+02 3.182423651721897429e+01 1.540864197530864317e+02
2.549997834091401216e+02 3.248624648039852758e+01 1.529642625081221468e+02
2.549955598873727638e+02 3.254775828460039122e+01 1.537483214208360494e+02
2.549998917045700750e+02 3.279672947801602589e+01 1.525745072557938045e+02
2.549998917045700750e+02 3.388499025341130277e+01 1.536735975741823665e+02
2.549998917045700750e+02 3.366612518951700395e+01 1.542230885856616851e+02
2.549993502274203934e+02 3.335001082954299534e+01 1.530416937405241526e+02
2.550000000000000000e+02 3.322016460905349788e+01 1.536326619016677455e+02
2.550000000000000000e+02 3.310786224821312373e+01 1.517021875676846321e+02
2.550000000000000000e+02 3.325969244097898780e+01 1.522313190383365793e+02
2.549997834091401216e+02 3.445170023824994843e+01 1.528526099198613792e+02
2.549998917045700750e+02 3.502544942603422129e+01 1.522526532380333606e+02
2.549996751137101967e+02 3.618810916179337056e+01 1.539038336582196109e+02
2.550000000000000000e+02 3.667067359757417933e+01 1.534824561403508767e+02
2.549983755685510118e+02 3.736852934806151438e+01 1.562116092700888146e+02
2.549996751137101967e+02 3.711652588260775332e+01 1.567669482347844792e+02
2.550000000000000000e+02 3.783484946935239179e+01 1.551397011046133798e+02
2.549996751137101967e+02 3.846805284816980475e+01 1.566485813298678806e+02
2.549994585228503468e+02 3.939083820662767721e+01 1.585429932856833375e+02
2.550000000000000000e+02 4.018442711717565174e+01 1.585866363439462816e+02
2.550000000000000000e+02 4.200162443144899527e+01 1.603909465020576022e+02
2.549998917045700750e+02 4.296480398527182132e+01 1.611326619016677455e+02
2.549983755685510118e+02 4.133593242365171960e+01 1.593836907082521179e+02
2.549998917045700750e+02 3.594217024041585518e+01 1.542619666450075897e+02
2.549996751137101967e+02 2.920186268139484653e+01 1.505928091834524594e+02
2.549994585228503468e+02 2.767392246047216631e+01 1.480204678362572963e+02
2.549955598873727638e+02 2.685011912497292741e+01 1.458752436647173454e+02
2.549997834091401216e+02 2.679434697855750613e+01 1.492606670998483764e+02
2.549970760233918270e+02 2.690751570283734040e+01 1.485240415854451044e+02
2.549983755685510118e+02 2.690859865713666821e+01 1.474101147931557421e+02
2.550000000000000000e+02 2.883582412822178753e+01 1.490554472601256180e+02
2.549992419319904684e+02 2.988802252544942561e+01 1.498060428849902621e+02
2.549998917045700750e+02 2.991596274637210229e+01 1.501281134936105559e+02
2.550000000000000000e+02 3.013341996967728065e+01 1.481682910981156454e+02
2.549994585228503468e+02 3.111728395061728492e+01 1.498926792289365437e+02
2.549990253411306185e+02 3.235271821529131131e+01 1.523037686809616673e+02
2.549964262508122204e+02 3.316493393978774407e+01 1.512124756335282711e+02
2.550000000000000000e+02 3.394606887589343813e+01 1.524874377301277946e+02
2.549996751137101967e+02 3.547335932423651883e+01 1.539423868312757122e+02
2.549980506822612085e+02 3.646935239332900380e+01 1.549015594541910446e+02
2.549994585228503468e+02 3.687221139267922609e+01 1.551363439462854785e+02
2.549992419319904684e+02 3.787416071041801757e+01 1.568413471951483587e+02
2.549993502274203934e+02 3.771745722330517481e+01 1.583610569633961518e+02
2.549995668182802717e+02 3.958988520684427215e+01 1.574501841022308781e+02
2.549994585228503468e+02 3.969969677279618736e+01 1.578175222005631326e+02
2.549998917045700750e+02 4.073359324236517409e+01 1.554223521767381442e+02
2.549995668182802717e+02 4.077734459605804318e+01 1.589394628546675392e+02
2.549993502274203934e+02 4.189246263807667248e+01 1.594622048949534303e+02
2.549994585228503468e+02 4.291455490578297827e+01 1.617563352826510652e+02
2.550000000000000000e+02 4.250184102230885941e+01 1.605179770413688516e+02
2.549993502274203934e+02 3.631882174572233168e+01 1.558871561620099726e+02
2.549997834091401216e+02 2.810179770413688516e+01 1.493879142300195042e+02
2.549997834091401216e+02 2.526987221139268058e+01 1.462027290448343138e+02
2.550000000000000000e+02 2.385076889755252338e+01 1.440044401126272362e+02
2.549992419319904684e+02 2.264858132986788064e+01 1.448544509421702458e+02
2.550000000000000000e+02 2.144585228503357044e+01 1.426620099631795426e+02
2.549998917045700750e+02 2.231459822395494896e+01 1.422868745938921506e+02
2.549984838639809368e+02 2.353682044617717040e+01 1.436040719081654800e+02
2.550000000000000000e+02 2.486636343946285521e+01 1.439169374052414980e+02
2.549998917045700750e+02 2.567208143816331045e+01 1.452025124539744354e+02
2.549992419319904684e+02 2.546209659952350179e+01 1.444789906865930220e+02
2.549997834091401216e+02 2.615876110028156987e+01 1.437414988087502650e+02
2.550000000000000000e+02 2.689148797920727674e+01 1.459047000216590959e+02
2.550000000000000000e+02 2.781979640459172742e+01 1.493949534329651385e+02
2.549987004548408152e+02 2.910905349794238717e+01 1.489629629629629619e+02
2.549980506822612085e+02 3.017868745938921293e+01 1.502022958631145855e+02
2.550000000000000000e+02 3.184210526315789380e+01 1.514965345462421453e+02
2.549987004548408152e+02 3.251873510937838319e+01 1.534615551223738237e+02
2.549983755685510118e+02 3.404039419536495359e+01 1.524246263807667390e+02
2.550000000000000000e+02 3.484178037686809404e+01 1.541711067792939218e+02
2.549995668182802717e+02 3.552566601689408543e+01 1.563833658219623146e+02
2.549989170457006651e+02 3.677073857483214425e+01 1.587117175655187395e+02
2.549995668182802717e+02 3.756486896252977914e+01 1.571982889322070491e+02
2.550000000000000000e+02 3.864338314923110573e+01 1.562347844920944340e+02
2.549985921594108618e+02 3.872687892570933599e+01 1.590267489711934275e+02
2.549994585228503468e+02 4.055079055663851051e+01 1.585942170240415976e+02
2.549998917045700750e+02 4.160017327268788989e+01 1.619579813731860440e+02
2.549981589776911335e+02 4.232542776694823772e+01 1.612887156162009887e+02
2.549989170457006651e+02 4.351375351960147242e+01 1.623189300411522709e+02
2.549987004548408152e+02 4.009963179553822954e+01 1.598464370803552015e+02
2.549996751137101967e+02 3.225167857916395775e+01 1.523443794671864850e+02
2.549987004548408152e+02 2.530214424951267205e+01 1.468779510504656685e+02
2.549980506822612085e+02 2.284178037686809759e+01 1.434233268356075257e+02
2.549996751137101967e+02 2.140134286333116620e+01 1.445531730560970232e+02
2.549980506822612085e+02 2.136365605371453213e+01 1.440192765865280364e+02
2.549989170457006651e+02 2.051256226987221254e+01 1.419709768247780062e+02
2.549984838639809368e+02 2.064424951267056585e+01 1.422264457439896148e+02
2.549991336365605434e+02 2.321030972492960842e+01 1.439752003465453640e+02
2.549994585228503468e+02 2.368031189083820820e+01 1.447850335715832841e+02
2.549998917045700750e+02 2.346263807667316570e+01 1.449142300194931750e+02
2.549989170457006651e+02 2.329618800086636199e+01 1.447001299545159156e+02
2.550000000000000000e+02 2.401180420186268094e+01 1.447314273337665043e+02
2.550000000000000000e+02 2.516612518951700395e+01 1.456923326835607497e+02
2.550000000000000000e+02 2.694000433181719600e+01 1.468999350227420280e+02
2.549958847736625387e+02 2.863883474117392325e+01 1.477215724496426219e+02
2.549993502274203934e+02 2.980593458956031938e+01 1.499644790989820251e+02
2.549981589776911335e+02 3.198992852501624284e+01 1.500810049815897855e+02
2.549990253411306185e+02 3.300097465886939574e+01 1.509850552306692748e+02
2.549989170457006651e+02 3.476229153129737881e+01 1.540226337448559661e+02
2.549985921594108618e+02 3.589993502274204218e+01 1.555225254494260412e+02
2.549997834091401216e+02 3.723099415204678309e+01 1.566448992852501760e+02
2.549962096599523420e+02 3.863721030972492798e+01 1.585755902100931394e+02
2.549997834091401216e+02 4.025243664717348935e+01 1.588267273121074368e+02
2.550000000000000000e+02 4.066190166774961767e+01 1.594405458089668741e+02
2.549990253411306185e+02 4.262941303876976207e+01 1.607888239116309421e+02
2.549955598873727638e+02 4.272038119991336202e+01 1.595346545375785183e+02
2.550000000000000000e+02 4.378589993502274069e+01 1.608222871994801721e+02
2.549998917045700750e+02 4.413699371886506384e+01 1.620742906649339261e+02
2.549992419319904684e+02 4.536593025774312338e+01 1.617621832358674396e+02
2.550000000000000000e+02 4.659324236517218765e+01 1.618575915096382971e+02
2.550000000000000000e+02 4.637199480181936195e+01 1.627282867662984529e+02
2.549989170457006651e+02 4.101992635910764307e+01 1.600837123673381086e+02
2.550000000000000000e+02 3.271312540610786357e+01 1.536465237166991642e+02
2.549996751137101967e+02 2.705263157894736992e+01 1.486617933723196927e+02
2.549995668182802717e+02 2.530095299978340861e+01 1.441258392895819895e+02
2.549998917045700750e+02 2.430485163526099157e+01 1.454624214858133087e+02
2.549992419319904684e+02 2.382250379034004695e+01 1.438246696989386919e+02
2.549993502274203934e+02 2.410396361273554433e+01 1.443500108295429811e+02
2.549990253411306185e+02 2.518236950400693175e+01 1.442413905133203400e+02
2.549996751137101967e+02 2.669189950184102145e+01 1.469246263807667390e+02
2.549997834091401216e+02 2.752729044834308070e+01 1.465432098765432158e+02
2.549998917045700750e+02 2.795159194282001280e+01 1.469143383149230999e+02
2.550000000000000000e+02 2.833582412822178753e+01 1.492964045917262297e+02
2.549996751137101967e+02 3.039950184102231034e+01 1.479823478449209517e+02
2.549992419319904684e+02 3.154093567251462105e+01 1.490708252111760999e+02
2.550000000000000000e+02 3.237102014294996621e+01 1.519929607970543657e+02
2.549995668182802717e+02 3.370565302144249387e+01 1.525772146415421275e+02
2.550000000000000000e+02 3.481004981589777003e+01 1.537866580030322723e+02
2.549985921594108618e+02 3.560212259042668137e+01 1.541902750703920333e+02
2.549992419319904684e+02 3.694162876326618772e+01 1.553814165042235231e+02
2.550000000000000000e+02 3.746209659952349824e+01 1.556987221139268058e+02
2.549994585228503468e+02 3.820987654320987303e+01 1.575698505523066899e+02
2.549985921594108618e+02 3.907851418670131949e+01 1.582254710851202049e+02
2.549989170457006651e+02 4.003920294563569371e+01 1.578005198180636910e+02
2.549995668182802717e+02 4.063374485596708041e+01 1.606038553173056016e+02
2.549984838639809368e+02 4.229012345679012697e+01 1.602884990253411388e+02
2.549978340914013302e+02 4.232748538011696127e+01 1.614314489928524949e+02
2.549997834091401216e+02 4.321940654104396629e+01 1.612648906216157627e+02
2.549996751137101967e+02 4.427257959714100366e+01 1.616712150747238468e+02
2.549997834091401216e+02 4.490534979423868123e+01 1.648588910547974820e+02
2.549990253411306185e+02 4.641726229153129424e+01 1.646658003032272006e+02
2.549994585228503468e+02 4.404331817197314081e+01 1.644013428633311662e+02
2.549981589776911335e+02 3.694866796621182914e+01 1.573444877626164100e+02
2.549985921594108618e+02 3.075438596491228083e+01 1.524690275070392147e+02
2.549994585228503468e+02 2.741141433831492336e+01 1.485093134069742291e+02
2.549991336365605434e+02 2.724583062594758331e+01 1.490827377084686987e+02
2.550000000000000000e+02 2.689896036387264289e+01 1.474644790989820251e+02
2.549998917045700750e+02 2.630918345245830636e+01 1.490414771496642743e+02
2.549980506822612085e+02 2.708403725362789771e+01 1.494998917045700750e+02
2.549996751137101967e+02 2.855089885206844258e+01 1.499118475200346552e+02
2.550000000000000000e+02 2.945007580680095316e+01 1.529198613818496995e+02
2.549998917045700750e+02 2.953530431015811075e+01 1.525412605588044244e+02
2.550000000000000000e+02 3.044346978557504713e+01 1.507865497076023473e+02
2.549998917045700750e+02 3.049815897769114059e+01 1.522512453974442224e+02
2.549994585228503468e+02 3.225297812432315681e+01 1.516764132553606146e+02
2.549970760233918270e+02 3.249826727312107266e+01 1.533609486679661984e+02
2.549970760233918270e+02 3.383723196881091866e+01 1.533728611652588256e+02
2.550000000000000000e+02 3.471312540610786357e+01 1.557346761966645090e+02
2.549987004548408152e+02 3.574864630712583846e+01 1.571036387264457517e+02
2.549996751137101967e+02 3.613038769763915781e+01 1.564294996751137035e+02
2.549992419319904684e+02 3.707461555122373653e+01 1.550618366904916741e+02
2.549998917045700750e+02 3.710732077106346338e+01 1.569369720597790661e+02
2.549984838639809368e+02 3.839668615984405164e+01 1.575086636343946225e+02
2.549990253411306185e+02 3.845310807883907245e+01 1.582266623348494647e+02
2.549985921594108618e+02 3.975806800952999964e+01 1.582696556205328022e+02
2.549993502274203934e+02 4.073781676413255326e+01 1.581183669049165985e+02
2.549996751137101967e+02 4.145863114576565067e+01 1.607881741390513355e+02
2.549998917045700750e+02 4.271388347411739517e+01 1.618148148148148096e+02
2.549992419319904684e+02 4.422958631145765906e+01 1.621492311024474873e+02
2.549993502274203934e+02 4.491867013212042536e+01 1.643820662768031298e+02
2.550000000000000000e+02 3.966200996317955685e+01 1.594047000216590959e+02
2.550000000000000000e+02 3.084502923976608102e+01 1.534316655837123733e+02
2.549996751137101967e+02 2.618356075373619163e+01 1.496451158761100260e+02
2.550000000000000000e+02 2.429575481914663371e+01 1.465027073857483231e+02
2.549995668182802717e+02 2.419189950184102145e+01 1.450844704353476402e+02
2.550000000000000000e+02 2.325341130604288509e+01 1.463638726445743998e+02
2.549997834091401216e+02 2.258132986787957464e+01 1.453039852718215172e+02
2.549998917045700750e+02 2.331405674680528506e+01 1.457222222222222285e+02
2.549996751137101967e+02 2.416515053064760821e+01 1.435948667966211758e+02
2.549990253411306185e+02 2.405761316872428068e+01 1.474565735325969342e+02
2.549997834091401216e+02 2.485044401126272362e+01 1.449852718215291247e+02
2.549988087502707401e+02 2.517771280051981719e+01 1.452951050465670448e+02
2.549995668182802717e+02 2.614056746805284703e+01 1.461110028156811893e+02
2.550000000000000000e+02 2.722687892570933599e+01 1.462170240415854323e+02
2.549995668182802717e+02 2.865778644141217413e+01 1.489570067143166625e+02
2.550000000000000000e+02 2.963645224171539994e+01 1.500923760017327311e+02
2.549996751137101967e+02 3.040610786224821283e+01 1.492851418670132091e+02
2.549997834091401216e+02 3.167132337015377885e+01 1.532370586961230288e+02
2.549988087502707401e+02 3.257591509638293559e+01 1.530930257743123377e+02
2.549991336365605434e+02 3.355425601039635808e+01 1.543575915096382971e+02
2.550000000000000000e+02 3.432510288065843440e+01 1.554532163742690045e+02
2.549994585228503468e+02 3.501678579163959171e+01 1.545392029456357079e+02
2.549991336365605434e+02 3.601905999566817940e+01 1.558566168507688872e+02
2.550000000000000000e+02 3.718886722980290216e+01 1.577189733593242238e+02
2.550000000000000000e+02 3.825644357808100438e+01 1.586705653021442401e+02
2.549963179553822954e+02 3.953963612735542910e+01 1.605457006714316606e+02
2.549996751137101967e+02 4.103855317305609418e+01 1.612499458522850375e+02
2.549991336365605434e+02 4.070868529348061315e+01 1.607807017543859729e+02
2.550000000000000000e+02 4.188813082087936124e+01 1.612970543643058363e+02
2.549988087502707401e+02 4.277528698288931963e+01 1.620043318171973112e+02
2.549997834091401216e+02 4.291455490578297827e+01 1.640576131687242878e+02
2.549992419319904684e+02 3.978492527615334495e+01 1.604421702404158623e+02
2.549995668182802717e+02 3.172980290231752321e+01 1.537910981156595085e+02
2.549992419319904684e+02 2.542354342646740406e+01 1.471596274637210229e+02
2.549997834091401216e+02 2.265897769114143401e+01 1.443789257093350784e+02
2.549993502274203934e+02 2.174409789906865953e+01 1.452122590426683928e+02
2.550000000000000000e+02 2.163212042451808514e+01 1.451113277019709642e+02
2.549992419319904684e+02 2.123467619666450190e+01 1.442894736842105203e+02
2.549997834091401216e+02 2.211955815464587261e+01 1.451032055447260234e+02
2.549991336365605434e+02 2.381145765648689760e+01 1.462401992635910801e+02
2.550000000000000000e+02 2.496404591726229327e+01 1.453036603855317423e+02
2.549995668182802717e+02 2.537253627896902586e+01 1.472191899501841021e+02
2.549991336365605434e+02 2.567998700454840844e+01 1.497878492527615322e+02
2.549981589776911335e+02 2.680073640892354447e+01 1.488983105912930398e+02
2.549994585228503468e+02 2.830322720381199986e+01 1.497893653887805954e+02
2.549995668182802717e+02 2.920911847520034499e+01 1.530683344162876267e+02
2.550000000000000000e+02 3.090989820229586371e+01 1.538151397011046129e+02
2.549979423868312836e+02 3.204342646740307288e+01 1.541016894087069602e+02
2.550000000000000000e+02 3.350563136235651029e+01 1.547966211825861080e+02
2.549984838639809368e+02 3.380940004331817050e+01 1.548353909465020593e+02
2.549988087502707401e+02 3.452523283517435715e+01 1.552146415421269126e+02
2.549998917045700750e+02 3.481968810916179535e+01 1.560090968161143508e+02
2.549997834091401216e+02 3.649036170673597468e+01 1.584593892137751823e+02
2.549978340914013302e+02 3.746729478016028025e+01 1.579002599090318313e+02
2.549993502274203934e+02 3.785206844271171889e+01 1.574932856833441690e+02
2.549993502274203934e+02 3.909302577431232351e+01 1.574915529564652275e+02
2.549987004548408152e+02 3.873445960580463776e+01 1.577177821095949639e+02
2.549997834091401216e+02 3.958208793588910623e+01 1.608434048083170751e+02
2.549995668182802717e+02 4.076077539527832272e+01 1.603621399176954867e+02
2.549993502274203934e+02 4.135196014728178682e+01 1.630338964695689867e+02
2.550000000000000000e+02 4.232932640242582067e+01 1.632875243664717289e+02
2.549997834091401216e+02 4.337697639159627272e+01 1.636354775828459935e+02
2.550000000000000000e+02 4.189040502490794893e+01 1.622792939137968347e+02
2.550000000000000000e+02 3.509811565951916634e+01 1.577176738141650389e+02
2.549996751137101967e+02 2.914208360407190668e+01 1.515297812432315254e+02
2.549977257959714052e+02 2.597021875676846392e+01 1.507724713017110787e+02
2.550000000000000000e+02 2.573023608403725504e+01 1.484095733160060604e+02
2.549985921594108618e+02 2.541856183669049329e+01 1.505317305609703169e+02
2.549993502274203934e+02 2.467619666450075755e+01 1.488395061728394921e+02
2.550000000000000000e+02 2.497953216374268948e+01 1.499964262508122204e+02
2.549996751137101967e+02 2.653617067359757442e+01 1.484943686376435039e+02
2.549983755685510118e+02 2.688055014078405947e+01 1.505987654320987588e+02
2.549993502274203934e+02 2.660266406757634883e+01 1.498372319688109258e+02
2.549991336365605434e+02 2.719525666016894050e+01 1.509056746805284774e+02
2.550000000000000000e+02 2.738704786658002988e+01 1.499175871778211047e+02
2.550000000000000000e+02 2.842213558587827649e+01 1.521935239332900096e+02
2.549998917045700750e+02 2.972113926792289362e+01 1.523512020792722410e+02
2.549998917045700750e+02 3.116709984838639969e+01 1.533508771929824661e+02
2.550000000000000000e+02 3.207840589127138742e+01 1.545349794238683216e+02
2.550000000000000000e+02 3.277214641542126827e+01 1.584083820662768005e+02
2.549989170457006651e+02 3.334080571799869830e+01 1.578220706086203222e+02
2.550000000000000000e+02 3.406421918995018672e+01 1.572721464154212754e+02
2.550000000000000000e+02 3.446177171323370203e+01 1.578927875243664687e+02
2.549991336365605434e+02 3.550530647606670698e+01 1.575635694173705872e+02
2.550000000000000000e+02 3.611100281568117509e+01 1.585424518085336842e+02
2.549997834091401216e+02 3.716244314489928513e+01 1.593191466320121208e+02
2.549979423868312836e+02 3.803086419753086744e+01 1.595074723846653626e+02
2.549992419319904684e+02 3.889646956898418750e+01 1.615095299978340790e+02
2.549964262508122204e+02 3.957461555122373653e+01 1.603004115226337376e+02
2.549996751137101967e+02 4.041423001949317495e+01 1.619353476283300779e+02
2.549998917045700750e+02 4.200476499891704663e+01 1.634197530864197461e+02
2.549993502274203934e+02 4.122200563136235729e+01 1.629554905782975993e+02
2.549996751137101967e+02 3.455057396577864637e+01 1.596521550790556603e+02
2.550000000000000000e+02 2.799685943253194864e+01 1.524390296729478109e+02
2.550000000000000000e+02 2.363439462854667639e+01 1.491337448559670804e+02
2.549997834091401216e+02 2.309443361490145108e+01 1.474031838856400327e+02
2.549998917045700750e+02 2.304050249079488921e+01 1.482133419969677277e+02
2.550000000000000000e+02 2.236192332683560835e+01 1.482897985705003236e+02
2.549994585228503468e+02 2.263753519601472775e+01 1.485756985055230643e+02
2.549972926142516769e+02 2.401732726878925561e+01 1.495001082954299250e+02
2.549977257959714052e+02 2.538672298029023011e+01 1.525418020359540776e+02
2.549993502274203934e+02 2.563786008230452751e+01 1.499829976175005299e+02
2.549990253411306185e+02 2.554819146632012306e+01 1.502104180203595547e+02
2.550000000000000000e+02 2.563666883257526408e+01 1.494158544509421631e+02
2.549972926142516769e+02 2.649805068226120852e+01 1.509736842105263293e+02
2.549978340914013302e+02 2.812768031189083828e+01 1.525907515702837429e+02
2.549996751137101967e+02 2.969059995668182950e+01 1.540061728395061778e+02
