2.550000000000000000e+02 2.179715821812596133e+01 2.013791090629800351e+02
2.549983870967741950e+02 1.883809523809523867e+01 2.106530721966205704e+02
2.549983102918586724e+02 6.809216589861750890e+01 2.205458525345622149e+02
2.549997695852534605e+02 6.386520737327188613e+01 2.200333333333333314e+02
2.550000000000000000e+02 1.032761904761904788e+02 2.261798771121351876e+02
2.550000000000000000e+02 1.063359447004608285e+02 2.256912442396313452e+02
2.550000000000000000e+02 1.107811059907834164e+02 2.280302611367127383e+02
2.549989247311827967e+02 1.121754992319508517e+02 2.287484639016897177e+02
2.549996927803379378e+02 1.134301843317972356e+02 2.285646697388632731e+02
2.549979262672811160e+02 1.151546082949308811e+02 2.286671274961597646e+02
2.549994623655913983e+02 1.155417050691244185e+02 2.295753456221198121e+02
2.549993855606758757e+02 1.161131336405530021e+02 2.300721198156682021e+02
2.549992319508448588e+02 1.170615975422427084e+02 2.295979262672811103e+02
2.550000000000000000e+02 1.178553763440860251e+02 2.295973118279569860e+02
2.550000000000000000e+02 1.177935483870967772e+02 2.295317204301075265e+02
2.549997695852534605e+02 1.186348694316436223e+02 2.298271121351766624e+02
2.549996159754224152e+02 1.185062211981566804e+02 2.297441628264209044e+02
2.549989247311827967e+02 1.120809523809523824e+02 2.274293394777265860e+02
2.549994623655913983e+02 9.100844854070660972e+01 2.237801075268817215e+02
2.549997695852534605e+02 7.045998463901689490e+01 2.175619047619047706e+02
2.549999231950844774e+02 7.006344086021505291e+01 2.176784946236559222e+02
2.549992319508448588e+02 7.937411674347158907e+01 2.194895545314900289e+02
2.549993087557603815e+02 8.935622119815668896e+01 2.218339477726574387e+02
2.549995391705069210e+02 9.602657450076804935e+01 2.242795698924731198e+02
2.549983870967741950e+02 1.008084485407066069e+02 2.252087557603686605e+02
2.549978494623655934e+02 1.024077572964669685e+02 2.263406298003072266e+02
2.549976958525345481e+02 1.033310291858678909e+02 2.261414746543778733e+02
2.549984639016897177e+02 1.037913978494623706e+02 2.257550691244239545e+02
2.549995391705069210e+02 1.046082181259600645e+02 2.262556835637480788e+02
2.550000000000000000e+02 1.063502304147465480e+02 2.261473118279569974e+02
2.549996927803379378e+02 1.087781874039938543e+02 2.270736559139784845e+02
2.549976190476190538e+02 1.109437788018433224e+02 2.278576804915514629e+02
2.549997695852534605e+02 1.136673579109063041e+02 2.283592933947772678e+02
2.549995391705069210e+02 1.157062980030721917e+02 2.287478494623655934e+02
2.549999231950844774e+02 1.186442396313364043e+02 2.284979262672811160e+02
2.549999231950844774e+02 1.192642857142857196e+02 2.292264208909370211e+02
2.550000000000000000e+02 1.196027649769585253e+02 2.289431643625192123e+02
2.549997695852534605e+02 1.202539938556067654e+02 2.291915514592934073e+02
2.549997695852534605e+02 1.206317972350230434e+02 2.292993087557603644e+02
2.550000000000000000e+02 1.210837173579109134e+02 2.293432411674347122e+02
2.549999231950844774e+02 1.221367895545314894e+02 2.290200460829493068e+02
2.550000000000000000e+02 1.206521505376344123e+02 2.290911674347158282e+02
2.549998463901689831e+02 1.131770353302611340e+02 2.270029953917050705e+02
2.549991551459293362e+02 9.213264208909370723e+01 2.211993855606758927e+02
2.550000000000000000e+02 7.455376344086020879e+01 2.161070660522273386e+02
2.549998463901689831e+02 7.497188940092165410e+01 2.160850998463901647e+02
2.549993087557603815e+02 8.116835637480798482e+01 2.190845622119815630e+02
2.549988479262672740e+02 8.725768049155145434e+01 2.206540706605222795e+02
2.549985407066052119e+02 9.225414746543778222e+01 2.217953149001536133e+02
2.549996927803379378e+02 9.658317972350229752e+01 2.229102918586789599e+02
2.549998463901689831e+02 1.010262672811059872e+02 2.234278033794162752e+02
2.549990015360983193e+02 1.020802611367127497e+02 2.240559139784946296e+02
2.550000000000000000e+02 1.012341781874039981e+02 2.244890168970814273e+02
2.550000000000000000e+02 1.026678955453149058e+02 2.247492319508448588e+02
2.550000000000000000e+02 1.047136712749615981e+02 2.252994623655914097e+02
2.549987711213517798e+02 1.073913210445468565e+02 2.256371735791090600e+02
2.549998463901689831e+02 1.106242703533026059e+02 2.257368663594469922e+02
2.549999231950844774e+02 1.123109831029185841e+02 2.268630568356374795e+02
2.549984639016897177e+02 1.156056067588325647e+02 2.267285714285714278e+02
2.550000000000000000e+02 1.171185099846390187e+02 2.277033026113671212e+02
2.549994623655913983e+02 1.188243471582181314e+02 2.283213517665130610e+02
2.550000000000000000e+02 1.195651305683563805e+02 2.280463133640552940e+02
2.549996927803379378e+02 1.209980030721966244e+02 2.276887096774193537e+02
2.549997695852534605e+02 1.209002304147465452e+02 2.280366359447004641e+02
2.550000000000000000e+02 1.213874039938556137e+02 2.285322580645161281e+02
2.549994623655913983e+02 1.225043778801843359e+02 2.287360983102918510e+02
2.550000000000000000e+02 1.223274193548387103e+02 2.289565284178187312e+02
2.550000000000000000e+02 1.144096006144393272e+02 2.263031490015360987e+02
2.550000000000000000e+02 8.860952380952380736e+01 2.200884024577572973e+02
2.549978494623655934e+02 6.812089093701996489e+01 2.145307987711213400e+02
2.549996927803379378e+02 6.644216589861751743e+01 2.131274193548387075e+02
2.549998463901689831e+02 7.042165898617511743e+01 2.147577572964669628e+02
2.549993855606758757e+02 7.533509984639016466e+01 2.158877880184331843e+02
2.549995391705069210e+02 7.864792626728110747e+01 2.167575268817204233e+02
2.550000000000000000e+02 8.263425499231951221e+01 2.191344086021505291e+02
2.549993855606758757e+02 8.988686635944699788e+01 2.202066820276497765e+02
2.549999231950844774e+02 9.415499231950845171e+01 2.211619815668202875e+02
2.549999231950844774e+02 9.676251920122888350e+01 2.211932411674347065e+02
2.550000000000000000e+02 9.844631336405529964e+01 2.220526881720430197e+02
2.549999231950844774e+02 1.021676651305683521e+02 2.228906298003072095e+02
2.549984639016897177e+02 1.057077572964669798e+02 2.236901689708141419e+02
2.549992319508448588e+02 1.084347926267281110e+02 2.252385560675883198e+02
2.549995391705069210e+02 1.126111367127496123e+02 2.256917818740399468e+02
2.549998463901689831e+02 1.154914746543778818e+02 2.263809523809523796e+02
2.549997695852534605e+02 1.172923963133640513e+02 2.267075268817204403e+02
2.550000000000000000e+02 1.192650537634408607e+02 2.271915514592934073e+02
2.550000000000000000e+02 1.201860983102918539e+02 2.269374039938556109e+02
2.549989247311827967e+02 1.206334869431643568e+02 2.272716589861751117e+02
2.549988479262672740e+02 1.212491551459293362e+02 2.270093701996927678e+02
2.549993087557603815e+02 1.218486943164362515e+02 2.272937788018433309e+02
2.549992319508448588e+02 1.220364055299539103e+02 2.276631336405529851e+02
2.550000000000000000e+02 1.235927035330261106e+02 2.272059907834101296e+02
2.549999231950844774e+02 1.244580645161290278e+02 2.273700460829493011e+02
2.549994623655913983e+02 1.250804147465437808e+02 2.271554531490015449e+02
2.550000000000000000e+02 1.233578341013824939e+02 2.267327956989247184e+02
2.549997695852534605e+02 1.099407066052227293e+02 2.238086789554531606e+02
2.549993855606758757e+02 8.033540706605222681e+01 2.165869431643625092e+02
2.549984639016897177e+02 6.733010752688171863e+01 2.128315668202764925e+02
2.549996927803379378e+02 7.046766513056836345e+01 2.126249615975422387e+02
2.549998463901689831e+02 7.745076804915514401e+01 2.145504608294930904e+02
2.549991551459293362e+02 8.061620583717358102e+01 2.159778801843318092e+02
2.550000000000000000e+02 8.353579109062980024e+01 2.173674347158218154e+02
2.549994623655913983e+02 9.019600614439323749e+01 2.190576036866359573e+02
2.549998463901689831e+02 9.478302611367126929e+01 2.201549923195084375e+02
2.550000000000000000e+02 9.679892473118279383e+01 2.205824116743471563e+02
2.549979262672811160e+02 9.828341013824885408e+01 2.215324884792626676e+02
2.549995391705069210e+02 1.000422427035330202e+02 2.219986943164362572e+02
2.550000000000000000e+02 1.027046850998463867e+02 2.219612135176651293e+02
2.550000000000000000e+02 1.053639016897081433e+02 2.232931643625192066e+02
2.549994623655913983e+02 1.078682027649769566e+02 2.243119815668202648e+02
2.549986175115207345e+02 1.107689708141321034e+02 2.239592165898617395e+02
2.549992319508448588e+02 1.129058371735791155e+02 2.249201228878648351e+02
2.549997695852534605e+02 1.147564516129032199e+02 2.255913978494623677e+02
2.549993855606758757e+02 1.160965437788018448e+02 2.249892473118279668e+02
2.549997695852534605e+02 1.161404761904761926e+02 2.254890937019969215e+02
2.549982334869431781e+02 1.178332565284178202e+02 2.261957757296466980e+02
2.549994623655913983e+02 1.185924731182795711e+02 2.258405529953917039e+02
2.549996927803379378e+02 1.196019969278033841e+02 2.266917050691244242e+02
2.549986175115207345e+02 1.210894777265745006e+02 2.263746543778801765e+02
2.549988479262672740e+02 1.214282642089093684e+02 2.261547619047618980e+02
2.549998463901689831e+02 1.234829493087557637e+02 2.264798003072196479e+02
2.549998463901689831e+02 1.243350230414746562e+02 2.274675883256528550e+02
2.549998463901689831e+02 1.215687403993855611e+02 2.260927803379416332e+02
2.550000000000000000e+02 1.054895545314900147e+02 2.220423195084485428e+02
2.550000000000000000e+02 7.910998463901690059e+01 2.149041474654378021e+02
2.550000000000000000e+02 7.105975422427034971e+01 2.138050691244239658e+02
2.549999231950844774e+02 7.523417818740399809e+01 2.139037634408602173e+02
2.549993855606758757e+02 8.182219662058371057e+01 2.157792626728110577e+02
2.549987711213517798e+02 8.593310291858678340e+01 2.174914746543778676e+02
2.550000000000000000e+02 9.108294930875575801e+01 2.190630568356374681e+02
2.550000000000000000e+02 9.773901689708141305e+01 2.193226574500768038e+02
2.549993855606758757e+02 1.007750384024577528e+02 2.208005376344086130e+02
2.550000000000000000e+02 1.021924731182795654e+02 2.208222734254992190e+02
2.549997695852534605e+02 1.028761136712749646e+02 2.213612903225806576e+02
2.550000000000000000e+02 1.040406298003072152e+02 2.216463133640552883e+02
2.549996159754224152e+02 1.064708141321044508e+02 2.227468509984639127e+02
2.549993855606758757e+02 1.093014592933947711e+02 2.231421658986175203e+02
2.550000000000000000e+02 1.123298771121351791e+02 2.239314900153609926e+02
2.549998463901689831e+02 1.148101382488479203e+02 2.247895545314900119e+02
2.549990783410138135e+02 1.169754992319508489e+02 2.252448540706605229e+02
2.549990783410138135e+02 1.184873271889400854e+02 2.257265745007680380e+02
2.549997695852534605e+02 1.197585253456221182e+02 2.260267281105990662e+02
2.550000000000000000e+02 1.203809523809523796e+02 2.255850998463901647e+02
2.550000000000000000e+02 1.210550691244239658e+02 2.259652073732718804e+02
2.550000000000000000e+02 1.212414746543778818e+02 2.259500768049155113e+02
2.550000000000000000e+02 1.225121351766512987e+02 2.261841781874040009e+02
2.550000000000000000e+02 1.233981566820276470e+02 2.264030721966205704e+02
2.550000000000000000e+02 1.233515360983102909e+02 2.261232718894009110e+02
2.550000000000000000e+02 1.248527649769585253e+02 2.263221198156682021e+02
2.549996159754224152e+02 1.243649001536098240e+02 2.264717357910906230e+02
2.550000000000000000e+02 1.253440092165898676e+02 2.260978494623655877e+02
2.550000000000000000e+02 1.241346390168970828e+02 2.252544546850998586e+02
2.550000000000000000e+02 1.125702764976958576e+02 2.226286482334869561e+02
2.549986943164362572e+02 8.017772657450076679e+01 2.139032258064516157e+02
2.549997695852534605e+02 6.296605222734255136e+01 2.090048387096774150e+02
2.549996927803379378e+02 6.286559139784946382e+01 2.085426267281106050e+02
2.550000000000000000e+02 6.705161290322580214e+01 2.109431643625192123e+02
2.549987711213517798e+02 6.967196620583717959e+01 2.117498463901689831e+02
2.549997695852534605e+02 7.025437788018433594e+01 2.119404761904762040e+02
2.549996927803379378e+02 7.518940092165898648e+01 2.132168970814132081e+02
2.549998463901689831e+02 8.186551459293394828e+01 2.149875576036866391e+02
2.549992319508448588e+02 8.529339477726574614e+01 2.157149769585253409e+02
2.550000000000000000e+02 8.559408602150537604e+01 2.170073732718894064e+02
2.549997695852534605e+02 8.829047619047618412e+01 2.166410906298003169e+02
2.549999231950844774e+02 9.312864823348694188e+01 2.177800307219661988e+02
2.549996927803379378e+02 9.870330261136712124e+01 2.187573732718894064e+02
2.549993087557603815e+02 1.031762672811059929e+02 2.210750384024577500e+02
2.549993087557603815e+02 1.066940092165898619e+02 2.212440092165898591e+02
2.549990783410138135e+02 1.095900153609831023e+02 2.221367127496159810e+02
2.550000000000000000e+02 1.118107526881720446e+02 2.230705069124423972e+02
2.549980798771121329e+02 1.138785714285714334e+02 2.230549155145929205e+02
2.549993087557603815e+02 1.145476958525345594e+02 2.239115975422427027e+02
2.550000000000000000e+02 1.152076036866359487e+02 2.238637480798770980e+02
2.549985407066052119e+02 1.167794930875575972e+02 2.239286482334869390e+02
2.550000000000000000e+02 1.189570660522273471e+02 2.236119815668202762e+02
2.549999231950844774e+02 1.198899385560675910e+02 2.242152073732718804e+02
2.549999231950844774e+02 1.209897081413210458e+02 2.250461597542242771e+02
2.549998463901689831e+02 1.214536098310291834e+02 2.252955453149001528e+02
2.549995391705069210e+02 1.219069892473118273e+02 2.251747311827957105e+02
2.549994623655913983e+02 1.231746543778801879e+02 2.251501536098310225e+02
2.549993087557603815e+02 1.232882488479262690e+02 2.254956221198156641e+02
2.549996927803379378e+02 1.243192780337941628e+02 2.246886328725038311e+02
2.549996927803379378e+02 1.245528417818740365e+02 2.244952380952381077e+02
2.550000000000000000e+02 1.245963901689708138e+02 2.248966205837173504e+02
2.550000000000000000e+02 1.191492319508448503e+02 2.237327188940092242e+02
2.550000000000000000e+02 9.432872503840245315e+01 2.178142089093701941e+02
2.549992319508448588e+02 6.358494623655914069e+01 2.080500768049155056e+02
2.549999231950844774e+02 5.628394777265744864e+01 2.067519969278033898e+02
2.550000000000000000e+02 5.898410138248848256e+01 2.077617511520737423e+02
2.549997695852534605e+02 6.420829493087558149e+01 2.097105990783410050e+02
2.549998463901689831e+02 6.715161290322581067e+01 2.109405529953916982e+02
2.550000000000000000e+02 6.997334869431644222e+01 2.109735791090629675e+02
2.549997695852534605e+02 7.551021505376344578e+01 2.119912442396313281e+02
2.550000000000000000e+02 7.845023041474654235e+01 2.136926267281106107e+02
2.550000000000000000e+02 7.883525345622119573e+01 2.145680491551459284e+02
2.549999231950844774e+02 8.009416282642088447e+01 2.148475422427035255e+02
2.549996159754224152e+02 8.297388632872504388e+01 2.160589861751151943e+02
2.550000000000000000e+02 8.931682027649769395e+01 2.168042242703533020e+02
2.549998463901689831e+02 9.586405529953917437e+01 2.188963901689708109e+02
2.549990015360983193e+02 1.019765745007680522e+02 2.196632104454685077e+02
2.549996927803379378e+02 1.061603686635944683e+02 2.207966973886328788e+02
2.549995391705069210e+02 1.084844086021505376e+02 2.216197388632872389e+02
2.550000000000000000e+02 1.108522273425499236e+02 2.223435483870967744e+02
2.550000000000000000e+02 1.124898617511520769e+02 2.231895545314900176e+02
2.549991551459293362e+02 1.146712749615975468e+02 2.234870967741935601e+02
2.550000000000000000e+02 1.157233486943164422e+02 2.232658218125960161e+02
2.549990783410138135e+02 1.163734254992319563e+02 2.247124423963133779e+02
2.549998463901689831e+02 1.186879416282642126e+02 2.240890168970814216e+02
2.550000000000000000e+02 1.196444700460829438e+02 2.248738863287250354e+02
2.550000000000000000e+02 1.204460829493087601e+02 2.248429339477726501e+02
2.550000000000000000e+02 1.215072964669738838e+02 2.242998463901689661e+02
2.549999231950844774e+02 1.221989247311827995e+02 2.248400921658986249e+02
2.549997695852534605e+02 1.229139016897081405e+02 2.247622119815668214e+02
2.550000000000000000e+02 1.238204301075268887e+02 2.253514592933947824e+02
2.550000000000000000e+02 1.239449308755760342e+02 2.252081413210445362e+02
2.550000000000000000e+02 1.213031490015360987e+02 2.238527649769585253e+02
2.549998463901689831e+02 1.008114439324116773e+02 2.186982334869431668e+02
2.549983870967741950e+02 6.843586789554531435e+01 2.094712749615975440e+02
2.549995391705069210e+02 5.871820276497695801e+01 2.066208141321044423e+02
2.549990783410138135e+02 6.068986175115207260e+01 2.075668970814132024e+02
2.549994623655913983e+02 6.523241167434716203e+01 2.089777265745007639e+02
2.549996159754224152e+02 6.709331797235023487e+01 2.102503840245775848e+02
2.549983102918586724e+02 7.061559139784945671e+01 2.110829493087557580e+02
2.549987711213517798e+02 7.478279569892472978e+01 2.135339477726574557e+02
2.549999231950844774e+02 7.777427035330261162e+01 2.141654377880184370e+02
2.549998463901689831e+02 7.773440860215053760e+01 2.145273425499231905e+02
2.549991551459293362e+02 7.779639016897081660e+01 2.137540706605222738e+02
2.549997695852534605e+02 8.074869431643625717e+01 2.137470046082949295e+02
2.550000000000000000e+02 8.501221198156682135e+01 2.161437788018433253e+02
2.549996159754224152e+02 9.130215053763440380e+01 2.176396313364055288e+02
2.549998463901689831e+02 9.785921658986174521e+01 2.191404761904761926e+02
2.549994623655913983e+02 1.019375576036866420e+02 2.207158218125960047e+02
2.549995391705069210e+02 1.055856374807987663e+02 2.215708909370199819e+02
2.549969278033794069e+02 1.090780337941628204e+02 2.221850230414746648e+02
2.549995391705069210e+02 1.106295698924731141e+02 2.224281874039938600e+02
2.550000000000000000e+02 1.120370967741935431e+02 2.236286482334869561e+02
2.550000000000000000e+02 1.147324884792626705e+02 2.234198156682027729e+02
2.549999231950844774e+02 1.165490015360983165e+02 2.239637480798771207e+02
2.549996927803379378e+02 1.183494623655913927e+02 2.243761136712749646e+02
2.549998463901689831e+02 1.195570660522273414e+02 2.248291858678955464e+02
2.549997695852534605e+02 1.216953149001536048e+02 2.251274193548387075e+02
2.549995391705069210e+02 1.234696620583717390e+02 2.252152841781874031e+02
2.550000000000000000e+02 1.240381720430107464e+02 2.252241167434715692e+02
2.549993855606758757e+02 1.243760368663594420e+02 2.251508448540706695e+02
2.550000000000000000e+02 1.254539938556067540e+02 2.252234254992319507e+02
2.550000000000000000e+02 1.260472350230414804e+02 2.252129800307219796e+02
2.549996927803379378e+02 1.232715053763440807e+02 2.248521505376344010e+02
2.550000000000000000e+02 1.062728110599078377e+02 2.201771121351766567e+02
2.550000000000000000e+02 7.475130568356374283e+01 2.112656682027649708e+02
2.550000000000000000e+02 6.355729646697388802e+01 2.088913210445468565e+02
2.549995391705069210e+02 6.508901689708140736e+01 2.090632104454685134e+02
2.549995391705069210e+02 6.960960061443933000e+01 2.122319508448540830e+02
2.549990015360983193e+02 7.286029185867894853e+01 2.123587557603686662e+02
2.550000000000000000e+02 7.553410138248847261e+01 2.123673579109062928e+02
2.550000000000000000e+02 7.944047619047618980e+01 2.135282642089093770e+02
2.549990015360983193e+02 8.422711213517665385e+01 2.152307987711213570e+02
2.549998463901689831e+02 8.654615975422427709e+01 2.163788786482334956e+02
2.549983102918586724e+02 8.925783410138248541e+01 2.167868663594470036e+02
2.549994623655913983e+02 9.213525345622119289e+01 2.168173579109063098e+02
2.549976958525345481e+02 9.801812596006143963e+01 2.185188940092165808e+02
2.549994623655913983e+02 1.025175115207373295e+02 2.198276497695852640e+02
2.550000000000000000e+02 1.070251920122887839e+02 2.208081413210445589e+02
2.549997695852534605e+02 1.095612135176651236e+02 2.213664362519201347e+02
2.549995391705069210e+02 1.130195852534562277e+02 2.222844854070660574e+02
2.549987711213517798e+02 1.147627496159754230e+02 2.230868663594470149e+02
2.549994623655913983e+02 1.168566820276497680e+02 2.239269585253456114e+02
2.550000000000000000e+02 1.189731182795698885e+02 2.238228110599078207e+02
2.549993087557603815e+02 1.202858678955453087e+02 2.245071428571428669e+02
2.549976190476190538e+02 1.211026881720430168e+02 2.248671274961597533e+02
2.549990015360983193e+02 1.225856374807987663e+02 2.246122119815668157e+02
2.550000000000000000e+02 1.235155913978494624e+02 2.251097542242703469e+02
2.550000000000000000e+02 1.241752688172042980e+02 2.258448540706605172e+02
2.550000000000000000e+02 1.249935483870967801e+02 2.258214285714285836e+02
2.549995391705069210e+02 1.251844854070660489e+02 2.258429339477726501e+02
2.550000000000000000e+02 1.259350230414746505e+02 2.254445468509984778e+02
2.549995391705069210e+02 1.266799539170506961e+02 2.258695084485406994e+02
2.550000000000000000e+02 1.278170506912442335e+02 2.261525345622119687e+02
2.550000000000000000e+02 1.274748847926267246e+02 2.262043010752688303e+02
2.550000000000000000e+02 1.204360983102918539e+02 2.237363287250383905e+02
2.549995391705069210e+02 9.391543778801843700e+01 2.179980030721966102e+02
2.549991551459293362e+02 6.988832565284178600e+01 2.114756528417818799e+02
2.550000000000000000e+02 6.742211981566819645e+01 2.102559139784946183e+02
2.549998463901689831e+02 7.285145929339478243e+01 2.110805683563748119e+02
2.549998463901689831e+02 7.847803379416282610e+01 2.143414746543778904e+02
2.549990015360983193e+02 8.189600614439324033e+01 2.151366359447004584e+02
2.549994623655913983e+02 8.431436251920122515e+01 2.156766513056835777e+02
2.550000000000000000e+02 8.920706605222734709e+01 2.170582181259600532e+02
2.549998463901689831e+02 9.134761904761904816e+01 2.178561443932411805e+02
2.549990015360983193e+02 9.272580645161289681e+01 2.174723502304147473e+02
2.549998463901689831e+02 9.462818740399384865e+01 2.183941628264208816e+02
2.550000000000000000e+02 9.950168970814132763e+01 2.193100614439323977e+02
2.549996927803379378e+02 1.048411674347158282e+02 2.206540706605222795e+02
2.550000000000000000e+02 1.090146697388632901e+02 2.224403993855606814e+02
2.549999231950844774e+02 1.120158986175115245e+02 2.232682795698924849e+02
2.549990015360983193e+02 1.155269585253456199e+02 2.236940860215053704e+02
2.550000000000000000e+02 1.175353302611367070e+02 2.247109831029185898e+02
2.550000000000000000e+02 1.189120583717357960e+02 2.258541474654377907e+02
2.550000000000000000e+02 1.207247311827956935e+02 2.256327188940092299e+02
2.549993087557603815e+02 1.216483870967741865e+02 2.260256528417818629e+02
2.550000000000000000e+02 1.230431643625192066e+02 2.252264976958525438e+02
2.549990783410138135e+02 1.231990783410138306e+02 2.263095238095237960e+02
2.549993855606758757e+02 1.243983102918586781e+02 2.260641321044546714e+02
2.550000000000000000e+02 1.249272657450076736e+02 2.255927035330261106e+02
2.550000000000000000e+02 1.247425499231950852e+02 2.259939324116743364e+02
2.549979262672811160e+02 1.250172811059907900e+02 2.260093701996927678e+02
2.549995391705069210e+02 1.252034562211981523e+02 2.261555299539170392e+02
2.549999231950844774e+02 1.261523041474654434e+02 2.266947772657450173e+02
2.550000000000000000e+02 1.245915514592933988e+02 2.254658986175115274e+02
2.550000000000000000e+02 1.104754224270353262e+02 2.223027649769585139e+02
2.550000000000000000e+02 7.784861751152074305e+01 2.131111367127496123e+02
2.549997695852534605e+02 6.412273425499232360e+01 2.092693548387096882e+02
2.549996159754224152e+02 6.441536098310291436e+01 2.079341013824884783e+02
2.549997695852534605e+02 6.855814132104454472e+01 2.108553763440860109e+02
2.549998463901689831e+02 7.250092165898617225e+01 2.120277265745007753e+02
2.550000000000000000e+02 7.467634408602150131e+01 2.125540706605222852e+02
2.549989247311827967e+02 7.903279569892472978e+01 2.139003072196620678e+02
2.549991551459293362e+02 8.365737327188939787e+01 2.160288018433179786e+02
2.549997695852534605e+02 8.680652841781873974e+01 2.168832565284178315e+02
2.549999231950844774e+02 8.795860215053762943e+01 2.178026113671274970e+02
2.549997695852534605e+02 9.028917050691244128e+01 2.180573732718893893e+02
2.549973886328725143e+02 9.558525345622119573e+01 2.195079877112135307e+02
2.550000000000000000e+02 1.017890168970814102e+02 2.207533026113671326e+02
2.549980030721966102e+02 1.070005376344086017e+02 2.221541474654378021e+02
2.549998463901689831e+02 1.103906298003072237e+02 2.229333333333333371e+02
2.549990015360983193e+02 1.133257296466973827e+02 2.237784946236559165e+02
2.550000000000000000e+02 1.149560675883256522e+02 2.246838709677419388e+02
2.550000000000000000e+02 1.168911674347158254e+02 2.250476190476190368e+02
2.550000000000000000e+02 1.186977726574500736e+02 2.250956989247311810e+02
2.549985407066052119e+02 1.202735023041474705e+02 2.254480030721966273e+02
2.549992319508448588e+02 1.212965437788018477e+02 2.255843317972350235e+02
2.549996159754224152e+02 1.231718894009216569e+02 2.257834869431643767e+02
2.550000000000000000e+02 1.234496159754224323e+02 2.257682795698924849e+02
2.549977726574500707e+02 1.238927803379416304e+02 2.263842549923195122e+02
2.549996159754224152e+02 1.250751920122887810e+02 2.262585253456221324e+02
2.549981566820276555e+02 1.256864823348694387e+02 2.263591397849462226e+02
2.549998463901689831e+02 1.265734254992319450e+02 2.260226574500767924e+02
2.549969278033794069e+02 1.233278801843318035e+02 2.247241935483870918e+02
2.549990783410138135e+02 1.012591397849462425e+02 2.200970046082949239e+02
2.549997695852534605e+02 6.817357910906298457e+01 2.108726574500768152e+02
2.549993855606758757e+02 5.799654377880184342e+01 2.068417818740399525e+02
2.550000000000000000e+02 5.522473118279570059e+01 2.070077572964669628e+02
2.549999231950844774e+02 5.928763440860215184e+01 2.087123655913978553e+02
2.550000000000000000e+02 6.259055299539170392e+01 2.092030721966205817e+02
2.550000000000000000e+02 6.406651305683563180e+01 2.103016897081413106e+02
2.549990015360983193e+02 7.144646697388633072e+01 2.121761904761904702e+02
2.550000000000000000e+02 7.783794162826420404e+01 2.138818740399385661e+02
2.549996927803379378e+02 8.128755760368663630e+01 2.148062211981566918e+02
2.549996927803379378e+02 8.310821812596006453e+01 2.148301843317972271e+02
2.549999231950844774e+02 8.705253456221198860e+01 2.161480798771121385e+02
2.550000000000000000e+02 9.228525345622119858e+01 2.185824116743471563e+02
2.549993087557603815e+02 9.904692780337941826e+01 2.196562980030722088e+02
2.549993087557603815e+02 1.053560675883256579e+02 2.204469278033794239e+02
2.549996927803379378e+02 1.088440860215053760e+02 2.221317204301075208e+02
2.550000000000000000e+02 1.114514592933947768e+02 2.228625960061444005e+02
2.550000000000000000e+02 1.138274193548387103e+02 2.232288786482334899e+02
2.549993087557603815e+02 1.156916282642089158e+02 2.238679723502304171e+02
2.549997695852534605e+02 1.171810291858678994e+02 2.243552227342549941e+02
2.549999231950844774e+02 1.189334101382488456e+02 2.248209677419354762e+02
2.550000000000000000e+02 1.209454685099846358e+02 2.248750384024577613e+02
2.549995391705069210e+02 1.220503072196620593e+02 2.251026881720430026e+02
2.549996927803379378e+02 1.232950844854070596e+02 2.260895545314900232e+02
2.549993087557603815e+02 1.241259600614439336e+02 2.263710445468510102e+02
2.550000000000000000e+02 1.245177419354838690e+02 2.253867895545315037e+02
2.550000000000000000e+02 1.250604454685099824e+02 2.261202764976958406e+02
2.550000000000000000e+02 1.259238863287250325e+02 2.255636712749615924e+02
2.550000000000000000e+02 1.264925499231950852e+02 2.259813364055299587e+02
2.550000000000000000e+02 1.267865591397849414e+02 2.260070660522273442e+02
2.549997695852534605e+02 1.220126728110599146e+02 2.243336405529954050e+02
2.550000000000000000e+02 9.370353302611367496e+01 2.176981566820276441e+02
2.549996159754224152e+02 5.874347158218125742e+01 2.088754224270353177e+02
2.550000000000000000e+02 4.769439324116743251e+01 2.039336405529953993e+02
2.549994623655913983e+02 4.753364055299539359e+01 2.035783410138248826e+02
2.549997695852534605e+02 4.891589861751152313e+01 2.053975422427035369e+02
2.549997695852534605e+02 4.775376344086021163e+01 2.053155913978494596e+02
2.550000000000000000e+02 4.914930875576036584e+01 2.054751920122887725e+02
2.549998463901689831e+02 5.226213517665130581e+01 2.064539938556067682e+02
2.549996159754224152e+02 5.229339477726574614e+01 2.065629800307219739e+02
2.550000000000000000e+02 5.230913978494623962e+01 2.069708909370199592e+02
2.549993855606758757e+02 5.302864823348694046e+01 2.070420890937020033e+02
2.550000000000000000e+02 5.347849462365591222e+01 2.069787250384024446e+02
2.549994623655913983e+02 5.691996927803379691e+01 2.085622887864823269e+02
2.549991551459293362e+02 6.348579109062980308e+01 2.101942396313364156e+02
2.549983870967741950e+02 6.909247311827957105e+01 2.116417050691244128e+02
2.549999231950844774e+02 7.441827956989247639e+01 2.140433179723502235e+02
2.549997695852534605e+02 7.952350230414747045e+01 2.150940860215053760e+02
2.549990783410138135e+02 8.538056835637480901e+01 2.165081413210445476e+02
2.549996927803379378e+02 9.117334869431643085e+01 2.189033794162826325e+02
2.549990015360983193e+02 9.687027649769585480e+01 2.192962365591397713e+02
2.549998463901689831e+02 9.982619047619047592e+01 2.210361751152073850e+02
2.549999231950844774e+02 1.024669738863287307e+02 2.214176651305683663e+02
2.549994623655913983e+02 1.050437019969278083e+02 2.221480030721966159e+02
2.549992319508448588e+02 1.072215053763440835e+02 2.225247311827957049e+02
2.549998463901689831e+02 1.096878648233486899e+02 2.234149769585253580e+02
2.549998463901689831e+02 1.123400153609831023e+02 2.239130568356374908e+02
2.549994623655913983e+02 1.133163594470046149e+02 2.242067588325652707e+02
2.550000000000000000e+02 1.154921658986175146e+02 2.246355606758832550e+02
2.549996927803379378e+02 1.174210445468509931e+02 2.253940092165898648e+02
2.550000000000000000e+02 1.194132872503840304e+02 2.258739631336405580e+02
2.550000000000000000e+02 1.196413978494623649e+02 2.257318740399385604e+02
2.549996927803379378e+02 1.114825652841781931e+02 2.234415514592934073e+02
2.549988479262672740e+02 7.247027649769584912e+01 2.132547619047618923e+02
2.549987711213517798e+02 4.554877112135176986e+01 2.043642857142857281e+02
2.549993087557603815e+02 4.020299539170506620e+01 2.017918586789554638e+02
2.549987711213517798e+02 4.150913978494623535e+01 2.031844086021505404e+02
2.549999231950844774e+02 4.294147465437787758e+01 2.035213517665130496e+02
2.549991551459293362e+02 4.235076804915514259e+01 2.029974654377880086e+02
2.549983102918586724e+02 4.340668202764977224e+01 2.037437019969277969e+02
2.549996159754224152e+02 4.777050691244239289e+01 2.059798771121351706e+02
2.549999231950844774e+02 5.138225806451612954e+01 2.064025345622119687e+02
2.549999231950844774e+02 5.118333333333333002e+01 2.061515360983102880e+02
2.549980030721966102e+02 5.128894009216590177e+01 2.063096006144393186e+02
2.549999231950844774e+02 5.417864823348694614e+01 2.073052227342549827e+02
2.550000000000000000e+02 5.812703533026113689e+01 2.086086789554531435e+02
2.549990783410138135e+02 6.395698924731182444e+01 2.104126728110599061e+02
2.550000000000000000e+02 6.959493087557603985e+01 2.119192012288786486e+02
2.549994623655913983e+02 7.549101382488478862e+01 2.137907066052227378e+02
2.549990015360983193e+02 7.973133640552995871e+01 2.150705837173579198e+02
2.549998463901689831e+02 8.493448540706604888e+01 2.158231950844854055e+02
2.550000000000000000e+02 9.008287250384024958e+01 2.174679723502304114e+02
2.549994623655913983e+02 9.374546850998463299e+01 2.189584485407065984e+02
2.549994623655913983e+02 9.830015360983102823e+01 2.195878648233486956e+02
2.549994623655913983e+02 1.021442396313364043e+02 2.204898617511520627e+02
2.549991551459293362e+02 1.046770353302611340e+02 2.217410906298003113e+02
2.549973886328725143e+02 1.077574500768049148e+02 2.220253456221198292e+02
2.549998463901689831e+02 1.109180491551459227e+02 2.235045314900153528e+02
2.549986943164362572e+02 1.141897081413210486e+02 2.239837173579109049e+02
2.549998463901689831e+02 1.165264208909370183e+02 2.247154377880184200e+02
2.549995391705069210e+02 1.190889400921658989e+02 2.246637480798771094e+02
2.550000000000000000e+02 1.202364823348694358e+02 2.253535330261136664e+02
2.549996159754224152e+02 1.203607526881720418e+02 2.252559907834101409e+02
2.550000000000000000e+02 1.205779569892473120e+02 2.251704301075268688e+02
2.550000000000000000e+02 1.143035330261136693e+02 2.237833333333333314e+02
2.550000000000000000e+02 8.662572964669739406e+01 2.164485407066052289e+02
2.549999231950844774e+02 6.043310291858679051e+01 2.083059139784946296e+02
2.549997695852534605e+02 5.596751152073732527e+01 2.069850230414746477e+02
2.549990783410138135e+02 6.010622119815668185e+01 2.084967741935483900e+02
2.549999231950844774e+02 6.366528417818740593e+01 2.096112903225806576e+02
2.550000000000000000e+02 6.324884792626728114e+01 2.097293394777265689e+02
2.549985407066052119e+02 6.354093701996927734e+01 2.106870199692780261e+02
2.549988479262672740e+02 6.767565284178186857e+01 2.110033026113671326e+02
2.549987711213517798e+02 6.937611367127496464e+01 2.119264208909370097e+02
2.549993855606758757e+02 6.997319508448541114e+01 2.129180491551459227e+02
2.549995391705069210e+02 7.077949308755759716e+01 2.121806451612903288e+02
2.549996159754224152e+02 7.396781874039938032e+01 2.127287250384024446e+02
2.550000000000000000e+02 7.942926267281106334e+01 2.144880184331797182e+02
2.549994623655913983e+02 8.698364055299539643e+01 2.174006144393241300e+02
2.549995391705069210e+02 9.478341013824885408e+01 2.193532258064516043e+02
2.549993855606758757e+02 1.018338709677419303e+02 2.206914746543778847e+02
2.549999231950844774e+02 1.068748079877112076e+02 2.214543778801843246e+02
2.550000000000000000e+02 1.088186635944700527e+02 2.222095238095238017e+02
2.550000000000000000e+02 1.115336405529953936e+02 2.225077572964669628e+02
2.550000000000000000e+02 1.123009984639016920e+02 2.227228110599078263e+02
2.549998463901689831e+02 1.133941628264208958e+02 2.230496927803379492e+02
2.549997695852534605e+02 1.145071428571428527e+02 2.240898617511520854e+02
2.549982334869431781e+02 1.165590629800307170e+02 2.249874807987711165e+02
2.549993855606758757e+02 1.180730414746543744e+02 2.248182795698924679e+02
2.550000000000000000e+02 1.186169738863287222e+02 2.253364823348694301e+02
2.550000000000000000e+02 1.190807987711213514e+02 2.251039170506912512e+02
2.550000000000000000e+02 1.187758064516129082e+02 2.251649769585253580e+02
2.550000000000000000e+02 1.190221966205837134e+02 2.246603686635944825e+02
2.549999231950844774e+02 1.169371735791090572e+02 2.238859447004608398e+02
2.549993855606758757e+02 1.018111367127496152e+02 2.206554531490015449e+02
2.549999231950844774e+02 6.589162826420890440e+01 2.110035330261136721e+02
2.550000000000000000e+02 4.896520737327188755e+01 2.056677419354838605e+02
2.549998463901689831e+02 4.824854070660522609e+01 2.056301075268817158e+02
2.550000000000000000e+02 5.343809523809523654e+01 2.071231182795698942e+02
2.549993087557603815e+02 5.786497695852534662e+01 2.085069124423963274e+02
2.549999231950844774e+02 6.034654377880184484e+01 2.093254224270353347e+02
2.549999231950844774e+02 6.494915514592933903e+01 2.116352534562211929e+02
2.550000000000000000e+02 6.777519201228878387e+01 2.125937019969277912e+02
2.550000000000000000e+02 6.707089093701996774e+01 2.123546850998463924e+02
2.550000000000000000e+02 6.637327188940092526e+01 2.122856374807987834e+02
2.549994623655913983e+02 6.917549923195085171e+01 2.124180491551459227e+02
2.549993087557603815e+02 7.240721966205836679e+01 2.136923195084485485e+02
2.549993087557603815e+02 7.702903225806451815e+01 2.146463901689708109e+02
2.549992319508448588e+02 8.225192012288786714e+01 2.166532258064516157e+02
2.549990783410138135e+02 8.768940092165898648e+01 2.179460829493087601e+02
2.549949308755760455e+02 9.258294930875575801e+01 2.184637480798771207e+02
2.549996927803379378e+02 9.492373271889401565e+01 2.195218894009216513e+02
2.549991551459293362e+02 9.767772657450076679e+01 2.205617511520737253e+02
2.549983102918586724e+02 9.918463901689707996e+01 2.213080645161290363e+02
2.549993087557603815e+02 1.027219662058371767e+02 2.216227342549923094e+02
2.550000000000000000e+02 1.042484639016897034e+02 2.220468509984638956e+02
2.550000000000000000e+02 1.060673579109062956e+02 2.221491551459293419e+02
2.549998463901689831e+02 1.072572964669738838e+02 2.228743471582181144e+02
2.549998463901689831e+02 1.077662826420890951e+02 2.233001536098310282e+02
2.550000000000000000e+02 1.028509216589861808e+02 2.224453149001536190e+02
2.550000000000000000e+02 7.681175115207373949e+01 2.146138248847926207e+02
2.550000000000000000e+02 5.325614439324116489e+01 2.077082181259600588e+02
2.549999231950844774e+02 4.823894009216589751e+01 2.067699692780337841e+02
2.550000000000000000e+02 5.155829493087557580e+01 2.074496159754224323e+02
2.550000000000000000e+02 5.434070660522273499e+01 2.076692780337941713e+02
2.549997695852534605e+02 5.272066052227342681e+01 2.076135176651305585e+02
2.549991551459293362e+02 5.341082949308755445e+01 2.072750384024577670e+02
2.550000000000000000e+02 5.957872503840246026e+01 2.097416282642089129e+02
2.549997695852534605e+02 6.639408602150537320e+01 2.116082181259600645e+02
2.550000000000000000e+02 6.943202764976958008e+01 2.128192012288786543e+02
2.550000000000000000e+02 7.256374807987711506e+01 2.129072964669738894e+02
2.549997695852534605e+02 7.653225806451612812e+01 2.138324884792626790e+02
2.549998463901689831e+02 8.179185867895544959e+01 2.157007680491551582e+02
2.549987711213517798e+02 8.848832565284178031e+01 2.183036866359447004e+02
2.549993855606758757e+02 9.515806451612903061e+01 2.201075268817204176e+02
2.549995391705069210e+02 1.012553763440860166e+02 2.210931643625191896e+02
2.550000000000000000e+02 1.056017665130568304e+02 2.218355606758832437e+02
2.550000000000000000e+02 1.078076036866359431e+02 2.227817972350230491e+02
2.550000000000000000e+02 1.091177419354838776e+02 2.236214285714285666e+02
2.549994623655913983e+02 1.107919354838709722e+02 2.232963133640552940e+02
2.549992319508448588e+02 1.125268049155145889e+02 2.233728878648233547e+02
2.550000000000000000e+02 1.144877112135176702e+02 2.240940860215053760e+02
2.550000000000000000e+02 1.164147465437788043e+02 2.253430107526881727e+02
2.549995391705069210e+02 1.180712749615975383e+02 2.262966205837173561e+02
2.549997695852534605e+02 1.204591397849462311e+02 2.264071428571428442e+02
2.549996159754224152e+02 1.226997695852534491e+02 2.265943164362519155e+02
2.549988479262672740e+02 1.228831797235023089e+02 2.275165898617511573e+02
2.549995391705069210e+02 1.230662826420890923e+02 2.272465437788018505e+02
2.550000000000000000e+02 1.141133640552995416e+02 2.253350998463901647e+02
2.549998463901689831e+02 7.884331797235023487e+01 2.161819508448540716e+02
2.549996927803379378e+02 5.113548387096773951e+01 2.058169738863287250e+02
2.550000000000000000e+02 4.536781874039938600e+01 2.039208909370199763e+02
2.550000000000000000e+02 4.947672811059907616e+01 2.060423963133640655e+02
2.549996159754224152e+02 5.188709677419355160e+01 2.074836405529953822e+02
2.549993855606758757e+02 5.238379416282641898e+01 2.079745007680491540e+02
2.549997695852534605e+02 5.642096774193548470e+01 2.094499231950844944e+02
2.550000000000000000e+02 6.177181259600614283e+01 2.111894009216589723e+02
2.549991551459293362e+02 6.384339477726574330e+01 2.110967741935483843e+02
2.549998463901689831e+02 6.420353302611367496e+01 2.120437019969278083e+02
2.549993855606758757e+02 6.573149001536098979e+01 2.119045314900153585e+02
2.549976958525345481e+02 7.010453149001536133e+01 2.137569892473118216e+02
2.549996927803379378e+02 7.563064516129031745e+01 2.148930107526881841e+02
2.549993087557603815e+02 8.199354838709678006e+01 2.161380184331797238e+02
2.549992319508448588e+02 8.690783410138249110e+01 2.183709677419354875e+02
2.549992319508448588e+02 9.237419354838709751e+01 2.194270353302611340e+02
2.549993087557603815e+02 9.670668202764977650e+01 2.201460829493087488e+02
2.549984639016897177e+02 1.002509216589861722e+02 2.212486943164362572e+02
2.549995391705069210e+02 1.026129032258064484e+02 2.225526113671274970e+02
2.549994623655913983e+02 1.055183563748079933e+02 2.230943932411674382e+02
2.549996927803379378e+02 1.069732718894009196e+02 2.236177419354838776e+02
2.549994623655913983e+02 1.093870199692780290e+02 2.238417818740399525e+02
2.549997695852534605e+02 1.113576036866359402e+02 2.238693548387096826e+02
2.549997695852534605e+02 1.137269585253456228e+02 2.255754224270353347e+02
2.549987711213517798e+02 1.164585253456221210e+02 2.258143625192012394e+02
2.549997695852534605e+02 1.177551459293394771e+02 2.264207373271889310e+02
2.549997695852534605e+02 1.181469278033794126e+02 2.264476958525345651e+02
2.550000000000000000e+02 1.070225038402457756e+02 2.237718125960061570e+02
2.550000000000000000e+02 7.109393241167434496e+01 2.143596774193548526e+02
2.550000000000000000e+02 5.158110599078341352e+01 2.084586021505376436e+02
2.549996927803379378e+02 5.030099846390169205e+01 2.081288018433179730e+02
2.549970814132104522e+02 5.629347158218126168e+01 2.099837173579109049e+02
2.549997695852534605e+02 6.051781874039938458e+01 2.108157450076805048e+02
2.550000000000000000e+02 6.199892473118279668e+01 2.119402457757296361e+02
2.550000000000000000e+02 6.700253456221197723e+01 2.129186635944700470e+02
2.549994623655913983e+02 7.048056835637480333e+01 2.140821044546850942e+02
2.549989247311827967e+02 7.174946236559139834e+01 2.144667434715821912e+02
2.549996927803379378e+02 7.161152073732718293e+01 2.145162058371735725e+02
2.549999231950844774e+02 7.267142857142857792e+01 2.150556067588325675e+02
2.549997695852534605e+02 7.738863287250383394e+01 2.152857910906298002e+02
2.550000000000000000e+02 8.455176651305683322e+01 2.174040706605222795e+02
2.549994623655913983e+02 9.111159754224270557e+01 2.193285714285714221e+02
2.549992319508448588e+02 9.718993855606758814e+01 2.218159754224270444e+02
2.549996159754224152e+02 1.017023809523809490e+02 2.232075268817204403e+02
2.550000000000000000e+02 1.040631336405529908e+02 2.230669738863287250e+02
2.549989247311827967e+02 1.058730414746543715e+02 2.241267281105990890e+02
2.550000000000000000e+02 1.081324116743471535e+02 2.247328725038402411e+02
2.550000000000000000e+02 1.086719662058371796e+02 2.243660522273425499e+02
2.549993087557603815e+02 1.099721966205837163e+02 2.247288786482334899e+02
2.550000000000000000e+02 1.118215821812596005e+02 2.254175883256528437e+02
2.550000000000000000e+02 1.134961597542242657e+02 2.259713517665130667e+02
2.550000000000000000e+02 1.163760368663594420e+02 2.263860215053763341e+02
2.549997695852534605e+02 1.183693548387096826e+02 2.272427035330261162e+02
2.549997695852534605e+02 1.137437019969277969e+02 2.260581413210445589e+02
2.549983870967741950e+02 8.385115207373272028e+01 2.191401689708141305e+02
2.549998463901689831e+02 5.238149001536098126e+01 2.092738095238095184e+02
2.550000000000000000e+02 4.632119815668202989e+01 2.071637480798771094e+02
2.550000000000000000e+02 4.910814132104454899e+01 2.087557603686636014e+02
2.549999231950844774e+02 5.352680491551459596e+01 2.099963901689708052e+02
2.549999231950844774e+02 5.497995391705069324e+01 2.103408602150537661e+02
2.549999231950844774e+02 5.724953917050691388e+01 2.115405529953916925e+02
2.549990783410138135e+02 6.176720430107526738e+01 2.125159754224270330e+02
2.549999231950844774e+02 6.376006144393241470e+01 2.131541474654378021e+02
2.549996927803379378e+02 6.477173579109063439e+01 2.135291090629800408e+02
2.549998463901689831e+02 6.492050691244239147e+01 2.139201228878648351e+02
2.549996159754224152e+02 6.791021505376343725e+01 2.145722734254992190e+02
2.549999231950844774e+02 7.251113671274961803e+01 2.162248079877112161e+02
2.549997695852534605e+02 7.917964669738863392e+01 2.177118279569892536e+02
2.549999231950844774e+02 8.559623655913978268e+01 2.190065284178187426e+02
2.549990015360983193e+02 9.121804915514593404e+01 2.211342549923195122e+02
2.549988479262672740e+02 9.598794162826420973e+01 2.221554531490015449e+02
2.549981566820276555e+02 9.937903225806451246e+01 2.232856374807987834e+02
2.549996927803379378e+02 1.009399385560675881e+02 2.237772657450076679e+02
2.550000000000000000e+02 1.042417818740399440e+02 2.241372503840245827e+02
2.550000000000000000e+02 1.066956221198156669e+02 2.245685867895545300e+02
2.550000000000000000e+02 1.089237327188940156e+02 2.247594470046082904e+02
2.550000000000000000e+02 1.102962365591397855e+02 2.258149001536098410e+02
2.550000000000000000e+02 1.137039938556067540e+02 2.258210445468509988e+02
2.549998463901689831e+02 1.160761136712749675e+02 2.265180491551459170e+02
2.550000000000000000e+02 1.182165898617511459e+02 2.269680491551459340e+02
2.550000000000000000e+02 1.150083717357910871e+02 2.272178187403993945e+02
2.549996159754224152e+02 8.927826420890937698e+01 2.206667434715821798e+02
2.549996159754224152e+02 5.249016897081413191e+01 2.104311827956989305e+02
2.549999231950844774e+02 4.280099846390169205e+01 2.065741167434715919e+02
2.549996159754224152e+02 4.746597542242703582e+01 2.083678187403993718e+02
2.549999231950844774e+02 5.306904761904761614e+01 2.105844086021505461e+02
2.549996927803379378e+02 5.504324116743471507e+01 2.114074500768049063e+02
2.550000000000000000e+02 5.613333333333333286e+01 2.120139784946236432e+02
2.549994623655913983e+02 6.120391705069124555e+01 2.135264208909370325e+02
2.550000000000000000e+02 6.553425499231950369e+01 2.140374807987711279e+02
2.549998463901689831e+02 6.586443932411674496e+01 2.156703533026113746e+02
2.549999231950844774e+02 6.558540706605222681e+01 2.146161290322580726e+02
2.549996927803379378e+02 6.861597542242704151e+01 2.158205069124423972e+02
2.549993855606758757e+02 7.409324116743471222e+01 2.176552227342550054e+02
2.549983102918586724e+02 8.142642089093702396e+01 2.199251152073732669e+02
2.549990783410138135e+02 8.798502304147464770e+01 2.216679723502304284e+02
2.549998463901689831e+02 9.386643625192012053e+01 2.223853302611367155e+02
2.550000000000000000e+02 9.782534562211981211e+01 2.234950844854070624e+02
2.549999231950844774e+02 1.011297235023041452e+02 2.245916282642089072e+02
2.550000000000000000e+02 1.038140552995391772e+02 2.244990015360983193e+02
2.550000000000000000e+02 1.060385560675883312e+02 2.253466973886328617e+02
2.549996159754224152e+02 1.082157450076804963e+02 2.260241935483871032e+02
2.549996159754224152e+02 1.102178955453149030e+02 2.264426267281106107e+02
2.549998463901689831e+02 1.125394009216589808e+02 2.266653609831029144e+02
2.549997695852534605e+02 1.141704301075268830e+02 2.273869431643625205e+02
2.549993855606758757e+02 1.156459293394777319e+02 2.279707373271889423e+02
2.549990015360983193e+02 1.166099846390169006e+02 2.282943164362519326e+02
2.549994623655913983e+02 1.181728110599078292e+02 2.285660522273425386e+02
2.549996159754224152e+02 1.195227342549923151e+02 2.290476190476190368e+02
2.549996927803379378e+02 1.132473886328725001e+02 2.277035330261136608e+02
2.549992319508448588e+02 7.516497695852534378e+01 2.175528417818740365e+02
2.549998463901689831e+02 4.385015360983103250e+01 2.069236559139785072e+02
2.549981566820276555e+02 3.837588325652841803e+01 2.057623655913978382e+02
2.549993855606758757e+02 4.348817204301074923e+01 2.073039170506912399e+02
2.549998463901689831e+02 4.947158218125959905e+01 2.098311827956989362e+02
2.550000000000000000e+02 5.238794162826420830e+01 2.112566052227342652e+02
2.550000000000000000e+02 5.390176651305683464e+01 2.117378648233487013e+02
2.549999231950844774e+02 6.064170506912442704e+01 2.134117511520737196e+02
2.550000000000000000e+02 6.260130568356375136e+01 2.147447004608295060e+02
2.550000000000000000e+02 6.327473118279569775e+01 2.138957757296466866e+02
2.550000000000000000e+02 6.402657450076804935e+01 2.146992319508448475e+02
2.549996927803379378e+02 6.770414746543778506e+01 2.146119047619047535e+02
2.549986175115207345e+02 7.261920122887865148e+01 2.169741167434715692e+02
2.549996927803379378e+02 8.085798771121351081e+01 2.189417050691244242e+02
2.549987711213517798e+02 8.673479262672810819e+01 2.205588325652841775e+02
2.549991551459293362e+02 9.272265745007680948e+01 2.222627496159754230e+02
2.549998463901689831e+02 9.727496159754224436e+01 2.234247311827957105e+02
2.549978494623655934e+02 1.015693548387096712e+02 2.235735791090629903e+02
2.549995391705069210e+02 1.043491551459293447e+02 2.242882488479262690e+02
2.549997695852534605e+02 1.057091397849462311e+02 2.256387864823348650e+02
2.549999231950844774e+02 1.076283410138248797e+02 2.260604454685099824e+02
2.550000000000000000e+02 1.099060675883256550e+02 2.260187403993855639e+02
2.549999231950844774e+02 1.118750384024577613e+02 2.265352534562211986e+02
2.550000000000000000e+02 1.139153609831029144e+02 2.266604454685099768e+02
2.550000000000000000e+02 1.149328725038402439e+02 2.278072964669738951e+02
2.550000000000000000e+02 1.168409370199692745e+02 2.278685867895545414e+02
2.550000000000000000e+02 1.170178955453149001e+02 2.282263440860214985e+02
2.549990015360983193e+02 1.066478494623655848e+02 2.256543010752688190e+02
2.549986943164362572e+02 6.734062980030722656e+01 2.154639784946236603e+02
2.549993855606758757e+02 4.189608294930875587e+01 2.060920122887864920e+02
2.550000000000000000e+02 3.700384024577572717e+01 2.053562211981566747e+02
2.549998463901689831e+02 4.271766513056835635e+01 2.068072964669738951e+02
2.550000000000000000e+02 4.669009216589861921e+01 2.081648233486943127e+02
2.549995391705069210e+02 4.881574500768049063e+01 2.095591397849462396e+02
2.549991551459293362e+02 5.140637480798771008e+01 2.111330261136712636e+02
2.550000000000000000e+02 5.398310291858678767e+01 2.121441628264208816e+02
2.549994623655913983e+02 5.398325652841781874e+01 2.120308755760368626e+02
2.549999231950844774e+02 5.388648233486943440e+01 2.114984639016897177e+02
2.549998463901689831e+02 5.551397849462365741e+01 2.117394009216589836e+02
2.549998463901689831e+02 5.864208909370199763e+01 2.134292626728110633e+02
2.549996159754224152e+02 6.427987711213518196e+01 2.153518433179723388e+02
2.549992319508448588e+02 7.085652841781873690e+01 2.169033026113671383e+02
2.549975422427035312e+02 7.819992319508448020e+01 2.193656682027649651e+02
2.549993855606758757e+02 8.472857142857142776e+01 2.204450076804915568e+02
2.550000000000000000e+02 8.844170506912442420e+01 2.224901689708141248e+02
2.549999231950844774e+02 9.118694316436251768e+01 2.228271889400921566e+02
2.550000000000000000e+02 9.341566820276497651e+01 2.236074500768049234e+02
2.549999231950844774e+02 9.563863287250383394e+01 2.240141321044546885e+02
2.549996159754224152e+02 9.755729646697388091e+01 2.239352534562212043e+02
2.550000000000000000e+02 9.964439324116743535e+01 2.236086021505376209e+02
2.549997695852534605e+02 1.016157450076804878e+02 2.253246543778801936e+02
2.549991551459293362e+02 1.053414746543778762e+02 2.253973886328724916e+02
2.549999231950844774e+02 1.084911674347158197e+02 2.257171274961597476e+02
2.550000000000000000e+02 1.075084485407066097e+02 2.264106758832565163e+02
2.549986175115207345e+02 8.778870967741934805e+01 2.222121351766513158e+02
2.549997695852534605e+02 4.768947772657450201e+01 2.107399385560675853e+02
2.549998463901689831e+02 3.344869431643625290e+01 2.054425499231950880e+02
2.550000000000000000e+02 3.586927803379415991e+01 2.063417818740399525e+02
2.549999231950844774e+02 4.091044546850998387e+01 2.072663594470046178e+02
2.549996927803379378e+02 4.325752688172043037e+01 2.083192780337941770e+02
2.549997695852534605e+02 4.472066052227342681e+01 2.092159754224270216e+02
2.549996927803379378e+02 5.098886328725038197e+01 2.108521505376344010e+02
2.549996159754224152e+02 5.597288786482334899e+01 2.120426267281106050e+02
2.549998463901689831e+02 5.684592933947772764e+01 2.133900921658986078e+02
2.549990783410138135e+02 5.720276497695852669e+01 2.124590629800307227e+02
2.550000000000000000e+02 5.918571428571428328e+01 2.140991551459293305e+02
2.549997695852534605e+02 6.437327188940092526e+01 2.148220430107526795e+02
2.549999231950844774e+02 7.157642089093701543e+01 2.160990783410138363e+02
2.549998463901689831e+02 7.764278033794163036e+01 2.194749615975422330e+02
2.550000000000000000e+02 8.471013824884792598e+01 2.203707373271889480e+02
2.549987711213517798e+02 9.008110599078341352e+01 2.225366359447004641e+02
2.549992319508448588e+02 9.548425499231950653e+01 2.236224270353302472e+02
2.549993855606758757e+02 9.816781874039938316e+01 2.241337173579109106e+02
2.549986175115207345e+02 1.013708909370199649e+02 2.248229646697388660e+02
2.549992319508448588e+02 1.039758064516128968e+02 2.246253456221198235e+02
2.550000000000000000e+02 1.052059139784946211e+02 2.252685099846390244e+02
2.549984639016897177e+02 1.071693548387096797e+02 2.255030721966205931e+02
2.549984639016897177e+02 1.092785714285714249e+02 2.264429339477726444e+02
2.550000000000000000e+02 1.118410906298003056e+02 2.260345622119815800e+02
2.549988479262672740e+02 1.124773425499231934e+02 2.270105222734254937e+02
2.549995391705069210e+02 1.024876344086021476e+02 2.250671274961597419e+02
2.549990015360983193e+02 6.385468509984639240e+01 2.145349462365591364e+02
2.549998463901689831e+02 4.125967741935483701e+01 2.077759600614439250e+02
2.549996159754224152e+02 3.810307219662058031e+01 2.057952380952380906e+02
2.550000000000000000e+02 4.267442396313364128e+01 2.074384024577572916e+02
2.549997695852534605e+02 4.751612903225806406e+01 2.086710445468509931e+02
2.549999231950844774e+02 4.796282642089093429e+01 2.092952380952380906e+02
2.549993087557603815e+02 5.276244239631336086e+01 2.102970046082949409e+02
2.549990015360983193e+02 5.902572964669738553e+01 2.120231182795698999e+02
2.549993855606758757e+02 6.227572964669738553e+01 2.134889400921659046e+02
2.549986175115207345e+02 6.422734254992319336e+01 2.141096774193548526e+02
2.549993087557603815e+02 6.696720430107527022e+01 2.148977726574500764e+02
2.549986175115207345e+02 7.188394777265745006e+01 2.162494623655913983e+02
2.549969278033794069e+02 7.757073732718893666e+01 2.178102918586789656e+02
2.549991551459293362e+02 8.464431643625192692e+01 2.189663594470046064e+02
2.549999231950844774e+02 9.066781874039938316e+01 2.214719662058371625e+02
2.550000000000000000e+02 9.669976958525344912e+01 2.224013824884792712e+02
2.549997695852534605e+02 9.995806451612902777e+01 2.235578341013824968e+02
2.549997695852534605e+02 1.031094470046082989e+02 2.239675883256528550e+02
2.550000000000000000e+02 1.051759600614439307e+02 2.246256528417818856e+02
2.550000000000000000e+02 1.076807219662058372e+02 2.254404761904762040e+02
2.549994623655913983e+02 1.096212749615975355e+02 2.253095238095237960e+02
2.550000000000000000e+02 1.111471582181259663e+02 2.259143625192012337e+02
2.550000000000000000e+02 1.134837941628264275e+02 2.265546850998463810e+02
2.550000000000000000e+02 1.158149769585253495e+02 2.269526113671275027e+02
2.549993855606758757e+02 1.180056835637480788e+02 2.274452380952380963e+02
2.550000000000000000e+02 1.156725806451612897e+02 2.275167434715821742e+02
2.550000000000000000e+02 9.094754224270353404e+01 2.218711213517665044e+02
2.550000000000000000e+02 5.379416282642089442e+01 2.110330261136712693e+02
2.549990015360983193e+02 4.332357910906298315e+01 2.065897849462365627e+02
2.549994623655913983e+02 4.492403993855607069e+01 2.068221966205837248e+02
2.549995391705069210e+02 4.922757296466973997e+01 2.084251920122887896e+02
2.549991551459293362e+02 5.130760368663594306e+01 2.083933947772657405e+02
2.550000000000000000e+02 5.333509984639017176e+01 2.097897849462365514e+02
2.550000000000000000e+02 5.888955453149001329e+01 2.120191244239631203e+02
2.549996927803379378e+02 6.482496159754224152e+01 2.133751152073732840e+02
2.550000000000000000e+02 6.721013824884792598e+01 2.143065284178187540e+02
2.549996159754224152e+02 6.773855606758831982e+01 2.141523809523809518e+02
2.549990783410138135e+02 7.065576036866359289e+01 2.141450076804915454e+02
2.550000000000000000e+02 7.549846390168970345e+01 2.150517665130568332e+02
2.549998463901689831e+02 8.075399385560676535e+01 2.179466973886328844e+02
2.550000000000000000e+02 8.768156682027650106e+01 2.188695852534562221e+02
2.549985407066052119e+02 9.448356374807987379e+01 2.209095238095238187e+02
2.549993855606758757e+02 9.950115207373272597e+01 2.218649769585253466e+02
2.550000000000000000e+02 1.026127496159754173e+02 2.225597542242703639e+02
2.550000000000000000e+02 1.056012288786482287e+02 2.238388632872503763e+02
2.549996927803379378e+02 1.081605990783410078e+02 2.243091397849462396e+02
2.549990783410138135e+02 1.097127496159754259e+02 2.250382488479262690e+02
2.549997695852534605e+02 1.128322580645161253e+02 2.245419354838709580e+02
2.549995391705069210e+02 1.147003072196620650e+02 2.257614439324116802e+02
2.549979262672811160e+02 1.162347926267281082e+02 2.261842549923194952e+02
2.550000000000000000e+02 1.174806451612903260e+02 2.257993087557603644e+02
2.549992319508448588e+02 1.178869431643625205e+02 2.266277265745007696e+02
2.550000000000000000e+02 1.196026113671274942e+02 2.271199692780338069e+02
2.550000000000000000e+02 1.204096774193548356e+02 2.270277265745007753e+02
2.550000000000000000e+02 1.206344086021505433e+02 2.269908602150537718e+02
2.550000000000000000e+02 1.103266513056835691e+02 2.245130568356374852e+02
2.550000000000000000e+02 6.975514592933947711e+01 2.127486175115207345e+02
2.549996927803379378e+02 4.559039938556067284e+01 2.044980798771121329e+02
2.549987711213517798e+02 4.266866359447004697e+01 2.045202764976958463e+02
2.549999231950844774e+02 4.628041474654377652e+01 2.051495391705068982e+02
2.549999231950844774e+02 4.826513056835637627e+01 2.067790322580645181e+02
2.549986943164362572e+02 4.807096774193548328e+01 2.059403993855606814e+02
2.549999231950844774e+02 5.074592933947772622e+01 2.074232718894009224e+02
2.550000000000000000e+02 5.504838709677419217e+01 2.088851766513056702e+02
2.549996159754224152e+02 5.635360983102918908e+01 2.092402457757296474e+02
2.550000000000000000e+02 5.698847926267281139e+01 2.094887096774193651e+02
2.549971582181259464e+02 5.851244239631336086e+01 2.093210445468509988e+02
2.549971582181259464e+02 6.208502304147465622e+01 2.107158218125960047e+02
2.549983870967741950e+02 6.731205837173578743e+01 2.125237327188939958e+02
2.549996927803379378e+02 7.367165898617511743e+01 2.145705069124423972e+02
2.549999231950844774e+02 7.980222734254992645e+01 2.158708909370199649e+02
2.549989247311827967e+02 8.684516129032257936e+01 2.175535330261136835e+02
2.549993087557603815e+02 9.233072196620584293e+01 2.189232718894009224e+02
2.549994623655913983e+02 9.791958525345621922e+01 2.197553763440860166e+02
2.549996927803379378e+02 1.003485407066052204e+02 2.219622887864823326e+02
2.549998463901689831e+02 1.031139784946236517e+02 2.220426267281106050e+02
2.550000000000000000e+02 1.056792626728110633e+02 2.227526113671274857e+02
2.550000000000000000e+02 1.077665898617511573e+02 2.226294162826420973e+02
2.550000000000000000e+02 1.091713517665130553e+02 2.239268049155145945e+02
2.549990015360983193e+02 1.122252688172042951e+02 2.234730414746543659e+02
2.550000000000000000e+02 1.140295698924731198e+02 2.240380952380952522e+02
2.549998463901689831e+02 1.161176651305683549e+02 2.245880952380952351e+02
2.549999231950844774e+02 1.179033026113671241e+02 2.249219662058371796e+02
2.550000000000000000e+02 1.181145161290322534e+02 2.254208909370199763e+02
2.549994623655913983e+02 1.190289554531489955e+02 2.257411674347158339e+02
2.550000000000000000e+02 1.192304147465437723e+02 2.250943932411674382e+02
2.550000000000000000e+02 1.199532258064516128e+02 2.252990015360983023e+02
2.550000000000000000e+02 1.130676651305683578e+02 2.229454685099846358e+02
2.549984639016897177e+02 7.592749615975422728e+01 2.128768817204301058e+02
2.550000000000000000e+02 4.711536098310291720e+01 2.040992319508448531e+02
2.549997695852534605e+02 4.191812596006144531e+01 2.031032258064516043e+02
2.550000000000000000e+02 4.637895545314900403e+01 2.046718894009216569e+02
2.549994623655913983e+02 4.912043010752687877e+01 2.064850998463901703e+02
2.550000000000000000e+02 4.944900153609830795e+01 2.070751920122887952e+02
2.550000000000000000e+02 5.185829493087557296e+01 2.069591397849462453e+02
2.549993855606758757e+02 5.589915514592934187e+01 2.079683563748079962e+02
2.549990783410138135e+02 5.679869431643625433e+01 2.087652841781874145e+02
2.549993855606758757e+02 5.742526881720429799e+01 2.089476958525345651e+02
2.549999231950844774e+02 5.782672811059907758e+01 2.094335637480798766e+02
2.549991551459293362e+02 6.158371735791090629e+01 2.107201228878648180e+02
2.549993855606758757e+02 6.922411674347158339e+01 2.117092165898617395e+02
2.549996159754224152e+02 7.615921658986175657e+01 2.149054531490015449e+02
2.549981566820276555e+02 8.227250384024577556e+01 2.160051459293394771e+02
2.549999231950844774e+02 8.905821812596006737e+01 2.177884792626728085e+02
2.549988479262672740e+02 9.400591397849461828e+01 2.191520737327188897e+02
2.550000000000000000e+02 9.823356374807987379e+01 2.196413210445468565e+02
2.549999231950844774e+02 9.955291858678955919e+01 2.211362519201229020e+02
2.549990783410138135e+02 1.030129032258064541e+02 2.213789554531489898e+02
2.550000000000000000e+02 1.052679723502304086e+02 2.222792626728110577e+02
2.549991551459293362e+02 1.078132104454685134e+02 2.226288786482334956e+02
2.549999231950844774e+02 1.101419354838709666e+02 2.235187403993855639e+02
2.549999231950844774e+02 1.126899385560675881e+02 2.239579877112135193e+02
2.549998463901689831e+02 1.146632872503840304e+02 2.245092165898617509e+02
2.550000000000000000e+02 1.161627496159754287e+02 2.253281105990783431e+02
2.549983870967741950e+02 1.183127496159754202e+02 2.248363287250384133e+02
2.549996927803379378e+02 1.195405529953917068e+02 2.258071428571428498e+02
2.549999231950844774e+02 1.203033794162826382e+02 2.261468509984638899e+02
2.549993855606758757e+02 1.137605222734254937e+02 2.241723502304147360e+02
2.550000000000000000e+02 8.221374807987710653e+01 2.152769585253456341e+02
2.549988479262672740e+02 5.607795698924731198e+01 2.074075268817204289e+02
2.549987711213517798e+02 5.255099846390169205e+01 2.061731182795699056e+02
2.550000000000000000e+02 5.654623655913978553e+01 2.083267281105990776e+02
2.549998463901689831e+02 6.001528417818740735e+01 2.098537634408602059e+02
2.549999231950844774e+02 6.194470046082949466e+01 2.107001536098310339e+02
2.549994623655913983e+02 6.504047619047618412e+01 2.112377112135176560e+02
2.549990783410138135e+02 6.983901689708140736e+01 2.130340245775729784e+02
2.550000000000000000e+02 7.383210445468509420e+01 2.135860983102918453e+02
2.549984639016897177e+02 7.470683563748079337e+01 2.135810291858678909e+02
2.549995391705069210e+02 7.665353302611367781e+01 2.145248847926267217e+02
2.549996159754224152e+02 8.060821812596006453e+01 2.156026881720430026e+02
2.550000000000000000e+02 8.659685099846390699e+01 2.168151305683563805e+02
2.549996927803379378e+02 9.389877112135177128e+01 2.183243471582181314e+02
2.549997695852534605e+02 9.895153609831028518e+01 2.195513824884792768e+02
2.549990015360983193e+02 1.041807219662058372e+02 2.211440092165898648e+02
2.549974654377880086e+02 1.076312596006144418e+02 2.226715053763440721e+02
2.550000000000000000e+02 1.102077572964669798e+02 2.230161290322580783e+02
2.549998463901689831e+02 1.123331029185867891e+02 2.231274961597542301e+02
2.549973118279569917e+02 1.154283410138248911e+02 2.237682027649769623e+02
2.549999231950844774e+02 1.168764208909370268e+02 2.247142089093701998e+02
2.550000000000000000e+02 1.183339477726574529e+02 2.248565284178187369e+02
2.549986175115207345e+02 1.193755760368663630e+02 2.252409370199692660e+02
2.549987711213517798e+02 1.213430875576036811e+02 2.258913978494623791e+02
2.550000000000000000e+02 1.228333333333333286e+02 2.256019969278033841e+02
2.549996159754224152e+02 1.234683563748079820e+02 2.260201228878648294e+02
2.549990015360983193e+02 1.244287250384024617e+02 2.261589861751152171e+02
2.550000000000000000e+02 1.252476190476190538e+02 2.262872503840245884e+02
2.550000000000000000e+02 1.259802611367127554e+02 2.262238095238095354e+02
2.549999231950844774e+02 1.229932411674347179e+02 2.250068356374808047e+02
2.549999231950844774e+02 9.966912442396314020e+01 2.187321812596006225e+02
2.550000000000000000e+02 6.856881720430106952e+01 2.106251152073732840e+02
2.549998463901689831e+02 6.194231950844854140e+01 2.082140552995391829e+02
2.550000000000000000e+02 6.547473118279569348e+01 2.092657450076804935e+02
2.549995391705069210e+02 6.999662058371735895e+01 2.107549155145929376e+02
2.549983870967741950e+02 7.116513056835637485e+01 2.119688940092165979e+02
2.549991551459293362e+02 7.273026113671275539e+01 2.125521505376344180e+02
2.549996159754224152e+02 7.884508448540707093e+01 2.131390937019969272e+02
2.549996159754224152e+02 8.250545314900153926e+01 2.148685867895545414e+02
2.549994623655913983e+02 8.307757296466974140e+01 2.154181259600614453e+02
2.550000000000000000e+02 8.575837173579108708e+01 2.151319508448540603e+02
2.549996159754224152e+02 8.854347158218125458e+01 2.169774193548387018e+02
2.549992319508448588e+02 9.400514592933947711e+01 2.181146697388632845e+02
2.549991551459293362e+02 1.011579109062979995e+02 2.203470046082949239e+02
2.549996159754224152e+02 1.066449308755760370e+02 2.214848694316436308e+02
2.549995391705069210e+02 1.101267281105990747e+02 2.221901689708141419e+02
2.549991551459293362e+02 1.122122119815668242e+02 2.235844086021505461e+02
2.550000000000000000e+02 1.156890168970814159e+02 2.234705069124424028e+02
2.549999231950844774e+02 1.173091397849462396e+02 2.250622887864823269e+02
2.549998463901689831e+02 1.191377112135176617e+02 2.246533026113671383e+02
2.549996927803379378e+02 1.203977726574500764e+02 2.257802611367127383e+02
2.550000000000000000e+02 1.224090629800307255e+02 2.257423195084485315e+02
2.550000000000000000e+02 1.234807987711213570e+02 2.258812596006144418e+02
2.550000000000000000e+02 1.244187403993855554e+02 2.264363287250384076e+02
2.549990783410138135e+02 1.245970046082949239e+02 2.267377112135176560e+02
2.549995391705069210e+02 1.254278801843317979e+02 2.257406298003072322e+02
2.549999231950844774e+02 1.261282642089093713e+02 2.257325652841781789e+02
2.549992319508448588e+02 1.270112135176651265e+02 2.261810291858678852e+02
2.550000000000000000e+02 1.274980798771121329e+02 2.259305683563748062e+02
2.549985407066052119e+02 1.239737327188940128e+02 2.261046082949308698e+02
2.549990783410138135e+02 1.073527649769585253e+02 2.217501536098310169e+02
2.549996927803379378e+02 7.582926267281105481e+01 2.132245007680491540e+02
2.549998463901689831e+02 6.498402457757296702e+01 2.106118279569892593e+02
2.549998463901689831e+02 6.784385560675883653e+01 2.113948540706605286e+02
2.549993087557603815e+02 7.338141321044547283e+01 2.134837173579109049e+02
2.549999231950844774e+02 7.699400921658985908e+01 2.149344086021505404e+02
2.549996927803379378e+02 7.822726574500768493e+01 2.145786482334869447e+02
2.549996927803379378e+02 8.376436251920122800e+01 2.160304147465437836e+02
